0.830505130277, 0.0701321005273, 0.196529354634, 0.361104689108, 0.765078808709, 0.0710987060953, 0.335442361295, 0.445011435504, 0.028742114856, 0.303080575292, 0.805162295766, 0.568157757469, 0.624134775156, 0.496798504179, 0.0261889063779, 0.780985228089, 0.644276626665, 0.45778385685, 0.79653682593, 0.668297512618, 0.481345062498, 0.0679010688922, 0.0942286450972, 0.22543545174, 0.830505130277, 0.0701321005273, 0.196529354634, 0.361104689108, 29.0289940982
0.830505130277, 0.0701321005273, 0.196529354634, 0.361104689108, 0.765078808709, 0.0710987060953, 0.335442361295, 0.445011435504, 0.028742114856, 0.303080575292, 0.805162295766, 0.568157757469, 0.624134775156, 0.496798504179, 0.0261889063779, 0.780985228089, 0.644276626665, 0.45778385685, 0.79653682593, 0.668297512618, 0.481345062498, 0.0679010688922, 0.0942286450972, 0.22543545174, 0.830505130277, 0.0701321005273, 0.196529354634, 0.361104689108, 29.0289940982
0.266014581876, 0.215225954088, 0.506674021871, 0.264727255795, 0.845430971852, 0.474912910993, 0.44679442107, 0.265423971325, 0.244292437269, 0.835007764624, 0.682138293001, 0.410082216402, 0.0541238087235, 0.170658357778, 0.0894972272205, 0.217705045394, 0.701901005246, 0.703475313249, 0.549958619061, 0.394230585349, 0.448083709356, 0.700824283358, 0.109695871274, 0.55472174511, 0.266014581876, 0.215225954088, 0.506674021871, 0.264727255795, 29.7530932893
0.266014581876, 0.215225954088, 0.506674021871, 0.264727255795, 0.845430971852, 0.474912910993, 0.44679442107, 0.265423971325, 0.244292437269, 0.835007764624, 0.682138293001, 0.410082216402, 0.0541238087235, 0.170658357778, 0.0894972272205, 0.217705045394, 0.701901005246, 0.703475313249, 0.549958619061, 0.394230585349, 0.448083709356, 0.700824283358, 0.109695871274, 0.55472174511, 0.266014581876, 0.215225954088, 0.506674021871, 0.264727255795, 29.7530932893
0.338206114057, 0.163203414089, 0.0317790690968, 0.276173432053, 0.679856423508, 0.197661873404, 0.17377043246, 0.264342759298, 0.0898422222456, 0.387249928864, 0.803088963009, 0.175829558127, 0.893191352845, 0.297289582316, 0.968223352326, 0.0825666952962, 0.772888807561, 0.748476628992, 0.50890357402, 0.826251447446, 0.0586570505617, 0.633885872764, 0.183905575861, 0.162469570206, 0.338206114057, 0.163203414089, 0.0317790690968, 0.276173432053, 29.8060871096
0.338206114057, 0.163203414089, 0.0317790690968, 0.276173432053, 0.679856423508, 0.197661873404, 0.17377043246, 0.264342759298, 0.0898422222456, 0.387249928864, 0.803088963009, 0.175829558127, 0.893191352845, 0.297289582316, 0.968223352326, 0.0825666952962, 0.772888807561, 0.748476628992, 0.50890357402, 0.826251447446, 0.0586570505617, 0.633885872764, 0.183905575861, 0.162469570206, 0.338206114057, 0.163203414089, 0.0317790690968, 0.276173432053, 29.8060871096
0.606028897168, 0.0799448726361, 0.026122686571, 0.679280625863, 0.504065348099, 0.865467901243, 0.535149661866, 0.0880630939145, 0.0553747723812, 0.628122418839, 0.707492823949, 0.622197664177, 0.973526433208, 0.406061304931, 0.851507086717, 0.965297317907, 0.933664597903, 0.635042378566, 0.472303310991, 0.633717469705, 0.178779739452, 0.257516470166, 0.330985058428, 0.156261194742, 0.606028897168, 0.0799448726361, 0.026122686571, 0.679280625863, 34.0148554226
0.606028897168, 0.0799448726361, 0.026122686571, 0.679280625863, 0.504065348099, 0.865467901243, 0.535149661866, 0.0880630939145, 0.0553747723812, 0.628122418839, 0.707492823949, 0.622197664177, 0.973526433208, 0.406061304931, 0.851507086717, 0.965297317907, 0.933664597903, 0.635042378566, 0.472303310991, 0.633717469705, 0.178779739452, 0.257516470166, 0.330985058428, 0.156261194742, 0.606028897168, 0.0799448726361, 0.026122686571, 0.679280625863, 34.0148554226
0.373918967742, 0.117418982909, 0.272137826975, 0.148359977483, 0.633029717224, 0.590139872842, 0.42339084195, 0.706976711084, 0.0122695357358, 0.498151039579, 0.221338017702, 0.754848522899, 0.591177612399, 0.0941892791938, 0.985632644219, 0.262032570984, 0.177920098938, 0.0228933713386, 0.841480027613, 0.414859071252, 0.391438901418, 0.386928533156, 0.43903444102, 0.563498199757, 0.373918967742, 0.117418982909, 0.272137826975, 0.148359977483, 30.0223537734
0.373918967742, 0.117418982909, 0.272137826975, 0.148359977483, 0.633029717224, 0.590139872842, 0.42339084195, 0.706976711084, 0.0122695357358, 0.498151039579, 0.221338017702, 0.754848522899, 0.591177612399, 0.0941892791938, 0.985632644219, 0.262032570984, 0.177920098938, 0.0228933713386, 0.841480027613, 0.414859071252, 0.391438901418, 0.386928533156, 0.43903444102, 0.563498199757, 0.373918967742, 0.117418982909, 0.272137826975, 0.148359977483, 30.0223537734
0.00613685833576, 0.661521029291, 0.218828469566, 0.863372257609, 0.407274150864, 0.0665440642939, 0.271456063437, 0.157584084854, 0.960175688534, 0.57624569261, 0.998065021728, 0.851587734182, 0.579681538899, 0.187620141215, 0.5776183003, 0.499066831437, 0.799929540871, 0.465269888294, 0.105647247242, 0.122794978086, 0.966851617512, 0.100193964482, 0.859058380472, 0.862421154558, 0.00613685833576, 0.661521029291, 0.218828469566, 0.863372257609, 32.7952453868
0.00613685833576, 0.661521029291, 0.218828469566, 0.863372257609, 0.407274150864, 0.0665440642939, 0.271456063437, 0.157584084854, 0.960175688534, 0.57624569261, 0.998065021728, 0.851587734182, 0.579681538899, 0.187620141215, 0.5776183003, 0.499066831437, 0.799929540871, 0.465269888294, 0.105647247242, 0.122794978086, 0.966851617512, 0.100193964482, 0.859058380472, 0.862421154558, 0.00613685833576, 0.661521029291, 0.218828469566, 0.863372257609, 32.7952453868
0.333756580011, 0.626787688843, 0.028074884566, 0.783296614118, 0.607505307443, 0.718073064806, 0.83567122245, 0.382071083306, 0.759843406006, 0.823298791032, 0.802076622846, 0.816873947135, 0.636633465371, 0.44235416617, 0.651159328389, 0.833843866028, 0.96581898707, 0.10235672266, 0.162438414788, 0.941784420589, 0.663859466078, 0.255267298877, 0.769122177832, 0.253370930619, 0.333756580011, 0.626787688843, 0.028074884566, 0.783296614118, 37.3766475794
0.333756580011, 0.626787688843, 0.028074884566, 0.783296614118, 0.607505307443, 0.718073064806, 0.83567122245, 0.382071083306, 0.759843406006, 0.823298791032, 0.802076622846, 0.816873947135, 0.636633465371, 0.44235416617, 0.651159328389, 0.833843866028, 0.96581898707, 0.10235672266, 0.162438414788, 0.941784420589, 0.663859466078, 0.255267298877, 0.769122177832, 0.253370930619, 0.333756580011, 0.626787688843, 0.028074884566, 0.783296614118, 37.3766475794
0.001659633841, 0.920376814251, 0.209049600774, 0.288257342171, 0.862166002176, 0.203424840213, 0.724361367129, 0.820603894518, 0.262940097682, 0.318310982459, 0.733675307324, 0.893726035241, 0.608208743865, 0.0668098533605, 0.568928275627, 0.876616228165, 0.392732534662, 0.319847577253, 0.63339704595, 0.407734498642, 0.243917693491, 0.500544472394, 0.0123305220297, 0.546369824106, 0.001659633841, 0.920376814251, 0.209049600774, 0.288257342171, 31.9546627625
0.001659633841, 0.920376814251, 0.209049600774, 0.288257342171, 0.862166002176, 0.203424840213, 0.724361367129, 0.820603894518, 0.262940097682, 0.318310982459, 0.733675307324, 0.893726035241, 0.608208743865, 0.0668098533605, 0.568928275627, 0.876616228165, 0.392732534662, 0.319847577253, 0.63339704595, 0.407734498642, 0.243917693491, 0.500544472394, 0.0123305220297, 0.546369824106, 0.001659633841, 0.920376814251, 0.209049600774, 0.288257342171, 31.9546627625
0.974336243666, 0.268758109347, 0.16081196583, 0.102839134889, 0.719516570724, 0.206553988033, 0.352523714438, 0.581240196989, 0.329599911146, 0.935201559511, 0.734843256497, 0.796159564589, 0.53842190756, 0.628178704962, 0.733792056313, 0.713102267557, 0.214828075749, 0.488540754609, 0.945800468072, 0.598634263922, 0.861395084358, 0.00263876907811, 0.20612860615, 0.204553644118, 0.974336243666, 0.268758109347, 0.16081196583, 0.102839134889, 33.772962477
0.974336243666, 0.268758109347, 0.16081196583, 0.102839134889, 0.719516570724, 0.206553988033, 0.352523714438, 0.581240196989, 0.329599911146, 0.935201559511, 0.734843256497, 0.796159564589, 0.53842190756, 0.628178704962, 0.733792056313, 0.713102267557, 0.214828075749, 0.488540754609, 0.945800468072, 0.598634263922, 0.861395084358, 0.00263876907811, 0.20612860615, 0.204553644118, 0.974336243666, 0.268758109347, 0.16081196583, 0.102839134889, 33.772962477
0.000131103793287, 0.672335498206, 0.0890440859423, 0.787771075917, 0.815006089548, 0.315653157856, 0.0940064907453, 0.948117346526, 0.0849203408449, 0.108173736782, 0.514424865628, 0.0025950123605, 0.416041733202, 0.701551205407, 0.706616505901, 0.191212147523, 0.537497622466, 0.582705463176, 0.00934568130627, 0.683870463107, 0.0138009691143, 0.323198379448, 0.791427131581, 0.933958094715, 0.000131103793287, 0.672335498206, 0.0890440859423, 0.787771075917, 29.2378499291
0.000131103793287, 0.672335498206, 0.0890440859423, 0.787771075917, 0.815006089548, 0.315653157856, 0.0940064907453, 0.948117346526, 0.0849203408449, 0.108173736782, 0.514424865628, 0.0025950123605, 0.416041733202, 0.701551205407, 0.706616505901, 0.191212147523, 0.537497622466, 0.582705463176, 0.00934568130627, 0.683870463107, 0.0138009691143, 0.323198379448, 0.791427131581, 0.933958094715, 0.000131103793287, 0.672335498206, 0.0890440859423, 0.787771075917, 29.2378499291
0.496672923599, 0.961607496574, 0.0985623400121, 0.449721744568, 0.395687522997, 0.0012534952606, 0.952122744486, 0.0773849050027, 0.485882542634, 0.966932666499, 0.235620195491, 0.519796247011, 0.58272091453, 0.69384819931, 0.777461855789, 0.0139434596322, 0.117547436917, 0.233371556675, 0.540243052763, 0.256927077599, 0.0134833732254, 0.553865647778, 0.399275005537, 0.797983459051, 0.496672923599, 0.961607496574, 0.0985623400121, 0.449721744568, 29.0621349914
0.496672923599, 0.961607496574, 0.0985623400121, 0.449721744568, 0.395687522997, 0.0012534952606, 0.952122744486, 0.0773849050027, 0.485882542634, 0.966932666499, 0.235620195491, 0.519796247011, 0.58272091453, 0.69384819931, 0.777461855789, 0.0139434596322, 0.117547436917, 0.233371556675, 0.540243052763, 0.256927077599, 0.0134833732254, 0.553865647778, 0.399275005537, 0.797983459051, 0.496672923599, 0.961607496574, 0.0985623400121, 0.449721744568, 29.0621349914
0.452652943241, 0.124251103898, 0.0999683165545, 0.156603581375, 0.830026587678, 0.747295197298, 0.34630435465, 0.385013653876, 0.922517541207, 0.130359601227, 0.87777062233, 0.0142199186074, 0.0408975060472, 0.221381435555, 0.782354062356, 0.481351228809, 0.245632558071, 0.907919415682, 0.165082996639, 0.547854247744, 0.734011761503, 0.0411429470371, 0.794731378367, 0.76842869843, 0.452652943241, 0.124251103898, 0.0999683165545, 0.156603581375, 32.2877493188
0.452652943241, 0.124251103898, 0.0999683165545, 0.156603581375, 0.830026587678, 0.747295197298, 0.34630435465, 0.385013653876, 0.922517541207, 0.130359601227, 0.87777062233, 0.0142199186074, 0.0408975060472, 0.221381435555, 0.782354062356, 0.481351228809, 0.245632558071, 0.907919415682, 0.165082996639, 0.547854247744, 0.734011761503, 0.0411429470371, 0.794731378367, 0.76842869843, 0.452652943241, 0.124251103898, 0.0999683165545, 0.156603581375, 32.2877493188
0.436323289363, 0.81326139467, 0.0308346644622, 0.996683305651, 0.515365358335, 0.277727260688, 0.694186470801, 0.937107385862, 0.354542106986, 0.144367736593, 0.217658516186, 0.0835815260237, 0.202089862245, 0.100455172109, 0.411725523574, 0.366895076689, 0.979200159191, 0.812946675291, 0.622667501265, 0.0471343942284, 0.995797460104, 0.133828627348, 0.186401705626, 0.0923719444956, 0.436323289363, 0.81326139467, 0.0308346644622, 0.996683305651, 27.8306862903
0.436323289363, 0.81326139467, 0.0308346644622, 0.996683305651, 0.515365358335, 0.277727260688, 0.694186470801, 0.937107385862, 0.354542106986, 0.144367736593, 0.217658516186, 0.0835815260237, 0.202089862245, 0.100455172109, 0.411725523574, 0.366895076689, 0.979200159191, 0.812946675291, 0.622667501265, 0.0471343942284, 0.995797460104, 0.133828627348, 0.186401705626, 0.0923719444956, 0.436323289363, 0.81326139467, 0.0308346644622, 0.996683305651, 27.8306862903
0.936194094229, 0.465594988278, 0.0814857973755, 0.67202005335, 0.433010900736, 0.0204585041979, 0.030810170677, 0.11936073485, 0.837760392208, 0.681694056066, 0.810330718496, 0.106139326254, 0.799091168187, 0.691952065014, 0.224702575034, 0.817953334863, 0.00406004811156, 0.0493108255067, 0.591524660217, 0.820726631305, 0.380084238728, 0.0781563580505, 0.0680280007923, 0.192615452437, 0.936194094229, 0.465594988278, 0.0814857973755, 0.67202005335, 26.9887693421
0.936194094229, 0.465594988278, 0.0814857973755, 0.67202005335, 0.433010900736, 0.0204585041979, 0.030810170677, 0.11936073485, 0.837760392208, 0.681694056066, 0.810330718496, 0.106139326254, 0.799091168187, 0.691952065014, 0.224702575034, 0.817953334863, 0.00406004811156, 0.0493108255067, 0.591524660217, 0.820726631305, 0.380084238728, 0.0781563580505, 0.0680280007923, 0.192615452437, 0.936194094229, 0.465594988278, 0.0814857973755, 0.67202005335, 26.9887693421
0.821961463357, 0.715290329878, 0.692432180096, 0.65355246649, 0.471781339088, 0.692707002724, 0.490106697122, 0.620572572051, 0.141917420246, 0.58104123032, 0.322004062175, 0.527309508288, 0.00612502174991, 0.462153137484, 0.298782683058, 0.903821374988, 0.29637617534, 0.255404779544, 0.0115758742527, 0.577855723365, 0.323340894677, 0.450731578843, 0.277615477822, 0.550059112383, 0.821961463357, 0.715290329878, 0.692432180096, 0.65355246649, 27.7415489548
0.821961463357, 0.715290329878, 0.692432180096, 0.65355246649, 0.471781339088, 0.692707002724, 0.490106697122, 0.620572572051, 0.141917420246, 0.58104123032, 0.322004062175, 0.527309508288, 0.00612502174991, 0.462153137484, 0.298782683058, 0.903821374988, 0.29637617534, 0.255404779544, 0.0115758742527, 0.577855723365, 0.323340894677, 0.450731578843, 0.277615477822, 0.550059112383, 0.821961463357, 0.715290329878, 0.692432180096, 0.65355246649, 27.7415489548
0.309455499934, 0.021684916166, 0.0503409012757, 0.216770209324, 0.66899639444, 0.188507102487, 0.449919074153, 0.981524634287, 0.736694701032, 0.909987639468, 0.37534663062, 0.358038824012, 0.476375073426, 0.825490808557, 0.160418680735, 0.747556573633, 0.193003416379, 0.73323752111, 0.562737389578, 0.665480482424, 0.513026598398, 0.966716859678, 0.979721465448, 0.622912764674, 0.309455499934, 0.021684916166, 0.0503409012757, 0.216770209324, 37.0356861238
0.309455499934, 0.021684916166, 0.0503409012757, 0.216770209324, 0.66899639444, 0.188507102487, 0.449919074153, 0.981524634287, 0.736694701032, 0.909987639468, 0.37534663062, 0.358038824012, 0.476375073426, 0.825490808557, 0.160418680735, 0.747556573633, 0.193003416379, 0.73323752111, 0.562737389578, 0.665480482424, 0.513026598398, 0.966716859678, 0.979721465448, 0.622912764674, 0.309455499934, 0.021684916166, 0.0503409012757, 0.216770209324, 37.0356861238
0.0665380255703, 0.461944355735, 0.42810311363, 0.509352605823, 0.893269484828, 0.303852055482, 0.853011164163, 0.0153163451733, 0.467324054815, 0.316122472291, 0.869760059509, 0.848801955229, 0.577612083641, 0.863313151254, 0.126866433578, 0.0677066220353, 0.169678736606, 0.0919767086793, 0.535471317865, 0.53948456594, 0.218457118979, 0.669713467033, 0.828230909233, 0.409011476161, 0.0665380255703, 0.461944355735, 0.42810311363, 0.509352605823, 31.6943494935
0.0665380255703, 0.461944355735, 0.42810311363, 0.509352605823, 0.893269484828, 0.303852055482, 0.853011164163, 0.0153163451733, 0.467324054815, 0.316122472291, 0.869760059509, 0.848801955229, 0.577612083641, 0.863313151254, 0.126866433578, 0.0677066220353, 0.169678736606, 0.0919767086793, 0.535471317865, 0.53948456594, 0.218457118979, 0.669713467033, 0.828230909233, 0.409011476161, 0.0665380255703, 0.461944355735, 0.42810311363, 0.509352605823, 31.6943494935
0.424279439404, 0.771361220728, 0.0969011013488, 0.626872380606, 0.330389338529, 0.418931419462, 0.99977443187, 0.246587072993, 0.631774218426, 0.100793399024, 0.118879549478, 0.386739402129, 0.394364053438, 0.774759718642, 0.310320040258, 0.904784542516, 0.182324066085, 0.794002509015, 0.211312924457, 0.522250240795, 0.54377478935, 0.231220190098, 0.366369423636, 0.152449952987, 0.424279439404, 0.771361220728, 0.0969011013488, 0.626872380606, 28.9584401112
0.424279439404, 0.771361220728, 0.0969011013488, 0.626872380606, 0.330389338529, 0.418931419462, 0.99977443187, 0.246587072993, 0.631774218426, 0.100793399024, 0.118879549478, 0.386739402129, 0.394364053438, 0.774759718642, 0.310320040258, 0.904784542516, 0.182324066085, 0.794002509015, 0.211312924457, 0.522250240795, 0.54377478935, 0.231220190098, 0.366369423636, 0.152449952987, 0.424279439404, 0.771361220728, 0.0969011013488, 0.626872380606, 28.9584401112
0.639597474155, 0.259376622791, 0.0859391759591, 0.270665187218, 0.638669199578, 0.332063919508, 0.269178822154, 0.133640999437, 0.578900355884, 0.828324242137, 0.806065605887, 0.540798996169, 0.970357616464, 0.263740664568, 0.93562060137, 0.876605301415, 0.262892089671, 0.925598015607, 0.595914642077, 0.590385458143, 0.486972870797, 0.581004088244, 0.617791731833, 0.0611736896754, 0.639597474155, 0.259376622791, 0.0859391759591, 0.270665187218, 35.056422356
0.639597474155, 0.259376622791, 0.0859391759591, 0.270665187218, 0.638669199578, 0.332063919508, 0.269178822154, 0.133640999437, 0.578900355884, 0.828324242137, 0.806065605887, 0.540798996169, 0.970357616464, 0.263740664568, 0.93562060137, 0.876605301415, 0.262892089671, 0.925598015607, 0.595914642077, 0.590385458143, 0.486972870797, 0.581004088244, 0.617791731833, 0.0611736896754, 0.639597474155, 0.259376622791, 0.0859391759591, 0.270665187218, 35.056422356
0.292848029852, 0.0511789119923, 0.0301573925027, 0.919413179192, 0.217638938724, 0.0490926729771, 0.423132457047, 0.708080859246, 0.280124952177, 0.49822559825, 0.741720721496, 0.510220564155, 0.597185450534, 0.801305177825, 0.534988917709, 0.580724826033, 0.236004782526, 0.683613567793, 0.405114382104, 0.173708286991, 0.322086050701, 0.405933148604, 0.201413756981, 0.282685031814, 0.292848029852, 0.0511789119923, 0.0301573925027, 0.919413179192, 29.0323074105
0.292848029852, 0.0511789119923, 0.0301573925027, 0.919413179192, 0.217638938724, 0.0490926729771, 0.423132457047, 0.708080859246, 0.280124952177, 0.49822559825, 0.741720721496, 0.510220564155, 0.597185450534, 0.801305177825, 0.534988917709, 0.580724826033, 0.236004782526, 0.683613567793, 0.405114382104, 0.173708286991, 0.322086050701, 0.405933148604, 0.201413756981, 0.282685031814, 0.292848029852, 0.0511789119923, 0.0301573925027, 0.919413179192, 29.0323074105
0.00246705740028, 0.638017344503, 0.928335892857, 0.2173151857, 0.0990169962923, 0.322607935078, 0.27269413866, 0.0863694977461, 0.761926516597, 0.284796463063, 0.184668366749, 0.696808824056, 0.701114118766, 0.935758414587, 0.842758920632, 0.894425327901, 0.288680412142, 0.378828199714, 0.0648854861717, 0.118810478771, 0.57603207288, 0.515598411528, 0.72845302014, 0.930825774033, 0.00246705740028, 0.638017344503, 0.928335892857, 0.2173151857, 31.2556403114
0.00246705740028, 0.638017344503, 0.928335892857, 0.2173151857, 0.0990169962923, 0.322607935078, 0.27269413866, 0.0863694977461, 0.761926516597, 0.284796463063, 0.184668366749, 0.696808824056, 0.701114118766, 0.935758414587, 0.842758920632, 0.894425327901, 0.288680412142, 0.378828199714, 0.0648854861717, 0.118810478771, 0.57603207288, 0.515598411528, 0.72845302014, 0.930825774033, 0.00246705740028, 0.638017344503, 0.928335892857, 0.2173151857, 31.2556403114
0.799672127844, 0.753448198897, 0.614769884236, 0.275051514669, 0.818215390097, 0.432346835078, 0.935846795273, 0.723687249134, 0.359258579951, 0.147137067635, 0.810439868364, 0.516738934627, 0.381058522585, 0.0445471351438, 0.18286318663, 0.465436851256, 0.670333930102, 0.110015131855, 0.430194557158, 0.384156181058, 0.0230334854255, 0.758352742862, 0.224294998367, 0.241977091656, 0.799672127844, 0.753448198897, 0.614769884236, 0.275051514669, 28.7223361383
0.799672127844, 0.753448198897, 0.614769884236, 0.275051514669, 0.818215390097, 0.432346835078, 0.935846795273, 0.723687249134, 0.359258579951, 0.147137067635, 0.810439868364, 0.516738934627, 0.381058522585, 0.0445471351438, 0.18286318663, 0.465436851256, 0.670333930102, 0.110015131855, 0.430194557158, 0.384156181058, 0.0230334854255, 0.758352742862, 0.224294998367, 0.241977091656, 0.799672127844, 0.753448198897, 0.614769884236, 0.275051514669, 28.7223361383
0.902428560448, 0.604262834073, 0.862889510752, 0.23223936438, 0.540572698628, 0.800858901834, 0.465213524813, 0.0151134537836, 0.0525015734189, 0.509158467514, 0.00152480226874, 0.669590921873, 0.654935037588, 0.238119003231, 0.702771465924, 0.355962309986, 0.100721022447, 0.904945918573, 0.564860205933, 0.11771466414, 0.0440135091417, 0.222671029787, 0.978748857227, 0.345815502888, 0.902428560448, 0.604262834073, 0.862889510752, 0.23223936438, 27.8160295784
0.902428560448, 0.604262834073, 0.862889510752, 0.23223936438, 0.540572698628, 0.800858901834, 0.465213524813, 0.0151134537836, 0.0525015734189, 0.509158467514, 0.00152480226874, 0.669590921873, 0.654935037588, 0.238119003231, 0.702771465924, 0.355962309986, 0.100721022447, 0.904945918573, 0.564860205933, 0.11771466414, 0.0440135091417, 0.222671029787, 0.978748857227, 0.345815502888, 0.902428560448, 0.604262834073, 0.862889510752, 0.23223936438, 27.8160295784
0.154136503856, 0.416290213203, 0.336808821601, 0.0119875299299, 0.85860649747, 0.964481984527, 0.791249795044, 0.197113595266, 0.260445103091, 0.759233999773, 0.848514004588, 0.906080645549, 0.853409391264, 0.868336772946, 0.125664830501, 0.782535120853, 0.578935958227, 0.431542441195, 0.463305641511, 0.353444970413, 0.180238815608, 0.90123526138, 0.12027035352, 0.99750666587, 0.154136503856, 0.416290213203, 0.336808821601, 0.0119875299299, 37.3490846744
0.154136503856, 0.416290213203, 0.336808821601, 0.0119875299299, 0.85860649747, 0.964481984527, 0.791249795044, 0.197113595266, 0.260445103091, 0.759233999773, 0.848514004588, 0.906080645549, 0.853409391264, 0.868336772946, 0.125664830501, 0.782535120853, 0.578935958227, 0.431542441195, 0.463305641511, 0.353444970413, 0.180238815608, 0.90123526138, 0.12027035352, 0.99750666587, 0.154136503856, 0.416290213203, 0.336808821601, 0.0119875299299, 37.3490846744
0.0149735130995, 0.283011159674, 0.959378451544, 0.753422594141, 0.0226528768138, 0.343866512467, 0.510215101223, 0.197923034082, 0.608184277995, 0.101383172953, 0.48587429642, 0.895346868657, 0.0288758916159, 0.194479427774, 0.439937415366, 0.39685235708, 0.193531203862, 0.477334156582, 0.213002836751, 0.886049728204, 0.0903101256386, 0.280406895175, 0.296384063381, 0.118230988174, 0.0149735130995, 0.283011159674, 0.959378451544, 0.753422594141, 24.687323045
0.0149735130995, 0.283011159674, 0.959378451544, 0.753422594141, 0.0226528768138, 0.343866512467, 0.510215101223, 0.197923034082, 0.608184277995, 0.101383172953, 0.48587429642, 0.895346868657, 0.0288758916159, 0.194479427774, 0.439937415366, 0.39685235708, 0.193531203862, 0.477334156582, 0.213002836751, 0.886049728204, 0.0903101256386, 0.280406895175, 0.296384063381, 0.118230988174, 0.0149735130995, 0.283011159674, 0.959378451544, 0.753422594141, 24.687323045
0.852603382367, 0.0390327372159, 0.373906543793, 0.481630423462, 0.506593938887, 0.354319810789, 0.882200454719, 0.901744388883, 0.920229824364, 0.353482940389, 0.932307247565, 0.126732640731, 0.853502855572, 0.490746665301, 0.353559040807, 0.226901479495, 0.843598987334, 0.307312870126, 0.834090411271, 0.123051936506, 0.881200599589, 0.778507551248, 0.642871224002, 0.888506758483, 0.852603382367, 0.0390327372159, 0.373906543793, 0.481630423462, 36.9488830657
0.852603382367, 0.0390327372159, 0.373906543793, 0.481630423462, 0.506593938887, 0.354319810789, 0.882200454719, 0.901744388883, 0.920229824364, 0.353482940389, 0.932307247565, 0.126732640731, 0.853502855572, 0.490746665301, 0.353559040807, 0.226901479495, 0.843598987334, 0.307312870126, 0.834090411271, 0.123051936506, 0.881200599589, 0.778507551248, 0.642871224002, 0.888506758483, 0.852603382367, 0.0390327372159, 0.373906543793, 0.481630423462, 36.9488830657
0.0261326684237, 0.760922057246, 0.3944648858, 0.23490462439, 0.0851970359482, 0.982834977803, 0.47387808009, 0.540401801068, 0.179959374565, 0.161333658878, 0.589716506894, 0.602427056777, 0.995690232998, 0.255878426638, 0.204061144767, 0.652610865179, 0.341340964621, 0.0205584875125, 0.886832757427, 0.334865306312, 0.0312710356766, 0.0686053479357, 0.729305891721, 0.430815133732, 0.0261326684237, 0.760922057246, 0.3944648858, 0.23490462439, 28.8595165634
0.0261326684237, 0.760922057246, 0.3944648858, 0.23490462439, 0.0851970359482, 0.982834977803, 0.47387808009, 0.540401801068, 0.179959374565, 0.161333658878, 0.589716506894, 0.602427056777, 0.995690232998, 0.255878426638, 0.204061144767, 0.652610865179, 0.341340964621, 0.0205584875125, 0.886832757427, 0.334865306312, 0.0312710356766, 0.0686053479357, 0.729305891721, 0.430815133732, 0.0261326684237, 0.760922057246, 0.3944648858, 0.23490462439, 28.8595165634
0.0281437645324, 0.572480176196, 0.117299964969, 0.0396555730312, 0.44174448163, 0.177112090182, 0.844653206461, 0.492890024794, 0.991257933162, 0.240965622052, 0.0156469645947, 0.888877285611, 0.288994468448, 0.58107167647, 0.156492928481, 0.326544539437, 0.924078043312, 0.185148172807, 0.304524267262, 0.80687298523, 0.888867133935, 0.677821285051, 0.131824436667, 0.44108279245, 0.0281437645324, 0.572480176196, 0.117299964969, 0.0396555730312, 31.9651935198
0.0281437645324, 0.572480176196, 0.117299964969, 0.0396555730312, 0.44174448163, 0.177112090182, 0.844653206461, 0.492890024794, 0.991257933162, 0.240965622052, 0.0156469645947, 0.888877285611, 0.288994468448, 0.58107167647, 0.156492928481, 0.326544539437, 0.924078043312, 0.185148172807, 0.304524267262, 0.80687298523, 0.888867133935, 0.677821285051, 0.131824436667, 0.44108279245, 0.0281437645324, 0.572480176196, 0.117299964969, 0.0396555730312, 31.9651935198
0.799786899648, 0.436423988181, 0.925991765104, 0.675004510412, 0.184087288736, 0.393171749589, 0.450850377388, 0.218965700052, 0.705051637018, 0.48677702616, 0.0708288151817, 0.80826168454, 0.234899190934, 0.233502521888, 0.98677884684, 0.926213207394, 0.0605139707066, 0.379979917397, 0.017919113923, 0.549274659309, 0.689446616512, 0.331084736209, 0.00476877206865, 0.198771620094, 0.799786899648, 0.436423988181, 0.925991765104, 0.675004510412, 27.0603576303
0.799786899648, 0.436423988181, 0.925991765104, 0.675004510412, 0.184087288736, 0.393171749589, 0.450850377388, 0.218965700052, 0.705051637018, 0.48677702616, 0.0708288151817, 0.80826168454, 0.234899190934, 0.233502521888, 0.98677884684, 0.926213207394, 0.0605139707066, 0.379979917397, 0.017919113923, 0.549274659309, 0.689446616512, 0.331084736209, 0.00476877206865, 0.198771620094, 0.799786899648, 0.436423988181, 0.925991765104, 0.675004510412, 27.0603576303
0.489262113058, 0.00563247883014, 0.421347972637, 0.0503285944927, 0.0466507211441, 0.091444493597, 0.863306177309, 0.318155158209, 0.581646037343, 0.703011488193, 0.59139430416, 0.883167256868, 0.260350395012, 0.726343818117, 0.839501806678, 0.204246331097, 0.604122827167, 0.493469413565, 0.278677602883, 0.858630428985, 0.286365556917, 0.642431808206, 0.532958176731, 0.0559555948592, 0.489262113058, 0.00563247883014, 0.421347972637, 0.0503285944927, 32.145580584
0.489262113058, 0.00563247883014, 0.421347972637, 0.0503285944927, 0.0466507211441, 0.091444493597, 0.863306177309, 0.318155158209, 0.581646037343, 0.703011488193, 0.59139430416, 0.883167256868, 0.260350395012, 0.726343818117, 0.839501806678, 0.204246331097, 0.604122827167, 0.493469413565, 0.278677602883, 0.858630428985, 0.286365556917, 0.642431808206, 0.532958176731, 0.0559555948592, 0.489262113058, 0.00563247883014, 0.421347972637, 0.0503285944927, 32.145580584
0.0773873965926, 0.0560482567167, 0.779617379288, 0.729789007468, 0.267472876785, 0.377915096818, 0.953190584369, 0.0386301297689, 0.259141501866, 0.136714300446, 0.677740823096, 0.146573622207, 0.980385188207, 0.60751475839, 0.0571649509111, 0.235515428297, 0.975391506981, 0.00371122798733, 0.127525540398, 0.726494486294, 0.952287634547, 0.121619282206, 0.828548889078, 0.360441389629, 0.0773873965926, 0.0560482567167, 0.779617379288, 0.729789007468, 29.2755155113
0.0773873965926, 0.0560482567167, 0.779617379288, 0.729789007468, 0.267472876785, 0.377915096818, 0.953190584369, 0.0386301297689, 0.259141501866, 0.136714300446, 0.677740823096, 0.146573622207, 0.980385188207, 0.60751475839, 0.0571649509111, 0.235515428297, 0.975391506981, 0.00371122798733, 0.127525540398, 0.726494486294, 0.952287634547, 0.121619282206, 0.828548889078, 0.360441389629, 0.0773873965926, 0.0560482567167, 0.779617379288, 0.729789007468, 29.2755155113
0.00284169339118, 0.368162066793, 0.678571339443, 0.168174133737, 0.246761307748, 0.776502353537, 0.615252817548, 0.709377132913, 0.00541453200574, 0.795509832997, 0.67125109269, 0.546460544857, 0.00800019978296, 0.754819023487, 0.288389595597, 0.175371793814, 0.681293156461, 0.14792301764, 0.500761563167, 0.437902551916, 0.0445462740024, 0.878300698023, 0.82672291763, 0.0948914797553, 0.00284169339118, 0.368162066793, 0.678571339443, 0.168174133737, 30.419081597
0.00284169339118, 0.368162066793, 0.678571339443, 0.168174133737, 0.246761307748, 0.776502353537, 0.615252817548, 0.709377132913, 0.00541453200574, 0.795509832997, 0.67125109269, 0.546460544857, 0.00800019978296, 0.754819023487, 0.288389595597, 0.175371793814, 0.681293156461, 0.14792301764, 0.500761563167, 0.437902551916, 0.0445462740024, 0.878300698023, 0.82672291763, 0.0948914797553, 0.00284169339118, 0.368162066793, 0.678571339443, 0.168174133737, 30.419081597
0.0375451104078, 0.828817016048, 0.33354694015, 0.486974532976, 0.358002161024, 0.566101506997, 0.282838442581, 0.357633686493, 0.516253083988, 0.712297494779, 0.187956862465, 0.478578468422, 0.155364631553, 0.279751232547, 0.0629610543093, 0.174352424342, 0.744455096609, 0.287159890325, 0.639954829716, 0.950270165566, 0.598229298794, 0.123811554618, 0.355547949782, 0.668289925959, 0.0375451104078, 0.828817016048, 0.33354694015, 0.486974532976, 28.6966820156
0.0375451104078, 0.828817016048, 0.33354694015, 0.486974532976, 0.358002161024, 0.566101506997, 0.282838442581, 0.357633686493, 0.516253083988, 0.712297494779, 0.187956862465, 0.478578468422, 0.155364631553, 0.279751232547, 0.0629610543093, 0.174352424342, 0.744455096609, 0.287159890325, 0.639954829716, 0.950270165566, 0.598229298794, 0.123811554618, 0.355547949782, 0.668289925959, 0.0375451104078, 0.828817016048, 0.33354694015, 0.486974532976, 28.6966820156
0.336676548374, 0.73093273238, 0.889999850746, 0.213923655281, 0.862025849602, 0.868584253769, 0.689763876129, 0.996683194668, 0.918021684436, 0.694526139434, 0.246459523337, 0.618902120338, 0.288811548117, 0.170969612432, 0.126284309007, 0.351844753191, 0.309568971333, 0.329941998714, 0.349900688281, 0.247258153884, 0.0283728998355, 0.271448849063, 0.162521100857, 0.66601517482, 0.336676548374, 0.73093273238, 0.889999850746, 0.213923655281, 29.9238012815
0.336676548374, 0.73093273238, 0.889999850746, 0.213923655281, 0.862025849602, 0.868584253769, 0.689763876129, 0.996683194668, 0.918021684436, 0.694526139434, 0.246459523337, 0.618902120338, 0.288811548117, 0.170969612432, 0.126284309007, 0.351844753191, 0.309568971333, 0.329941998714, 0.349900688281, 0.247258153884, 0.0283728998355, 0.271448849063, 0.162521100857, 0.66601517482, 0.336676548374, 0.73093273238, 0.889999850746, 0.213923655281, 29.9238012815
0.00543687755886, 0.159413852303, 0.959443747299, 0.451318914891, 0.306267236541, 0.0913015413463, 0.189829867754, 0.792274135724, 0.587021963077, 0.250599931342, 0.328177569481, 0.836839045132, 0.238429756329, 0.480331859096, 0.0843736603794, 0.0828795029919, 0.68936129463, 0.17441973807, 0.129850555467, 0.825114894793, 0.279759430922, 0.865966279681, 0.607077870421, 0.478794322648, 0.00543687755886, 0.159413852303, 0.959443747299, 0.451318914891, 28.3675287064
0.00543687755886, 0.159413852303, 0.959443747299, 0.451318914891, 0.306267236541, 0.0913015413463, 0.189829867754, 0.792274135724, 0.587021963077, 0.250599931342, 0.328177569481, 0.836839045132, 0.238429756329, 0.480331859096, 0.0843736603794, 0.0828795029919, 0.68936129463, 0.17441973807, 0.129850555467, 0.825114894793, 0.279759430922, 0.865966279681, 0.607077870421, 0.478794322648, 0.00543687755886, 0.159413852303, 0.959443747299, 0.451318914891, 28.3675287064
0.070974026492, 0.209737367461, 0.19579695069, 0.143153541145, 0.439826316812, 0.560154857311, 0.793003109135, 0.843996884463, 0.220674482048, 0.145407509282, 0.68037808249, 0.185445641814, 0.860535053133, 0.293839868449, 0.478572627798, 0.612165902582, 0.197002886431, 0.275191680011, 0.232177338454, 0.438617022409, 0.132826449589, 0.664591893117, 0.652635762206, 0.77882000634, 0.070974026492, 0.209737367461, 0.19579695069, 0.143153541145, 31.0805301492
0.070974026492, 0.209737367461, 0.19579695069, 0.143153541145, 0.439826316812, 0.560154857311, 0.793003109135, 0.843996884463, 0.220674482048, 0.145407509282, 0.68037808249, 0.185445641814, 0.860535053133, 0.293839868449, 0.478572627798, 0.612165902582, 0.197002886431, 0.275191680011, 0.232177338454, 0.438617022409, 0.132826449589, 0.664591893117, 0.652635762206, 0.77882000634, 0.070974026492, 0.209737367461, 0.19579695069, 0.143153541145, 31.0805301492
0.175405468982, 0.330505230207, 0.118544907914, 0.397108545536, 0.408833008866, 0.284519778768, 0.179023862038, 0.796086366501, 0.0567966268541, 0.0922880760649, 0.632030081155, 0.233721122264, 0.511641887854, 0.762446555815, 0.993477684867, 0.381388482248, 0.302601691342, 0.762949751472, 0.861630392355, 0.89217003219, 0.565214146061, 0.836923928232, 0.611818968606, 0.774720098027, 0.175405468982, 0.330505230207, 0.118544907914, 0.397108545536, 34.3554074834
0.175405468982, 0.330505230207, 0.118544907914, 0.397108545536, 0.408833008866, 0.284519778768, 0.179023862038, 0.796086366501, 0.0567966268541, 0.0922880760649, 0.632030081155, 0.233721122264, 0.511641887854, 0.762446555815, 0.993477684867, 0.381388482248, 0.302601691342, 0.762949751472, 0.861630392355, 0.89217003219, 0.565214146061, 0.836923928232, 0.611818968606, 0.774720098027, 0.175405468982, 0.330505230207, 0.118544907914, 0.397108545536, 34.3554074834
0.939162147063, 0.101380022876, 0.490559230358, 0.00746537952307, 0.595467729772, 0.83398395378, 0.632603879115, 0.677686778525, 0.640901683646, 0.428297342105, 0.430292430163, 0.0454005219315, 0.544431501067, 0.916463808732, 0.141242270787, 0.357062890533, 0.686530260324, 0.767444462405, 0.201848616217, 0.401251717412, 0.421672173422, 0.449713470777, 0.22815507112, 0.429994360091, 0.939162147063, 0.101380022876, 0.490559230358, 0.00746537952307, 31.7472465702
0.939162147063, 0.101380022876, 0.490559230358, 0.00746537952307, 0.595467729772, 0.83398395378, 0.632603879115, 0.677686778525, 0.640901683646, 0.428297342105, 0.430292430163, 0.0454005219315, 0.544431501067, 0.916463808732, 0.141242270787, 0.357062890533, 0.686530260324, 0.767444462405, 0.201848616217, 0.401251717412, 0.421672173422, 0.449713470777, 0.22815507112, 0.429994360091, 0.939162147063, 0.101380022876, 0.490559230358, 0.00746537952307, 31.7472465702
0.425750206046, 0.477416939004, 0.710869025759, 0.514086417924, 0.228046868399, 0.78654656444, 0.923990968413, 0.125166501986, 0.0823082187915, 0.299898163329, 0.487502310738, 0.0895614799726, 0.623025775882, 0.518936081644, 0.0492524541384, 0.859963507889, 0.364522472286, 0.458449724711, 0.69728099414, 0.786186185278, 0.349019028369, 0.250528179781, 0.0444660523221, 0.191907436421, 0.425750206046, 0.477416939004, 0.710869025759, 0.514086417924, 28.2581290709
0.425750206046, 0.477416939004, 0.710869025759, 0.514086417924, 0.228046868399, 0.78654656444, 0.923990968413, 0.125166501986, 0.0823082187915, 0.299898163329, 0.487502310738, 0.0895614799726, 0.623025775882, 0.518936081644, 0.0492524541384, 0.859963507889, 0.364522472286, 0.458449724711, 0.69728099414, 0.786186185278, 0.349019028369, 0.250528179781, 0.0444660523221, 0.191907436421, 0.425750206046, 0.477416939004, 0.710869025759, 0.514086417924, 28.2581290709
0.142441862397, 0.801158109956, 0.612890927618, 0.14980599434, 0.190647587115, 0.30655816653, 0.180995480025, 0.106187324508, 0.757540213448, 0.451525252424, 0.438680968026, 0.295999577701, 0.635883707449, 0.0180248948621, 0.0855694301759, 0.102236484112, 0.153825461361, 0.700402017247, 0.87467793103, 0.00439849022386, 0.828312354905, 0.188796949205, 0.233579436138, 0.23060318348, 0.142441862397, 0.801158109956, 0.612890927618, 0.14980599434, 24.8055063932
0.142441862397, 0.801158109956, 0.612890927618, 0.14980599434, 0.190647587115, 0.30655816653, 0.180995480025, 0.106187324508, 0.757540213448, 0.451525252424, 0.438680968026, 0.295999577701, 0.635883707449, 0.0180248948621, 0.0855694301759, 0.102236484112, 0.153825461361, 0.700402017247, 0.87467793103, 0.00439849022386, 0.828312354905, 0.188796949205, 0.233579436138, 0.23060318348, 0.142441862397, 0.801158109956, 0.612890927618, 0.14980599434, 24.8055063932
0.0459385410499, 0.522432425622, 0.769706856932, 0.76654661026, 0.652595396318, 0.272077595653, 0.668582078727, 0.47941126776, 0.673407864537, 0.939388818014, 0.152649950175, 0.243610383545, 0.0827977064275, 0.487840679514, 0.531630389354, 0.338000366544, 0.732574353186, 0.363406978392, 0.697750969779, 0.713936902318, 0.169893087107, 0.00449916888741, 0.455552255706, 0.159945298721, 0.0459385410499, 0.522432425622, 0.769706856932, 0.76654661026, 29.2319014856
0.0459385410499, 0.522432425622, 0.769706856932, 0.76654661026, 0.652595396318, 0.272077595653, 0.668582078727, 0.47941126776, 0.673407864537, 0.939388818014, 0.152649950175, 0.243610383545, 0.0827977064275, 0.487840679514, 0.531630389354, 0.338000366544, 0.732574353186, 0.363406978392, 0.697750969779, 0.713936902318, 0.169893087107, 0.00449916888741, 0.455552255706, 0.159945298721, 0.0459385410499, 0.522432425622, 0.769706856932, 0.76654661026, 29.2319014856
0.498481526624, 0.143498965451, 0.84643677862, 0.31953696371, 0.86440565828, 0.112596871906, 0.466789298181, 0.100569902659, 0.0498006579238, 0.55105481743, 0.426449874261, 0.221334904565, 0.623725481451, 0.50382183637, 0.507037685857, 0.547751656119, 0.465766873583, 0.444053627827, 0.354994148055, 0.658487448462, 0.910335454157, 0.682383390553, 0.206707291804, 0.331453730753, 0.498481526624, 0.143498965451, 0.84643677862, 0.31953696371, 29.8127831508
0.498481526624, 0.143498965451, 0.84643677862, 0.31953696371, 0.86440565828, 0.112596871906, 0.466789298181, 0.100569902659, 0.0498006579238, 0.55105481743, 0.426449874261, 0.221334904565, 0.623725481451, 0.50382183637, 0.507037685857, 0.547751656119, 0.465766873583, 0.444053627827, 0.354994148055, 0.658487448462, 0.910335454157, 0.682383390553, 0.206707291804, 0.331453730753, 0.498481526624, 0.143498965451, 0.84643677862, 0.31953696371, 29.8127831508
0.376197651274, 0.630723562246, 0.0630723823056, 0.293880091239, 0.600843176343, 0.657093653257, 0.893742071579, 0.489208492418, 0.13411038733, 0.619014980578, 0.443184628674, 0.842106676185, 0.864083818201, 0.825170223382, 0.647245010081, 0.277759406407, 0.617422372183, 0.638654160878, 0.62383308925, 0.424463366696, 0.852595642214, 0.020420037272, 0.0641176945311, 0.926310309276, 0.376197651274, 0.630723562246, 0.0630723823056, 0.293880091239, 35.5061701871
0.966453298601, 0.509546585455, 0.147251797779, 0.819525763825, 0.778373465748, 0.652155135372, 0.0016774739349, 0.114644668759, 0.657958383105, 0.195457902041, 0.927257430471, 0.687998140425, 0.393462955622, 0.129532887901, 0.815422826607, 0.0849074749047, 0.513256707497, 0.959584758028, 0.1566579113, 0.47953420771, 0.0486652235199, 0.558804210684, 0.0592580528707, 0.0106713697638, 0.966453298601, 0.509546585455, 0.147251797779, 0.819525763825, 27.8496762652
0.785939847932, 0.0290610830421, 0.501577466729, 0.916701123266, 0.864788371869, 0.468122205078, 0.862266527572, 0.804121952639, 0.964615227925, 0.999252234066, 0.820254288006, 0.352519485337, 0.743540089411, 0.270365166968, 0.966568510029, 0.396769209638, 0.827279292228, 0.759058117185, 0.905435725219, 0.99047825704, 0.0537561558853, 0.721358579872, 0.445360784181, 0.157289981573, 0.785939847932, 0.0290610830421, 0.501577466729, 0.916701123266, 39.2626249511
0.785939847932, 0.0290610830421, 0.501577466729, 0.916701123266, 0.864788371869, 0.468122205078, 0.862266527572, 0.804121952639, 0.964615227925, 0.999252234066, 0.820254288006, 0.352519485337, 0.743540089411, 0.270365166968, 0.966568510029, 0.396769209638, 0.827279292228, 0.759058117185, 0.905435725219, 0.99047825704, 0.0537561558853, 0.721358579872, 0.445360784181, 0.157289981573, 0.785939847932, 0.0290610830421, 0.501577466729, 0.916701123266, 39.2626249511
0.588170633843, 0.730892926603, 0.596987417633, 0.0844434878808, 0.520052255341, 0.288176861506, 0.826033622974, 0.704248758216, 0.625321163694, 0.091639700417, 0.194677356145, 0.367758798582, 0.954282937013, 0.865263530066, 0.656556420968, 0.97424211539, 0.510508117385, 0.914430237985, 0.226901572059, 0.270692140603, 0.221937714149, 0.266441084347, 0.0992276463281, 0.595582022066, 0.588170633843, 0.730892926603, 0.596987417633, 0.0844434878808, 32.4965045361
0.327687358814, 0.657706384736, 0.998087591988, 0.349330499218, 0.213483776812, 0.868417351886, 0.280590257425, 0.250486712533, 0.941184708674, 0.2062127264, 0.630764525981, 0.0849644104669, 0.495343515948, 0.202404069044, 0.851610025904, 0.305788002707, 0.246424050227, 0.882710965761, 0.945833915616, 0.476011745814, 0.407611866633, 0.0943921808205, 0.920808142406, 0.238012575996, 0.327687358814, 0.657706384736, 0.998087591988, 0.349330499218, 30.9690516001
0.943481809912, 0.958714948139, 0.20770874635, 0.206326017031, 0.976148846577, 0.99898089173, 0.337758071027, 0.27662189674, 0.43266890967, 0.742689988245, 0.0322295408356, 0.476368089694, 0.561620334473, 0.494549571915, 0.58841758678, 0.784723146089, 0.900051839729, 0.937575990821, 0.855530578166, 0.371390339359, 0.303970515445, 0.25645328104, 0.394440517465, 0.868504631327, 0.943481809912, 0.958714948139, 0.20770874635, 0.206326017031, 35.203876946
0.101797887387, 0.941182321592, 0.58089096725, 0.250157807534, 0.538000094074, 0.703814976853, 0.49262573668, 0.390300795415, 0.400950713735, 0.95192497421, 0.763244248354, 0.828981524282, 0.0551508525179, 0.834685080397, 0.736837170234, 0.129086054122, 0.962035188744, 0.994190978942, 0.430907769778, 0.0387101398141, 0.405072230806, 0.161647565724, 0.517286133219, 0.0652392679338, 0.101797887387, 0.941182321592, 0.58089096725, 0.250157807534, 32.8869493493
