0.320284993826, 0.0088115396993, 0.815167244651, 0.248039516576, 0.190188492491, 0.638103401353, 0.636615427192, 0.0579500830045, 0.818983796936, 0.314879960892, 0.910474105719, 0.614251680202, 0.8476623306, 0.00832388219738, 0.718596641086, 0.99760728965, 0.561563406336, 0.208369296211, 0.685279586212, 0.453714282852, 0.30149094578, 0.175383302264, 0.320284993826, 0.0088115396993, 19.6820770408
0.00646207780012, 0.591941550633, 0.88132443007, 0.892284760537, 0.201931175222, 0.553253837845, 0.448418713098, 0.427690843071, 0.594682595368, 0.115745602496, 0.721505154428, 0.635049656093, 0.64278942981, 0.245576508923, 0.613355738095, 0.141617378534, 0.170837784546, 0.714663254218, 0.0217401691872, 0.97591728291, 0.913007713234, 0.239090689649, 0.00646207780012, 0.591941550633, 19.6498714402
0.819110259311, 0.00713759005419, 0.444669062252, 0.997197729316, 0.827192202467, 0.581020272158, 0.623104759175, 0.15440105792, 0.00571733614931, 0.81889946557, 0.0853368720937, 0.721242980409, 0.387173819899, 0.793803412923, 0.383140350008, 0.294885338823, 0.0679543863964, 0.735287198149, 0.32125690496, 0.101003015392, 0.286334644162, 0.501535071701, 0.819110259311, 0.00713759005419, 17.9436846758
0.0050015338159, 0.108334166238, 0.880333687325, 0.91420518186, 0.475867799191, 0.550399130357, 0.567203570353, 0.42689758749, 0.00666864586449, 0.287265643249, 0.634203938405, 0.728355837594, 0.650879221215, 0.406117639799, 0.97554180134, 0.207256789953, 0.0867904010463, 0.730506673983, 0.0211809050033, 0.955262200372, 0.286266640383, 0.876140371506, 0.0050015338159, 0.108334166238, 20.348658292
0.0590012415803, 0.0052802301583, 0.645837374464, 0.617400158625, 0.467836002482, 0.240420201524, 0.656078647301, 0.700368530168, 0.584537737748, 0.97150712106, 0.330601164995, 0.156829229279, 0.29941275688, 0.0194386877478, 0.772809011494, 0.595878426039, 0.484412810052, 0.137393246071, 0.74879470781, 0.874154460879, 0.580524232099, 0.772158392437, 0.0590012415803, 0.0052802301583, 20.3618636236
0.0243129805385, 0.0971282598074, 0.61905027018, 0.248039516576, 0.619969277064, 0.161265047439, 0.186022577247, 0.0615638704343, 0.769627884419, 0.644465780721, 0.00335435168756, 0.00598770184536, 0.835431994295, 0.00832388219738, 0.632964962011, 0.989367912168, 0.0248122635453, 0.699102340681, 0.233205704924, 0.453465277046, 0.0873220228268, 0.540378781204, 0.0243129805385, 0.0971282598074, 16.5179011251
0.0264605089149, 0.00950425748627, 0.789105669463, 0.714215536108, 0.622767460544, 0.744562748287, 0.446757690071, 0.569498017308, 0.619454553771, 0.653511501302, 0.540309767273, 0.370792801983, 0.43584401684, 0.859695466869, 0.379796153979, 0.290079637368, 0.454609610933, 0.734068960606, 0.783796488743, 0.429569158514, 0.678624903326, 0.480407331802, 0.0264605089149, 0.00950425748627, 21.6450851641
0.0243129805385, 0.0266865979087, 0.324044931686, 0.248039516576, 0.619975505979, 0.946504645579, 0.186022577247, 0.0615638704343, 0.769627884419, 0.655306357087, 0.0159579524814, 0.355871640349, 0.853396865958, 0.00832388219738, 0.629880066174, 0.989367912168, 0.0248122635453, 0.207466442603, 0.233205704924, 0.453714282852, 0.0873220228268, 0.540378781204, 0.0243129805385, 0.0266865979087, 17.070557976
0.0295212697711, 0.0104207254984, 0.075358448788, 0.248184815912, 0.623294360728, 0.946504645579, 0.186022577247, 0.0615638704343, 0.432768629578, 0.655320396821, 0.519611534717, 0.362418577499, 0.853396865958, 0.00832388219738, 0.095492123388, 0.989176301058, 0.0248122635453, 0.569023329196, 0.233165623781, 0.0908031843963, 0.897488791321, 0.542962407722, 0.0295212697711, 0.0104207254984, 17.3501724509
0.990994737981, 0.00557540561933, 0.39567936487, 0.977838342251, 0.0651228443237, 0.568501567838, 0.426748621604, 0.00718804811609, 0.429391437875, 0.53071523143, 0.0724355798692, 0.71667967907, 0.562417230319, 0.532405752438, 0.284446766338, 0.152290227108, 0.411624132235, 0.187721695261, 0.0320233054056, 0.764925158534, 0.596383377695, 0.101554856223, 0.990994737981, 0.00557540561933, 16.3180241327
0.347807060357, 0.00388068862904, 0.62333487437, 0.159507252771, 0.0752625690682, 0.609525300256, 0.431398419338, 0.779714690365, 0.431687089793, 0.412209946173, 0.520959717847, 0.717427207044, 0.0691453135018, 0.847859510849, 0.968463249051, 0.769697340844, 0.702359214414, 0.460316603826, 0.400647996152, 0.0964126414749, 0.852482059654, 0.206529306227, 0.347807060357, 0.00388068862904, 19.6069475002
0.453074925752, 0.00804276235043, 0.51542692893, 0.0300095264573, 0.215896814614, 0.241797135623, 0.10545856893, 0.542976378369, 0.517406318534, 0.426247656031, 0.0222678594851, 0.783702506223, 0.458889492868, 0.935026826401, 0.265131909892, 0.0105359659463, 0.150771211378, 0.0989165781899, 0.594973669118, 0.407094692104, 0.586848582391, 0.4752998, 0.453074925752, 0.00804276235043, 15.9583339297
0.0270799491677, 0.0198709368331, 0.421721558467, 0.257618699446, 0.257129173934, 0.339510365274, 0.184126842775, 0.156337462891, 0.382106718889, 0.723421160794, 0.0142924184128, 0.193679805615, 0.388954756798, 0.0088148412261, 0.383168916301, 0.282772475937, 0.0674812050502, 0.000690940708466, 0.23303265452, 0.266752982103, 0.0872562524571, 0.539680357971, 0.0270799491677, 0.0198709368331, 12.9943015586
0.350795255264, 0.0179414633962, 0.422035370303, 0.117713252464, 0.186445008677, 0.0417007960357, 0.365769544834, 0.985368306461, 0.47983927587, 0.313684895135, 0.0513361632262, 0.0358325481224, 0.0430063193485, 0.664746099922, 0.16083502507, 0.403354287025, 0.202695998234, 0.0313902188358, 0.230083825322, 0.481081877534, 0.296955359144, 0.023089045404, 0.350795255264, 0.0179414633962, 13.4172622974
0.0248608290142, 0.00950425748627, 0.789105669463, 0.714215536108, 0.622767460544, 0.947898726533, 0.446757690071, 0.539101955895, 0.590962529821, 0.866382030005, 0.840537966075, 0.370792801983, 0.43584401684, 0.016907499965, 0.630038574308, 0.95424693816, 0.709498541905, 0.734068960606, 0.546432888869, 0.429540559463, 0.722668181979, 0.490753272233, 0.0248608290142, 0.00950425748627, 22.7267403474
0.197251078135, 0.0156202027832, 0.39596378859, 0.59398754792, 0.138335809455, 0.711310555151, 0.371622649824, 0.66657929399, 0.474086159607, 0.690670272558, 0.53932968453, 0.227627349473, 0.117864358255, 0.333954015624, 0.815385502812, 0.0514084556133, 0.439285083894, 0.0628012621836, 0.261066071585, 0.409092134394, 0.78472099435, 0.0256929329711, 0.197251078135, 0.0156202027832, 16.8605091609
0.879357237309, 0.00670012555008, 0.453116949087, 0.998294414788, 0.0779742308259, 0.589612450111, 0.4282324852, 0.00655186029982, 0.429548651182, 0.532202143052, 0.44455773878, 0.719770306801, 0.0621525555827, 0.532405752438, 0.284446766338, 0.102560075231, 0.414839600762, 0.06432241369, 0.0347800416875, 0.103005957416, 0.596383377695, 0.100816512382, 0.879357237309, 0.00670012555008, 15.072694063
0.00681629848617, 0.591941550633, 0.894894738537, 0.892284760537, 0.201931175222, 0.553253837845, 0.444361953164, 0.429932991184, 0.594682595368, 0.115528822827, 0.712412502811, 0.635049656093, 0.602544739669, 0.245576508923, 0.123821145566, 0.135905724321, 0.517487937637, 0.714663254218, 0.0220003237927, 0.97591728291, 0.924344115071, 0.475037099716, 0.00681629848617, 0.591941550633, 19.7321551538
0.878742754509, 0.00713759005419, 0.447238722207, 0.998148598678, 0.83180508808, 0.590451893946, 0.614935386173, 0.547762932271, 0.00571733614931, 0.81889946557, 0.969820457224, 0.301479213228, 0.644307509131, 0.799252136022, 0.480650968254, 0.0294866332799, 0.41134108421, 0.733236485549, 0.336783990233, 0.101003015392, 0.294338299964, 0.103866655842, 0.878742754509, 0.00713759005419, 19.1668937177
0.00696211659911, 0.588086011902, 0.88132443007, 0.892272258109, 0.783408242261, 0.552537782102, 0.983378540333, 0.427690843071, 0.513723799815, 0.124579089311, 0.723263292723, 0.635049656093, 0.64278942981, 0.245576508923, 0.613355738095, 0.141617378534, 0.170837784546, 0.714700532696, 0.231157621689, 0.97591728291, 0.913007713234, 0.239252353505, 0.00696211659911, 0.588086011902, 21.3451103929
0.0264605089149, 0.00950425748627, 0.789105669463, 0.714215536108, 0.622767460544, 0.735270460136, 0.446757690071, 0.569498017308, 0.590962529821, 0.652804578658, 0.540309767273, 0.370792801983, 0.43584401684, 0.859800620451, 0.62933478299, 0.40814283131, 0.440124140274, 0.734068960606, 0.546432888869, 0.429569158514, 0.678624903326, 0.480407331802, 0.0264605089149, 0.00950425748627, 21.7494894842
0.0255179924788, 0.0803104059286, 0.789105669463, 0.714215536108, 0.622767460544, 0.86278525407, 0.183753546133, 0.0673549893342, 0.518671029894, 0.652804578658, 0.00341831978318, 0.370792801983, 0.432056092862, 0.0124090166154, 0.602566273953, 0.990349595573, 0.0219245204599, 0.179431357017, 0.55131870563, 0.451947454068, 0.0483763680154, 0.480204053564, 0.0255179924788, 0.0803104059286, 17.5131342593
0.369214096005, 0.0110632718873, 0.810722997093, 0.281736017969, 0.801743815348, 0.957304105036, 0.189136586565, 0.0545568033995, 0.792369352934, 0.314879960892, 0.845705771093, 0.689159183506, 0.753279104951, 0.00832388219738, 0.104223401118, 0.993932000427, 0.705875842637, 0.567861685295, 0.22833748562, 0.0926224894704, 0.198968487893, 0.520798939386, 0.369214096005, 0.0110632718873, 19.3173569704
0.263172381093, 0.0110343385306, 0.433863337881, 0.540218116225, 0.807777347462, 0.639116801124, 0.636751453781, 0.926829221986, 0.0462041370104, 0.0647197354974, 0.950661523562, 0.00414519131049, 0.779951336668, 0.813860800731, 0.122911254596, 0.816314463696, 0.560345842488, 0.567414147097, 0.167365997709, 0.997901888715, 0.199771502231, 0.172829586188, 0.263172381093, 0.0110343385306, 19.7275184222
0.0365305472903, 0.011393105445, 0.382910014442, 0.969971596296, 0.98031924158, 0.597136861159, 0.477284071345, 0.535931220148, 0.33622757401, 0.406695095369, 0.508481508659, 0.157854784394, 0.431758552045, 0.840369572163, 0.777125289643, 0.751034529133, 0.237803916622, 0.09122960497, 0.0374682447036, 0.16695826746, 0.0038375934057, 0.0300840784626, 0.0365305472903, 0.011393105445, 17.7586019155
0.369214096005, 0.0111225892194, 0.815167244651, 0.248039516576, 0.189480661893, 0.638901400506, 0.636615427192, 0.0581760116131, 0.769627884419, 0.314879960892, 0.836230624583, 0.614251680202, 0.8476623306, 0.00832388219738, 0.719012578229, 0.99760728965, 0.561563406336, 0.207466442603, 0.22833748562, 0.453714282852, 0.299708129281, 0.175383302264, 0.369214096005, 0.0111225892194, 18.9249401673
0.369214096005, 0.00808043936964, 0.815167244651, 0.248039516576, 0.189480661893, 0.205268264535, 0.636615427192, 0.691775011383, 0.894466901862, 0.961038231604, 0.836230624583, 0.615020383193, 0.8476623306, 0.00832388219738, 0.719012578229, 0.99760728965, 0.141552251229, 0.207466442603, 0.22833748562, 0.874151826169, 0.582411771036, 0.175383302264, 0.369214096005, 0.00808043936964, 20.6157931274
0.45307443811, 0.00806129590153, 0.447233059849, 0.617400158625, 0.228414263333, 0.225456978931, 0.656078647301, 0.699563262091, 0.896280399622, 0.97150712106, 0.699796055729, 0.393592350594, 0.29941275688, 0.939740974056, 0.776318976573, 0.612837288843, 0.151138818487, 0.137434968997, 0.00350893842826, 0.874154460879, 0.58786397219, 0.121186610283, 0.45307443811, 0.00806129590153, 19.9444965181
0.347863238587, 0.00807848954462, 0.08610834456, 0.988228687167, 0.365844525424, 0.597443727724, 0.318301784193, 0.9859393684, 0.429391437875, 0.530761539967, 0.698887606496, 0.577416591641, 0.831499973149, 0.945547468047, 0.965157728664, 0.614024648922, 0.744003150389, 0.104894071337, 0.416823625528, 0.478830301608, 0.95507076553, 0.516453109412, 0.347863238587, 0.00807848954462, 22.3193207374
0.45307443811, 0.0052802301583, 0.645837374464, 0.617400158625, 0.230144307946, 0.244882611815, 0.656078647301, 0.700368530168, 0.584537737748, 0.97150712106, 0.330601164995, 0.393592350594, 0.29941275688, 0.939740974056, 0.776318976573, 0.612837288843, 0.151138818487, 0.137425937172, 0.748877327018, 0.874154460879, 0.201661878557, 0.771416062676, 0.45307443811, 0.0052802301583, 20.6861086742
0.101328818463, 0.737225255461, 0.500764998086, 0.11610247364, 0.369406340449, 0.640995817845, 0.364220252341, 0.985368306461, 0.47983927587, 0.438780853877, 0.0469430419104, 0.0358325481224, 0.0354598383358, 0.12359785798, 0.376042047536, 0.491924653786, 0.202695998234, 0.622859461178, 0.0628707541263, 0.481081877534, 0.363477925503, 0.0218328461978, 0.101328818463, 0.737225255461, 14.8490465153
0.349412594892, 0.737225255461, 0.422417581019, 0.992333971089, 0.0679642290002, 0.0352751703955, 0.426181406485, 0.00416395224924, 0.428412792518, 0.531184688195, 0.528645995024, 0.0358325481224, 0.829504721456, 0.530159500886, 0.155944067758, 0.296310173157, 0.10510411636, 0.0324663743702, 0.0278791405289, 0.0864763177017, 0.334895732299, 0.0980110929627, 0.349412594892, 0.737225255461, 13.7757545042
0.0486696560038, 0.0381564882802, 0.395951133894, 0.911900869491, 0.994656468517, 0.753329211823, 0.0619960638514, 0.672273102326, 0.479765512559, 0.248872060986, 0.0485894044462, 0.201905812256, 0.273860042635, 0.665748372949, 0.760181148546, 0.402289693507, 0.509043924424, 0.0862456786869, 0.0638901311358, 0.327024696991, 0.0518628123579, 0.0213978813137, 0.0486696560038, 0.0381564882802, 16.6800297011
0.0468343998505, 0.0601027913717, 0.272396468046, 0.179431607082, 0.275449674667, 0.276010900672, 0.0706803148644, 0.879259958825, 0.0222655275906, 0.944627722303, 0.634699257928, 0.371588985786, 0.648891556114, 0.00966767084889, 0.390893549366, 0.0599068011957, 0.74620785045, 0.346213853973, 0.242941026473, 0.131219790632, 0.383154057717, 0.652087709539, 0.0468343998505, 0.0601027913717, 16.1419467053
0.0407282189753, 0.176338376009, 0.39596378859, 0.869461632531, 0.822552740395, 0.711753678679, 0.0309872997986, 0.671384596428, 0.760798270023, 0.406557802019, 0.0450469083438, 0.227627349473, 0.115626096798, 0.333954015624, 0.75909347348, 0.111456134644, 0.575406472184, 0.0200550449366, 0.259776834358, 0.0455397582249, 0.78166974396, 0.0256929329711, 0.0407282189753, 0.176338376009, 16.6709783547
0.054927661984, 0.0266569506291, 0.0583158668504, 0.952323128172, 0.609082161646, 0.94656915783, 0.0642135755356, 0.0658677282225, 0.430586967499, 0.343879377693, 0.418423111482, 0.199869480696, 0.251393007074, 0.000868191258579, 0.664590000314, 0.397831405745, 0.509043924424, 0.209048614731, 0.0607088556516, 0.326905040317, 0.0503180259817, 0.473956592189, 0.054927661984, 0.0266569506291, 15.4719374671
0.205098698627, 0.676271897261, 0.668457595272, 0.429748949857, 0.988265753757, 0.378634097433, 0.445384632776, 0.42773964445, 0.251127028267, 0.471137950286, 0.0494666218746, 0.0954987967763, 0.758130168703, 0.172913412071, 0.381566117459, 0.298621784508, 0.103143673259, 0.305266763911, 0.265909398351, 0.189647976383, 0.398169726357, 0.00495245528919, 0.205098698627, 0.676271897261, 15.3294843163
0.19872373889, 0.682576084559, 0.52630408553, 0.00519819450713, 0.965959366185, 0.339510365274, 0.445314314499, 0.156337462891, 0.38275012189, 0.470229592636, 0.0486289333582, 0.193354357127, 0.4300750098, 0.627992193478, 0.381552019768, 0.298401891034, 0.0674812050502, 0.308078956876, 0.265998787638, 0.266752982103, 0.099188312544, 0.434339135839, 0.19872373889, 0.682576084559, 14.8277670237
0.132548142469, 0.0381564882802, 0.181679855971, 0.616470810549, 0.99164509343, 0.74826128239, 0.413468705001, 0.432522902138, 0.588858481725, 0.371521654598, 0.0483899995492, 0.520431986083, 0.384192874694, 0.113012846185, 0.125569506714, 0.398207046945, 0.232047939408, 0.144358695201, 0.0638901311358, 0.252093518572, 0.381406250634, 0.00261147223731, 0.132548142469, 0.0381564882802, 15.4008625877
0.0687595594449, 0.0223554216627, 0.502289702501, 0.891498215824, 0.77052350571, 0.597467537118, 0.976486726446, 0.0563754061004, 0.513489719167, 0.405856424654, 0.439149361305, 0.609929352193, 0.0445360557767, 0.00813801222566, 0.124239999003, 0.139131666139, 0.130117995641, 0.633648859701, 0.292956829615, 0.0550549557339, 0.0375342032633, 0.15325302108, 0.0687595594449, 0.0223554216627, 15.9364099247
0.0295212697711, 0.0267962073438, 0.075358448788, 0.248039516576, 0.62220081787, 0.946504645579, 0.186022577247, 0.0615638704343, 0.412358035486, 0.758836456107, 0.108965701687, 0.359688936153, 0.0436572971054, 0.666915740173, 0.383691688665, 0.989367912168, 0.0248122635453, 0.206817172413, 0.233205704924, 0.413391124595, 0.908275502885, 0.542923139465, 0.0295212697711, 0.0267962073438, 17.0442600892
0.0409017499969, 0.176626736879, 0.39596378859, 0.852492160835, 0.822061795461, 0.59730606073, 0.0317989783207, 0.54291061469, 0.515043367564, 0.406570997464, 0.0450537791227, 0.224730736633, 0.472473660064, 0.346235220446, 0.129922624491, 0.142042954849, 0.162052111517, 0.318050786996, 0.259776834358, 0.41252091558, 0.759859557765, 0.0975831906551, 0.0409017499969, 0.176626736879, 16.0847269414
0.054651269346, 0.0357068227363, 0.389795002708, 0.952323128172, 0.994656468517, 0.736856507676, 0.0658408612897, 0.659082499364, 0.218383266061, 0.343879377693, 0.415407438412, 0.201905812256, 0.242951259836, 0.662726228508, 0.12577283956, 0.39797525073, 0.509043924424, 0.0923367232521, 0.238160589495, 0.32726210479, 0.0695251853432, 0.474026916781, 0.054651269346, 0.0357068227363, 16.9307376942
0.819495318707, 0.947308603005, 0.421721558467, 0.00519819450713, 0.254815114739, 0.339510365274, 0.385333768409, 0.156337462891, 0.382106718889, 0.723375591503, 0.106252809793, 0.193679805615, 0.388954756798, 0.0088148412261, 0.383168916301, 0.282772475937, 0.0674812050502, 0.00169912336265, 0.782808629255, 0.266752982103, 0.10124484153, 0.438466898821, 0.819495318707, 0.947308603005, 13.1193977941
0.0407282189753, 0.177389926732, 0.39596378859, 0.171438604649, 0.822552740395, 0.711753678679, 0.0325337886489, 0.671384596428, 0.61848924157, 0.410993237021, 0.0450469083438, 0.223494216266, 0.673813006424, 0.333954015624, 0.75909347348, 0.537446088827, 0.575417187458, 0.0200550449366, 0.259776834358, 0.0455397582249, 0.424306669506, 0.0256929329711, 0.0407282189753, 0.177389926732, 16.3860146372
0.356794236681, 0.0649539443989, 0.0913301067017, 0.204435288789, 0.130748910998, 0.130807919289, 0.194188099984, 0.0265995427691, 0.48002485059, 0.70313406385, 0.326416298309, 0.63812716289, 0.050512615403, 0.0232373521144, 0.6540178358, 0.105171559792, 0.711590155366, 0.529691271155, 0.0396150886472, 0.0496408614207, 0.854409990717, 0.652884875744, 0.356794236681, 0.0649539443989, 14.8296083821
0.396047935212, 0.0381564882802, 0.395951133894, 0.253857094439, 0.232515828772, 0.752345160598, 0.187125509889, 0.672273102326, 0.479765512559, 0.248872060986, 0.0485894044462, 0.201905812256, 0.0711750514176, 0.000880613645014, 0.71490806139, 0.402289693507, 0.509043924424, 0.208260777977, 0.227573545639, 0.327024696991, 0.0518628123579, 0.0247537119082, 0.396047935212, 0.0381564882802, 14.0715956896
0.990994737981, 0.00670012555008, 0.451738664331, 0.998294414788, 0.0651228443237, 0.589612450111, 0.42692414497, 0.00718804811609, 0.429391437875, 0.53071523143, 0.44455773878, 0.719770306801, 0.562417230319, 0.532405752438, 0.284446766338, 0.102560075231, 0.411624132235, 0.105040945331, 0.0320233054056, 0.103005957416, 0.596383377695, 0.100207030642, 0.990994737981, 0.00670012555008, 15.8870110889
0.965728655951, 0.00880996390888, 0.166578629228, 0.179431607082, 0.273703378291, 0.275590741747, 0.649705306028, 0.264338434996, 0.939988567248, 0.944627722303, 0.634699257928, 0.657171759546, 0.232555007536, 0.410417413242, 0.390893549366, 0.536355593445, 0.0599179802381, 0.346213853973, 0.242941026473, 0.131219790632, 0.422757709423, 0.518503263956, 0.965728655951, 0.00880996390888, 16.8895167005
0.902122623184, 0.00670012555008, 0.0764966667572, 0.998294414788, 0.0748592786597, 0.589612450111, 0.43178560535, 0.00718804811609, 0.429391437875, 0.530761539967, 0.451090726329, 0.719770306801, 0.562417230319, 0.46974865434, 0.966937840402, 0.758851301713, 0.409844004905, 0.105486182076, 0.415057066115, 0.103005957416, 0.905621192264, 0.10082951816, 0.902122623184, 0.00670012555008, 17.9140377519
0.902109946574, 0.00670012555008, 0.0756489547285, 0.998294414788, 0.0748592786597, 0.583204165169, 0.431956031174, 0.158909682147, 0.429234312088, 0.530761539967, 0.451090726329, 0.719770306801, 0.567438993089, 0.586175515571, 0.966937840402, 0.75882083658, 0.412125104378, 0.00563523582371, 0.414271316857, 0.106536280872, 0.904965533088, 0.10082951816, 0.902109946574, 0.00670012555008, 18.1404336484
0.0255179924788, 0.945359559429, 0.789105669463, 0.714215536108, 0.622767460544, 0.850768681345, 0.999575380078, 0.674405880275, 0.518671029894, 0.652804578658, 0.0110380455672, 0.370792801983, 0.430731137967, 0.554045316801, 0.629805251897, 0.83224836169, 0.0219245204599, 0.176779333498, 0.549319438778, 0.0909229494373, 0.681020950613, 0.480407331802, 0.0255179924788, 0.945359559429, 20.0135770992
0.347807060357, 0.0114880888805, 0.00831877520639, 0.431652988476, 0.463432977494, 0.609525300256, 0.773753653898, 0.779714690365, 0.866777510379, 0.415684860878, 0.51816852219, 0.717427207044, 0.0697706108895, 0.847859510849, 0.968463249051, 0.769697340844, 0.701718401727, 0.460316603826, 0.400647996152, 0.0964126414749, 0.852482059654, 0.207731357916, 0.347807060357, 0.0114880888805, 20.7147785014
0.430780035208, 0.0116631886978, 0.395989541167, 0.909486150454, 0.98031924158, 0.597136861159, 0.47373047463, 0.672181658843, 0.337840927633, 0.248660472407, 0.508481508659, 0.15777906024, 0.431758552045, 0.840369572163, 0.760301469035, 0.394220625516, 0.510880630831, 0.0894434722496, 0.0637643746932, 0.165773873443, 0.0038375934057, 0.537813151135, 0.430780035208, 0.0116631886978, 18.2340297609
0.430780035208, 0.011393105445, 0.382910014442, 0.969971596296, 0.98031924158, 0.597136861159, 0.47373047463, 0.668273114095, 0.336756137702, 0.248660472407, 0.508481508659, 0.15777906024, 0.431758552045, 0.840369572163, 0.776018412939, 0.751034529133, 0.234600653312, 0.089323314967, 0.0374682447036, 0.16695826746, 0.0038375934057, 0.532808340421, 0.430780035208, 0.011393105445, 18.3803378403
0.0415736809602, 0.0210333345625, 0.272396468046, 0.242028797856, 0.259937615019, 0.276181294957, 0.0899695255791, 0.567595193341, 0.939988567248, 0.427639529455, 0.634699257928, 0.783206280227, 0.648891556114, 0.96128200844, 0.392046779364, 0.550701383648, 0.746094937622, 0.346213853973, 0.243367814964, 0.133160701509, 0.426027217464, 0.518503263956, 0.0415736809602, 0.0210333345625, 18.7512188902
0.367387867434, 0.019140996331, 0.817851825609, 0.248039516576, 0.18691924483, 0.641622659864, 0.640388248225, 0.0545568033995, 0.769627884419, 0.314879960892, 0.927876277986, 0.614251680202, 0.036169859873, 0.00832388219738, 0.715915984523, 0.993932000427, 0.56462354355, 0.207466442603, 0.22833748562, 0.0923413220006, 0.297669626253, 0.514816719538, 0.367387867434, 0.019140996331, 17.9188782431
0.369214096005, 0.0111225892194, 0.814820132334, 0.227387901519, 0.188103338189, 0.638901400506, 0.992481634693, 0.0636116679174, 0.590928295464, 0.314879960892, 0.836230624583, 0.614326521529, 0.851669558509, 0.0123226821892, 0.719012578229, 0.999543870798, 0.0277135691737, 0.207466442603, 0.229368965086, 0.45266136735, 0.679949742875, 0.175383302264, 0.369214096005, 0.0111225892194, 18.9473132348
0.842723549641, 0.00807848954462, 0.08610834456, 0.985904914063, 0.734042195049, 0.597443727724, 0.318301784193, 0.0590386363938, 0.429391437875, 0.530761539967, 0.698887606496, 0.6123618208, 0.302093171123, 0.945547468047, 0.965157728664, 0.614024648922, 0.744003150389, 0.104894071337, 0.418965255293, 0.101008357752, 0.95507076553, 0.532894838313, 0.842723549641, 0.00807848954462, 20.0629821752
0.463446554565, 0.0052802301583, 0.645837374464, 0.617400158625, 0.215190892175, 0.357761668083, 0.656646152948, 0.706790384612, 0.584537737748, 0.261871428065, 0.349350175817, 0.393592350594, 0.766035690633, 0.694863066704, 0.181152940068, 0.872430732601, 0.132795353262, 0.969837647853, 0.748877327018, 0.874154460879, 0.201386150727, 0.767627075343, 0.463446554565, 0.0052802301583, 20.8390361126
0.453083700743, 0.00806129590153, 0.447233059849, 0.617400158625, 0.222631120366, 0.225423086941, 0.648799482861, 0.70386051692, 0.896280399622, 0.97150712106, 0.699796055729, 0.397505946303, 0.299398007243, 0.939740974056, 0.768655135076, 0.61593096825, 0.151138818487, 0.0971475017711, 0.00350893842826, 0.874154460879, 0.590479482115, 0.932291528817, 0.453083700743, 0.00806129590153, 20.9753508748
0.45307443811, 0.0052802301583, 0.645837374464, 0.23867450447, 0.748721723003, 0.244882611815, 0.654159152579, 0.700368530168, 0.765462405451, 0.97150712106, 0.329895249336, 0.393592350594, 0.29941275688, 0.939740974056, 0.776318976573, 0.612837288843, 0.0748256004471, 0.137425937172, 0.748877327018, 0.873275966543, 0.666080946778, 0.509829113902, 0.45307443811, 0.0052802301583, 21.2849578758
0.350795255264, 0.737225255461, 0.422035370303, 0.117713252464, 0.366955918471, 0.0417007960357, 0.364220252341, 0.985368306461, 0.47983927587, 0.438780853877, 0.0442119618271, 0.0358325481224, 0.835550949918, 0.664746099922, 0.16083502507, 0.403354287025, 0.202695998234, 0.0313902188358, 0.0628707541263, 0.481081877534, 0.350978196564, 0.0218328461978, 0.350795255264, 0.737225255461, 14.4974187804
0.0490280032524, 0.0393845298308, 0.187237866598, 0.789077899268, 0.998563130186, 0.749482557382, 0.414003583356, 0.435465761356, 0.302735750288, 0.207342020759, 0.42334548206, 0.520431986083, 0.382020190451, 0.111801261619, 0.125569506714, 0.398207046945, 0.232047939408, 0.773928062196, 0.0638901311358, 0.247888995114, 0.10524995373, 0.508757306851, 0.0490280032524, 0.0393845298308, 16.7418054618
0.0490280032524, 0.0381564882802, 0.387815678091, 0.95482509507, 0.994656468517, 0.75044233214, 0.0619960638514, 0.672273102326, 0.479765512559, 0.248872060986, 0.418423111482, 0.201905812256, 0.273860042635, 0.663958563204, 0.125569506714, 0.39797525073, 0.509043924424, 0.0862456786869, 0.0638901311358, 0.327024696991, 0.0503180259817, 0.475442259947, 0.0490280032524, 0.0381564882802, 16.9677771971
0.0491125704395, 0.145790430115, 0.502289702501, 0.686434363132, 0.993671189557, 0.750370366923, 0.976486726446, 0.0250326023325, 0.479415536308, 0.406409353849, 0.418515336513, 0.819537236802, 0.277734242519, 0.0189605864898, 0.125560759765, 0.137991573261, 0.157492643315, 0.57121394742, 0.303769925228, 0.0508879836656, 0.0369903682966, 0.151040704306, 0.0491125704395, 0.145790430115, 16.5730739684
0.0468343998505, 0.0601027913717, 0.273499021048, 0.176020427874, 0.275449674667, 0.276010900672, 0.695146442417, 0.701050960972, 0.0222655275906, 0.944627722303, 0.634699257928, 0.393540883783, 0.648891556114, 0.0190819252898, 0.773668460842, 0.057648063725, 0.754168763977, 0.139721799795, 0.242941026473, 0.110101864134, 0.383154057717, 0.652087709539, 0.0468343998505, 0.0601027913717, 16.9993940943
0.0407282189753, 0.176338376009, 0.39888506742, 0.869671723916, 0.822552740395, 0.711753678679, 0.0309872997986, 0.672583787904, 0.760798270023, 0.406557802019, 0.0450469083438, 0.231260754639, 0.115626096798, 0.333954015624, 0.763455295328, 0.111695970786, 0.575406472184, 0.0200550449366, 0.261062767797, 0.0455397582249, 0.77999463633, 0.0256929329711, 0.0407282189753, 0.176338376009, 16.6873482942
0.0686840709678, 0.0266865979087, 0.325426912074, 0.248214325609, 0.773668039667, 0.946504645579, 0.186022577247, 0.0549881503748, 0.210752279464, 0.520305517558, 0.837144397445, 0.61399168151, 0.853396865958, 0.00832388219738, 0.306958842175, 0.371307276758, 0.706044898479, 0.206570222797, 0.233205704924, 0.44456361525, 0.0873220228268, 0.540378781204, 0.0686840709678, 0.0266865979087, 17.4090683663
0.100429769969, 0.146694252287, 0.502289702501, 0.861207632296, 0.468196123549, 0.597467537118, 0.976486726446, 0.0253914234076, 0.512780825602, 0.405856424654, 0.439149361305, 0.819537236802, 0.0445360557767, 0.0189605864898, 0.124239999003, 0.139131666139, 0.157492643315, 0.633648859701, 0.292956829615, 0.0508879836656, 0.0369903682966, 0.151040704306, 0.100429769969, 0.146694252287, 15.7001082288
0.199893823775, 0.0601027913717, 0.0653915276223, 0.179431607082, 0.138877515903, 0.289766411726, 0.36193393858, 0.8943830716, 0.0253845084768, 0.944704922865, 0.326067339119, 0.369503421031, 0.120178970356, 0.00966767084889, 0.384169030866, 0.290683086111, 0.575704490945, 0.341297806854, 0.243095220415, 0.131983746614, 0.786552626841, 0.658642570974, 0.199893823775, 0.0601027913717, 15.5357890193
0.349412594892, 0.737225255461, 0.422417581019, 0.115020039824, 0.366955918471, 0.0352751703955, 0.377091462832, 0.98339779619, 0.499948547594, 0.438595190324, 0.528645995024, 0.0358325481224, 0.837008072194, 0.0218919306256, 0.16083502507, 0.276401517869, 0.205469702258, 0.0317373015836, 0.606680942888, 0.487165208164, 0.354905723149, 0.477800548284, 0.349412594892, 0.737225255461, 15.4947424263
0.0782505174727, 0.112988757757, 0.609425907484, 0.915200933111, 0.61419844406, 0.600324091094, 0.723612568961, 0.156337462891, 0.382505973335, 0.757518845714, 0.106252809793, 0.0212613430171, 0.0434277795138, 0.619479854636, 0.382230268988, 0.419027378904, 0.0674812050502, 0.00169912336265, 0.384884186757, 0.413707041439, 0.103871721482, 0.149870814863, 0.0782505174727, 0.112988757757, 16.0151714526
0.338704532692, 0.0266865979087, 0.320482305431, 0.240560217322, 0.264899315351, 0.280502627967, 0.186022577247, 0.0549881503748, 0.769627884419, 0.823521610734, 0.63375381995, 0.477069780919, 0.650005784746, 0.00962754978735, 0.366813800877, 0.970861441233, 0.746479743579, 0.345957729573, 0.23193596855, 0.131849258997, 0.367940210228, 0.00725774408985, 0.338704532692, 0.0266865979087, 16.56116491
0.132548142469, 0.0381564882802, 0.187237866598, 0.828444934289, 0.99164509343, 0.74826128239, 0.413468705001, 0.432522902138, 0.248493587856, 0.371521654598, 0.0483899995492, 0.520431986083, 0.384192874694, 0.111801261619, 0.125569506714, 0.398207046945, 0.232047939408, 0.773928062196, 0.0638901311358, 0.252093518572, 0.381406250634, 0.00261147223731, 0.132548142469, 0.0381564882802, 16.0811131764
0.369214096005, 0.0265022138213, 0.815167244651, 0.248039516576, 0.189480661893, 0.939081283379, 0.809076690274, 0.0497635867502, 0.250996291666, 0.314879960892, 0.794880528684, 0.614251680202, 0.847598689653, 0.00763636402524, 0.747611615552, 0.309869301451, 0.561563406336, 0.307799292843, 0.228695472526, 0.19156997278, 0.298624259184, 0.00555090463477, 0.369214096005, 0.0265022138213, 17.4551577507
0.0295212697711, 0.0267962073438, 0.075358448788, 0.248039516576, 0.622056685053, 0.946504645579, 0.186022577247, 0.0615638704343, 0.432768629578, 0.655320396821, 0.519611534717, 0.359688936153, 0.853396865958, 0.00832388219738, 0.629880066174, 0.989367912168, 0.0248122635453, 0.207466442603, 0.233205704924, 0.453714282852, 0.895528035917, 0.542923139465, 0.0295212697711, 0.0267962073438, 18.0600314731
0.054651269346, 0.0356807146497, 0.390160318871, 0.952323128172, 0.994656468517, 0.736856507676, 0.0658408612897, 0.659082499364, 0.986589521556, 0.343879377693, 0.418423111482, 0.201905812256, 0.245539743212, 0.662726228508, 0.12577283956, 0.39797525073, 0.509043924424, 0.0923367232521, 0.0638901311358, 0.32726210479, 0.0503180259817, 0.475442259947, 0.054651269346, 0.0356807146497, 17.7155835236
0.0476360569751, 0.698539714781, 0.00215068093095, 0.430817006731, 0.466162960577, 0.268852574276, 0.77584443908, 0.0353121269276, 0.86966484079, 0.311867511911, 0.914648222438, 0.369541597738, 0.141363290536, 0.023920946304, 0.396352991383, 0.136273438689, 0.479944431568, 0.15817423528, 0.69062234741, 0.126488888386, 0.709644285758, 0.512673126036, 0.0476360569751, 0.698539714781, 16.3468781072
0.0407282189753, 0.177389926732, 0.39596378859, 0.863156262434, 0.822552740395, 0.711753678679, 0.0325809948405, 0.671384596428, 0.61848924157, 0.406558082792, 0.0450469083438, 0.227573949556, 0.108361879183, 0.333954015624, 0.75909347348, 0.537446088827, 0.575417274726, 0.0200550449366, 0.259776834358, 0.0455397582249, 0.426040550632, 0.0256929329711, 0.0407282189753, 0.177389926732, 16.5576759991
0.0687595594449, 0.373286364053, 0.498549027483, 0.940212006019, 0.77052350571, 0.597467537118, 0.953910692034, 0.0563754061004, 0.508343659173, 0.405856424654, 0.43373721616, 0.609929352193, 0.0445360557767, 0.00813801222566, 0.124239999003, 0.139131666139, 0.130117995641, 0.633648859701, 0.292956829615, 0.13246634561, 0.0375342032633, 0.504735837902, 0.0687595594449, 0.373286364053, 16.4853508402
0.819495318707, 0.112988757757, 0.526506778105, 0.00519819450713, 0.254815114739, 0.339510365274, 0.385333768409, 0.156337462891, 0.382249520573, 0.722329898591, 0.106252809793, 0.193679805615, 0.388954756798, 0.627992193478, 0.383168916301, 0.29139356406, 0.0674812050502, 0.00169912336265, 0.787069292315, 0.266752982103, 0.10124484153, 0.438466898821, 0.819495318707, 0.112988757757, 14.3133257238
0.452594591666, 0.14784520264, 0.0281314600271, 0.00286187527713, 0.763515727213, 0.235506906342, 0.0135028690435, 0.159523063083, 0.513492809062, 0.384817799772, 0.321874524781, 0.39790693534, 0.300361693178, 0.58264169003, 0.0225595037548, 0.576137658921, 0.135946549635, 0.0971304688685, 0.646704362121, 0.152730283847, 0.0784738224843, 0.932664927625, 0.452594591666, 0.14784520264, 14.5017617772
0.813806519361, 0.0601027913717, 0.0665705806557, 0.179431607082, 0.275449674667, 0.289766411726, 0.0706803148644, 0.896355110158, 0.0253845084768, 0.944704922865, 0.634699257928, 0.369503421031, 0.647802191836, 0.00966767084889, 0.383218900129, 0.290683086111, 0.0557136642965, 0.349341431146, 0.242941026473, 0.131983746614, 0.10347570327, 0.652087709539, 0.813806519361, 0.0601027913717, 14.5961876788
0.880514742732, 0.0605484840674, 0.0913301067017, 0.204435288789, 0.136510374994, 0.588589574277, 0.344663731789, 0.0281054668677, 0.513510086612, 0.818658612006, 0.325344995011, 0.301562983975, 0.050512615403, 0.0262593208326, 0.482927674845, 0.0295587612838, 0.411371894457, 0.735135257288, 0.3367987932, 0.0465175719567, 0.29417843876, 0.6544109751, 0.880514742732, 0.0605484840674, 14.320085669
0.396047935212, 0.0381564882802, 0.433495907017, 0.253857094439, 0.232515828772, 0.752345160598, 0.189077526401, 0.672273102326, 0.479994254699, 0.248872060986, 0.0485894044462, 0.201905812256, 0.0671392088688, 0.000942280705851, 0.71490806139, 0.402289693507, 0.509043924424, 0.208260777977, 0.227573545639, 0.327024696991, 0.017585106033, 0.516495295479, 0.396047935212, 0.0381564882802, 14.735800466
0.97700359772, 0.00670012555008, 0.0738929700574, 0.993033318639, 0.334954473073, 0.589612450111, 0.326466279476, 0.691934018902, 0.502773892709, 0.525319698562, 0.51382078626, 0.477967494828, 0.717255252881, 0.468370345384, 0.966937840402, 0.0327145282592, 0.739173588115, 0.105486182076, 0.415057066115, 0.391854953171, 0.366425428997, 0.180364054572, 0.97700359772, 0.00670012555008, 18.4242548497
0.902109946574, 0.00670012555008, 0.0756489547285, 0.998294414788, 0.0743252998025, 0.543458433303, 0.20389119655, 0.643927358661, 0.87479688816, 0.530761539967, 0.451090726329, 0.719770306801, 0.567438993089, 0.586175515571, 0.966937840402, 0.75882083658, 0.412125104378, 0.00563523582371, 0.414271316857, 0.546634897884, 0.871950521592, 0.914672623252, 0.902109946574, 0.00670012555008, 20.6436839031
0.952184858491, 0.00670012555008, 0.0738929700574, 0.992952618153, 0.437409743947, 0.589612450111, 0.326466279476, 0.611204301046, 0.429391437875, 0.530761539967, 0.51382078626, 0.719770306801, 0.717255252881, 0.468370345384, 0.966937840402, 0.758851301713, 0.743777954048, 0.105486182076, 0.415057066115, 0.101008357752, 0.905621192264, 0.180364054572, 0.952184858491, 0.00670012555008, 19.9465376919
0.951307186459, 0.00713759005419, 0.444255958731, 0.998148598678, 0.83180508808, 0.590451893946, 0.623104759175, 0.547762932271, 0.00571733614931, 0.81889946557, 0.949896299232, 0.719969084276, 0.228855149154, 0.793803412923, 0.366916215001, 0.0294866332799, 0.0679543863964, 0.735287198149, 0.32125690496, 0.101003015392, 0.284762014555, 0.501568683078, 0.951307186459, 0.00713759005419, 19.1093413999
0.100935148892, 0.790404170846, 0.502289702501, 0.873330187049, 0.811657309071, 0.637271621354, 0.404304256352, 0.138629265915, 0.512780825602, 0.164850736359, 0.43884136266, 0.81781907232, 0.0463847354917, 0.121133075289, 0.377731738672, 0.48975536761, 0.186995601647, 0.633648859701, 0.294637283837, 0.0508879836656, 0.105631581185, 0.150199285948, 0.100935148892, 0.790404170846, 16.1081107075
0.818814273909, 0.17766421198, 0.526506778105, 0.00909514120729, 0.817818982608, 0.339510365274, 0.385333768409, 0.155430530093, 0.51280914075, 0.722329898591, 0.106252809793, 0.227424015959, 0.474347311341, 0.373100005963, 0.383168916301, 0.112580173647, 0.0674812050502, 0.00169912336265, 0.780133363187, 0.264392692437, 0.10124484153, 0.438466898821, 0.818814273909, 0.17766421198, 14.7781742094
