0.0420236980665, 0.0300577880178, 0.0227493671263, 0.0489639193761, 0.113697230938, 0.0377335208541, 0.0248420228673, 0.0259154041127, 0.0688332325077, 0.0155307957942, 0.00787321177054, 0.0146824869748, 0.466179763537, 0.530844749887, 0.0773274653636, 0.998158752693, 0.00689209900711, 0.627284452882, 0.681493678987, 0.771290146095, 0.00183055354063, 0.112904042853, 0.0420236980665, 0.0300577880178, 12.2678535031
0.00055093322907, 0.00617925872276, 0.0586050599734, 0.948191871513, 0.0468817678678, 0.540172486236, 0.227739523803, 0.41299075322, 0.583141379011, 0.697692559736, 0.263468746241, 0.0687373704088, 0.585352653008, 0.114024966271, 0.439969719749, 0.00548913570033, 0.942547627121, 0.871027051835, 0.747671537984, 0.200563212711, 0.786300656939, 0.946055633254, 0.00055093322907, 0.00617925872276, 18.805249365
0.00139474161439, 0.0161546586496, 0.51583981298, 0.828890130347, 0.835474583225, 0.537852728032, 0.771816446599, 0.0243283776184, 0.194033144582, 0.666651544298, 0.0337582284017, 0.134693271295, 0.400577650402, 0.799101748615, 0.122017388248, 0.344850945135, 0.0233825688366, 0.715110230098, 0.174025285145, 0.891166662938, 0.024828345881, 0.28006370438, 0.00139474161439, 0.0161546586496, 17.2254588112
0.0051556098217, 0.289468393319, 0.0229245561733, 0.128456763252, 0.111575866572, 0.0392195682786, 0.0163469655318, 0.0237234275553, 0.275860361309, 0.0203524017085, 0.0500755899229, 0.0756599756335, 0.271834048251, 0.547078520644, 0.0570863027759, 0.0825209629549, 0.256587754854, 0.819599909835, 0.587716826573, 0.236643609884, 0.00762644523273, 0.311370095485, 0.0051556098217, 0.289468393319, 11.256780242
0.424607632098, 0.00627797625472, 0.846118698538, 0.30491796512, 0.553032003176, 0.637629682601, 0.0333631140295, 0.0425276870642, 0.581539202155, 0.691492837018, 0.59250171371, 0.110069214477, 0.0951534370922, 0.800368489644, 0.128144651941, 0.481399534738, 0.194891878628, 0.194746044074, 0.624066564617, 0.207306347861, 0.0679949003411, 0.123765976759, 0.424607632098, 0.00627797625472, 15.8470059886
0.00108038196049, 0.0337984822747, 0.909642993018, 0.133734087012, 0.0459092835029, 0.38828600492, 0.135231844379, 0.213485635499, 0.0663585938595, 0.356163565905, 0.0439221333003, 0.765812018992, 0.079816207707, 0.157245475598, 0.473703799648, 0.837900361611, 0.0356766668132, 0.504714567466, 0.815078542575, 0.229100368987, 0.0341835509603, 0.3749140523, 0.00108038196049, 0.0337984822747, 14.9021358014
0.000745072029661, 0.279935497276, 0.0516108182071, 0.0171185120228, 0.333152158112, 0.390086209492, 0.0109769962555, 0.0237234275553, 0.189905455656, 0.349667725544, 0.26639696583, 0.137827683849, 0.244815760624, 0.527551665614, 0.0609688944054, 0.848593041046, 0.256587754854, 0.821123304655, 0.585033420657, 0.224295300452, 0.0235898838291, 0.313297360973, 0.000745072029661, 0.279935497276, 13.585931989
0.00125093844004, 0.0288423834392, 0.206137811435, 0.634393139359, 0.0407604717905, 0.365452095007, 0.0424112920203, 0.0180307896089, 0.516016604236, 0.0145965306261, 0.0070221397327, 0.0096474437562, 0.401719835674, 0.868027421234, 0.436111438822, 0.158404667723, 0.156366170874, 0.714007053592, 0.259516815484, 0.16285394333, 0.106117102539, 0.379387682995, 0.00125093844004, 0.0288423834392, 13.4140044456
0.204187949877, 0.0279486540304, 0.0189704856202, 0.0479761452773, 0.165702455566, 0.291795426947, 0.135199446173, 0.207572355152, 0.105530698088, 0.0993727858962, 0.0439221333003, 0.0148514158225, 0.579616192455, 0.147265218123, 0.0264629350935, 0.0230267210607, 0.255087547057, 0.504714567466, 0.211363643184, 0.481470760149, 0.575299910444, 0.319966514833, 0.204187949877, 0.0279486540304, 11.6739272206
0.00114914804872, 0.0288530942589, 0.180972533784, 0.487538032058, 0.651084568029, 0.96147165252, 0.678005355911, 0.444292680482, 0.579009570244, 0.099262819414, 0.0306333129937, 0.107820721735, 0.401781159162, 0.244555202467, 0.92571952803, 0.461414628352, 0.279809794973, 0.694672402478, 0.677489562459, 0.162721010902, 0.350991449781, 0.307191449992, 0.00114914804872, 0.0288530942589, 17.7720575659
0.000867247301145, 0.100217484724, 0.331363812859, 0.165313845252, 0.348847637117, 0.44782051242, 0.307861059002, 0.933566259121, 0.190837906577, 0.382519927409, 0.563438004501, 0.0823429136688, 0.297613090157, 0.241446514418, 0.393510240877, 0.239760221166, 0.401855351386, 0.568220840228, 0.629990239421, 0.170727841537, 0.246600203288, 0.221060653831, 0.000867247301145, 0.100217484724, 15.6345873392
0.00195088346947, 0.019119843576, 0.713861007389, 0.0397951351796, 0.068907054415, 0.177210110878, 0.320422074513, 0.212753075644, 0.179426615989, 0.106199000716, 0.0335769572693, 0.0187484948297, 0.865105534502, 0.11474420887, 0.0337371830265, 0.798055819696, 0.18230298796, 0.860117473458, 0.57307680298, 0.0956329027244, 0.0964449330546, 0.117453952995, 0.00195088346947, 0.019119843576, 13.5656960436
0.00148457263648, 0.0102370984106, 0.237520564839, 0.0491576361077, 0.337241508414, 0.44815510875, 0.230723448788, 0.063549212228, 0.0357528598162, 0.672210942386, 0.256983210289, 0.915367170939, 0.275765892695, 0.813746635989, 0.295196220056, 0.4761812615, 0.250675862048, 0.322611745241, 0.0134619038631, 0.2344202847, 0.582127509509, 0.194011710517, 0.00148457263648, 0.0102370984106, 15.0490092118
0.00294247323171, 0.0497278149668, 0.0365009329809, 0.151491743355, 0.0436484635749, 0.064876205142, 0.0321317579818, 0.944499846396, 0.06908596247, 0.00408965904574, 0.0532200844246, 0.149650907512, 0.141868452231, 0.528115536847, 0.29854311981, 0.0778117994448, 0.00263242112979, 0.318813668374, 0.573638976016, 0.218671747359, 0.000238716602861, 0.311151334995, 0.00294247323171, 0.0497278149668, 11.4158861239
0.0369426393259, 0.0062099404341, 0.150313225236, 0.168971196679, 0.0708223677531, 0.447412157677, 0.134225272609, 0.652197662635, 0.827204116674, 0.538972149361, 0.0345805810554, 0.0198698928979, 0.813315980423, 0.574248026263, 0.126619304594, 0.474973252836, 0.184010078009, 0.874531629674, 0.598136024913, 0.206234819404, 0.103551460291, 0.999113859317, 0.0369426393259, 0.0062099404341, 16.7867834027
0.00114914804872, 0.0274569293624, 0.106532229482, 0.487538032058, 0.651084568029, 0.96147165252, 0.678005355911, 0.44945377223, 0.579009570244, 0.145067525344, 0.172337968076, 0.107820721735, 0.400568404988, 0.274518682736, 0.92571952803, 0.461414628352, 0.281250146388, 0.694672402478, 0.677489562459, 0.123145756765, 0.352816382431, 0.307191449992, 0.00114914804872, 0.0274569293624, 17.9218951616
0.0056608613341, 0.0113164401866, 0.517426776712, 0.163752406995, 0.556611588489, 0.54732265855, 0.034426020899, 0.0577621769106, 0.208097472447, 0.697281893906, 0.264738465506, 0.319375111618, 0.464998725788, 0.588150096962, 0.0271049888299, 0.284210315054, 0.000839437137904, 0.315585003111, 0.571748458437, 0.107963685406, 0.0966586356991, 0.123307346988, 0.0056608613341, 0.0113164401866, 14.0254349062
0.00524778517759, 0.0300579143882, 0.0227562791057, 0.127188248658, 0.111565658033, 0.0382826873324, 0.0336695332731, 0.017806911602, 0.0688398622425, 0.0141489070646, 0.0483167287537, 0.0891219187352, 0.466179763537, 0.605714351391, 0.0294332101048, 0.998158752693, 0.00522991166194, 0.627284452882, 0.675743615329, 0.892398878219, 0.00183055354063, 0.119451701623, 0.00524778517759, 0.0300579143882, 12.7330137087
0.0457302516897, 0.0196660736372, 0.713861007389, 0.0437868283426, 0.068907054415, 0.177210110878, 0.320422074513, 0.212753075644, 0.179426615989, 0.106199000716, 0.03322800805, 0.0195021186677, 0.84098614366, 0.11474420887, 0.0337371830265, 0.0167748246985, 0.18230298796, 0.869309144591, 0.809760773128, 0.0956329027244, 0.0964449330546, 0.117453952995, 0.0457302516897, 0.0196660736372, 12.8052826225
0.00688262022173, 0.0338676793429, 0.0189704856202, 0.0475751232716, 0.0459092835029, 0.291341068315, 0.135199446173, 0.0629057039652, 0.105530698088, 0.0993588016737, 0.0439221333003, 0.014831105381, 0.579908253821, 0.147265218123, 0.464124922632, 0.203295802266, 0.253957784152, 0.504714567466, 0.830394438327, 0.229100368987, 0.576629499503, 0.312421903769, 0.00688262022173, 0.0338676793429, 12.6968747342
0.00108038196049, 0.0337610250527, 0.204282079135, 0.047292632859, 0.0459092835029, 0.411648882399, 0.13510459333, 0.0635545944138, 0.0749415462715, 0.446644313814, 0.0439221333003, 0.881252453993, 0.57971552628, 0.157245475598, 0.464258494286, 0.833035513629, 0.0356766668132, 0.504561692665, 0.822838546635, 0.725962932062, 0.0341835509603, 0.312156091377, 0.00108038196049, 0.0337610250527, 15.2034668365
0.0415344666242, 0.0166783282891, 0.847284317097, 0.186162996578, 0.0944687490251, 0.64510331924, 0.0248872696145, 0.0178715112967, 0.379104005255, 0.810281255445, 0.00714247865766, 0.0946110059561, 0.0482336467335, 0.525627301537, 0.0745935834119, 0.059252754008, 0.371518039192, 0.194814763278, 0.438359522808, 0.766146041876, 0.0278047298374, 0.188593256369, 0.0415344666242, 0.0166783282891, 13.818147549
0.00143450019937, 0.0112676491765, 0.496235515782, 0.152784782988, 0.0487519325924, 0.552159994558, 0.231382645685, 0.545603071805, 0.166412661442, 0.386036501788, 0.578452361653, 0.598658982608, 0.140933139559, 0.864699642149, 0.0285518445661, 0.0272575515169, 0.0119098988285, 0.31978687067, 0.824608673725, 0.200374058368, 0.0992406110247, 0.123922339142, 0.00143450019937, 0.0112676491765, 14.634251133
0.0342823436802, 0.00622708620037, 0.150313225236, 0.220961302747, 0.531988177542, 0.447412157677, 0.134214654908, 0.00929875719571, 0.827204116674, 0.652736648854, 0.298274026029, 0.876224664929, 0.813373566411, 0.813675251437, 0.298965038908, 0.473078073313, 0.253450515266, 0.253681644535, 0.0146453483376, 0.206305329678, 0.0760565460477, 0.999113859317, 0.0342823436802, 0.00622708620037, 17.2622430413
0.408973554909, 0.00833635638855, 0.0587227077203, 0.170758776682, 0.356918392387, 0.17130755707, 0.137143394275, 0.0181948291964, 0.585940112962, 0.149764534908, 0.0153977629819, 0.0073927161574, 0.0654533928015, 0.0771826425685, 0.0227487079763, 0.165604888441, 0.54738366181, 0.877017820011, 0.66863023369, 0.199811121665, 0.0032886061477, 0.124234463267, 0.408973554909, 0.00833635638855, 11.945879805
0.0365207961414, 0.0199737124412, 0.0214661812136, 0.161174712853, 0.0804462322799, 0.545073065402, 0.134289073994, 0.0180307896089, 0.170048435862, 0.0992786487076, 0.559071981171, 0.0096474437562, 0.617146697496, 0.580916310965, 0.0978985346614, 0.137061776032, 0.118329269587, 0.713848340882, 0.249549152714, 0.0895032634449, 0.121566337413, 0.390290136186, 0.0365207961414, 0.0199737124412, 12.6221380467
0.0419039321658, 0.0301788229851, 0.0227562791057, 0.193206833476, 0.0759472034723, 0.0421860414134, 0.312161960172, 0.0178064698932, 0.0683873926601, 0.0141489070646, 0.00686322310779, 0.0943614499023, 0.0712816308621, 0.526794993376, 0.0746251727149, 0.280925047768, 0.326035888299, 0.627284452882, 0.678748537889, 0.124735349444, 0.00183055354063, 0.117949854416, 0.0419039321658, 0.0301788229851, 10.9504125525
0.0471942343893, 0.0100682201896, 0.248254647863, 0.0426609684812, 0.401580795461, 0.0367829718982, 0.330039100091, 0.177424610501, 0.071494339316, 0.106199000716, 0.192934435609, 0.0953206340692, 0.831615369724, 0.0560662431445, 0.0326184810427, 0.0184950870131, 0.18230298796, 0.300673708274, 0.809760773128, 0.853425429213, 0.0964449330546, 0.923101036305, 0.0471942343893, 0.0100682201896, 13.8249965343
0.0338107160595, 0.0180320247172, 0.847845009273, 0.100383409938, 0.336892613399, 0.36850873339, 0.0232371776226, 0.0177951719001, 0.0616078446978, 0.664756790918, 0.297196651757, 0.0928337218847, 0.0754967231295, 0.807313364301, 0.288610452277, 0.80264576622, 0.247652589474, 0.202393049823, 0.00972350303016, 0.22692856862, 0.0949968579431, 0.193848525182, 0.0338107160595, 0.0180320247172, 13.7646712839
0.0471942343893, 0.0106075740665, 0.713861007389, 0.0391891486643, 0.0702272277279, 0.177210110878, 0.027022309409, 0.223396456922, 0.560749617661, 0.106199000716, 0.00934728766289, 0.0195605917543, 0.842123481196, 0.116545282997, 0.0322279866123, 0.0163173826496, 0.18230298796, 0.201120751438, 0.164334313586, 0.0952536122864, 0.0964449330546, 0.923101036305, 0.0471942343893, 0.0106075740665, 12.2189149351
0.00108038196049, 0.0338676793429, 0.204282079135, 0.047292632859, 0.0459092835029, 0.38828600492, 0.13510459333, 0.0635545944138, 0.0663585938595, 0.356163565905, 0.0439221333003, 0.765812018992, 0.57971552628, 0.157245475598, 0.464258494286, 0.833035513629, 0.0356766668132, 0.504714567466, 0.827631716661, 0.229100368987, 0.0341835509603, 0.313320209529, 0.00108038196049, 0.0338676793429, 14.2202776732
0.034861732355, 0.00742364243274, 0.0222788142112, 0.127188248658, 0.107571721639, 0.370709944285, 0.0184829975118, 0.0176668516277, 0.0660052221969, 0.667060390328, 0.0489575047269, 0.0887401684791, 0.464350646635, 0.605714351391, 0.00309068850521, 0.415527691869, 0.00522991166194, 0.840281950461, 0.675743615329, 0.891000345546, 0.881380982016, 0.284269159846, 0.034861732355, 0.00742364243274, 14.9009293695
0.0273299997112, 0.0094792338824, 0.460668151428, 0.294142232239, 0.330922094231, 0.552681766176, 0.307555861412, 0.934074243381, 0.359170710339, 0.799888961392, 0.305820228413, 0.0308286834293, 0.0628633866578, 0.218279708159, 0.00538300686938, 0.276935963322, 0.0158044616387, 0.193664675525, 0.431945479859, 0.101141558006, 0.0548567509722, 0.124759968746, 0.0273299997112, 0.0094792338824, 13.9044752374
0.00171002720358, 0.0300579143882, 0.0224267022813, 0.127232172514, 0.111565658033, 0.367698916718, 0.0172762198457, 0.0179439809476, 0.0660305985823, 0.0999673309708, 0.0483167287537, 0.0870049774653, 0.466179763537, 0.605802430254, 0.158275582918, 0.395764024843, 0.00524051668835, 0.643744017734, 0.675899086497, 0.892398878219, 0.000455716554103, 0.47856010924, 0.00171002720358, 0.0300579143882, 13.1312866435
0.0390376255132, 0.00940608542964, 0.975923520958, 0.175102053337, 0.0508757602871, 0.552776075739, 0.307555861412, 0.934074243381, 0.359170710339, 0.000265677932278, 0.570983476363, 0.0308286834293, 0.299014764954, 0.0801183586761, 0.00463383379214, 0.798042847782, 0.267242216964, 0.311640268035, 0.362840045912, 0.105861886455, 0.0548567509722, 0.224168861754, 0.0390376255132, 0.00940608542964, 14.7165876343
0.00268429014836, 0.018939851676, 0.846880833308, 0.176909168, 0.0464680169517, 0.121956018793, 0.307022121045, 0.932491904388, 0.30195442652, 0.117132383315, 0.295323206342, 0.134451716501, 0.294654657886, 0.376493265103, 0.424822039301, 0.51475071357, 0.253110697805, 0.253624399042, 0.261281871218, 0.154514619263, 0.0580659233351, 0.132144254858, 0.00268429014836, 0.018939851676, 14.1007014795
0.0420236980665, 0.0300577880178, 0.0227561589267, 0.187327216621, 0.113697230938, 0.0377335208541, 0.0248420228673, 0.0259154041127, 0.0688332325077, 0.0153977576482, 0.00787321177054, 0.0891578846073, 0.466179763537, 0.526794993376, 0.0744899719604, 0.998158752693, 0.00601353924044, 0.627284452882, 0.680241001562, 0.771024960985, 0.00183055354063, 0.119451701623, 0.0420236980665, 0.0300577880178, 12.5510081643
0.00189709771854, 0.00690561313307, 0.799053374629, 0.952270220576, 0.653898227849, 0.526255605047, 0.0364760662261, 0.41299075322, 0.579016091186, 0.690270288637, 0.259790127674, 0.0627301188288, 0.585352653008, 0.274515448976, 0.917551712361, 0.377905437753, 0.26759648824, 0.874673713437, 0.677466766312, 0.0525368077789, 0.786300656939, 0.93747709043, 0.00189709771854, 0.00690561313307, 20.4752095596
0.00139474161439, 0.0167102826768, 0.517414124617, 0.828890130347, 0.835474583225, 0.537852728032, 0.771816446599, 0.760186294713, 0.194033144582, 0.69350210594, 0.0337582284017, 0.134693271295, 0.400577650402, 0.799101748615, 0.117759378184, 0.278346763809, 0.419327684615, 0.714691837443, 0.261281871218, 0.838938338553, 0.024828345881, 0.801645272318, 0.00139474161439, 0.0167102826768, 19.4464832741
0.00135521119533, 0.0332611708609, 0.346182766398, 0.0553865540101, 0.0729560482003, 0.524293197351, 0.304326988685, 0.0627250306988, 0.0608843144903, 0.102641312728, 0.0286936167599, 0.759490661831, 0.585391931273, 0.873382795977, 0.448556866136, 0.899652765528, 0.883519526339, 0.295032353769, 0.621702168827, 0.20581670453, 0.620098174188, 0.180688167707, 0.00135521119533, 0.0332611708609, 16.69764217
0.00128511676105, 0.0338610210313, 0.209115680467, 0.0874251064579, 0.336453040994, 0.117707076288, 0.0116691873129, 0.00617712791197, 0.543776696978, 0.638093270681, 0.00498195369817, 0.901985802497, 0.0820962441252, 0.148545315433, 0.297492331696, 0.832987225348, 0.250153167123, 0.504889554976, 0.00958811581869, 0.230741322055, 0.0962738135017, 0.281745256143, 0.00128511676105, 0.0338610210313, 13.5406268525
0.00139474161439, 0.0333147057203, 0.0226511450277, 0.831470401848, 0.838477133628, 0.410430752282, 0.124792182834, 0.760186294713, 0.172924598278, 0.0992593999823, 0.58470299629, 0.00959252295066, 0.594104547457, 0.365230545882, 0.295683224076, 0.135713675772, 0.421526961602, 0.714691837443, 0.261211355827, 0.0968941650258, 0.92476660518, 0.17818881477, 0.00139474161439, 0.0333147057203, 16.5776240319
0.00114914804872, 0.0334795189525, 0.0576943780055, 0.487538032058, 0.651084568029, 0.513592282983, 0.678005355911, 0.0487922996775, 0.579009570244, 0.135860773361, 0.0259911108902, 0.899413357831, 0.400568404988, 0.272149097263, 0.92571952803, 0.451640095832, 0.281250146388, 0.632717066011, 0.680102978755, 0.75011537577, 0.0189508469651, 0.314104096501, 0.00114914804872, 0.0334795189525, 17.8754632281
0.00148457263648, 0.010296177181, 0.237520564839, 0.0491576361077, 0.848876520941, 0.44815510875, 0.230723448788, 0.063549212228, 0.107128724551, 0.0172612669469, 0.256983210289, 0.102544201091, 0.585738552991, 0.154934762534, 0.0965261126429, 0.478280528072, 0.900376197848, 0.322611745241, 0.631240090838, 0.2344202847, 0.58798900408, 0.477592225339, 0.00148457263648, 0.010296177181, 15.2200825611
0.0343607044439, 0.280834340088, 0.0516108182071, 0.0189189010995, 0.319711154183, 0.0392195682786, 0.0177729723275, 0.0237234275553, 0.275860361309, 0.128967150374, 0.29691372853, 0.149249087952, 0.271834048251, 0.527551665614, 0.0524638658282, 0.0820841101114, 0.256587754854, 0.819599909835, 0.586754654488, 0.231684121597, 0.0655581914439, 0.311370095485, 0.0343607044439, 0.280834340088, 12.0348627004
0.0340186187329, 0.289468393319, 0.0516108182071, 0.0189189010995, 0.333152158112, 0.0392195682786, 0.0177729723275, 0.0237234275553, 0.275860361309, 0.130955736253, 0.29691372853, 0.149249087952, 0.271834048251, 0.527551665614, 0.0570863027759, 0.0825209629549, 0.256587754854, 0.819599909835, 0.586754654488, 0.231584410443, 0.00759510501646, 0.311370095485, 0.0340186187329, 0.289468393319, 11.9859105927
0.0233933284924, 0.0576752393588, 0.83432250758, 0.132003471648, 0.104098105677, 0.116678334822, 0.296090373681, 0.190241788468, 0.243973799096, 0.233612229168, 0.143413778475, 0.00486887696013, 0.0757964713408, 0.374122782569, 0.0305234066453, 0.277686820442, 0.0606254667309, 0.458479840627, 0.480871762511, 0.463454159886, 0.0997149911493, 0.218791222928, 0.0233933284924, 0.0576752393588, 12.5131034261
0.0339512939638, 0.308326339708, 0.0518719822052, 0.0135648083642, 0.333152158112, 0.412654647211, 0.0177729723275, 0.0237234275553, 0.0108922047631, 0.126456873118, 0.16899169769, 0.149249087952, 0.27081552477, 0.527551665614, 0.00155837454609, 0.0825209629549, 0.00536848173853, 0.822083376373, 0.684504602878, 0.224295300452, 0.0235898838291, 0.306582964411, 0.0339512939638, 0.308326339708, 11.6776433127
0.0339512939638, 0.289468393319, 0.0516108182071, 0.0171185120228, 0.333152158112, 0.412654647211, 0.0177729723275, 0.0237234275553, 0.0108922047631, 0.130177183889, 0.29691372853, 0.149249087952, 0.27081552477, 0.527551665614, 0.0570863027759, 0.0825209629549, 0.256587754854, 0.821123304655, 0.586754654488, 0.224295300452, 0.0235898838291, 0.311370095485, 0.0339512939638, 0.289468393319, 12.1405049674
0.0377364707956, 0.104383681767, 0.0275038513036, 0.127209587641, 0.110649310587, 0.367930508375, 0.00102449931945, 0.017806911602, 0.0660052221969, 0.130533103226, 0.0891984510615, 0.0875870130613, 0.466179763537, 0.605714351391, 0.00352831487091, 0.283768957673, 0.00512298606859, 0.627284452882, 0.624353256373, 0.891869691311, 0.00183055354063, 0.118037328997, 0.0377364707956, 0.104383681767, 12.2405880956
0.0048717733174, 0.0953249395986, 0.332526399703, 0.16845930094, 0.0415958511187, 0.643873754604, 0.0277922681215, 0.0635734360383, 0.0661497237989, 0.146047489022, 0.0471551797058, 0.24061071315, 0.292128218106, 0.241446514418, 0.464436669139, 0.249199287478, 0.411218377299, 0.504855228803, 0.609381619556, 0.17104931188, 0.0341712667785, 0.125755615454, 0.0048717733174, 0.0953249395986, 12.5595740988
0.00930076850348, 0.187284612499, 0.237520564839, 0.132835212268, 0.0723763099823, 0.44815510875, 0.230723448788, 0.018079357965, 0.107762538737, 0.0172612669469, 0.22493808917, 0.102544201091, 0.585738552991, 0.154455521734, 0.0965261126429, 0.478280528072, 0.0225708360613, 0.316189388924, 0.264124509426, 0.233962564982, 0.58798900408, 0.475034939263, 0.00930076850348, 0.187284612499, 12.4238702471
0.00139474161439, 0.0274585614565, 0.517414124617, 0.829565721027, 0.846717036691, 0.0398443847392, 0.788584146539, 0.760186294713, 0.314734972217, 0.80866045222, 0.033294404543, 0.134693271295, 0.46620713247, 0.858437138413, 0.299760076413, 0.4784466563, 0.419327684615, 0.20458105419, 0.261281871218, 0.855915519239, 0.349759702796, 0.0518703999019, 0.00139474161439, 0.0274585614565, 18.5725422843
0.00114914804872, 0.0274809371556, 0.773388592195, 0.487538032058, 0.651084568029, 0.513825933155, 0.678005355911, 0.44945377223, 0.579009570244, 0.145067525344, 0.706814483655, 0.899413357831, 0.400568404988, 0.274518682736, 0.92571952803, 0.461414628352, 0.281250146388, 0.632717066011, 0.678504702435, 0.123145756765, 0.0189508469651, 0.314104096501, 0.00114914804872, 0.0274809371556, 19.483818933
0.00114914804872, 0.0275081059846, 0.77436263051, 0.489934951775, 0.653051370533, 0.547753061243, 0.671955306056, 0.44945377223, 0.579009570244, 0.443610283243, 0.677976082665, 0.871085859214, 0.405297768669, 0.277900258314, 0.317901335955, 0.285031846639, 0.281250146388, 0.633244764523, 0.678504702435, 0.126015735231, 0.018799296026, 0.309596762199, 0.00114914804872, 0.0275081059846, 18.8053157014
0.00688262022173, 0.0335978308102, 0.0121882837142, 0.0475751232716, 0.0369995253242, 0.291341068315, 0.134390889719, 0.0629057039652, 0.616219159029, 0.0993588016737, 0.0439221333003, 0.014831105381, 0.579908253821, 0.118192043068, 0.0370018842699, 0.27728561279, 0.253957784152, 0.504714567466, 0.828681409147, 0.222423859573, 0.586897277824, 0.312421903769, 0.00688262022173, 0.0335978308102, 12.8505721124
0.0420004559818, 0.0179326872423, 0.0185162364205, 0.18806543937, 0.336892613399, 0.117707076288, 0.0248756536762, 0.0336934342927, 0.305184496526, 0.651961818252, 0.298239154819, 0.902167030703, 0.0820962441252, 0.807313364301, 0.297496040385, 0.80264576622, 0.254047146541, 0.206599264937, 0.00958811581869, 0.231482517581, 0.0962885106238, 0.194341041677, 0.0420004559818, 0.0179326872423, 13.8950262417
0.00143450019937, 0.0290590159701, 0.958802387794, 0.152774660396, 0.0487519325924, 0.552159994558, 0.231382645685, 0.545603071805, 0.0683313085387, 0.386036501788, 0.578452361653, 0.735166938885, 0.140933139559, 0.864699642149, 0.435599067457, 0.0284973003973, 0.0119098988285, 0.142894749887, 0.824608673725, 0.200374058368, 0.0112818860635, 0.479932332729, 0.00143450019937, 0.0290590159701, 15.9794865222
0.0159527919375, 0.0169593420279, 0.848238018296, 0.303302934405, 0.0686123743078, 0.618715035771, 0.0361275226539, 0.0425276870642, 0.19287573008, 0.692245171895, 0.282431242101, 0.717976929967, 0.085300253082, 0.581082205362, 0.0321942927164, 0.0909943213896, 0.193545561262, 0.194746044074, 0.586710748549, 0.839102204819, 0.0681443363606, 0.17667128211, 0.0159527919375, 0.0169593420279, 14.9719923667
0.0370160950108, 0.00622708620037, 0.150313225236, 0.166205003703, 0.531988177542, 0.447412157677, 0.134225272609, 0.652197662635, 0.827204116674, 0.541677315987, 0.594957591833, 0.107520616554, 0.813373566411, 0.581402005743, 0.126619304594, 0.473078073313, 0.131316363434, 0.253681644535, 0.598136024913, 0.206234819404, 0.798772205937, 0.999113859317, 0.0370160950108, 0.00622708620037, 18.319661779
0.626152655647, 0.0277337252856, 0.0198722946065, 0.161069483964, 0.0482553121242, 0.293057354377, 0.135197806283, 0.0754859509592, 0.600265060393, 0.0990536464978, 0.749238984571, 0.0209205021241, 0.579931696617, 0.0807160750179, 0.0237380364737, 0.023153727869, 0.375157548204, 0.665609816957, 0.343819779194, 0.0341446719337, 0.0615480578078, 0.197560291305, 0.626152655647, 0.0277337252856, 12.1212803193
0.504271736554, 0.00999060861492, 0.821029398074, 0.296104204945, 0.334226112331, 0.521005550517, 0.0352556559263, 0.0430603752284, 0.597881123141, 0.103485716516, 0.256947889647, 0.314777574616, 0.0635910853681, 0.0909025305024, 0.0324035706451, 0.277291396539, 0.185368635217, 0.196308354697, 0.624066564617, 0.839102204819, 0.0964454430794, 0.123765976759, 0.504271736554, 0.00999060861492, 13.8994432524
0.0365207961414, 0.028863463972, 0.182243411046, 0.634393139359, 0.0407604717905, 0.54459811594, 0.0424112920203, 0.0180307896089, 0.522628624896, 0.0992786487076, 0.0315172168563, 0.0096474437562, 0.401719835674, 0.868027421234, 0.100143188937, 0.155148419918, 0.15544493925, 0.713848340882, 0.26068231349, 0.163749186963, 0.10369251388, 0.390290136186, 0.0365207961414, 0.028863463972, 13.3260981552
0.0420357017239, 0.0486728326769, 0.0569774688626, 0.188072173716, 0.881136302028, 0.13236129821, 0.0248872696145, 0.0178715112967, 0.0210696429803, 0.810281255445, 0.00812010875107, 0.0946110059561, 0.0454483145232, 0.527953469061, 0.0745935834119, 0.059252754008, 0.326324173445, 0.20329952438, 0.15775908669, 0.766146041876, 0.0279910545882, 0.188354212825, 0.0420357017239, 0.0486728326769, 12.2051387152
0.403819422942, 0.184036904617, 0.019437249688, 0.0187106738198, 0.33329819372, 0.412654214494, 0.0154598722691, 0.0181948291964, 0.20050031323, 0.144329380509, 0.0138923126838, 0.00797828868043, 0.0654533928015, 0.0807683405159, 0.0227487079763, 0.0913258492409, 0.54738366181, 0.876966231462, 0.587408641711, 0.199811121665, 0.00092491530051, 0.125606417673, 0.403819422942, 0.184036904617, 11.0255539614
0.0471942343893, 0.0102053081414, 0.713861007389, 0.0437868283426, 0.0702272277279, 0.177210110878, 0.335490931564, 0.212753075644, 0.560749617661, 0.106199000716, 0.163235715652, 0.0195605917543, 0.842123481196, 0.112705271327, 0.0337371830265, 0.0163173826496, 0.18230298796, 0.302502237732, 0.809760773128, 0.0952536122864, 0.0964449330546, 0.923101036305, 0.0471942343893, 0.0102053081414, 13.8386261707
0.391513143856, 0.0147559839888, 0.014657661024, 0.170746224604, 0.051743924454, 0.412532808492, 0.124861866445, 0.0189316321408, 0.196465612349, 0.828679942293, 0.0142748200839, 0.00718989515364, 0.575339618532, 0.362228016596, 0.289540671474, 0.510186536854, 0.550679893668, 0.253798554339, 0.668629108999, 0.200497481679, 0.0185599063081, 0.132124760921, 0.391513143856, 0.0147559839888, 13.2552134816
0.402405191519, 0.0196895181197, 0.333512912398, 0.170760209759, 0.108741366893, 0.115692070837, 0.136726454574, 0.0278821103149, 0.198317526246, 0.236210423075, 0.142849965855, 0.22574867591, 0.0797077890473, 0.607936192673, 0.0560923791066, 0.279564528796, 0.547547439385, 0.873450949006, 0.614658337124, 0.102370245146, 0.0241592539164, 0.119336842875, 0.402405191519, 0.0196895181197, 12.719829022
0.488593112477, 0.0196612970092, 0.509147181865, 0.142843785392, 0.846221233235, 0.555507382167, 0.03316811185, 0.0439206843407, 0.182848926253, 0.130714959336, 0.0142824931669, 0.00505858585398, 0.0489003849893, 0.363740293259, 0.027033109415, 0.284210315054, 0.550667707107, 0.257202966052, 0.427594538517, 0.207226097918, 0.0964449330546, 0.119378579501, 0.488593112477, 0.0196612970092, 12.5377381848
0.00108038196049, 0.0338946787855, 0.184016555411, 0.047292632859, 0.334350367997, 0.389986226629, 0.13510459333, 0.0635520832409, 0.189069944576, 0.356163565905, 0.266307770793, 0.765812018992, 0.602213126644, 0.0915641435959, 0.464258494286, 0.834375689291, 0.0359308425154, 0.504714567466, 0.827322408148, 0.229100368987, 0.0341835509603, 0.313320209529, 0.00108038196049, 0.0338946787855, 14.9935354733
0.036646021001, 0.0075632090375, 0.45709683417, 0.63460753867, 0.394173426508, 0.3706937704, 0.142102305863, 0.00755058819189, 0.356376265822, 0.627037550638, 0.298126483956, 0.124424260838, 0.275112908944, 0.905230636681, 0.061809887865, 0.199453666041, 0.176550310576, 0.571328532333, 0.729803879337, 0.223537419369, 0.877294731006, 0.30910577586, 0.036646021001, 0.0075632090375, 16.438613968
0.0348630876598, 0.0075632090375, 0.899237684835, 0.634643703172, 0.394173426508, 0.3706937704, 0.13844320079, 0.00755058819189, 0.00764091554879, 0.626000440184, 0.296735428745, 0.127420648648, 0.275746151633, 0.905230636681, 0.0576775114003, 0.429000985829, 0.661858449139, 0.852357054167, 0.586754654488, 0.223537419369, 0.877294731006, 0.30910577586, 0.0348630876598, 0.0075632090375, 17.7071286211
0.0343451531613, 0.0180320247172, 0.847845009273, 0.100383409938, 0.336892613399, 0.117707076288, 0.0232371776226, 0.0161786591491, 0.304006583687, 0.651961818252, 0.297196651757, 0.902167030703, 0.0820962441252, 0.807313364301, 0.297492331696, 0.80264576622, 0.254047146541, 0.202393049823, 0.00958811581869, 0.226247042661, 0.0962738135017, 0.194341041677, 0.0343451531613, 0.0180320247172, 14.8563410979
0.0419039321658, 0.0181506549476, 0.867017008384, 0.646324916053, 0.111565658033, 0.0383677413112, 0.0248068651776, 0.0175203504492, 0.0683873926601, 0.0141489070646, 0.005479369744, 0.0945558631494, 0.481606897333, 0.804392704754, 0.0738816753977, 0.99845872953, 0.254787912817, 0.627284452882, 0.678748537889, 0.118915157861, 0.00248264895547, 0.119451701623, 0.0419039321658, 0.0181506549476, 14.1499095939
0.00171002720358, 0.0300579143882, 0.822554631137, 0.127232172514, 0.101936969147, 0.367698916718, 0.0166436279004, 0.0179439809476, 0.0660305985823, 0.0999673309708, 0.0483167287537, 0.320477375665, 0.466179763537, 0.604960289865, 0.158275582918, 0.395764024843, 0.00524051668835, 0.643744017734, 0.67690258026, 0.0919545763135, 0.000926744712205, 0.478794594092, 0.00171002720358, 0.0300579143882, 13.4332291793
0.0338070038937, 0.0300579143882, 0.0224267022813, 0.127188248658, 0.111565658033, 0.367930508375, 0.0172762198457, 0.017806911602, 0.0660052221969, 0.130533103226, 0.0483167287537, 0.0887401684791, 0.466179763537, 0.605714351391, 0.00309068850521, 0.985489276732, 0.00522991166194, 0.627284452882, 0.675743615329, 0.892398878219, 0.00183055354063, 0.118037328997, 0.0338070038937, 0.0300579143882, 13.2463658939
0.0419039321658, 0.0301788099223, 0.0227562791057, 0.187327216621, 0.111565658033, 0.037736612502, 0.0248068651776, 0.0178064698932, 0.0683873926601, 0.0141489070646, 0.00785464957971, 0.0945558631494, 0.466179763537, 0.526794993376, 0.0746251727149, 0.998158752693, 0.327174068271, 0.627284452882, 0.678748537889, 0.892398878219, 0.00183055354063, 0.119451701623, 0.0419039321658, 0.0301788099223, 13.1370666486
0.0390376255132, 0.00940608542964, 0.460668151428, 0.175559121621, 0.0508757602871, 0.552776075739, 0.307555861412, 0.934074243381, 0.359170710339, 0.799888961392, 0.570983476363, 0.0308286834293, 0.299014764954, 0.0807160750179, 0.00463383379214, 0.205861610321, 0.267242216964, 0.571263361491, 0.431945479859, 0.101141558006, 0.0548567509722, 0.221048974961, 0.0390376255132, 0.00940608542964, 14.7356498548
0.0409673253276, 0.0274862854984, 0.893968508856, 0.177088566534, 0.008965566806, 0.372165732603, 0.348690743608, 0.213558286485, 0.0188868621266, 0.130827915815, 0.748256030416, 0.0952060625276, 0.829921813596, 0.587165051081, 0.0242934705025, 0.0213657559863, 0.377927488433, 0.665962065106, 0.216067384716, 0.162293815519, 0.040133264972, 0.313824017245, 0.0409673253276, 0.0274862854984, 14.4152370957
0.0342186262631, 0.0247980749515, 0.926386828078, 0.925751582337, 0.533469594643, 0.548695810801, 0.0230344138951, 0.190622751925, 0.0757693631281, 0.448618119973, 0.669109150843, 0.0923691776377, 0.274298585866, 0.0262633218467, 0.288736871643, 0.281618114088, 0.00452981589013, 0.189751448279, 0.429092423674, 0.21623156964, 0.0961290501192, 0.180808469018, 0.0342186262631, 0.0247980749515, 14.6538840397
0.00279594465471, 0.0276687213283, 0.851491788893, 0.304307250518, 0.000355180696241, 0.151397423275, 0.306308306135, 0.0334021150309, 0.590251176689, 0.134080219075, 0.295419116974, 0.110052091534, 0.0778828917602, 0.370215288604, 0.980209412309, 0.28975803948, 0.252102799247, 0.294090153624, 0.430310160534, 0.838003574299, 0.0716248549138, 0.167568706984, 0.00279594465471, 0.0276687213283, 14.8334508921
0.0366456171517, 0.0289452640558, 0.182243411046, 0.634391984254, 0.0407604717905, 0.544030502306, 0.0424112920203, 0.0180307896089, 0.520175125852, 0.101488904327, 0.0315172168563, 0.111324976098, 0.401719835674, 0.868027421234, 0.100015354343, 0.199164078239, 0.15544493925, 0.714669301292, 0.718623196234, 0.163749186963, 0.10369251388, 0.390290136186, 0.0366456171517, 0.0289452640558, 14.1400119659
0.00500265732044, 0.0953249395986, 0.332526399703, 0.170648883596, 0.111522515082, 0.640153818438, 0.0277922681215, 0.0278292565823, 0.359507285117, 0.146047489022, 0.34396982249, 0.24061071315, 0.292128218106, 0.241446514418, 0.387300647015, 0.245297160993, 0.402062619586, 0.627072011229, 0.615791262459, 0.170727841537, 0.024313987963, 0.125071245892, 0.00500265732044, 0.0953249395986, 13.435850725
0.0236690230159, 0.364550650134, 0.0582203649364, 0.00306342568339, 0.854031756434, 0.297398158074, 0.13521144474, 0.190468738536, 0.0691140038297, 0.972673528644, 0.255081273765, 0.0951183338199, 0.06323346971, 0.572990506896, 0.0922914687715, 0.286973750206, 0.00123596947585, 0.318190834422, 0.249830131381, 0.816078331896, 0.0263453033493, 0.188620776019, 0.0236690230159, 0.364550650134, 13.4345219158
0.200842447938, 0.0278931639429, 0.00523025706782, 0.0443396938959, 0.165824485267, 0.366105342342, 0.337440893473, 0.212642298934, 0.0707100138042, 0.0729254342261, 0.749367399179, 0.0168947920257, 0.841932563209, 0.608824038698, 0.0242934705025, 0.0219022953167, 0.178226332743, 0.665962065106, 0.216901657418, 0.479180365742, 0.712709361049, 0.0938719290569, 0.200842447938, 0.0278931639429, 13.8647021185
0.403819422942, 0.188505865911, 0.019437249688, 0.170758776682, 0.356918392387, 0.412327522689, 0.135546298722, 0.0181948291964, 0.20050031323, 0.144329380509, 0.0138923126838, 0.00717866039956, 0.0654533928015, 0.0771469992743, 0.0227487079763, 0.0912765648371, 0.54738366181, 0.876966231462, 0.66863023369, 0.199811121665, 0.00158476127507, 0.124234463267, 0.403819422942, 0.188505865911, 11.5227564173
0.0420357017239, 0.0486728326769, 0.0569774688626, 0.186162996578, 0.873768510329, 0.13236129821, 0.0248872696145, 0.0178715112967, 0.0210696429803, 0.810281255445, 0.00714247865766, 0.0946110059561, 0.0488901376746, 0.527594424093, 0.0745935834119, 0.059252754008, 0.370598638725, 0.20329952438, 0.438359522808, 0.766146041876, 0.0276839902726, 0.188354212825, 0.0420357017239, 0.0486728326769, 12.6329938825
0.0365207961414, 0.179736930879, 0.0206506444295, 0.130693945975, 0.0872541268363, 0.54459811594, 0.000738791711231, 0.0180307896089, 0.194277034733, 0.0992786487076, 0.559071981171, 0.0096474437562, 0.461135143812, 0.800530538987, 0.100143188937, 0.279636432776, 0.0148487635671, 0.713848340882, 0.26068231349, 0.208767431512, 0.10369251388, 0.390290136186, 0.0365207961414, 0.179736930879, 12.675743385
0.626152655647, 0.0625689432723, 0.0198722946065, 0.161069483964, 0.0482553121242, 0.293057354377, 0.135197806283, 0.0754859509592, 0.426190557307, 0.0990536464978, 0.572645156565, 0.00740157334668, 0.579931696617, 0.0807160750179, 0.44119664051, 0.204829055725, 0.260549501232, 0.569498610712, 0.343819779194, 0.0326686056681, 0.0613520885903, 0.190767791101, 0.626152655647, 0.0625689432723, 12.1318900311
0.200842447938, 0.016564599306, 0.00229131593469, 0.130451559875, 0.167673359153, 0.358694020026, 0.337440893473, 0.205151510323, 0.0659226885168, 0.0989909905768, 0.746370060822, 0.00899458435535, 0.821622601385, 0.63661848522, 0.0242934705025, 0.0221675926685, 0.195028618817, 0.665962065106, 0.216901657418, 0.475552659909, 0.723214903861, 0.0942997790912, 0.200842447938, 0.016564599306, 14.0187214446
0.027970872004, 0.296135638825, 0.900591520003, 0.0167925806866, 0.349393958549, 0.365279306553, 0.0175775960006, 0.0243926827131, 0.599396299637, 0.101307457313, 0.174664222358, 0.0191049658297, 0.102450535101, 0.525687427125, 0.0716665978796, 0.276137261385, 0.375065487588, 0.661469742524, 0.218543117212, 0.16720998542, 0.040133264972, 0.110482659598, 0.027970872004, 0.296135638825, 12.8317376349
0.0785192085936, 0.0576752393588, 0.83432250758, 0.132003471648, 0.109725492114, 0.116678334822, 0.296090373681, 0.0165021982847, 0.298542179334, 0.233612229168, 0.142182282066, 0.00486887696013, 0.0757964713408, 0.372096891208, 0.0298427225998, 0.277642770492, 0.0606254667309, 0.462076034562, 0.480098850488, 0.463454159886, 0.0997149911493, 0.218791222928, 0.0785192085936, 0.0576752393588, 12.3408523888
