0.0490280032524, 0.0325160250766, 0.390229309217, 0.182605802788, 0.99164509343, 0.749482557382, 0.0840254339863, 0.434672189124, 0.435238378619, 0.148258649801, 0.139851895909, 0.219876098314, 0.0712089548503, 0.269702768817, 0.105576709147, 0.398207046945, 0.0679543863964, 0.982829699782, 0.0638901311358, 0.0140815586947, 0.0452044861824, 0.14942420825, 0.00137570520515, 0.0107188632338, 16.7898591933
0.0490280032524, 0.0325160250766, 0.390229309217, 0.182605802788, 0.99164509343, 0.164079888603, 0.0840254339863, 0.434672189124, 0.435238378619, 0.43207722287, 0.139851895909, 0.219876098314, 0.0712089548503, 0.269702768817, 0.105576709147, 0.398207046945, 0.0679543863964, 0.990018997913, 0.0638901311358, 0.247888995114, 0.0452044861824, 0.14942420825, 0.0490280032524, 0.0325160250766, 13.9212133694
0.0490280032524, 0.0325160250766, 0.390229309217, 0.897007750461, 0.99164509343, 0.749482557382, 0.0840254339863, 0.434672189124, 0.435238378619, 0.148258649801, 0.418423111482, 0.219876098314, 0.0712089548503, 0.269702768817, 0.105576709147, 0.864719542014, 0.0679543863964, 0.982829699782, 0.0638901311358, 0.00309841507514, 0.0452044861824, 0.14942420825, 0.54777062722, 0.0381564882802, 18.9749262511
0.000846829283639, 0.0381564882802, 0.546057093415, 0.184761913241, 0.801854551876, 0.922018883609, 0.0619960638514, 0.895034623493, 0.0560913214489, 0.371521654598, 0.119128109508, 0.145253403162, 0.435708760754, 0.663958563204, 0.125569506714, 0.126888194025, 0.433262148165, 0.996177780925, 0.0638901311358, 0.192696361256, 0.00991326307681, 0.158742584721, 0.785483606496, 0.0325160250766, 16.5455686072
0.0490280032524, 0.0325160250766, 0.390229309217, 0.182605802788, 0.99164509343, 0.164079888603, 0.0840254339863, 0.363653028945, 0.601035708434, 0.43207722287, 0.139851895909, 0.219876098314, 0.0712089548503, 0.269702768817, 0.105576709147, 0.331137643435, 0.53126139825, 0.990018997913, 0.0638901311358, 0.247888995114, 0.00927712984192, 0.0429751588711, 0.0490280032524, 0.0325160250766, 14.3912954845
0.0490280032524, 0.0325160250766, 0.390229309217, 0.0375151364833, 0.493230293791, 0.684893068549, 0.0840254339863, 0.904229698911, 0.671163118602, 0.371521654598, 0.514172593572, 0.610113729773, 0.435708760754, 0.272334506463, 0.31181645034, 0.565209565057, 0.0679543863964, 0.987055401133, 0.0638901311358, 0.0140815586947, 0.457802428654, 0.319080249863, 0.0490280032524, 0.0381564882802, 17.1221210909
0.0490280032524, 0.0325160250766, 0.390229309217, 0.897007750461, 0.99164509343, 0.484274478471, 0.0840254339863, 0.434672189124, 0.237497106919, 0.55044838507, 0.418423111482, 0.219876098314, 0.0712089548503, 0.33753490562, 0.105576709147, 0.864719542014, 0.0679543863964, 0.932797693527, 0.0638901311358, 0.00309841507514, 0.176106638264, 0.102080035066, 0.0490280032524, 0.0381564882802, 18.7139914557
0.000846829283639, 0.0381564882802, 0.546057093415, 0.184761913241, 0.801854551876, 0.922018883609, 0.0619960638514, 0.895034623493, 0.0560913214489, 0.371521654598, 0.119128109508, 0.145253403162, 0.435708760754, 0.663958563204, 0.125569506714, 0.126888194025, 0.0401893725179, 0.996177780925, 0.0638901311358, 0.192696361256, 0.00991326307681, 0.158742584721, 0.000846829283639, 0.0381564882802, 15.3278842806
0.0490280032524, 0.0325160250766, 0.390229309217, 0.182605802788, 0.99164509343, 0.164079888603, 0.0840254339863, 0.363653028945, 0.601035708434, 0.43207722287, 0.139851895909, 0.219876098314, 0.0712089548503, 0.269702768817, 0.105576709147, 0.331137643435, 0.53126139825, 0.316515716977, 0.0638901311358, 0.247888995114, 0.00927712984192, 0.0429751588711, 0.0490280032524, 0.0325160250766, 13.4831952036
0.0304349900122, 0.0179110863349, 0.024107473719, 0.133401638274, 0.389829632056, 0.749482557382, 0.0619960638514, 0.434672189124, 0.274929980542, 0.371521654598, 0.418423111482, 0.970291181532, 0.00873865253238, 0.399524501665, 0.0448518576236, 0.398207046945, 0.099250938482, 0.924198581126, 0.540329716456, 0.113851597402, 0.0452044861824, 0.103435315043, 0.0490280032524, 0.0381564882802, 17.6190813378
0.0490280032524, 0.0325160250766, 0.390229309217, 0.182605802788, 0.99164509343, 0.749482557382, 0.0840254339863, 0.434672189124, 0.435238378619, 0.116459145763, 0.111506899614, 0.219876098314, 0.0712089548503, 0.269702768817, 0.0172666150304, 0.398207046945, 0.0679543863964, 0.820718927139, 0.0638901311358, 0.0140815586947, 0.0452044861824, 0.768893517286, 0.0490280032524, 0.0381564882802, 17.898478536
