0.791474430982, 0.304079882595, 0.0300807379408, 0.993893453341, 0.0548310731354, 0.920978921851, 0.762146407615, 0.675458159043, 0.227941591057, 0.402811800179, 0.729110630785, 0.717405242935, 0.234827516276, 0.232297579113, 1.1862254864, 1.35397323991, 1.90662855167e-152, 5.62582692547e-52, 1.97290605681e-10
0.711540422564, 0.463081878708, 0.185949756407, 0.0256710702151, 0.995434501392, 0.0664469296301, 0.167140924207, 0.0466107739852, 0.0189657045769, 0.590892695957, 0.0404415278999, 0.21447581925, 0.77159118845, 0.111000603878, 2.50723639105, 3.46507483369e-159, 3.42670356967e-73, 1.44908484295e-33, 6.53541086633e-15
0.457977242835, 0.996260264144, 0.00323208412039, 0.987011506741, 0.708394932792, 0.178104583187, 0.162736594863, 0.991656472854, 0.236056606868, 0.28398022246, 0.895579853776, 0.823866588004, 0.697363372132, 0.128504869522, 0.883463909904, 0.399791432507, 1.35216056776e-249, 1.81429260821, 3.92448335248e-34
0.147723543699, 0.0140410074983, 0.202666097395, 0.613162965653, 0.372278546347, 0.94673071163, 0.500958003684, 0.906961946927, 0.769632712737, 0.84829107302, 0.51444313306, 0.292321374711, 0.721740157307, 0.247286520337, 1.73188032944, 1.5567876035e-21, 1.29642746355e-69, 1.49439320464e-185, 2.39667686686e-83
0.998402537225, 0.623708843738, 0.0414209114406, 0.0256710702151, 0.313930366125, 0.0664469296301, 0.167140924207, 0.164188726261, 0.0189657045769, 0.992398613106, 0.0404415278999, 0.022427179734, 0.77159118845, 0.111000603878, 0.594416336133, 8.21500953967e-160, 4.9223865677e-139, 2.94036213219e-21, 2.51506868121
0.518639187882, 0.413450067257, 0.999989619563, 0.862441209713, 0.35118535482, 0.346456902081, 0.483130389545, 0.322782044763, 0.460843349563, 0.363905415511, 0.95416910281, 0.653735191689, 0.408732850761, 0.721919685353, 0.00225707506798, 1.32622096148e-09, 1.38494733135, 9.54685668087e-39, 6.66939694892e-29
0.0118908084063, 0.544575390375, 0.156047841155, 0.392405735818, 0.777381557931, 0.972176687597, 0.415403684868, 0.305707361117, 0.955650655586, 0.470433449567, 0.425482934539, 0.639938932367, 0.485713574804, 0.560823760823, 1.58232854955, 5.87423379301e-41, 5.26251104335e-81, 1.00280776468e-26, 8.25191393138e-193
0.202467248812, 0.365045104848, 0.999145654199, 0.993893453341, 0.0157468196622, 0.286021963777, 0.97128699903, 0.0513462388428, 0.298858886747, 0.166070652812, 0.113979076786, 0.717405242935, 0.87577304879, 0.232297579113, 0.191519241972, 0.218602560416, 2.24607799503, 6.10665284773e-44, 1.53683939334e-69
0.730427367768, 0.045517037031, 0.182556911885, 0.00836363568454, 0.401067175125, 0.795736724716, 0.833603432109, 0.959796929296, 0.747478899871, 0.376946473559, 0.0850614100742, 0.14204028057, 0.896135050887, 0.634886092883, 1.97176678728, 5.37633245788e-208, 4.27369465172e-74, 2.03410692834e-134, 7.05795895728e-14
0.256781538213, 0.305836921095, 0.000303833107768, 0.838982951974, 0.380503085925, 0.905912583335, 0.784464224282, 0.205818919998, 0.499005648123, 0.231553215691, 0.976193246584, 0.0228140268818, 0.310798526144, 0.921634272306, 2.08661072358, 7.77812508499e-08, 0.0, 1.16025274542e-51, 2.9644281102e-59
0.730427367768, 0.996260264144, 0.182556911885, 0.0459190085571, 0.401067175125, 0.656098796656, 0.833603432109, 0.310983230704, 0.899214390233, 0.555654629231, 0.0850614100742, 0.823866588004, 0.834936918633, 0.634886092883, 0.825423538536, 2.05138410048e-134, 1.78905953016e-74, 1.54433438012, 6.26802017643e-14
0.0639736658231, 0.938661956037, 0.0380086973706, 0.0902533173495, 0.995508612206, 0.656098796656, 0.254685417272, 0.281663837653, 0.7285098512, 0.759230051091, 0.860699543946, 0.660313811561, 0.929707549821, 0.0018323701403, 2.08577858796, 1.15267124991e-104, 3.18923600894e-142, 0.0058386285045, 1.30470859504e-119
0.125111155107, 0.588206251943, 0.954809691933, 0.926436062651, 0.529602130347, 0.413836110708, 0.600230187936, 0.42998310639, 0.168136551891, 0.874012966617, 0.119078988456, 0.737967148968, 0.611552225765, 0.52311035439, 1.48779808128, 0.0011225589818, 0.0229287429907, 2.09738996612e-23, 1.25406180921e-90
0.994576561515, 0.305836921095, 0.294686920813, 0.0999577824626, 0.27302609744, 0.282041897583, 0.44019320062, 0.113807489278, 0.0269872308978, 0.593333022225, 0.497772357807, 0.594899596437, 0.932756723621, 0.750212646075, 1.06721410663, 1.60706232298e-100, 1.446963308e-53, 5.93420748378e-52, 1.37819605936
0.978824727417, 0.588206251943, 0.404246874317, 0.0281478104202, 0.606900934595, 0.180524792741, 0.243437831429, 0.192724507173, 0.178908453621, 0.846309879185, 0.467284004588, 0.737967148968, 0.597313037435, 0.502206015426, 1.53732002066, 2.12493618758e-155, 1.11570972299e-39, 2.16694447776e-23, 0.287315438982
0.460901383058, 0.996260264144, 0.00323208412039, 0.99981365206, 0.708394932792, 0.178104583187, 0.162736594863, 0.993645289311, 0.236056606868, 0.28398022246, 0.883564617599, 0.823866588004, 0.697363372132, 0.128504869522, 0.0280195296007, 0.965816647565, 1.34729531113e-249, 1.80776453798, 7.38972604838e-34
0.791474430982, 0.304079882595, 0.0300807379408, 0.993893453341, 0.0548310731354, 0.920978921851, 0.762146407615, 0.675458159043, 0.227941591057, 0.402811800179, 0.729110630785, 0.717405242935, 0.234827516276, 0.232297579113, 1.1862254864, 1.35397323991, 1.90662855167e-152, 5.62582692547e-52, 1.97290605681e-10
0.963018045627, 0.045517037031, 0.00472047109425, 0.987011506741, 0.708394932792, 0.178104583187, 0.162736594863, 0.991656472854, 0.236056606868, 0.376946473559, 0.885149249344, 0.653735191689, 0.697363372132, 0.128504869522, 1.76288601914, 0.797753840351, 7.6090843131e-233, 1.99616526103e-134, 0.0702152065571
0.998402537225, 0.404164387969, 0.0432368597112, 0.615561099286, 0.349221549534, 0.788832010956, 0.480326931776, 0.957679151471, 0.787739703381, 0.590892695957, 0.439916000318, 0.226468381406, 0.777310184614, 0.620952036559, 0.362725782477, 4.81742496216e-22, 2.19337389076e-137, 2.57930501307e-40, 1.53474963577
0.998402537225, 0.623708843738, 0.0432368597112, 0.0256710702151, 0.313930366125, 0.0664469296301, 0.167140924207, 0.164188726261, 0.316538984631, 0.590892695957, 0.0404415278999, 0.226468381406, 0.834936918633, 0.00887575487907, 0.489330558931, 6.76269302392e-160, 2.95894288126e-137, 2.42054088716e-21, 2.07043428774
0.202467248812, 0.365045104848, 0.999145654199, 0.862441209713, 0.0157468196622, 0.286021963777, 0.988979247359, 0.0513462388428, 0.460843349563, 0.166070652812, 0.113979076786, 0.567169772715, 0.87577304879, 0.189355240089, 0.285517415104, 1.67765435075e-07, 2.20655457795, 5.99919629991e-44, 1.50979618983e-69
0.957031189158, 0.365045104848, 0.999989619563, 0.862441209713, 0.29168089146, 0.286021963777, 0.97128699903, 0.447248284761, 0.460843349563, 0.154330278643, 0.0798282048652, 0.653735191689, 0.5777367058, 0.189355240089, 0.00283162011745, 1.66381437993e-09, 1.73748971874, 4.68484905044e-44, 0.0337836495373
0.998402537225, 0.623708843738, 0.0414209114406, 0.0256710702151, 0.313930366125, 0.0664469296301, 0.167140924207, 0.164188726261, 0.0189657045769, 0.992398613106, 0.0404415278999, 0.022427179734, 0.77159118845, 0.111000603878, 0.594416336133, 8.21500953967e-160, 4.9223865677e-139, 2.94036213219e-21, 2.51506868121
0.998402537225, 0.623708843738, 0.0432368597112, 0.0256710702151, 0.313930366125, 0.0664469296301, 0.167140924207, 0.164188726261, 0.316538984631, 0.590892695957, 0.0404415278999, 0.226468381406, 0.834936918633, 0.00887575487907, 0.489330558931, 6.76269302392e-160, 2.95894288126e-137, 2.42054088716e-21, 2.07043428774
0.457977242835, 0.996260264144, 0.00323208412039, 0.987011506741, 0.708394932792, 0.178104583187, 0.162736594863, 0.991656472854, 0.236056606868, 0.28398022246, 0.895579853776, 0.823866588004, 0.697363372132, 0.128504869522, 0.883463909904, 0.399791432507, 1.35216056776e-249, 1.81429260821, 3.92448335248e-34
0.518639187882, 0.413450067257, 0.999989619563, 0.862441209713, 0.35118535482, 0.346456902081, 0.483130389545, 0.322782044763, 0.460843349563, 0.363905415511, 0.95416910281, 0.653735191689, 0.408732850761, 0.721919685353, 0.00225707506798, 1.32622096148e-09, 1.38494733135, 9.54685668087e-39, 6.66939694892e-29
0.518639187882, 0.413450067257, 0.999989619563, 0.779626344656, 0.35118535482, 0.346456902081, 0.483130389545, 0.322782044763, 0.0811414158051, 0.924689489088, 0.95416910281, 0.383214221281, 0.408732850761, 0.721919685353, 0.00278796040894, 6.76171855262e-14, 1.71070000419, 1.17923674022e-38, 8.23810200593e-29
0.460901383058, 0.996260264144, 0.00323208412039, 0.99981365206, 0.708394932792, 0.178104583187, 0.162736594863, 0.993645289311, 0.236056606868, 0.28398022246, 0.883564617599, 0.823866588004, 0.697363372132, 0.128504869522, 0.0280195296007, 0.965816647565, 1.34729531113e-249, 1.80776453798, 7.38972604838e-34
0.202467248812, 0.365045104848, 0.999145654199, 0.993893453341, 0.0157468196622, 0.286021963777, 0.97128699903, 0.0513462388428, 0.298858886747, 0.166070652812, 0.113979076786, 0.717405242935, 0.87577304879, 0.232297579113, 0.191519241972, 0.218602560416, 2.24607799503, 6.10665284773e-44, 1.53683939334e-69
0.717579546428, 0.0850687784097, 0.0330742209048, 0.400369566741, 0.321398573725, 0.99995434344, 0.954754921959, 0.660857870489, 0.0185732693606, 0.922276827836, 0.601397306795, 0.600917708332, 0.704185537927, 0.0279634021666, 2.20959560611, 6.11700001831e-40, 3.08599309542e-148, 3.29194303473e-107, 1.34102786474e-14
0.711540422564, 0.463081878708, 0.185949756407, 0.0256710702151, 0.995434501392, 0.0664469296301, 0.167140924207, 0.0466107739852, 0.0189657045769, 0.590892695957, 0.0404415278999, 0.21447581925, 0.77159118845, 0.111000603878, 2.50723639105, 3.46507483369e-159, 3.42670356967e-73, 1.44908484295e-33, 6.53541086633e-15
0.963018045627, 0.045517037031, 0.00472047109425, 0.987011506741, 0.708394932792, 0.178104583187, 0.162736594863, 0.991656472854, 0.236056606868, 0.376946473559, 0.885149249344, 0.653735191689, 0.697363372132, 0.128504869522, 1.76288601914, 0.797753840351, 7.6090843131e-233, 1.99616526103e-134, 0.0702152065571
0.994576561515, 0.305836921095, 0.294686920813, 0.0999577824626, 0.27302609744, 0.282041897583, 0.44019320062, 0.113807489278, 0.0269872308978, 0.593333022225, 0.497772357807, 0.594899596437, 0.932756723621, 0.750212646075, 1.06721410663, 1.60706232298e-100, 1.446963308e-53, 5.93420748378e-52, 1.37819605936
0.256781538213, 0.408143183873, 0.014278672482, 0.987011506741, 0.620114211529, 0.905912583335, 0.784464224282, 0.205818919998, 0.499005648123, 0.0598794838273, 0.883564617599, 0.0228140268818, 0.310798526144, 0.197798675831, 1.86066538139, 0.842001659496, 9.44116064814e-185, 3.86809369872e-39, 2.9014947765e-59
0.998402537225, 0.404164387969, 0.0432368597112, 0.615561099286, 0.349221549534, 0.788832010956, 0.480326931776, 0.957679151471, 0.787739703381, 0.590892695957, 0.439916000318, 0.226468381406, 0.777310184614, 0.620952036559, 0.362725782477, 4.81742496216e-22, 2.19337389076e-137, 2.57930501307e-40, 1.53474963577
0.183823218795, 0.211276040237, 0.784233576074, 0.973947247102, 0.27302609744, 0.256907156871, 0.699878567181, 0.619877071259, 0.541396698232, 0.255394034286, 0.556670253976, 0.524263201483, 0.686830472859, 0.509466694513, 1.25733070075, 0.141559118202, 5.53156270502e-11, 6.07196819524e-68, 5.47445973428e-74
0.286602657909, 0.0847846346914, 0.0435392707965, 0.951415245577, 0.821867784433, 0.996090100343, 0.61035632322, 0.0654465292234, 0.271576793055, 0.116317242066, 0.746563839995, 0.91527373899, 0.214443816386, 0.361275572846, 2.08402053979, 0.0224931027437, 2.53024327252e-136, 2.22209434548e-107, 1.75012283899e-54
0.978824727417, 0.0527851080465, 0.404246874317, 0.749459054549, 0.606900934595, 0.504746283139, 0.61035632322, 0.0654465292234, 0.178908453621, 0.732795834429, 0.467284004588, 0.660313811561, 0.214443816386, 0.502206015426, 1.45292038784, 6.81008891791e-13, 1.05445670495e-39, 4.06914513726e-128, 0.271541678653
0.183823218795, 0.211276040237, 0.784233576074, 0.973947247102, 0.27302609744, 0.256907156871, 0.699878567181, 0.619877071259, 0.541396698232, 0.255394034286, 0.556670253976, 0.524263201483, 0.686830472859, 0.509466694513, 1.25733070075, 0.141559118202, 5.53156270502e-11, 6.07196819524e-68, 5.47445973428e-74
0.0351091615528, 0.994124037293, 0.0955958954369, 0.129994434909, 0.895978071122, 0.776126614277, 0.341649617145, 0.97771973451, 0.359415458411, 0.0208979289924, 0.617875915968, 0.197506395429, 0.0197269824997, 0.280834946136, 1.36471999707, 5.29223936029e-89, 2.37185418831e-102, 1.6219736714, 1.15996912513e-145
0.730427367768, 0.996260264144, 0.182556911885, 0.0459190085571, 0.401067175125, 0.656098796656, 0.833603432109, 0.310983230704, 0.899214390233, 0.555654629231, 0.0850614100742, 0.823866588004, 0.834936918633, 0.634886092883, 0.825423538536, 2.05138410048e-134, 1.78905953016e-74, 1.54433438012, 6.26802017643e-14
0.0225348649686, 0.994124037293, 0.433139458427, 0.343693053636, 0.895978071122, 0.804076449357, 0.341649617145, 0.97771973451, 0.359415458411, 8.88668845083e-05, 0.148999247078, 0.197506395429, 0.0197269824997, 0.280834946136, 1.45865022544, 9.48738473473e-47, 1.05401297832e-36, 1.73361002002, 6.86758797912e-165
0.0351091615528, 0.994124037293, 0.0955958954369, 0.129994434909, 0.895978071122, 0.776126614277, 0.341649617145, 0.97771973451, 0.359415458411, 0.0208979289924, 0.617875915968, 0.197506395429, 0.0197269824997, 0.280834946136, 1.36471999707, 5.29223936029e-89, 2.37185418831e-102, 1.6219736714, 1.15996912513e-145
0.202467248812, 0.365045104848, 0.999145654199, 0.862441209713, 0.0157468196622, 0.286021963777, 0.988979247359, 0.0513462388428, 0.460843349563, 0.166070652812, 0.113979076786, 0.567169772715, 0.87577304879, 0.189355240089, 0.285517415104, 1.67765435075e-07, 2.20655457795, 5.99919629991e-44, 1.50979618983e-69
0.0225348649686, 0.994124037293, 0.433139458427, 0.343693053636, 0.895978071122, 0.804076449357, 0.341649617145, 0.97771973451, 0.359415458411, 8.88668845083e-05, 0.148999247078, 0.197506395429, 0.0197269824997, 0.280834946136, 1.45865022544, 9.48738473473e-47, 1.05401297832e-36, 1.73361002002, 6.86758797912e-165
0.256781538213, 0.408143183873, 0.014278672482, 0.987011506741, 0.620114211529, 0.905912583335, 0.784464224282, 0.205818919998, 0.499005648123, 0.0598794838273, 0.883564617599, 0.0228140268818, 0.310798526144, 0.197798675831, 1.86066538139, 0.842001659496, 9.44116064814e-185, 3.86809369872e-39, 2.9014947765e-59
0.717579546428, 0.0850687784097, 0.0330742209048, 0.400369566741, 0.321398573725, 0.99995434344, 0.954754921959, 0.660857870489, 0.0185732693606, 0.922276827836, 0.601397306795, 0.600917708332, 0.704185537927, 0.0279634021666, 2.20959560611, 6.11700001831e-40, 3.08599309542e-148, 3.29194303473e-107, 1.34102786474e-14
0.0861036397146, 0.0739969203881, 0.22174404303, 0.016765333942, 0.768031679793, 0.00666616165401, 0.6364191071, 0.18645236834, 0.0659660382475, 0.854843427283, 0.317600739215, 0.820334141334, 0.194623508744, 0.0879906893523, 2.14533081128, 9.30754160586e-178, 1.29661283703e-65, 2.8117629653e-113, 1.07094002854e-106
0.286602657909, 0.0847846346914, 0.0435392707965, 0.951415245577, 0.821867784433, 0.996090100343, 0.61035632322, 0.0654465292234, 0.271576793055, 0.116317242066, 0.746563839995, 0.91527373899, 0.214443816386, 0.361275572846, 2.08402053979, 0.0224931027437, 2.53024327252e-136, 2.22209434548e-107, 1.75012283899e-54
0.467723051803, 0.742566700948, 0.454824551683, 0.12219732154, 0.26570155881, 0.497780854135, 0.574514191465, 0.310983230704, 0.532208463689, 0.46327620743, 0.234122286329, 0.283084364176, 0.483380823479, 0.654269311901, 1.24038497935, 9.90478471667e-92, 1.18595001845e-34, 2.30793404506e-13, 1.94336262546e-33
0.183823218795, 0.192915639363, 0.784233576074, 0.75964848271, 0.27302609744, 0.30483103615, 0.699878567181, 0.113807489278, 0.541396698232, 0.255394034286, 0.556670253976, 0.524263201483, 0.691948116773, 0.509466694513, 1.38098385741, 2.49790520249e-12, 6.0374242945e-11, 7.4653838392e-72, 5.97509925523e-74
0.431304280764, 0.308435157229, 0.876159386598, 0.261408529944, 0.536708234418, 0.430326378481, 0.529419307943, 0.359947820891, 0.715457749348, 0.969031465327, 0.740599289608, 0.737967148968, 0.343823798604, 0.548041335117, 1.43430993169, 1.21545354232e-58, 4.08389614595e-06, 1.85844812585e-51, 6.77859588488e-37
0.0866191196787, 0.938661956037, 0.192353517302, 0.0902533173495, 0.633110490067, 0.656098796656, 0.254685417272, 0.310983230704, 0.578054461, 0.759230051091, 0.57601814056, 0.718566307586, 0.929707549821, 0.0161346845979, 1.68360215286, 9.30415054162e-105, 6.79786530516e-72, 0.00471283365197, 1.52664343159e-106
0.256781538213, 0.305836921095, 0.000303833107768, 0.838982951974, 0.380503085925, 0.905912583335, 0.784464224282, 0.205818919998, 0.499005648123, 0.231553215691, 0.976193246584, 0.0228140268818, 0.310798526144, 0.921634272306, 2.08661072358, 7.77812508499e-08, 0.0, 1.16025274542e-51, 2.9644281102e-59
0.12397713121, 0.549927871603, 0.0993977307705, 0.285436885155, 0.992400441626, 0.175858676076, 0.268610094056, 0.215902136611, 0.650130444794, 0.605086872543, 0.849289264636, 0.731002119618, 0.990014768157, 0.953026077211, 2.13607314788, 1.19328819337e-54, 1.8339308807e-100, 3.6000549147e-26, 7.24259612315e-91
0.957031189158, 0.365045104848, 0.999989619563, 0.862441209713, 0.29168089146, 0.286021963777, 0.97128699903, 0.447248284761, 0.460843349563, 0.154330278643, 0.0798282048652, 0.653735191689, 0.5777367058, 0.189355240089, 0.00283162011745, 1.66381437993e-09, 1.73748971874, 4.68484905044e-44, 0.0337836495373
0.202467248812, 0.886085326218, 0.524434528573, 0.016765333942, 0.756209559097, 0.00666616165401, 0.462487705182, 0.682648788142, 0.199122025011, 0.854843427283, 0.317600739215, 0.703680092871, 0.599100805364, 0.0879906893523, 1.8145584922, 7.87248221748e-178, 2.65471940176e-28, 1.59384215454e-05, 1.23131453616e-69
0.222139610703, 0.095004780555, 0.0410252658575, 0.100661249638, 0.200909306858, 0.458776272692, 0.713800706459, 0.0405970814842, 0.458862250728, 0.0894839299642, 0.691035229812, 0.21933786663, 0.226452176677, 0.885333089721, 1.85670787403, 5.63761237106e-100, 5.88848898518e-139, 1.73543907124e-102, 1.34110907037e-65
0.0118908084063, 0.123264011677, 0.757930426674, 0.146947624207, 0.94314394173, 0.983506969641, 0.415403684868, 0.464681020562, 0.955650655586, 0.470433449567, 0.0798282048652, 0.770334440299, 0.485713574804, 0.572494746557, 1.90213584773, 1.55459871052e-83, 2.74344083596e-12, 3.6223565757e-91, 9.91972324945e-193
0.566069571481, 0.0213457893351, 0.929023554693, 0.392405735818, 0.401067175125, 0.972176687597, 0.0443228081938, 0.950721115007, 0.981211291135, 0.540209502035, 0.0798282048652, 0.594648847522, 0.485713574804, 0.560823760823, 2.06611621182, 7.67024628053e-41, 0.00206037988202, 2.7701082297e-167, 6.28428513408e-25
0.907257253092, 0.045517037031, 0.00595354502969, 0.838982951974, 0.708394932792, 0.178104583187, 0.162736594863, 0.982749801289, 0.236056606868, 0.68764940677, 0.883564617599, 0.85966822444, 0.697363372132, 0.128504869522, 2.05216146838, 7.64971080388e-08, 9.68045304025e-223, 2.11704339876e-134, 0.000191150876514
0.175552607189, 0.0579567868271, 0.170462021113, 0.236692430134, 0.0394978221261, 0.906355521922, 0.149432053155, 0.0365884446973, 0.517523860268, 0.512573531628, 0.356542471379, 0.794713077588, 0.906643216473, 0.653769650931, 2.01174007201, 8.28187371622e-63, 4.59679447125e-77, 6.45835220384e-124, 8.71806521766e-76
0.730427367768, 0.045517037031, 0.182556911885, 0.00836363568454, 0.401067175125, 0.795736724716, 0.833603432109, 0.959796929296, 0.747478899871, 0.376946473559, 0.0850614100742, 0.14204028057, 0.896135050887, 0.634886092883, 1.97176678728, 5.37633245788e-208, 4.27369465172e-74, 2.03410692834e-134, 7.05795895728e-14
0.175552607189, 0.0579567868271, 0.170462021113, 0.236692430134, 0.0394978221261, 0.906355521922, 0.149432053155, 0.0365884446973, 0.517523860268, 0.512573531628, 0.356542471379, 0.794713077588, 0.906643216473, 0.653769650931, 2.01174007201, 8.28187371622e-63, 4.59679447125e-77, 6.45835220384e-124, 8.71806521766e-76
0.202467248812, 0.886085326218, 0.524434528573, 0.016765333942, 0.756209559097, 0.00666616165401, 0.462487705182, 0.682648788142, 0.199122025011, 0.854843427283, 0.317600739215, 0.703680092871, 0.599100805364, 0.0879906893523, 1.8145584922, 7.87248221748e-178, 2.65471940176e-28, 1.59384215454e-05, 1.23131453616e-69
0.327942162296, 0.689483251602, 0.156047841155, 0.0256710702151, 0.351654548158, 0.693608723663, 0.913185324676, 0.708846793723, 0.864722239462, 0.18709985402, 0.362946779426, 0.438157769992, 0.0375868470017, 0.684104519158, 1.77508706477, 2.45322281445e-159, 5.90358764867e-81, 1.98477666565e-16, 1.05941257531e-48
0.0866191196787, 0.938661956037, 0.192353517302, 0.0902533173495, 0.633110490067, 0.656098796656, 0.254685417272, 0.310983230704, 0.578054461, 0.759230051091, 0.57601814056, 0.718566307586, 0.929707549821, 0.0161346845979, 1.68360215286, 9.30415054162e-105, 6.79786530516e-72, 0.00471283365197, 1.52664343159e-106
0.952981931956, 0.281041137441, 0.58884511879, 0.0293173869501, 0.40853894859, 0.0424691406491, 0.65086681982, 0.678818094288, 0.410965066649, 0.132962174622, 0.39698177285, 0.353153279872, 0.830469479132, 0.273341321716, 1.60771112049, 1.30272818236e-153, 2.52601442632e-23, 1.90246791409e-55, 0.0204558720672
0.300015132339, 0.0579567868271, 0.139193687515, 0.236692430134, 0.444607928339, 0.465925777845, 0.149432053155, 0.0365884446973, 0.992794332657, 0.512573531628, 0.356542471379, 0.794713077588, 0.906643216473, 0.219581745172, 1.93631080092, 7.97134866064e-63, 6.99920922095e-86, 6.2161992508e-124, 1.5754730995e-52
0.125111155107, 0.588206251943, 0.954809691933, 0.926436062651, 0.529602130347, 0.413836110708, 0.600230187936, 0.42998310639, 0.168136551891, 0.874012966617, 0.119078988456, 0.737967148968, 0.611552225765, 0.52311035439, 1.48779808128, 0.0011225589818, 0.0229287429907, 2.09738996612e-23, 1.25406180921e-90
0.0118908084063, 0.123264011677, 0.757930426674, 0.146947624207, 0.94314394173, 0.983506969641, 0.415403684868, 0.464681020562, 0.955650655586, 0.470433449567, 0.0798282048652, 0.770334440299, 0.485713574804, 0.572494746557, 1.90213584773, 1.55459871052e-83, 2.74344083596e-12, 3.6223565757e-91, 9.91972324945e-193
0.300015132339, 0.0579567868271, 0.139193687515, 0.236692430134, 0.444607928339, 0.465925777845, 0.149432053155, 0.0365884446973, 0.992794332657, 0.512573531628, 0.356542471379, 0.794713077588, 0.906643216473, 0.219581745172, 1.93631080092, 7.97134866064e-63, 6.99920922095e-86, 6.2161992508e-124, 1.5754730995e-52
0.791474430982, 0.304079882595, 0.0149645371578, 0.305631822792, 0.0548310731354, 0.614558476118, 0.762146407615, 0.821816473437, 0.227941591057, 0.402811800179, 0.762409353194, 0.630195028962, 0.234827516276, 0.332830475298, 1.65111843388, 8.58529575687e-52, 8.32198637356e-183, 5.16020546709e-52, 1.80961852458e-10
0.431304280764, 0.559485490868, 0.479396800947, 0.641670628362, 0.525115587802, 0.430326378481, 0.474223191597, 0.359947820891, 0.715457749348, 0.694519664425, 0.698257696341, 0.85966822444, 0.343823798604, 0.539730158355, 1.30466104181, 1.10365572233e-19, 2.40508668417e-32, 1.23168716787e-25, 6.16587096955e-37
0.431304280764, 0.271614108464, 0.479396800947, 0.641670628362, 0.525115587802, 0.430326378481, 0.474223191597, 0.359947820891, 0.715457749348, 0.694519664425, 0.698257696341, 0.901300732176, 0.343823798604, 0.539730158355, 1.33634208778, 1.130455762e-19, 2.46348933387e-32, 5.21518838678e-57, 6.31559663422e-37
0.147723543699, 0.0140410074983, 0.202666097395, 0.613162965653, 0.372278546347, 0.94673071163, 0.500958003684, 0.906961946927, 0.769632712737, 0.84829107302, 0.51444313306, 0.292321374711, 0.721740157307, 0.247286520337, 1.73188032944, 1.5567876035e-21, 1.29642746355e-69, 1.49439320464e-185, 2.39667686686e-83
0.518639187882, 0.413450067257, 0.999989619563, 0.779626344656, 0.35118535482, 0.346456902081, 0.483130389545, 0.322782044763, 0.0811414158051, 0.924689489088, 0.95416910281, 0.383214221281, 0.408732850761, 0.721919685353, 0.00278796040894, 6.76171855262e-14, 1.71070000419, 1.17923674022e-38, 8.23810200593e-29
0.431304280764, 0.271614108464, 0.479396800947, 0.641670628362, 0.525115587802, 0.430326378481, 0.474223191597, 0.359947820891, 0.715457749348, 0.694519664425, 0.698257696341, 0.901300732176, 0.343823798604, 0.539730158355, 1.33634208778, 1.130455762e-19, 2.46348933387e-32, 5.21518838678e-57, 6.31559663422e-37
0.817984854447, 0.211276040237, 0.696055559528, 0.565145504337, 0.729509617129, 0.256907156871, 0.699878567181, 0.619877071259, 0.356830354424, 0.255394034286, 0.556670253976, 0.524263201483, 0.686830472859, 0.509466694513, 1.28521583897, 3.31988977945e-25, 3.71096285635e-16, 6.16766551944e-68, 3.79858802344e-09
0.907605170006, 0.788430887284, 0.0306576257318, 0.47663445554, 0.321620829, 0.459881620323, 0.332855422122, 0.513649734696, 0.324739602908, 0.833086645628, 0.481620130331, 0.793476843906, 0.535798182604, 0.0268846956296, 1.51480123002, 1.56681933501e-32, 1.07232722205e-151, 1.12937584957e-10, 0.000146612715395
0.0385126299144, 0.742566700948, 0.0318491746686, 0.534915718966, 0.30536708701, 0.684863702041, 0.367842515928, 0.31006948768, 0.335606018344, 0.0966278331953, 0.188203797994, 0.385858675151, 0.57513723673, 0.0532149652845, 1.63083783063, 1.72610287055e-27, 5.2281605566e-150, 3.03443383623e-13, 9.30782666952e-142
0.978824727417, 0.588206251943, 0.404246874317, 0.0281478104202, 0.606900934595, 0.180524792741, 0.243437831429, 0.192724507173, 0.178908453621, 0.846309879185, 0.467284004588, 0.737967148968, 0.597313037435, 0.502206015426, 1.53732002066, 2.12493618758e-155, 1.11570972299e-39, 2.16694447776e-23, 0.287315438982
0.978824727417, 0.0527851080465, 0.404246874317, 0.749459054549, 0.606900934595, 0.504746283139, 0.61035632322, 0.0654465292234, 0.178908453621, 0.732795834429, 0.467284004588, 0.660313811561, 0.214443816386, 0.502206015426, 1.45292038784, 6.81008891791e-13, 1.05445670495e-39, 4.06914513726e-128, 0.271541678653
0.952981931956, 0.281041137441, 0.58884511879, 0.0293173869501, 0.40853894859, 0.0424691406491, 0.65086681982, 0.678818094288, 0.410965066649, 0.132962174622, 0.39698177285, 0.353153279872, 0.830469479132, 0.273341321716, 1.60771112049, 1.30272818236e-153, 2.52601442632e-23, 1.90246791409e-55, 0.0204558720672
0.51771147879, 0.018672236414, 0.0382743006644, 0.882667704256, 0.281878985576, 0.68385814666, 0.0579690080643, 0.148358698035, 0.604686056754, 0.433451916184, 0.764838162943, 0.552085583386, 0.265795649805, 0.653769650931, 1.56716035976, 9.353130024e-06, 4.80794765222e-142, 3.24240350446e-173, 6.3097586728e-29
0.43534917078, 0.308435157229, 0.58884511879, 0.0293173869501, 0.40853894859, 0.24171925064, 0.404607022797, 0.743560456644, 0.325776033181, 0.132962174622, 0.16501841732, 0.353153279872, 0.265795649805, 0.273341321716, 1.54856879547, 1.25480516149e-153, 2.43309078829e-23, 2.00649435111e-51, 1.86132640917e-36
0.43534917078, 0.918435419921, 0.58884511879, 0.0293173869501, 0.40853894859, 0.24171925064, 0.404607022797, 0.743560456644, 0.325776033181, 0.132962174622, 0.436147582577, 0.353153279872, 0.265795649805, 0.273341321716, 1.44043319359, 1.16718289262e-153, 2.26318956235e-23, 0.000456536419463, 1.7313512234e-36
0.163838799156, 0.559485490868, 0.479396800947, 0.926436062651, 0.525115587802, 0.413836110708, 0.687742874315, 0.359947820891, 0.715457749348, 0.694519664425, 0.698257696341, 0.660313811561, 0.00243428848969, 0.627507741111, 1.47601302341, 0.00111366703421, 2.72096748885e-32, 1.39345528054e-25, 6.41041001302e-79
0.51771147879, 0.018672236414, 0.0382743006644, 0.882667704256, 0.281878985576, 0.68385814666, 0.0579690080643, 0.148358698035, 0.604686056754, 0.433451916184, 0.764838162943, 0.552085583386, 0.265795649805, 0.653769650931, 1.56716035976, 9.353130024e-06, 4.80794765222e-142, 3.24240350446e-173, 6.3097586728e-29
0.791474430982, 0.304079882595, 0.0149645371578, 0.305631822792, 0.0548310731354, 0.614558476118, 0.762146407615, 0.821816473437, 0.227941591057, 0.402811800179, 0.762409353194, 0.630195028962, 0.234827516276, 0.332830475298, 1.65111843388, 8.58529575687e-52, 8.32198637356e-183, 5.16020546709e-52, 1.80961852458e-10
0.0485138183309, 0.631428862989, 0.489981095911, 0.316605367411, 0.777381557931, 0.534023767344, 0.852908525857, 0.37702537006, 0.466755155142, 0.470433449567, 0.81981101269, 0.0681441448111, 0.834936918633, 0.618060392113, 1.63464429242, 2.89314671498e-50, 2.67593531885e-31, 2.766853256e-20, 9.91034781533e-132
0.183823218795, 0.192915639363, 0.784233576074, 0.75964848271, 0.27302609744, 0.30483103615, 0.699878567181, 0.113807489278, 0.541396698232, 0.255394034286, 0.556670253976, 0.524263201483, 0.691948116773, 0.509466694513, 1.38098385741, 2.49790520249e-12, 6.0374242945e-11, 7.4653838392e-72, 5.97509925523e-74
