1.331, 1.331, 1.74, 1.0648, 1.87671, 0.94501, 6.0, 1.09142, 1.14, 6.2, 7.8, 1.07811, 1.34431, 1.29, 1.03818, 1.331, 1.17, 1.23, 10.0, 1.19, 1.0, 9.317, 1.2, 1.331, 1.24, 1.34431, 1.15797, 3179.99221188, 32.070388459, 81971.5875945
1.331, 1.331, 1.74, 1.0648, 1.87671, 0.94501, 6.0, 1.09142, 1.14, 6.2, 7.8, 1.07811, 1.34431, 1.29, 1.03818, 1.331, 1.17, 1.23, 10.0, 1.19, 1.0, 9.317, 1.2, 1.331, 1.24, 1.34431, 1.15797, 3179.99221188, 32.070388459, 81971.5875945
6.0, 1.43, 0.803, 0.88, 7.07, 0.781, 1.1, 0.902, 1.14, 1.364, 7.8, 1.22, 1.111, 1.29, 1.09, 1.1, 1.17, 1.23, 3.3, 1.19, 1.0, 7.7, 1.2, 6.0, 1.045, 5.48, 0.957, 2003.55479183, 30.223779319, 15921.8724703
6.0, 1.43, 0.803, 0.88, 7.07, 0.781, 1.1, 0.902, 1.14, 1.364, 7.8, 1.22, 1.111, 1.29, 1.09, 1.1, 1.17, 1.23, 3.3, 1.19, 1.0, 7.7, 1.2, 6.0, 1.045, 5.48, 0.957, 2003.55479183, 30.223779319, 15921.8724703
6.0, 1.43, 0.73, 0.8, 7.07, 0.71, 1.0, 0.82, 1.14, 1.24, 7.8, 1.22, 1.01, 1.29, 1.09, 1.0, 1.17, 1.23, 3.0, 1.19, 1.0, 7.0, 1.2, 6.0, 0.95, 5.48, 0.87, 3960.16586672, 38.2119408261, 38584.3782416
6.0, 1.331, 1.74, 1.22, 7.07, 1.19, 1.0, 0.82, 1.14, 1.65044, 2.07636, 1.22, 1.01, 0.81, 1.09, 1.331, 1.17, 1.23, 3.993, 1.19, 0.76, 9.317, 1.11804, 6.0, 0.95, 1.34431, 1.15797, 295.358435643, 17.2646215223, 1510.29794182
6.0, 1.1, 1.74, 1.22, 7.07, 1.19, 1.1, 0.902, 0.99, 1.364, 1.716, 1.22, 1.111, 0.891, 1.09, 1.1, 1.17, 1.23, 3.3, 1.19, 0.836, 7.7, 0.924, 6.0, 1.045, 1.111, 0.957, 82.1904319538, 13.7020564043, 78.1465025194
1.21, 1.21, 1.74, 0.968, 1.7061, 0.8591, 6.0, 0.9922, 1.089, 6.2, 7.8, 0.9801, 1.2221, 1.29, 0.9438, 1.21, 1.17, 1.23, 10.0, 1.19, 0.9196, 8.47, 1.2, 1.21, 1.1495, 1.2221, 1.0527, 1881.61604257, 50.1057165332, 7832.22523067
1.21, 1.21, 1.74, 0.968, 1.7061, 0.8591, 6.0, 0.9922, 1.089, 6.2, 7.8, 0.9801, 1.2221, 1.29, 0.9438, 1.21, 1.17, 1.23, 10.0, 1.19, 0.9196, 8.47, 1.2, 1.21, 1.1495, 1.2221, 1.0527, 1881.61604257, 50.1057165332, 7832.22523067
1.1, 1.1, 1.74, 1.22, 1.551, 1.19, 6.0, 0.902, 0.99, 6.2, 7.8, 0.891, 1.111, 1.29, 0.858, 1.1, 1.17, 1.23, 10.0, 1.19, 0.836, 7.7, 1.2, 1.1, 1.045, 1.111, 0.957, 822.723336258, 26.9166511134, 1018.82791059
1.1, 1.1, 1.74, 1.22, 1.551, 1.19, 6.0, 0.902, 0.99, 6.2, 7.8, 0.891, 1.111, 1.29, 0.858, 1.1, 1.17, 1.23, 10.0, 1.19, 0.836, 7.7, 1.2, 1.1, 1.045, 1.111, 0.957, 822.723336258, 26.9166511134, 1018.82791059
1.1, 1.1, 1.74, 1.22, 1.551, 1.19, 6.0, 0.902, 0.99, 6.2, 7.8, 0.891, 1.111, 1.29, 0.858, 1.1, 1.17, 1.23, 10.0, 1.19, 0.836, 7.7, 1.2, 1.1, 1.045, 1.111, 0.957, 822.723336258, 26.9166511134, 1018.82791059
6.0, 1.1, 1.74, 1.22, 1.551, 0.781, 1.1, 0.902, 0.99, 1.364, 7.8, 0.891, 1.111, 0.891, 1.09, 1.63, 1.1, 0.891, 3.3, 1.19, 0.836, 418.0, 1.2, 6.0, 1.045, 5.48, 0.957, 760.803017465, 26.8135703197, 6178.61908196
6.0, 1.1, 1.74, 1.22, 1.551, 0.781, 1.1, 0.902, 0.99, 1.364, 7.8, 0.891, 1.111, 0.891, 1.09, 1.63, 1.1, 0.891, 3.3, 1.19, 0.836, 418.0, 1.2, 6.0, 1.045, 5.48, 0.957, 760.803017465, 26.8135703197, 6178.61908196
6.0, 1.1, 1.74, 1.22, 1.551, 0.781, 1.1, 0.902, 0.99, 1.364, 7.8, 0.891, 1.111, 0.891, 1.09, 1.63, 1.1, 0.891, 3.3, 1.19, 0.836, 418.0, 1.2, 6.0, 1.045, 5.48, 0.957, 760.803017465, 26.8135703197, 6178.61908196
6.0, 1.43, 1.74, 0.8, 1.41, 1.19, 6.0, 1.26, 0.9, 6.2, 7.8, 0.81, 1.01, 1.29, 0.78, 1.63, 1.0, 1.23, 10.0, 1.19, 0.76, 7.0, 0.84, 6.0, 1.24, 1.01, 1.3, 139.649908898, 23.8058577878, 911.103994784
6.0, 1.43, 1.74, 0.8, 1.41, 1.19, 6.0, 1.26, 0.9, 6.2, 7.8, 0.81, 1.01, 1.29, 0.78, 1.63, 1.0, 1.23, 10.0, 1.19, 0.76, 7.0, 0.84, 6.0, 1.24, 1.01, 1.3, 139.649908898, 23.8058577878, 911.103994784
1.0, 1.43, 0.73, 0.8, 7.07, 1.19, 6.0, 1.26, 1.14, 6.2, 7.8, 1.22, 5.07, 0.81, 0.78, 1.63, 1.17, 1.23, 10.0, 0.91, 0.76, 7.0, 0.84, 6.0, 1.24, 5.48, 1.3, 1979.45151863, 25.1806890191, 3509.89077927
2.30458267723, 1.33415306644, 1.16553323488, 0.950578560444, 1.77143599102, 1.12451789326, 4.51002074881, 1.21732471132, 1.00838683024, 4.59752799541, 2.3020001881, 0.973160976657, 1.85136181207, 0.830208685388, 1.07386801889, 1.13601345213, 1.02488026327, 0.893147418294, 5.6462237502, 1.06298955345, 0.796320248433, 413.351544373, 1.1938761158, 1.74201008543, 1.06771299612, 4.0492847895, 1.24739233065, 793.372494191, 39.182671741, 7374.80595085
2.42448379852, 1.02934194277, 1.2164345853, 0.942158691969, 3.30262923159, 0.732695260309, 3.59965849065, 1.01457112812, 1.06977973226, 4.60424630445, 3.94754392913, 0.827480969168, 4.95456863065, 0.907418173726, 1.00910131771, 1.35369358796, 1.00512005403, 1.11793580567, 9.80712557726, 0.951913992938, 0.93168327315, 242.111935082, 1.03464245392, 3.1675568886, 1.07954442424, 1.77869015896, 1.0250987076, 800.578830628, 19.9369003576, 3787.06112579
2.42448379852, 1.02934194277, 1.2164345853, 0.942158691969, 3.30262923159, 0.732695260309, 3.59965849065, 1.01457112812, 1.06977973226, 4.60424630445, 3.94754392913, 0.827480969168, 4.95456863065, 0.907418173726, 1.00910131771, 1.35369358796, 1.00512005403, 1.11793580567, 9.80712557726, 0.951913992938, 0.93168327315, 242.111935082, 1.03464245392, 3.1675568886, 1.07954442424, 1.77869015896, 1.0250987076, 800.578830628, 19.9369003576, 3787.06112579
2.42448379852, 1.02934194277, 1.2164345853, 0.942158691969, 3.30262923159, 0.732695260309, 3.59965849065, 1.01457112812, 1.06977973226, 4.60424630445, 3.94754392913, 0.827480969168, 4.95456863065, 0.907418173726, 1.00910131771, 1.35369358796, 1.00512005403, 1.11793580567, 9.80712557726, 0.951913992938, 0.93168327315, 242.111935082, 1.03464245392, 3.1675568886, 1.07954442424, 1.77869015896, 1.0250987076, 800.578830628, 19.9369003576, 3787.06112579
2.66693217837, 1.13227613704, 1.33807804384, 1.03637456117, 3.63289215474, 0.80596478634, 3.95962433971, 1.11602824093, 1.14, 5.0646709349, 4.34229832205, 0.910229066085, 5.07, 0.998159991099, 1.09, 1.48906294675, 1.10563205944, 1.22972938623, 10.0, 1.04710539223, 1.0, 266.32312859, 1.13810669931, 3.48431257746, 1.18749886666, 1.95655917486, 1.12760857836, 897.031898516, 19.9765005516, 5293.47495657
6.0, 1.43, 0.8833, 0.968, 7.07, 0.8591, 1.21, 0.9922, 1.14, 1.5004, 7.8, 1.22, 1.2221, 1.29, 1.09, 1.21, 1.17, 1.23, 3.63, 1.19, 1.0, 8.47, 1.2, 6.0, 1.1495, 5.48, 1.0527, 1199.81928049, 27.4399052557, 11046.8637771
6.0, 1.43, 0.8833, 0.968, 7.07, 0.8591, 1.21, 0.9922, 1.14, 1.5004, 7.8, 1.22, 1.2221, 1.29, 1.09, 1.21, 1.17, 1.23, 3.63, 1.19, 1.0, 8.47, 1.2, 6.0, 1.1495, 5.48, 1.0527, 1199.81928049, 27.4399052557, 11046.8637771
5.76727041889, 1.18957031196, 0.74203007869, 1.03818204586, 1.79556425449, 1.18616940545, 4.29846248358, 1.13639935902, 1.06643692494, 5.9073407652, 4.08687120071, 0.924365623483, 1.32958174957, 0.820954097073, 0.927924407888, 1.46853208911, 1.1256710035, 0.811207475685, 7.3166199555, 1.14289900909, 0.968067931332, 323.315813419, 0.990797069681, 4.51978818006, 1.15344471888, 1.29698938132, 0.886722013258, 2414.15273858, 53.8353834557, 8347.94944775
5.76727041889, 1.18957031196, 0.74203007869, 1.03818204586, 1.79556425449, 1.18616940545, 4.29846248358, 1.13639935902, 1.06643692494, 5.9073407652, 4.08687120071, 0.924365623483, 1.32958174957, 0.820954097073, 0.927924407888, 1.46853208911, 1.1256710035, 0.811207475685, 7.3166199555, 1.14289900909, 0.968067931332, 323.315813419, 0.990797069681, 4.51978818006, 1.15344471888, 1.29698938132, 0.886722013258, 2414.15273858, 53.8353834557, 8347.94944775
1.21, 1.43, 1.74, 0.968, 1.7061, 1.19, 6.0, 0.9922, 1.089, 1.5004, 1.8876, 1.22, 5.07, 1.29, 0.9438, 1.63, 1.17, 0.9801, 3.63, 1.19, 0.9196, 418.0, 1.0164, 6.0, 1.24, 5.48, 1.3, 594.33227137, 18.2732589029, 11525.8843913
1.21, 1.43, 1.74, 0.968, 1.7061, 1.19, 6.0, 0.9922, 1.089, 1.5004, 1.8876, 1.22, 5.07, 1.29, 0.9438, 1.63, 1.17, 0.9801, 3.63, 1.19, 0.9196, 418.0, 1.0164, 6.0, 1.24, 5.48, 1.3, 594.33227137, 18.2732589029, 11525.8843913
1.21, 1.43, 1.74, 0.968, 1.7061, 1.19, 6.0, 0.9922, 1.089, 1.5004, 1.8876, 1.22, 5.07, 1.29, 0.9438, 1.63, 1.17, 0.9801, 3.63, 1.19, 0.9196, 418.0, 1.0164, 6.0, 1.24, 5.48, 1.3, 594.33227137, 18.2732589029, 11525.8843913
1.1, 1.43, 1.74, 0.88, 1.551, 1.19, 6.0, 0.902, 0.99, 1.364, 1.56, 1.22, 5.07, 1.29, 0.858, 1.63, 1.17, 0.891, 3.3, 1.19, 0.76, 418.0, 0.924, 6.0, 1.24, 5.48, 1.3, 528.512368074, 34.4639297015, 7449.37487399
