0.00569752416716, 0.0468175851327, 0.000207391401982, 0.000117706195358, 0.982269944999, 0.00984368180559, 0.0101791853566, 6.07895566687e-06, 0.00181336373176, 0.0102632318894, 0.0, 0.00694118152924, 0.00012351109452, 0.00757985703676, 0.999759773817, 1.0, 4.33863160292e-05, 3.24646431258e-10, 0.0207590186815, 0.996418331026, 0.965577860329, 0.00511505629971, 1.89584826647e-05, 0.987923391737, 0.994419726851, 0.0, 6.03261742812e-05, 0.97742128231, 23.0, 0.0, 4.97800221027
0.991752465948, 0.990894925565, 4.47475495559e-07, 0.000569447963383, 0.963884650421, 0.989675061587, 0.00808577738643, 0.00319806129953, 0.00116445242321, 0.0, 0.00523419485844, 0.990932428733, 0.00822416372585, 0.995644708936, 0.981338327504, 1.0, 0.00444374570816, 0.00390793540793, 0.0132772566763, 0.982632659944, 0.0, 0.998563234614, 0.008565902653, 0.95947081281, 1.91074254545e-05, 7.3885517935e-08, 0.00948414566735, 0.99459794846, 14.0, 0.0, 9.26646655776
0.983258631978, 0.990894925565, 4.47475495559e-07, 6.41222316075e-05, 0.964197687797, 0.989675061587, 0.00808577738643, 0.00319806129953, 0.00863769889291, 0.0, 0.00520218926125, 0.990932428733, 0.00819520623608, 0.995645160021, 0.981338327504, 1.0, 0.00442628483958, 0.00390793540793, 0.0133219573966, 0.963295110571, 1.09830034163e-05, 0.998600917802, 0.00877162159226, 0.959456832595, 2.63875127889e-05, 7.3885517935e-08, 0.00948414566735, 0.994559556734, 14.0, 0.0, 9.26646655776
0.992222718382, 0.988610332556, 4.47475495559e-07, 5.36243709855e-05, 0.963884650421, 0.989675061587, 0.00797263052453, 0.00319806129953, 0.00116445242321, 0.0, 0.00530938514723, 0.991100158839, 5.89257241613e-05, 0.994685568657, 0.981338327504, 1.0, 0.00444374570816, 0.00980764803646, 0.0132772566763, 0.982722027915, 0.00794313729443, 0.999578416856, 0.0170898757145, 0.999538962507, 1.91074254545e-05, 7.3885517935e-08, 0.00948414566735, 0.99459794846, 14.0, 0.0, 9.26646655776
1.0, 0.00858392655375, 0.989606559555, 0.00685865589089, 0.998084885405, 1.0, 0.985769930719, 1.0, 0.0, 0.0, 0.0, 1.0, 0.00908053237372, 1.0, 1.0, 1.0, 0.0, 0.999826119861, 0.999166373821, 0.0, 0.991909416733, 0.0, 0.0, 3.28839504686e-05, 1.0, 0.0, 0.946771580111, 0.0, 8.0, 0.0, 14.7169701435
0.00555808928614, 0.0062895191392, 7.17631381536e-05, 0.0, 0.0066585119725, 2.10679560581e-05, 0.0718624372912, 0.0, 3.80175986898e-05, 0.0, 0.0, 0.0275457277501, 5.10411316836e-05, 0.0094608433048, 0.0193150466636, 1.0, 0.000674402506085, 5.06738287968e-05, 7.54607391926e-05, 0.000754142190602, 2.05881113681e-07, 0.959487874265, 0.0, 0.99970173356, 0.0, 0.0, 0.00977501720975, 4.72354720685e-05, 37.0, 1.0, 2.26722665961
0.00555808928614, 0.00638042397639, 7.17631381536e-05, 4.00974758495e-05, 0.0066585119725, 2.10679560581e-05, 0.0718624372912, 9.63637028854e-06, 3.80175986898e-05, 0.000111954723717, 0.0, 0.000140351237982, 5.08232846531e-05, 2.73438778009e-05, 0.0241414179587, 1.0, 0.000674402506085, 0.0740926413031, 7.54607391926e-05, 0.000730849490104, 0.00221435816737, 0.959487874265, 0.0, 0.99970173356, 0.00268815798942, 7.80828346878e-08, 0.00315326386586, 6.55030285067e-05, 37.0, 1.0, 2.26722665961
0.00552414880323, 0.0062895191392, 7.17631381536e-05, 0.0, 0.00667868910837, 0.00814164409974, 0.0202312628062, 0.0, 3.80175986898e-05, 0.0, 0.0, 0.0275457277501, 5.10411316836e-05, 0.0094608433048, 0.0166761376957, 1.0, 0.000674402506085, 4.47112224925e-05, 0.0127968115155, 0.00922680064181, 0.00221054309583, 0.959487874265, 1.20360326603e-07, 0.959069535087, 0.00273272561198, 8.77403925211e-06, 0.00977501720975, 0.0124515483226, 37.0, 1.0, 2.26722665961
0.991752465948, 0.998597768822, 0.0, 0.0, 0.999726552055, 0.976983590085, 0.972289599627, 0.00778385563882, 0.987741823844, 0.0, 0.0, 0.995999070337, 0.00715471568456, 0.994725721066, 0.999887986173, 1.0, 1.0, 1.0, 4.6493209083e-07, 1.0, 0.0, 0.98782917455, 0.958863565014, 0.996811805964, 0.00342980038291, 0.0, 0.00984049660199, 0.987107582394, 9.0, 0.0, 12.5949370257
1.0, 4.25220451006e-05, 3.77832861015e-05, 0.985570806433, 0.991278452586, 0.999992729135, 0.0151441445892, 0.00373280188167, 0.000123383114662, 0.101500643599, 0.0, 0.967656409653, 0.00211676668683, 0.0137000871748, 0.957227071641, 1.0, 0.0254446009722, 1.0, 0.00834836397707, 0.989195730866, 0.0102907617413, 0.972557799572, 7.76973261575e-05, 0.99978957997, 0.0, 0.0, 0.000567937981218, 0.97924594576, 12.0, 1.0, 9.98146407663
7.20798443561e-05, 0.00237116582808, 0.00508977813323, 0.0, 0.967031719154, 0.00186229236815, 0.00264089189438, 0.00987693268066, 0.989997578431, 2.19412158877e-07, 0.0, 1.06724126325e-05, 0.00976467471316, 0.918798592334, 0.972616221341, 0.896719224366, 0.0110261902824, 2.70402994595e-06, 0.0167082963823, 0.99625227248, 4.66818039105e-05, 0.988439953676, 0.0, 0.987059736134, 0.977847458433, 0.0, 3.34648260178e-05, 0.937896433147, 21.0, 0.0, 6.39969684393
7.20798443561e-05, 0.00230979617276, 0.0496895918391, 0.0, 0.967031719154, 0.00186229236815, 0.00264236378606, 0.0105504038459, 0.989997578431, 2.19412158877e-07, 0.0, 1.05297940228e-05, 0.00957334822385, 0.918798592334, 0.972616221341, 0.896719224366, 0.0093435204281, 2.70402994595e-06, 0.0167472837078, 0.996252578813, 4.66818039105e-05, 0.988439953676, 0.0, 0.987059736134, 0.977843212562, 0.0, 2.43864829307e-05, 0.986733744202, 21.0, 0.0, 6.39969684393
4.55760311512e-05, 3.15295004514e-05, 5.48208085866e-05, 4.73994642113e-06, 0.0, 0.000194799258384, 0.0, 6.23783637509e-06, 0.00576909339725, 0.0575278648173, 0.0, 0.189990949413, 0.00856395204261, 3.53025193582e-06, 0.988108495609, 0.999768659572, 0.000130835014742, 0.0, 0.0104954581437, 0.99628104611, 0.00148269089955, 0.975634877842, 0.00169696716483, 0.982136167893, 0.00515341168828, 0.0, 8.83800537742e-06, 0.92312538608, 25.0, 0.0, 4.38437272713
0.00557400382311, 0.00515064185737, 0.011294705104, 0.992222644748, 0.972981462089, 0.99387578433, 0.980539365793, 1.54537775929e-06, 0.976223575277, 0.0376245835832, 0.0, 0.99666532253, 0.00214441921037, 0.0774056562755, 0.999981840549, 1.0, 0.999435603276, 8.65664799518e-05, 9.21788189543e-05, 0.989148082981, 0.0183200157801, 0.972643409526, 7.76931604427e-05, 0.999791855742, 0.997687056329, 0.0, 0.0105637822542, 0.988790793301, 11.0, 1.0, 11.0835230614
6.57566781598e-07, 5.51639166488e-05, 7.6910599309e-05, 3.52960405688e-07, 0.00960534560774, 0.00947677242615, 0.0, 0.0037238750453, 0.00856758429083, 0.0106137764251, 0.0, 0.979527648321, 0.00893108551229, 0.0775827872312, 1.0, 1.0, 4.33979982179e-05, 7.54919165332e-05, 3.21437627496e-05, 0.996180446063, 0.98657110248, 0.0, 2.45732192548e-05, 0.999792940354, 4.03673961224e-05, 0.0, 3.79428452378e-05, 0.931056735677, 21.0, 1.0, 5.55543538618
1.89200364806e-06, 5.54744853715e-05, 7.6910599309e-05, 0.000133061050688, 3.56352232981e-05, 0.00916760947332, 0.00665891491222, 1.75786371241e-05, 3.00803764414e-05, 7.15111692471e-05, 0.0, 0.972239032102, 0.00865897656925, 0.0801418216472, 0.998068444575, 0.994721782044, 4.17016875293e-05, 0.0, 3.26981411964e-05, 0.996278691304, 0.968248109402, 0.00576509161418, 0.000122564079336, 0.999988794036, 0.0070252382114, 3.41172731468e-05, 0.00932099081168, 0.931971387262, 21.0, 1.0, 5.55543538618
3.84445625204e-05, 5.54744853715e-05, 7.6910599309e-05, 0.000133061050688, 0.000107339907624, 0.00918257669704, 0.00665891491222, 4.87658560707e-08, 2.53779061107e-07, 7.15891972428e-05, 3.65280804511e-07, 0.972239032102, 0.00865897656925, 0.0779101958486, 0.998068444575, 0.999930726231, 4.17016875293e-05, 0.00201088266324, 3.26981411964e-05, 0.996182669184, 0.965763692828, 0.00576161732574, 0.000132438599804, 0.999987618495, 0.0070252382114, 3.41172731468e-05, 0.010799887559, 0.931971387262, 21.0, 1.0, 5.55543538618
7.65071717852e-05, 5.51639166488e-05, 7.6910599309e-05, 3.52960405688e-07, 0.00960534560774, 0.177579378933, 0.0, 0.0037238750453, 0.00856547433717, 0.0106137764251, 0.0, 0.979527648321, 0.00893108551229, 0.0775827872312, 0.999999890724, 1.0, 4.33979982179e-05, 7.54919165332e-05, 3.09012698003e-05, 0.996180472572, 0.98657110248, 0.0, 9.77336520809e-05, 0.999792940354, 0.00811674040442, 0.000102692128495, 3.79428452378e-05, 0.91327763876, 21.0, 1.0, 5.55543538618
0.00840374977831, 0.0062895191392, 0.0103211630165, 0.0, 0.972408622297, 2.10679560581e-05, 0.00887219923131, 0.0, 0.0, 0.0, 0.0, 0.00705834531961, 5.20761882585e-05, 0.00697276811282, 0.00946616440424, 1.0, 0.000674402506085, 5.06738287968e-05, 7.15363969896e-05, 0.000754142190602, 4.54995331291e-05, 0.980538002286, 0.0, 0.99970173356, 0.0, 0.0, 0.00958493085328, 4.72354720685e-05, 36.0, 2.0, 2.47765974766
0.00840374977831, 0.00501959600648, 0.0103211630165, 1.67462988695e-05, 0.972408622297, 2.10679560581e-05, 0.00887219923131, 3.94530001177e-08, 0.0, 5.40522519548e-05, 0.0, 0.00704737644339, 0.00869463247773, 0.00697276811282, 0.00946616440424, 1.0, 0.000674402506085, 5.06738287968e-05, 7.15363969896e-05, 0.000754142190602, 2.80407258072e-05, 0.999800002592, 0.0, 0.999959062311, 0.00811394666399, 0.0, 0.00958493085328, 4.72354720685e-05, 36.0, 2.0, 2.47765974766
0.0565549620853, 0.0062895191392, 0.0103211630165, 0.0, 0.972408622297, 2.10679560581e-05, 0.00887219923131, 0.0, 0.0, 0.0, 0.0, 0.00705834531961, 5.20761882585e-05, 0.00697276811282, 0.00946616440424, 1.0, 0.000674402506085, 5.06738287968e-05, 7.15363969896e-05, 0.000754142190602, 2.8148840233e-05, 0.980538002286, 0.0, 0.99970173356, 0.0, 0.0, 0.00958493085328, 4.72354720685e-05, 36.0, 2.0, 2.47765974766
0.991604961816, 0.990894925565, 0.0770723188829, 0.0043496526359, 0.964197687797, 0.98493948242, 0.00808577738643, 0.0418529666208, 0.00848747779426, 0.0, 0.00520218926125, 0.990932428733, 0.0137994932707, 0.995645160021, 0.981338327504, 1.0, 0.979510969481, 0.00390793540793, 0.00757770194948, 0.96359943819, 1.11702739887e-05, 0.998600917802, 0.955215848932, 0.959456832595, 2.62776079232e-05, 7.3885517935e-08, 0.00948414566735, 0.992547261354, 12.0, 0.0, 10.5636537317
0.0615581374787, 0.0022778007461, 0.0, 0.00996843152592, 0.952175318426, 0.00178117854042, 0.0103983160865, 3.49869380422e-07, 0.00601313895933, 0.0351385539638, 0.0, 1.73686091716e-08, 0.0152080011173, 0.0785346241226, 0.99993087917, 1.0, 0.00937113949677, 0.000715689018342, 0.0, 0.99617764792, 0.000466421278616, 0.99095212743, 0.0095359171587, 0.999668690607, 0.00716783693666, 0.000211687204459, 0.000163629355861, 0.00176965000657, 28.0, 0.0, 3.73045435253
3.24232078265e-07, 0.00236485332452, 4.7310594913e-07, 0.00430762820802, 0.998422814101, 0.00924519875362, 0.00884573179177, 0.0, 0.00592423780152, 7.14257800753e-05, 0.0, 0.00492407286877, 0.00876468752847, 0.000338050240888, 0.998047849689, 0.999931350437, 1.82175105379e-07, 0.00041199046555, 8.69828981585e-05, 0.983978852394, 0.0, 0.949686591895, 0.00419073411113, 0.988952199795, 0.000274325794684, 0.0, 0.0, 0.0, 28.0, 0.0, 3.73045435253
0.00566458401744, 0.00525586702591, 0.0113161910135, 5.60852171211e-06, 0.987676392543, 0.00563566196466, 0.000183236338835, 0.00680079874078, 0.008855952838, 0.000113147368868, 0.0, 0.0, 4.66965033366e-05, 7.53095923752e-05, 0.998165351212, 1.0, 3.8272059076e-07, 2.02667106275e-06, 0.0209428360861, 0.018811349441, 0.00221498504252, 0.985264916365, 7.35397170834e-06, 0.999320187561, 0.00598086825362, 8.51306315926e-06, 0.0106652355942, 0.0101822982486, 32.0, 1.0, 3.00258537078
0.000365832750186, 6.53223080215e-05, 0.0113161910135, 7.54319003894e-05, 0.987676392543, 0.00563566196466, 0.00887285115737, 6.68500366383e-05, 0.008855952838, 0.000113147368868, 3.65531845829e-10, 0.0, 4.66965033366e-05, 7.53095923752e-05, 0.953372594547, 0.988342210635, 3.8272059076e-07, 9.12484697763e-07, 0.0207779474437, 0.018811349441, 0.00221504854386, 0.985264916365, 7.35397170834e-06, 0.998173179912, 0.00598086825362, 8.51306315926e-06, 0.0106652355942, 0.0101822982486, 32.0, 1.0, 3.00258537078
0.000381493324255, 8.1902339102e-06, 0.0113161910135, 1.45364221099e-05, 0.973348063142, 0.00835175637962, 0.019732644932, 0.00377935211785, 0.008855952838, 0.000105420922549, 0.0, 0.0, 0.0085193282448, 0.0, 0.954774705549, 1.0, 4.19916892576e-07, 0.000192249149184, 0.0133118429503, 0.020257329674, 0.00228525952698, 0.992986683257, 0.00417802251559, 0.959340304582, 0.00258778240459, 8.51306315926e-06, 0.00261789149274, 0.0101822982486, 32.0, 1.0, 3.00258537078
0.00561926122139, 8.92070868772e-06, 0.00737680414572, 0.0, 0.991281515955, 0.994726481873, 0.0136242866324, 0.00374542806761, 0.0259252989339, 0.000336586340816, 2.54454083581e-07, 0.993207199266, 0.009051513863, 0.967613212371, 0.988311239804, 1.0, 0.00550068699068, 0.979426598821, 0.00906125338717, 0.999986585569, 0.113323222096, 0.978299291515, 0.000840612397833, 0.99997764997, 0.0022153141378, 0.0, 0.975941625197, 0.00945672177519, 17.0, 0.0, 7.70424564274
0.991752465948, 0.995227077109, 2.04852979037e-05, 0.0, 0.999726552055, 0.903503433344, 0.00825191697454, 0.00785583529186, 0.987741823844, 0.0, 0.0, 0.995999070337, 0.00634026020406, 1.0, 0.994138980063, 1.0, 0.996407978814, 0.989743567183, 4.6493209083e-07, 1.0, 0.0, 0.987606925079, 0.966876644701, 0.996811805964, 0.00330487321481, 0.0, 0.00983387342665, 0.987107582394, 10.0, 0.0, 11.9249979838
0.985409933402, 0.983728642625, 0.893762291953, 0.0150725744959, 0.99998902873, 0.998837402311, 0.997540307206, 0.985604823703, 0.98753806523, 2.83401349717e-05, 0.000448593108572, 0.0, 3.50491824291e-05, 0.977674273176, 0.983932869087, 1.0, 0.979877492218, 0.967627883143, 0.981229392998, 0.999486348493, 0.00402485531463, 0.97832408763, 7.33687259586e-05, 0.999660371062, 0.999924913204, 0.0, 0.960162563821, 4.05828300951e-06, 7.0, 0.0, 16.0335232057
0.000381493324255, 8.1902339102e-06, 0.0113161910135, 5.65012163683e-06, 0.0, 0.00835175637962, 0.019732644932, 0.00376390587924, 0.008855952838, 0.000113147368868, 0.0, 0.0, 5.48943870536e-05, 0.0, 0.954774705549, 1.0, 3.8272059076e-07, 0.000192249149184, 0.0133214444118, 0.00904011174393, 0.00221498504252, 0.992986683257, 0.000866120163923, 0.959340304582, 0.00273771742355, 8.51306315926e-06, 0.00261789149274, 0.0101822982486, 33.0, 0.0, 2.79215228273
0.00817619901408, 1.06540594178e-05, 0.00985193640507, 0.0, 4.68663512309e-05, 0.00208121901037, 2.35338279227e-05, 0.00947872091177, 0.0191544805818, 0.0, 0.0, 0.0, 0.0100257225858, 0.00511399967508, 0.99541003763, 1.0, 0.00200431745422, 0.00134134324369, 0.00991407993494, 0.00326775118705, 0.0107268163699, 0.964172657858, 1.05031138128e-06, 0.993809682875, 0.0052370714712, 0.0, 0.0173778279204, 6.22632403399e-06, 33.0, 0.0, 2.79215228273
0.00806427055331, 0.0062895191392, 7.17631381536e-05, 0.0, 0.000114949951215, 5.04545762415e-05, 0.0718624372912, 3.45957133092e-08, 0.000182233943779, 2.67609848774e-07, 0.0, 0.0275457277501, 0.000133798730152, 0.0094608433048, 0.970918607265, 1.0, 0.000684383377795, 0.00133925292126, 7.54607391926e-05, 0.000780808891921, 9.04109677742e-06, 0.964105064242, 0.0073184995128, 0.999409799749, 0.00526137079492, 0.0, 0.00937146303578, 4.92781980664e-05, 33.0, 0.0, 2.79215228273
0.000320438813788, 5.69517933784e-05, 0.0109180208138, 4.610394867e-05, 0.0118574573507, 0.00178975515418, 2.35338279227e-05, 0.00963147957391, 0.0191544805818, 0.0, 0.0, 0.00070391108204, 0.00857928016018, 0.0751967242178, 0.99541003763, 1.0, 0.00200366784404, 0.00129017211068, 0.0212350975765, 0.00326775118705, 0.0107268163699, 0.964172657858, 0.0134248439052, 0.993802682765, 0.0052370714712, 0.0, 0.017423496403, 0.00717912992613, 33.0, 0.0, 2.79215228273
0.982115323584, 0.0468175851327, 0.000207391401982, 0.00788309599843, 0.982124447935, 0.00984368180559, 0.206465012378, 6.04756488506e-06, 0.0011289619829, 0.0104683480847, 0.0, 0.966181801812, 0.00857052556026, 0.00757985703676, 0.999759773817, 0.999999939098, 6.62988592185e-06, 3.24646431258e-10, 0.0207590186815, 0.99627994339, 0.956554365848, 0.0146221099848, 0.94786789644, 0.988055667124, 0.994419726851, 0.0, 6.03261742812e-05, 0.97742128231, 15.0, 1.0, 8.15444203784
1.81901053637e-05, 1.19486019099e-09, 0.0, 0.0, 0.0, 6.20117756351e-05, 0.0, 4.84840305318e-05, 2.81213163156e-05, 0.0572087272697, 0.0, 3.13604383123e-06, 3.97312273495e-05, 0.0, 0.997689697007, 1.0, 0.0, 0.0256690917953, 8.41251613107e-05, 1.88775179004e-05, 0.00630325913537, 0.99679152843, 0.999501831147, 0.977871715603, 0.0, 0.0, 0.0, 0.0196727258978, 32.0, 0.0, 3.25925318643
2.27137250613e-05, 0.0062895191392, 7.17631381536e-05, 0.0, 0.00649345105309, 5.04545762415e-05, 0.0718624372912, 3.45957133092e-08, 3.80175986898e-05, 0.000105851423567, 0.0, 0.0275457277501, 5.13677662221e-05, 0.0094608433048, 0.970918607265, 1.0, 0.000684383377795, 5.06738287968e-05, 7.54607391926e-05, 0.000754142190602, 9.04109677742e-06, 0.959487874265, 0.884982870625, 0.999409799749, 0.00761275706512, 0.0, 0.00937146303578, 4.72354720685e-05, 32.0, 0.0, 3.25925318643
1.81901053637e-05, 0.00955210099357, 0.0, 0.0, 0.000511451381992, 4.59837432029e-05, 1.81350949287e-05, 4.84840305318e-05, 2.81213163156e-05, 0.0370799614189, 0.0, 3.13604383123e-06, 0.0842252129454, 0.0105699919391, 0.997689697007, 1.0, 0.0, 0.0182913302735, 8.41251613107e-05, 1.88775179004e-05, 0.0122453730491, 0.984886754216, 0.999501831147, 0.977871715603, 0.0, 0.0, 0.0, 0.0217690202887, 32.0, 0.0, 3.25925318643
0.000381493324255, 8.1902339102e-06, 0.000103797940959, 7.65719142772e-05, 0.999132975753, 0.00836441752404, 0.00885464462645, 9.61767322281e-05, 0.0148988781041, 0.013034707545, 8.84168239097e-08, 0.0, 0.00819501159162, 0.0107585360092, 0.953331741317, 0.988291499802, 0.00442639911516, 4.67731917031e-05, 0.0133214444118, 0.947195981324, 0.00222165368811, 0.993621298258, 0.000866120163923, 0.998166065133, 0.00870945831037, 8.51306315926e-06, 0.00261789149274, 0.962859670474, 24.0, 0.0, 4.59480581518
0.0, 8.61108513881e-06, 0.0, 0.0, 0.972949429479, 2.96113764226e-05, 1.0, 0.00374542806761, 1.0, 0.0376245835832, 0.0, 0.99324205191, 0.0, 0.994692497057, 0.999981840549, 1.0, 0.99999808431, 0.0135520142901, 0.0, 1.0, 1.0, 0.0, 0.000831872597951, 1.0, 0.0, 0.0, 0.0, 0.988785130089, 16.0, 0.0, 8.65933306908
0.00557400382311, 0.00517441333754, 0.0, 1.88293083409e-10, 0.972949429479, 2.96113764226e-05, 1.0, 0.00377446639996, 1.0, 0.0376245835832, 0.0, 0.993215266378, 0.00882191745835, 0.994692497057, 0.999981840549, 1.0, 0.99999808431, 8.84949428247e-05, 0.0, 1.0, 1.0, 0.0, 0.000831872597951, 0.999999842999, 0.0, 0.0, 0.0105637822542, 0.988785130089, 16.0, 0.0, 8.65933306908
0.00562774678565, 0.00515052659211, 0.000102650889529, 1.88293083409e-10, 0.972949429479, 1.30231769913e-05, 0.964407530363, 2.19731522219e-06, 1.0, 0.0376245835832, 0.0, 0.993228157446, 0.00882312919719, 0.994692497057, 0.999981840549, 1.0, 0.971952610266, 7.50645913081e-07, 0.000215407471772, 1.0, 1.0, 1.2697267718e-07, 0.000831872597951, 0.999994570427, 0.0, 0.0, 0.0105637822542, 0.988785130089, 16.0, 0.0, 8.65933306908
0.0, 8.61108513881e-06, 0.0, 0.0, 0.972949429479, 2.96113764226e-05, 1.0, 0.00377429046538, 1.0, 0.0376245835832, 0.0, 0.99324205191, 8.21083538856e-05, 0.994692497057, 0.999981840549, 1.0, 0.99999808431, 0.0135520142901, 0.0, 1.0, 1.0, 0.0, 0.000831872597951, 0.999999844489, 0.0, 0.0, 0.0, 0.988785130089, 16.0, 0.0, 8.65933306908
0.00371881105436, 1.00853280556e-05, 0.0104760469173, 2.79899704847e-07, 0.958451596151, 0.00983680201729, 0.0, 9.4752278656e-05, 3.91491485746e-05, 0.0, 0.0, 0.00704328404282, 5.29073973042e-05, 3.26757601335e-05, 0.00991020407604, 1.0, 0.0997570540632, 0.00582279774915, 0.0191797816256, 0.00844748428491, 5.07849305011e-05, 0.96399976887, 0.010422311777, 0.00659002171874, 0.00524417280334, 0.0, 0.0110554646059, 9.25677775953e-05, 40.0, 1.0, 2.23841616391
0.972812691659, 0.0146574056765, 6.42449186838e-05, 0.00436175061279, 0.964162074228, 0.943903681142, 0.000722790631059, 0.000324432850749, 0.0011345196727, 0.0104681609263, 0.00475583646511, 0.966820101046, 0.00854471466286, 0.000129342408662, 0.987830737282, 0.999991738447, 0.000666839106349, 0.00862000476385, 0.0104945930141, 0.99628067255, 0.970072482518, 0.0033430415614, 0.958994640543, 0.979374652842, 0.993811083067, 0.000161255185184, 0.00938483459405, 0.976889945152, 14.0, 1.0, 8.63047300426
0.00562683934216, 0.0051509498527, 0.0106765586603, 1.11869985342e-10, 0.987120907372, 5.00074183902e-06, 0.00900053808219, 0.00677399353163, 0.015591073434, 3.56631631779e-05, 0.0, 0.994050406027, 0.0001160349442, 0.0779310995751, 0.999993206033, 1.0, 0.0100387847172, 5.06695866273e-05, 0.000214296498374, 0.997048937343, 0.0408023291373, 0.966032706268, 9.39687712911e-08, 0.999994565366, 0.999989682621, 0.0, 0.0107546046004, 0.994178058506, 19.0, 1.0, 6.20557557129
0.00562683934216, 0.00628445641991, 0.0109564458314, 5.46995515227e-05, 0.988666584001, 9.01561784922e-05, 0.00882547313456, 6.06094491931e-06, 0.00742986662397, 0.0103185801289, 0.0, 0.0148514413357, 0.000132167174071, 0.0779310995751, 1.0, 1.0, 0.00915058529758, 1.02984282737e-08, 0.020865046992, 0.00896285338066, 0.96549983945, 5.05745079145e-05, 5.57123554647e-12, 0.999703814297, 1.0, 0.0, 0.0107546046004, 0.967456487466, 27.0, 1.0, 4.25013322853
0.991752465948, 0.00313797022654, 0.0, 0.00437400642492, 0.995408474417, 0.000226230901369, 4.88473546867e-07, 0.0414904115709, 4.86748059755e-06, 0.0, 0.0, 0.177543180223, 0.013909998264, 0.00191572241129, 0.988133744616, 0.999991351976, 0.008501254792, 0.00390793540793, 0.0104414236366, 0.985015799521, 0.00147863947027, 0.988035123396, 0.955939497026, 0.964567581367, 1.92901943873e-05, 0.0, 0.00933367945969, 0.992524907929, 20.0, 0.0, 6.57192763271
0.000381493324255, 0.00522133614719, 0.000194702474434, 0.00730480991064, 0.999132975753, 0.975882710803, 0.00465157594641, 0.000115796546773, 0.0148988781041, 0.0387219378686, 3.26352371565e-10, 0.0, 0.00210144687333, 0.00301876703516, 0.953331741317, 0.987921067668, 0.00442639911516, 4.67731917031e-05, 0.000153827570784, 0.944739951832, 0.00222165368811, 0.972480685087, 0.000866120163923, 0.998166065133, 0.945891239874, 8.48463416225e-06, 0.0105277229271, 0.962915417331, 22.0, 0.0, 5.48228852767
0.00840374977831, 0.0062895191392, 0.0103211630165, 0.00931338797203, 0.0102905022929, 2.10679560581e-05, 0.00887219923131, 0.0, 0.0, 0.0, 0.000100778530577, 0.00705833269192, 5.20761882585e-05, 0.0071130605117, 0.00946616440424, 1.0, 0.000665104959863, 5.06738287968e-05, 7.15363969896e-05, 0.00978725795985, 4.54995331291e-05, 0.984739386312, 0.000395888507125, 0.999650111286, 0.972746176214, 0.0, 0.00958493085328, 4.72354720685e-05, 36.0, 1.0, 2.67867840569
0.991752465948, 0.990894925565, 0.0, 0.00432344708947, 0.963884650421, 0.989675061587, 0.00811231513171, 0.00319806129953, 0.00109754510538, 0.0, 0.00523419485844, 0.990932428733, 0.01386873581, 1.0, 0.981256929345, 1.0, 0.00740692435446, 0.00390793540793, 0.0106345317976, 1.0, 0.0, 0.998563234614, 0.960191982726, 0.964567581367, 1.91074254545e-05, 0.0, 0.00948414566735, 0.994546481946, 13.0, 0.0, 9.73356746145
0.00594960204328, 0.00996003428877, 0.000102650889529, 2.07501110506e-05, 0.972949429479, 1.30231769913e-05, 0.00287456328028, 2.19731522219e-06, 0.0132498331055, 0.0370922394765, 0.0, 0.993228157446, 0.00470803267956, 0.994692497057, 0.999981840549, 1.0, 0.0274379419526, 0.969211633592, 5.76206944435e-07, 1.0, 0.985177831319, 1.2697267718e-07, 0.0154851174268, 0.999994570427, 0.00795958156352, 0.000186487929278, 0.0177576050116, 0.990258499438, 18.0, 0.0, 6.99377952296
0.00593892059291, 0.00569281536263, 0.0173774296746, 2.2491869614e-05, 0.972949429479, 0.0101757169486, 0.00287456328028, 2.19731522219e-06, 0.0132498331055, 0.000291592746773, 0.0, 0.993228157446, 0.00470803267956, 0.994692497057, 0.999999738559, 1.0, 0.0274379419526, 0.969211633592, 0.0210838367704, 0.985270209192, 0.985177831319, 4.2344898946e-07, 0.0154851174268, 0.999994570427, 0.00795958156352, 0.000186328355373, 0.0177576050116, 0.990079009639, 18.0, 0.0, 6.99377952296
0.00554486274007, 0.00696276705889, 8.49653190444e-05, 0.0, 0.00669490483813, 0.000147358815063, 4.74396946148e-05, 4.98600954013e-05, 6.75388823473e-05, 0.0564147939867, 3.57522595845e-10, 0.000153795403742, 0.00887780048011, 3.83259859334e-05, 0.0174293060304, 1.0, 0.0113709567158, 0.0752367795573, 0.010814828882, 0.0117329052915, 0.00618355647026, 0.00655272767691, 3.06242279184e-06, 0.999892195474, 0.0, 0.0, 0.0, 0.15950759236, 41.0, 1.0, 1.84290195679
0.00371881105436, 1.00853280556e-05, 0.0, 0.0, 0.00827190070931, 0.00983680201729, 0.0, 0.00683318678495, 4.62299716609e-05, 0.0, 0.0, 0.0, 1.76483262769e-05, 6.70131891949e-05, 0.999993509807, 1.0, 0.000100934539729, 0.0153419329691, 0.0191797816256, 0.00844748428491, 0.0133231048192, 0.963986554393, 0.010422311777, 0.0, 0.00524417280334, 0.0, 0.0110554646059, 9.25677775953e-05, 37.0, 0.0, 2.55290869899
0.00371881105436, 1.10080954571e-05, 7.26088330759e-05, 0.0, 0.118362723096, 0.00318287912983, 0.0, 0.00675782109007, 4.5612708105e-05, 0.0, 0.0, 2.29020733565e-05, 1.76483262769e-05, 7.29820997649e-05, 0.999993509807, 1.0, 0.00019482733291, 0.0153419329691, 0.0190946018061, 0.00844748428491, 0.0133231048192, 0.981309241385, 0.0103616184224, 0.0, 0.0052437926264, 0.25795218887, 0.0110554646059, 0.000160500349602, 37.0, 0.0, 2.55290869899
0.0201571266655, 0.00503647320826, 8.64509206219e-05, 5.38989240981e-05, 0.0, 0.00984368180559, 0.0, 3.45206656599e-06, 2.57526213293e-07, 0.0101610662703, 0.006662967456, 0.00694118152924, 0.00856401572758, 0.0779310995751, 0.999992360164, 1.0, 4.33979982179e-05, 0.0, 0.0028178272854, 0.996180446063, 0.959443582415, 0.00511505629971, 0.00653099248673, 0.99960017992, 0.000348824922541, 0.0, 0.0107546046004, 0.0133927680841, 29.0, 0.0, 3.4917659135
0.991752465948, 0.990894925565, 0.0, 0.0134421056307, 0.013911745997, 0.989675061587, 0.00811231513171, 0.00319806129953, 0.00109754510538, 0.0, 0.00498785170425, 0.990932428733, 0.0137727433068, 0.994356315579, 0.981256929345, 1.0, 0.0197273403149, 0.00390793540793, 0.0106345317976, 0.999713439328, 2.03914282658e-05, 0.998563234614, 0.00802767368056, 0.964148474782, 1.91074254545e-05, 0.0, 0.00964733083289, 0.99441167623, 15.0, 0.0, 9.05603346971
0.0048902963899, 0.00503647320826, 6.41404632196e-05, 0.00432789679342, 0.0, 0.957543078707, 0.0712670079199, 0.000322148655436, 0.968765579913, 0.000183292624082, 0.0, 0.943368082202, 0.00864336721538, 0.0775827872312, 1.0, 1.0, 0.000682867432155, 0.00878121531986, 9.86921308975e-05, 0.996180446063, 0.986960655797, 0.00631387182265, 0.958995030565, 0.982068474399, 1.0, 0.000156284029113, 0.00640035735763, 0.977229529737, 17.0, 1.0, 7.67345524538
0.0048902963899, 0.00503647320826, 6.42799900072e-05, 0.00426392443616, 0.0, 0.957543078707, 0.0712670079199, 0.000323114815401, 0.962956199689, 0.0107831785941, 0.0, 0.942894361106, 0.00864336721538, 0.0775827872312, 1.0, 0.999998836607, 0.00069539402103, 4.44106471669e-05, 3.27375946138e-05, 0.996180446063, 0.986574432085, 0.00476335558405, 0.963133374732, 0.999481600445, 0.981785735329, 0.000156284029113, 0.00635756745085, 0.977229529737, 17.0, 1.0, 7.67345524538
0.00557400382311, 0.00517441333754, 3.12437838777e-07, 0.992203663443, 0.972949429479, 0.99387578433, 0.980539365793, 0.00377446639996, 1.0, 0.0376245835832, 0.0, 0.993215266378, 0.00208294146669, 0.994692497057, 0.999981840549, 1.0, 0.99999808431, 8.84949428247e-05, 0.0, 0.989148082981, 0.0183200157801, 0.972643409526, 7.76931604427e-05, 0.999791855742, 0.0, 0.0, 0.0105637822542, 0.988790793301, 11.0, 0.0, 11.302074355
4.18070627017e-05, 0.00517441333754, 3.12437838777e-07, 0.992203663443, 0.972949429479, 0.99387578433, 0.942738932995, 0.00377446639996, 0.977314806663, 0.0376245835832, 0.0, 0.993215266378, 2.22138480785e-05, 0.986851913907, 0.999926376202, 1.0, 0.99999808431, 0.000168579909976, 0.0, 0.989148082981, 0.0183200157801, 0.972643409526, 7.76931604427e-05, 0.999791855742, 0.0, 0.0, 8.63819599357e-05, 0.996126092545, 11.0, 0.0, 11.302074355
0.00557291087, 0.00515090183704, 3.12437838777e-07, 0.992203663443, 0.982908208837, 0.978050662443, 0.982731488205, 0.00675109178183, 1.0, 0.0381475135388, 0.0, 0.993215266378, 0.00214425461358, 0.994692497057, 0.999981940339, 1.0, 0.99999808431, 8.84949428247e-05, 0.0, 0.989148082981, 0.0251045477758, 0.972643409526, 4.82629567892e-06, 0.999994753301, 0.00825332175179, 0.0, 0.0105637822542, 0.988790793301, 11.0, 0.0, 11.302074355
0.0201571266655, 0.00503647320826, 0.0111592930954, 5.38989240981e-05, 0.979963151494, 0.00985971067096, 0.0451699236874, 3.45206656599e-06, 1.6992420117e-05, 0.010149793738, 0.006662967456, 0.994720651227, 0.00480271099243, 0.0779310995751, 0.999221718929, 1.0, 4.33979982179e-05, 0.0, 0.00285719768853, 0.999972292196, 0.959704792347, 0.00511505629971, 0.00653099248673, 0.978675038508, 0.000348824922541, 0.0, 0.0107546046004, 0.969743552999, 20.0, 1.0, 5.76586847423
0.940992054394, 0.00510404952303, 7.6910599309e-05, 0.00460784576771, 5.21770197126e-05, 0.00947677242615, 4.98657538943e-07, 0.0037238750453, 0.00808234111725, 0.0106137764251, 0.0, 0.979527648321, 0.00893108551229, 0.0775827872312, 1.0, 1.0, 4.33979982179e-05, 7.54919165332e-05, 3.21437627496e-05, 0.996180446063, 0.986959039294, 0.0, 0.95767905264, 0.999361089327, 0.998502665018, 0.0, 2.92405053909e-05, 0.931056735677, 16.0, 1.0, 7.94400894979
0.00371881105436, 1.00853280556e-05, 0.0103952561676, 0.0, 0.00827190070931, 0.00983680201729, 0.0, 0.00700851748038, 4.5400187763e-05, 0.0, 0.0, 0.00704328404282, 5.29073973042e-05, 3.26757601335e-05, 0.0189843827622, 1.0, 0.00105481195375, 3.885424194e-06, 0.0191797816256, 0.00844748428491, 5.07849305011e-05, 0.964080751466, 0.010422311777, 0.0, 0.00524417280334, 0.0, 0.0110554646059, 9.25677775953e-05, 41.0, 0.0, 2.02798307586
4.57361474767e-05, 1.89027656922e-05, 0.0101413840215, 0.0, 0.00827190070931, 0.00983680201729, 0.00261509058381, 0.00701644756178, 4.5400187763e-05, 0.0, 0.0, 0.00704328404282, 0.00986749765581, 0.00802033057573, 0.0189843827622, 1.0, 0.00105481195375, 3.885424194e-06, 0.0191797816256, 0.00844748428491, 5.07849305011e-05, 0.988352856196, 0.010422311777, 0.0, 0.00524417280334, 0.0, 0.0111790906746, 0.00155588004469, 41.0, 0.0, 2.02798307586
1.0, 0.966471263137, 4.5180184646e-07, 0.985570806433, 0.0139455291055, 0.999992729135, 0.0108085946845, 0.0543571373679, 0.000123383114662, 0.0, 0.0135290114212, 0.98930721689, 0.00453506141372, 0.0243427902139, 0.957510817041, 1.0, 0.977230894786, 1.0, 0.980375086717, 0.989195825413, 0.1161586994, 1.0, 0.00756514932816, 0.99978957997, 1.89571062446e-05, 0.000205347824016, 0.000567937981218, 0.978810408384, 10.0, 1.0, 12.0878450077
0.00561926122139, 0.00231619914693, 0.00737680414572, 0.0, 0.972949429479, 0.00370402884831, 0.999953554794, 0.00374542806761, 0.0259252989339, 0.000336586340816, 0.000194956956789, 0.993207199266, 0.009051513863, 0.967613212371, 0.988311239804, 1.0, 0.00550068699068, 0.0035621657391, 0.00905666005582, 0.999986585569, 0.113323222096, 0.978299291515, 0.000840612397833, 0.989323129249, 0.0022153141378, 0.0, 0.975941625197, 4.83890936421e-05, 18.0, 0.0, 7.3002457092
0.00834918292287, 0.00517441333754, 0.0102939878074, 0.973324127158, 0.972949429479, 0.99387578433, 0.980539365793, 0.00380709967469, 0.933842089537, 0.0376245835832, 0.0, 0.989973171697, 0.00208294146669, 0.00326595057465, 0.999981840549, 1.0, 0.00683364119842, 8.84949428247e-05, 6.82013144893e-05, 0.989148082981, 8.21812869911e-05, 0.972707026761, 7.76931604427e-05, 0.99965162047, 0.969877573091, 0.0, 0.0105637822542, 0.988790793301, 12.0, 1.0, 10.2534367912
0.000381493324255, 8.1902339102e-06, 0.00882994454788, 0.000116822526417, 0.979003599494, 0.00835175637962, 0.0101583023398, 0.00376390587924, 0.00888360676356, 0.000113147368868, 0.0, 0.0, 5.37505210674e-05, 0.00741354935735, 0.999544294122, 1.0, 0.0626399788515, 1.94913984278e-06, 0.0133214444118, 0.0146985534958, 0.00221498504252, 0.992986683257, 2.75683654841e-05, 0.959340304582, 0.995172694626, 5.96025982859e-08, 0.00265685959254, 0.982112398748, 27.0, 1.0, 4.27838857951
0.00840374977831, 0.00474253944038, 4.95265231602e-05, 3.68702604729e-05, 0.990667237406, 6.3090932797e-05, 0.0100890121948, 1.75607153446e-05, 0.00256557200179, 0.0, 0.0, 0.982895044797, 3.97427266773e-05, 0.998307141334, 0.00984650095332, 1.0, 0.103800305876, 0.999094339399, 0.000181146335638, 0.860256966088, 4.54995331291e-05, 0.999623099759, 0.00506912000632, 0.999973174027, 0.000149842643679, 0.0, 0.999936758102, 4.73620760398e-05, 19.0, 1.0, 6.94133515694
0.995712712581, 1.0, 4.16473217898e-07, 0.0, 0.0136164526308, 0.948039813895, 7.88840958027e-05, 0.000306818059544, 0.97646553105, 0.0, 0.0, 0.995999070337, 0.934934702195, 0.0864966607134, 0.975502246477, 0.999999488245, 0.959066406259, 0.991668918725, 0.0, 0.99631399826, 0.986575208827, 0.00576539764205, 0.957337171732, 0.996837386182, 0.00693268582253, 0.018904842725, 0.0, 0.973914600617, 11.0, 1.0, 12.03736036
0.959953311049, 0.0051509498527, 3.17491275552e-05, 0.0498224195867, 0.98308599644, 0.019111286329, 0.0, 0.0431064768829, 0.0143572814374, 0.0108992158356, 0.0, 0.994003580521, 0.000122802517511, 0.0779310995751, 0.999993206033, 1.0, 0.971686374714, 0.98109112611, 0.901386164476, 0.999692134056, 0.965246115761, 0.0874667463209, 9.39687712911e-08, 0.999930784555, 0.974883918558, 0.0178236477603, 0.0109188446679, 0.974510480621, 13.0, 1.0, 9.74577534966
0.000346015535079, 0.00503647320826, 0.010944038613, 4.67254805196e-05, 0.0121187647868, 0.019338295625, 0.0, 6.07895566687e-06, 0.000141167737799, 0.0102627479332, 0.0, 0.0913631155094, 0.00856401572758, 0.0779620827729, 0.999913789512, 1.0, 3.06555965339e-05, 0.00565774519763, 0.020865046992, 0.996182137633, 0.965724823974, 0.00831741556706, 7.8872269188e-05, 0.994274774062, 1.0, 0.0, 0.0107546046004, 0.97742128231, 24.0, 0.0, 4.76756912222
0.057071786366, 0.99908417276, 0.881051029319, 0.961451319817, 0.999718560373, 0.998202861711, 0.999164665119, 0.995688685654, 0.98753806523, 0.0, 1.64220649324e-05, 0.997450686323, 0.00450429588902, 0.977674273176, 0.961479149273, 1.0, 0.999878172491, 0.00722235820248, 0.985886500001, 0.999483105051, 0.0, 1.0, 6.13468370388e-05, 0.982209085828, 0.999924913204, 0.0, 0.00991751742904, 0.00101119361841, 8.0, 0.0, 15.6132994651
0.0, 0.0, 0.0, 0.0, 0.0, 0.0, 1.0, 0.0, 0.0, 0.0, 0.0, 0.0, 2.93815777258e-05, 0.0, 0.0, 1.0, 0.0, 0.0, 0.0, 0.0, 0.0, 0.00393867701638, 0.0, 0.0, 0.0, 0.00955248442684, 0.0, 0.0, 44.0, 0.0, 2.27359741499
0.0615637646313, 0.00228199941358, 0.0356398882533, 0.00999342684237, 0.952175318426, 0.979914305879, 0.000164019133865, 0.115636581166, 0.00601736444812, 0.0353623860362, 0.0, 0.00282032146502, 0.00564032266036, 0.0785346241226, 0.99992948253, 1.0, 0.0179409557182, 0.98155366381, 1.1099294843e-06, 0.99617764792, 0.00023398217025, 0.990751472152, 0.00957517963084, 0.999668690607, 0.00717619895976, 0.0184684506037, 0.0177689376821, 0.913415350639, 22.0, 0.0, 5.66874479066
0.991752465948, 0.998597768822, 0.0, 0.0, 0.999726552055, 0.976983590085, 0.0081164272947, 0.00785583529186, 0.987741823844, 0.0, 0.0, 0.995999070337, 0.951156374718, 1.0, 0.995321252858, 1.0, 1.0, 1.0, 4.6493209083e-07, 1.0, 0.0, 0.98782917455, 0.957337171732, 0.996811805964, 0.00328515039597, 0.0, 0.00983387342665, 0.987107582394, 9.0, 0.0, 12.9060518387
7.64495168941e-05, 0.00235760829104, 0.00508977813323, 0.0256395997594, 0.951983783671, 0.00186204118317, 0.00268434568923, 0.00965815664067, 0.989997578431, 0.0367257683165, 0.0, 1.06724126325e-05, 0.00976467471316, 0.0130468416575, 0.972616221341, 1.0, 0.0110261902824, 2.77463684433e-06, 0.00989749058382, 0.999867423906, 4.66818039105e-05, 0.988439953676, 1.37447876102e-05, 0.987059736134, 0.00104287354193, 0.0, 3.34648260178e-05, 0.00847608042217, 27.0, 0.0, 4.49389059554
0.00504278908217, 0.00517441333754, 0.0111784366506, 1.88293083409e-10, 0.928337484115, 2.96113764226e-05, 0.977682902253, 3.71612640464e-05, 0.00613973038021, 0.010729504212, 0.0, 0.993215266378, 0.00479316112219, 0.981266431047, 0.96020370409, 1.0, 0.966464484713, 0.000113876535445, 9.10354203211e-05, 0.999936009761, 1.0, 1.59744809656e-07, 0.00155687764524, 0.999999842999, 0.00351016886033, 0.0, 0.0108255082021, 0.976929684529, 17.0, 0.0, 7.89589682607
0.00562683934216, 0.0051509498527, 0.0106765586603, 1.11869985342e-10, 0.98308599644, 0.00562468988822, 0.0, 0.0067497644958, 0.015591073434, 0.0103191847717, 0.0, 0.994050406027, 0.000122802517511, 0.0779310995751, 0.999993206033, 1.0, 0.971686374714, 0.0, 0.020865046992, 0.985476064907, 0.965246115761, 0.0892303337783, 9.39687712911e-08, 0.999994565366, 0.999989682621, 0.0, 0.0107546046004, 0.974510480621, 18.0, 1.0, 7.00740649054
2.00255471637e-05, 0.0, 9.52116987836e-05, 0.0, 2.05837158249e-05, 0.00204609277123, 0.000118662906822, 0.00989633511148, 0.0191400115566, 0.0, 0.0, 0.00714815706578, 0.0037141058712, 0.00481144768371, 0.998035809926, 1.0, 0.0114410160906, 0.0911559857866, 0.00989591304016, 0.9837152759, 0.0895556281002, 0.981311621068, 0.0, 0.98429503059, 0.00531497086096, 0.0, 0.951484190097, 0.0101831476598, 25.0, 0.0, 4.59055252951
0.062413945217, 0.00638649123451, 0.0104112283295, 0.00434163806261, 0.0129532498408, 2.10679560581e-05, 0.0104034719089, 0.0, 8.82998025303e-06, 8.24557314677e-05, 0.0, 0.00707892773532, 0.000116429709461, 0.00697276811282, 0.995327125266, 1.0, 0.00066101375829, 0.00396055103623, 4.1694964776e-07, 0.996172461795, 0.00823069729144, 0.955210172546, 3.92659670985e-05, 0.99970173356, 0.0, 0.000343243677292, 0.0096253807397, 0.00196859544506, 29.0, 0.0, 3.52002126448
0.00504278908217, 0.00517441333754, 0.0111784366506, 1.88293083409e-10, 0.968715210124, 2.96113764226e-05, 0.999994399789, 4.29475763361e-05, 0.00613973038021, 0.010729504212, 0.0, 0.993215266378, 0.00476293787173, 0.981266431047, 0.96020370409, 1.0, 0.966464484713, 0.000113876535445, 0.0, 1.0, 1.0, 1.59744809656e-07, 0.00155687764524, 0.999999842999, 0.0036572416814, 0.0, 0.0105637822542, 0.999549061773, 17.0, 0.0, 7.89589682607
0.00493698155797, 0.00517441333754, 0.0111784366506, 1.88293083409e-10, 3.48997414685e-05, 2.96113764226e-05, 0.0155452534308, 4.33458497855e-05, 0.00613973038021, 3.84487017433e-05, 0.0, 0.971634844851, 0.00476293787173, 0.981266431047, 0.998842393755, 0.959967946987, 0.964295710601, 0.0308958965212, 1.50412061791e-07, 0.999989335215, 1.0, 0.00569328542094, 0.000119155730659, 0.999999842999, 0.0036572416814, 0.0, 0.0105637822542, 0.999532495443, 19.0, 0.0, 7.01552469607
0.00508932568273, 0.00361103853629, 0.0106438488086, 3.16954654305e-05, 0.00199924089016, 0.956540112474, 0.980935026623, 6.20319254745e-06, 0.00136217558643, 0.0105204354726, 0.0802723600162, 0.0, 3.75798916925e-05, 0.0814972864869, 0.999098440028, 1.0, 0.0093799865187, 0.971587097935, 0.0100544631246, 0.99642026547, 0.965577779721, 0.0051284113661, 0.00174289600733, 0.982194533174, 0.999888269868, 0.0, 0.00629171840591, 0.98597415469, 21.0, 0.0, 6.51144713965
0.00834918292287, 0.00517441333754, 0.0102890908566, 0.973324127158, 0.972949429479, 0.00732563505075, 0.00549877388548, 0.00380709967469, 0.933842089537, 0.0101668992514, 0.0, 0.989973171697, 0.00014703944271, 0.0199067592434, 0.999981689721, 1.0, 0.00916232589266, 9.0552690067e-05, 6.82013144893e-05, 0.997276028533, 8.21812869911e-05, 0.972707026761, 6.91808247182e-07, 0.999702400954, 0.969877573091, 0.0, 0.0105637822542, 0.967661738614, 14.0, 1.0, 9.10746678284
0.998119644817, 0.0088713972285, 0.989606559555, 8.8942343267e-06, 0.999278065032, 0.998938123374, 0.995274101127, 0.111004296882, 0.0, 0.00891925752724, 0.0, 0.997883638511, 0.00908053237372, 1.0, 1.0, 1.0, 0.0, 0.999826119861, 0.999166373821, 0.0, 0.991909416733, 0.0, 0.0, 0.993657575594, 1.0, 0.0, 0.946771580111, 0.0, 10.0, 0.0, 12.3605900821
0.0135585993916, 0.00503647320826, 5.89243492779e-05, 0.00432789679342, 0.0, 0.954340383001, 0.0, 6.13340826551e-06, 0.0, 0.0106140050294, 0.0, 0.0, 0.00856401572758, 0.0777988717739, 1.0, 1.0, 4.3385183222e-05, 0.0, 0.010495461438, 0.996276927613, 0.985268246957, 0.0, 0.0017393475899, 0.982068474399, 0.993690901646, 0.0, 0.00630178390813, 0.977439144961, 23.0, 0.0, 5.24360008864
0.00508932568273, 0.00361103853629, 0.0484165161384, 3.16954654305e-05, 0.999289240298, 0.956540112474, 0.995694338516, 2.29529494398e-05, 0.00136217558643, 0.0105204354726, 0.0, 0.0, 6.49077950162e-05, 0.0814972864869, 0.993192448794, 1.0, 0.00934486920644, 0.995973508611, 0.0204529042597, 0.99642026547, 0.965577779721, 0.0051284113661, 1.43134958595e-05, 0.994223601431, 0.999888269868, 0.0, 0.000132598256518, 0.98597415469, 20.0, 0.0, 6.7218802277
0.977247493943, 8.62686754344e-06, 0.00769486934782, 0.0, 0.972949429479, 0.00370402884831, 0.999953554794, 0.00374542806761, 0.0259252989339, 0.0376245835832, 0.0764490988848, 0.99324205191, 2.14297396762e-07, 0.994692497057, 0.999981840549, 1.0, 0.979996262665, 0.00352305212774, 0.00905865124951, 0.999986585569, 0.113728171818, 0.978299291515, 0.000840612397833, 0.999663781648, 0.00228283340708, 0.0, 0.975941625197, 0.00914218630057, 14.0, 0.0, 9.64035289326
