0.149856823198, 1.17624959102, 2.01450951809, 0.941193952241, 80.8317856355, 5.27881291242, 0.815550834872, 0.201008559615, 12.0953197427, 45.3827207743, 0.119083958471, 0.461538461538
0.149856823198, 1.17624959102, 2.01450951809, 0.941193952241, 80.8317856355, 5.27881291242, 0.815550834872, 0.201008559615, 12.0953197427, 45.3827207743, 0.119083958471, 0.461538461538
0.149856823198, 1.17624959102, 2.01450951809, 0.941193952241, 80.8317856355, 5.27881291242, 0.815550834872, 0.201008559615, 12.0953197427, 45.3827207743, 0.119083958471, 0.461538461538
0.149856823198, 1.17624959102, 2.01450951809, 0.941193952241, 80.8317856355, 5.27881291242, 0.815550834872, 0.201008559615, 12.0953197427, 45.3827207743, 0.119083958471, 0.461538461538
0.149856823198, 1.17624959102, 2.01450951809, 0.941193952241, 80.8317856355, 5.27881291242, 0.815550834872, 0.201008559615, 12.0953197427, 45.3827207743, 0.119083958471, 0.461538461538
0.149856823198, 1.17624959102, 2.01450951809, 0.941193952241, 80.8317856355, 5.27881291242, 0.815550834872, 0.201008559615, 12.0953197427, 45.3827207743, 0.119083958471, 0.461538461538
0.149856823198, 1.17624959102, 2.01450951809, 0.941193952241, 80.8317856355, 5.27881291242, 0.815550834872, 0.201008559615, 12.0953197427, 45.3827207743, 0.119083958471, 0.461538461538
0.149856823198, 1.17624959102, 2.01450951809, 0.941193952241, 80.8317856355, 5.27881291242, 0.815550834872, 0.201008559615, 12.0953197427, 45.3827207743, 0.119083958471, 0.461538461538
0.149856823198, 1.17624959102, 2.01450951809, 0.941193952241, 80.8317856355, 5.27881291242, 0.815550834872, 0.201008559615, 12.0953197427, 45.3827207743, 0.119083958471, 0.461538461538
0.149856823198, 1.17624959102, 2.01450951809, 0.941193952241, 80.8317856355, 5.27881291242, 0.815550834872, 0.201008559615, 12.0953197427, 45.3827207743, 0.119083958471, 0.461538461538
0.149845079015, 1.18006439714, 2.0145134786, 0.941184005865, 80.8952465042, 5.27881291242, 0.815550834872, 0.935072704023, 10.3060898681, 35.5579048228, 0.0221323035631, 0.111111111111
0.149845079015, 1.18006439714, 2.0145134786, 0.941184005865, 80.8952465042, 5.27881291242, 0.815550834872, 0.935072704023, 10.3060898681, 35.5579048228, 0.0221323035631, 0.111111111111
0.149845079015, 1.18006439714, 2.0145134786, 0.941184005865, 80.8952465042, 5.27881291242, 0.815550834872, 0.935072704023, 10.3060898681, 35.5579048228, 0.0221323035631, 0.111111111111
0.149845079015, 1.18006439714, 2.0145134786, 0.941184005865, 80.8952465042, 5.27881291242, 0.815550834872, 0.935072704023, 10.3060898681, 35.5579048228, 0.0221323035631, 0.111111111111
0.149845079015, 1.18006439714, 2.0145134786, 0.941184005865, 80.8952465042, 5.27881291242, 0.815550834872, 0.935072704023, 10.3060898681, 35.5579048228, 0.0221323035631, 0.111111111111
0.149845079015, 1.18006439714, 2.0145134786, 0.941184005865, 80.8952465042, 5.27881291242, 0.815550834872, 0.935072704023, 10.3060898681, 35.5579048228, 0.0221323035631, 0.111111111111
0.149845079015, 1.18006439714, 2.0145134786, 0.941184005865, 80.8952465042, 5.27881291242, 0.815550834872, 0.935072704023, 10.3060898681, 35.5579048228, 0.0221323035631, 0.111111111111
0.149845079015, 1.18006439714, 2.0145134786, 0.941184005865, 80.8952465042, 5.27881291242, 0.815550834872, 0.935072704023, 10.3060898681, 35.5579048228, 0.0221323035631, 0.111111111111
0.149845079015, 1.18006439714, 2.0145134786, 0.941184005865, 80.8952465042, 5.27881291242, 0.815550834872, 0.935072704023, 10.3060898681, 35.5579048228, 0.0221323035631, 0.111111111111
0.14984496856, 1.13409335982, 2.0147604471, 0.941193952241, 80.8317856355, 5.27881291242, 0.815550834872, 0.935072704023, 12.0963526577, 17.6998716698, 0.0, 0.0
0.14984496856, 1.13409335982, 2.0147604471, 0.941193952241, 80.8317856355, 5.27881291242, 0.815550834872, 0.935072704023, 12.0963526577, 17.6998716698, 0.0, 0.0
0.14984496856, 1.13409335982, 2.0147604471, 0.941193952241, 80.8317856355, 5.27881291242, 0.815550834872, 0.935072704023, 12.0963526577, 17.6998716698, 0.0, 0.0
0.14984496856, 1.13409335982, 2.0147604471, 0.941193952241, 80.8317856355, 5.27881291242, 0.815550834872, 0.935072704023, 12.0963526577, 17.6998716698, 0.0, 0.0
0.14984496856, 1.13409335982, 2.0147604471, 0.941193952241, 80.8317856355, 5.27881291242, 0.815550834872, 0.935072704023, 12.0963526577, 17.6998716698, 0.0, 0.0
0.14984496856, 1.13409335982, 2.0147604471, 0.941193952241, 80.8317856355, 5.27881291242, 0.815550834872, 0.935072704023, 12.0963526577, 17.6998716698, 0.0, 0.0
0.14984496856, 1.13409335982, 2.0147604471, 0.941193952241, 80.8317856355, 5.27881291242, 0.815550834872, 0.935072704023, 12.0963526577, 17.6998716698, 0.0, 0.0
0.14984496856, 1.13409335982, 2.0147604471, 0.941193952241, 80.8317856355, 5.27881291242, 0.815550834872, 0.935072704023, 12.0963526577, 17.6998716698, 0.0, 0.0
0.14984496856, 1.13409335982, 2.0147604471, 0.941193952241, 80.8317856355, 5.27881291242, 0.815550834872, 0.935072704023, 12.0963526577, 17.6998716698, 0.0, 0.0
0.14984496856, 1.13409335982, 2.0147604471, 0.941193952241, 80.8317856355, 5.27881291242, 0.815550834872, 0.935072704023, 12.0963526577, 17.6998716698, 0.0, 0.0
0.14984496856, 1.13409335982, 2.0147604471, 0.941193952241, 80.8317856355, 5.27881291242, 0.815550834872, 0.935072704023, 12.0963526577, 17.6998716698, 0.0, 0.0
0.144490757104, 1.17624959102, 2.00842878667, 0.941193952241, 80.8317856355, 5.27881291242, 0.815550834872, 0.201008559615, 12.0953197427, 0, 1.0, 0
0.144490757104, 1.17624959102, 2.00842878667, 0.941193952241, 80.8317856355, 5.27881291242, 0.815550834872, 0.201008559615, 12.0953197427, 0, 1.0, 0
0.144490757104, 1.17624959102, 2.00842878667, 0.941193952241, 80.8317856355, 5.27881291242, 0.815550834872, 0.201008559615, 12.0953197427, 0, 1.0, 0
0.144490757104, 1.17624959102, 2.00842878667, 0.941193952241, 80.8317856355, 5.27881291242, 0.815550834872, 0.201008559615, 12.0953197427, 0, 1.0, 0
0.144490757104, 1.17624959102, 2.00842878667, 0.941193952241, 80.8317856355, 5.27881291242, 0.815550834872, 0.201008559615, 12.0953197427, 0, 1.0, 0
0.144490757104, 1.17624959102, 2.00842878667, 0.941193952241, 80.8317856355, 5.27881291242, 0.815550834872, 0.201008559615, 12.0953197427, 0, 1.0, 0
0.144490757104, 1.17624959102, 2.00842878667, 0.941193952241, 80.8317856355, 5.27881291242, 0.815550834872, 0.201008559615, 12.0953197427, 0, 1.0, 0
0.144490757104, 1.17624959102, 2.00842878667, 0.941193952241, 80.8317856355, 5.27881291242, 0.815550834872, 0.201008559615, 12.0953197427, 0, 1.0, 0
0.144490757104, 1.17624959102, 2.00842878667, 0.941193952241, 80.8317856355, 5.27881291242, 0.815550834872, 0.201008559615, 12.0953197427, 0, 1.0, 0
0.144490757104, 1.17624959102, 2.00842878667, 0.941193952241, 80.8317856355, 5.27881291242, 0.815550834872, 0.201008559615, 12.0953197427, 0, 1.0, 0
0.144490757104, 1.17624959102, 2.00842878667, 0.941193952241, 80.8317856355, 5.27881291242, 0.815550834872, 0.201008559615, 12.0953197427, 0, 1.0, 0
0.144490757104, 1.17624959102, 2.00842878667, 0.941193952241, 80.8317856355, 5.27881291242, 0.815550834872, 0.201008559615, 12.0953197427, 0, 1.0, 0
0.144490757104, 1.17624959102, 2.00842878667, 0.941193952241, 80.8317856355, 5.27881291242, 0.815550834872, 0.201008559615, 12.0953197427, 0, 1.0, 0
0.144490757104, 1.17624959102, 2.00842878667, 0.941193952241, 80.8317856355, 5.27881291242, 0.815550834872, 0.201008559615, 12.0953197427, 0, 1.0, 0
0.144490757104, 1.17624959102, 2.00842878667, 0.941193952241, 80.8317856355, 5.27881291242, 0.815550834872, 0.201008559615, 12.0953197427, 0, 1.0, 0
0.144490757104, 1.17624959102, 2.00842878667, 0.941193952241, 80.8317856355, 5.27881291242, 0.815550834872, 0.201008559615, 12.0953197427, 0, 1.0, 0
0.144490757104, 1.17624959102, 2.00842878667, 0.941193952241, 80.8317856355, 5.27881291242, 0.815550834872, 0.201008559615, 12.0953197427, 0, 1.0, 0
0.144490757104, 1.17624959102, 2.00842878667, 0.941193952241, 80.8317856355, 5.27881291242, 0.815550834872, 0.201008559615, 12.0953197427, 0, 1.0, 0
0.144490757104, 1.17624959102, 2.00842878667, 0.941193952241, 80.8317856355, 5.27881291242, 0.815550834872, 0.201008559615, 12.0953197427, 0, 1.0, 0
0.144490757104, 1.17624959102, 2.00842878667, 0.941193952241, 80.8317856355, 5.27881291242, 0.815550834872, 0.201008559615, 12.0953197427, 0, 1.0, 0
0.149856823198, 1.18359563489, 2.01450951809, 0.941193952241, 80.8317856355, 5.27881291242, 0.815550834872, 0.201008559615, 12.0953197427, 61.5079201454, 0.00503502250254, 0.0
0.149856823198, 1.18359563489, 2.01450951809, 0.941193952241, 80.8317856355, 5.27881291242, 0.815550834872, 0.201008559615, 12.0953197427, 61.5079201454, 0.00503502250254, 0.0
0.149856823198, 1.18359563489, 2.01450951809, 0.941193952241, 80.8317856355, 5.27881291242, 0.815550834872, 0.201008559615, 12.0953197427, 61.5079201454, 0.00503502250254, 0.0
0.149856823198, 1.18359563489, 2.01450951809, 0.941193952241, 80.8317856355, 5.27881291242, 0.815550834872, 0.201008559615, 12.0953197427, 61.5079201454, 0.00503502250254, 0.0
0.149856823198, 1.18359563489, 2.01450951809, 0.941193952241, 80.8317856355, 5.27881291242, 0.815550834872, 0.201008559615, 12.0953197427, 61.5079201454, 0.00503502250254, 0.0
0.169877065306, 1.13896851108, 2.01450234801, 0.743656220998, 80.9285728418, 5.32656239868, 0.79615783564, 0.122505257553, 12.0905387563, 103.496573211, 0.077202818564, 0.333333333333
0.149856823198, 1.17552955258, 2.01450951809, 0.941193952241, 80.8317856355, 5.41389212766, 0.815550834872, 0.201008559615, 12.0953197427, 75.4757995989, 0.10394744557, 0.461538461538
0.144556659863, 1.17624959102, 2.00842878667, 0.927385544923, 80.8317856355, 5.27881291242, 0.815550834872, 0.935821871895, 12.0953197427, 65.2995447389, 0.0855006275316, 0.538461538462
0.149856823198, 1.18359563489, 2.00662873382, 0.946397113815, 80.8317856355, 5.27881291242, 0.815550834872, 0.201008559615, 12.0953197427, 0, 1.0, 0
0.149856823198, 1.18359563489, 2.00662873382, 0.946397113815, 80.8317856355, 5.27881291242, 0.815550834872, 0.201008559615, 12.0953197427, 0, 1.0, 0
0.149856823198, 1.18359563489, 2.00662873382, 0.946397113815, 80.8317856355, 5.27881291242, 0.815550834872, 0.201008559615, 12.0953197427, 0, 1.0, 0
0.149856823198, 1.18359563489, 2.00662873382, 0.946397113815, 80.8317856355, 5.27881291242, 0.815550834872, 0.201008559615, 12.0953197427, 0, 1.0, 0
0.149856823198, 1.18359563489, 2.00662873382, 0.946397113815, 80.8317856355, 5.27881291242, 0.815550834872, 0.201008559615, 12.0953197427, 0, 1.0, 0
0.149856823198, 1.18359563489, 2.00662873382, 0.946397113815, 80.8317856355, 5.27881291242, 0.815550834872, 0.201008559615, 12.0953197427, 0, 1.0, 0
0.149856823198, 1.18359563489, 2.00662873382, 0.946397113815, 80.8317856355, 5.27881291242, 0.815550834872, 0.201008559615, 12.0953197427, 0, 1.0, 0
0.149856823198, 1.18359563489, 2.00662873382, 0.946397113815, 80.8317856355, 5.27881291242, 0.815550834872, 0.201008559615, 12.0953197427, 0, 1.0, 0
0.149856823198, 1.18359563489, 2.00662873382, 0.946397113815, 80.8317856355, 5.27881291242, 0.815550834872, 0.201008559615, 12.0953197427, 0, 1.0, 0
0.149856823198, 1.18359563489, 2.00662873382, 0.946397113815, 80.8317856355, 5.27881291242, 0.815550834872, 0.201008559615, 12.0953197427, 0, 1.0, 0
0.149856823198, 1.18359563489, 2.00662873382, 0.946397113815, 80.8317856355, 5.27881291242, 0.815550834872, 0.201008559615, 12.0953197427, 0, 1.0, 0
0.149856823198, 1.18359563489, 2.00662873382, 0.946397113815, 80.8317856355, 5.27881291242, 0.815550834872, 0.201008559615, 12.0953197427, 0, 1.0, 0
0.149856823198, 1.18359563489, 2.00662873382, 0.946397113815, 80.8317856355, 5.27881291242, 0.815550834872, 0.201008559615, 12.0953197427, 0, 1.0, 0
0.149856823198, 1.18359563489, 2.00662873382, 0.946397113815, 80.8317856355, 5.27881291242, 0.815550834872, 0.201008559615, 12.0953197427, 0, 1.0, 0
0.149856823198, 1.18359563489, 2.00662873382, 0.946397113815, 80.8317856355, 5.27881291242, 0.815550834872, 0.201008559615, 12.0953197427, 0, 1.0, 0
0.149856823198, 1.18359563489, 2.00662873382, 0.946397113815, 80.8317856355, 5.27881291242, 0.815550834872, 0.201008559615, 12.0953197427, 0, 1.0, 0
0.149856823198, 1.18359563489, 2.00662873382, 0.946397113815, 80.8317856355, 5.27881291242, 0.815550834872, 0.201008559615, 12.0953197427, 0, 1.0, 0
0.149856823198, 1.18359563489, 2.00662873382, 0.946397113815, 80.8317856355, 5.27881291242, 0.815550834872, 0.201008559615, 12.0953197427, 0, 1.0, 0
0.149856823198, 1.18359563489, 2.00662873382, 0.946397113815, 80.8317856355, 5.27881291242, 0.815550834872, 0.201008559615, 12.0953197427, 0, 1.0, 0
0.144490757104, 1.17624959102, 2.00842878667, 0.941193952241, 80.8317856355, 5.27881291242, 0.815550834872, 0.201008559615, 12.0953197427, 49.2989940413, 0.0293749819029, 0.0
0.144490757104, 1.17624959102, 2.00842878667, 0.941193952241, 80.8317856355, 5.27881291242, 0.815550834872, 0.201008559615, 12.0953197427, 49.2989940413, 0.0293749819029, 0.0
0.144490757104, 1.17624959102, 2.00842878667, 0.941193952241, 80.8317856355, 5.27881291242, 0.815550834872, 0.201008559615, 12.0953197427, 49.2989940413, 0.0293749819029, 0.0
0.144490757104, 1.17624959102, 2.00842878667, 0.941193952241, 80.8317856355, 5.27881291242, 0.815550834872, 0.201008559615, 12.0953197427, 49.2989940413, 0.0293749819029, 0.0
0.149837224649, 1.17624959102, 2.00842878667, 0.927513804529, 80.8317856355, 5.27881291242, 0.815550834872, 0.932241691061, 12.0953197427, 68.3266759519, 0.0311073520187, 0.142857142857
0.149856823198, 1.18359563489, 2.00662873382, 0.946397113815, 80.8317856355, 5.27881291242, 0.815550834872, 0.201008559615, 12.0953197427, 73.8152371636, 0.210252531744, 0.625
0.149845079015, 1.18060853119, 2.01451704033, 0.941184005865, 80.8941799049, 5.27881291242, 0.815550834872, 0.935072704023, 12.0310433453, 56.9886844608, 0.0181871020057, 0.142857142857
0.14984496856, 1.1339082217, 2.00826572674, 0.941193952241, 80.8317856355, 5.27881291242, 0.815550834872, 0.935072704023, 12.0539118528, 89.2880274064, 0.0970328784233, 0.1875
0.144490757104, 1.17624959102, 2.00842878667, 0.941193952241, 80.8317856355, 5.19920222056, 0.815550834872, 0.201008559615, 12.0953197427, 50.5963359897, 0.0558823306691, 0.0
0.144490757104, 1.17624959102, 2.00842878667, 0.941193952241, 80.8317856355, 5.19920222056, 0.815550834872, 0.201008559615, 12.0953197427, 50.5963359897, 0.0558823306691, 0.0
0.144490757104, 1.17624959102, 2.00842878667, 0.941193952241, 80.8317856355, 5.19920222056, 0.815550834872, 0.201008559615, 12.0953197427, 50.5963359897, 0.0558823306691, 0.0
0.144490757104, 1.17624959102, 2.00842878667, 0.941193952241, 80.8317856355, 5.19920222056, 0.815550834872, 0.201008559615, 12.0953197427, 50.5963359897, 0.0558823306691, 0.0
0.144490757104, 1.17624959102, 2.00842878667, 0.941193952241, 80.8317856355, 5.19920222056, 0.815550834872, 0.201008559615, 12.0953197427, 50.5963359897, 0.0558823306691, 0.0
0.144490757104, 1.17624959102, 2.00842878667, 0.941193952241, 80.8317856355, 5.19920222056, 0.815550834872, 0.201008559615, 12.0953197427, 50.5963359897, 0.0558823306691, 0.0
0.149856823198, 1.18359563489, 2.00662873382, 0.946397113815, 80.8317856355, 5.27881291242, 0.815550834872, 0.201008559615, 12.0953197427, 75.5520662733, 0.0776743057172, 0.363636363636
