0.00314277569996, 0.937035869598, 0.315060114806, 0.120137496034, 0.453249118125, 0.507148737414, 0.178283302716, 0.0451310211803, 0.746089504972, 0.0836548322113, 0.971054795484, 0.20828930152, 0.428515639619, 0.0465968994594, 110.344574996, 21.0740537225, 60.6285085393, 1286.48933496, 6.3822025176
0.999305703206, 0.0721071713849, 0.945029860854, 0.924372043711, 0.000849110898408, 0.376720839507, 0.0549951275766, 0.582522127188, 0.637367641767, 0.729420730578, 0.890586855582, 0.671121943292, 0.0449596537087, 0.969294459016, 0.0135529150095, 0.113548322603, 1.32106601962, 0.15083657468, 1223.69198518
0.999305703206, 0.0721071713849, 0.945029860854, 0.924372043711, 0.000849110898408, 0.376720839507, 0.0549951275766, 0.582522127188, 0.637367641767, 0.729420730578, 0.890586855582, 0.671121943292, 0.0449596537087, 0.969294459016, 0.0135529150095, 0.113548322603, 1.32106601962, 0.15083657468, 1223.69198518
0.128531263426, 0.038682034256, 0.00174425402896, 0.612306232855, 0.10464004467, 0.645280882007, 0.735333033373, 0.32823055761, 0.953983860883, 0.856556042386, 0.569794854434, 0.980636136677, 0.983170204755, 0.854243563541, 802.060215872, 1150.0497491, 3.84160818867, 85.2998192202, 287.522975157
0.0741891787541, 0.00119807637322, 0.730556945272, 0.649914272283, 0.591174151555, 0.16013690374, 0.00328592339217, 0.734121190746, 0.875263515576, 0.219596961711, 0.569794854434, 0.751721654841, 0.767469531288, 0.0574274709237, 273.359099453, 445.94670169, 1161.16093198, 2.39670936571, 149.088431247
0.808532138896, 0.99131678866, 0.0244365638712, 0.774757686531, 0.886156536835, 0.46598102148, 0.425073455282, 0.231615789469, 0.10508203961, 0.271162424592, 0.636478328586, 0.0502096957009, 0.994671235078, 0.99655138281, 1.46705189207, 3.97196177236, 0.162610298069, 310.647242603, 1001.64507496
0.000285111473445, 0.0156510219152, 0.177868950542, 0.430790462816, 0.217193075652, 0.308284063753, 0.0277077312213, 0.32823055761, 0.570195202644, 0.596347466093, 0.825507338497, 0.428994758014, 0.988965533725, 0.937943676271, 713.894364395, 573.3940324, 262.702050889, 23.4238687053, 0.426750853105
0.270789207377, 0.0721071713849, 0.0168787176388, 0.118115874117, 0.0575699863839, 0.16630399833, 0.735333033373, 0.32823055761, 0.95530825525, 0.856556042386, 0.584537484332, 0.755935137712, 0.515585660967, 0.293009573097, 1230.01891843, 230.867968592, 33.1887707836, 142.411101298, 570.798521205
0.252491082427, 0.933403122262, 0.996005311109, 0.0837862547208, 0.591174151555, 0.16013690374, 0.0277982060052, 0.734121190746, 0.875263515576, 0.138659058672, 0.531675611939, 0.751721654841, 0.382154496509, 0.404364763412, 0.730074419339, 0.0966445823586, 117.36289566, 1117.83411815, 470.728242353
0.270789207377, 0.0721071713849, 0.0168787176388, 0.118115874117, 0.0575699863839, 0.16630399833, 0.735333033373, 0.32823055761, 0.95530825525, 0.856556042386, 0.584537484332, 0.755935137712, 0.515585660967, 0.293009573097, 1230.01891843, 230.867968592, 33.1887707836, 142.411101298, 570.798521205
0.0910525117393, 0.556463419305, 0.945029860854, 0.799902254652, 0.984363955672, 0.922790191764, 0.591220040667, 0.585434493135, 0.847160179737, 0.259127576828, 0.0361212395772, 0.973557211821, 0.495134813435, 0.0423057079938, 19.6461840649, 60.4331636516, 734.112713705, 880.700674147, 165.364691318
0.118284898752, 0.00119807637322, 0.0540974758866, 0.120137496034, 0.886156536835, 0.872407162098, 0.0298581004621, 0.614466565626, 0.0748640232937, 0.219596961711, 0.584537484332, 0.962255123184, 0.183878192818, 0.0574274709237, 1029.59469507, 196.636163736, 89.287296735, 1.97979618853, 197.744216127
0.0198655821037, 0.42915595841, 0.204139736657, 0.104351812995, 0.279209409711, 0.472802369434, 0.202680576812, 0.742752529652, 0.556737187071, 0.0452696050319, 0.278162089833, 0.701516641174, 0.960679341732, 0.876094765525, 880.169954291, 145.579615038, 296.297344809, 751.073990195, 37.5591692583
0.429894077204, 0.536651704734, 0.903032357504, 0.957721927791, 0.319556361809, 0.472802369434, 0.202680576812, 0.742752529652, 0.933145660526, 0.964967494289, 0.584698682149, 0.207400679756, 0.960679341732, 0.876094765525, 5.7944085147, 87.1234250056, 568.813287172, 645.869536734, 692.803425865
0.128531263426, 0.0152171298175, 0.378052608622, 0.742539470553, 0.596005791453, 0.885637405369, 0.735333033373, 0.0472654903096, 0.953983860883, 0.856556042386, 0.569794854434, 0.887844823233, 0.515585660967, 0.579467459368, 369.688442317, 863.736251707, 634.308858314, 27.1017066559, 232.098178857
0.0261906837933, 0.816247859491, 0.204139736657, 0.00156625685951, 0.449104161333, 0.472802369434, 0.54295350181, 0.291763723526, 0.3200572121, 0.213984792246, 0.273178879722, 0.701516641174, 0.552361991601, 0.438000868206, 305.937691259, 0.752691001955, 101.609621382, 1085.68241791, 46.618940658
0.128531263426, 0.260902649819, 0.00174425402896, 0.612306232855, 0.10464004467, 0.645280882007, 0.735333033373, 0.32823055761, 0.953983860883, 0.856556042386, 0.214781545137, 0.887844823233, 0.983170204755, 0.854243563541, 670.19752939, 960.975853521, 3.21002870605, 508.970638945, 261.460816464
0.128531263426, 0.038682034256, 0.00174425402896, 0.612306232855, 0.10464004467, 0.645280882007, 0.735333033373, 0.32823055761, 0.953983860883, 0.856556042386, 0.569794854434, 0.980636136677, 0.983170204755, 0.854243563541, 802.060215872, 1150.0497491, 3.84160818867, 85.2998192202, 287.522975157
0.0669056058262, 0.00505847424755, 0.0563632662262, 0.691068185045, 0.372684462451, 0.966342769675, 0.353577303906, 0.426259962515, 0.714468620534, 0.881287879434, 0.273178879722, 0.989322764669, 0.956012061354, 0.791490513127, 515.766093581, 978.077579746, 98.1530944276, 8.82072015059, 117.099390725
0.53297496375, 0.00814366010327, 0.730556945272, 0.171608476315, 0.300759424424, 0.427022642322, 0.680991680159, 0.00332922317503, 0.386798411616, 0.208149442768, 0.724810360093, 0.405217249031, 0.255719373413, 0.0465988264354, 210.628606023, 58.1938626578, 485.098960109, 6.80630824444, 590.275679321
0.00440299269385, 0.40659599467, 0.378052608622, 0.0513158540448, 0.716899821805, 0.197225442839, 0.469002081401, 0.985626291749, 0.00208892412893, 0.32584796838, 0.464661943362, 0.229086410239, 0.988965533725, 0.292458706994, 501.349698457, 40.4999257516, 339.582248864, 450.607116803, 5.22790451137
0.128531263426, 0.0721071713849, 0.00174425402896, 0.612306232855, 0.10464004467, 0.645280882007, 0.735333033373, 0.32823055761, 0.953983860883, 0.856556042386, 0.584698682149, 0.887844823233, 0.99683078745, 0.854243563541, 696.877167694, 999.23097543, 3.33781551675, 138.578029415, 250.9639857
0.622417381576, 0.965983435846, 0.00713872861334, 0.341604842881, 0.498847109176, 0.566684998527, 0.559685603916, 0.302540885, 0.349093498628, 0.203256909799, 0.569794854434, 0.0762961657192, 0.47317356513, 0.467479081252, 26.9824831193, 16.0493429488, 0.352060408373, 587.031796376, 872.130905589
0.0990530405082, 0.119556834876, 0.633650026829, 0.957721927791, 0.155556760248, 0.656755655786, 0.164641196615, 0.411348460985, 0.895646133934, 0.0739565955064, 0.405988102598, 0.926587484333, 0.393280584934, 0.617345651123, 33.0376851827, 496.747214158, 767.449056992, 173.844241872, 146.060936514
0.175826341071, 0.126214299738, 0.888886059219, 0.705232902112, 0.451531132414, 0.885637405369, 0.591220040667, 0.415475227705, 0.373224926334, 0.439762828941, 0.608431344929, 0.068923693033, 0.336844517436, 0.294937010114, 70.0283019548, 140.276956913, 889.149740867, 181.382380349, 261.013339184
0.622417381576, 0.965983435846, 0.00713872861334, 0.341604842881, 0.498847109176, 0.566684998527, 0.559685603916, 0.302540885, 0.349093498628, 0.203256909799, 0.569794854434, 0.0762961657192, 0.47317356513, 0.467479081252, 26.9824831193, 16.0493429488, 0.352060408373, 587.031796376, 872.130905589
0.0669056058262, 0.329710246003, 0.139698439105, 0.691068185045, 0.372684462451, 0.966342769675, 0.353577303906, 0.585434493135, 0.212675436106, 0.584717310618, 0.674778328049, 0.989322764669, 0.956012061354, 0.791490513127, 392.581838232, 744.476030839, 187.711226815, 491.340187595, 104.69044079
0.274713480108, 0.480457189322, 0.82721540258, 0.0126176661323, 0.99239218877, 0.592615837518, 0.0298581004621, 0.0455822917929, 0.701159560055, 0.28489420968, 0.68657604718, 0.402357269506, 0.971189789371, 0.0574274709237, 152.779045457, 3.02844418033, 549.127508123, 536.029565771, 360.284930787
0.0637142648406, 0.0567916642517, 0.204139736657, 0.00156625685951, 0.362667465103, 0.684035595362, 0.54295350181, 0.291763723526, 0.3200572121, 0.432711515874, 0.273178879722, 0.0183672883943, 0.658144922468, 0.389589824023, 997.86969189, 2.45503434088, 331.417685621, 94.0492321674, 106.007584701
0.0583330828609, 0.00997413208755, 0.587696294971, 0.233062006174, 0.82243837757, 0.568251392282, 0.591220040667, 0.585434493135, 0.195764946288, 0.259127576828, 0.227759110388, 0.579955908388, 0.507828144081, 0.970655604797, 477.112984841, 182.913244994, 675.448541562, 13.2705355073, 77.8330150289
0.336233811576, 0.00119807637322, 0.931934072839, 0.929783224567, 0.886156536835, 0.872407162098, 0.0298581004621, 0.614466565626, 0.246097353911, 0.219596961711, 0.584537484332, 0.962255123184, 0.838251193206, 0.0574274709237, 13.0200441841, 117.567039206, 1102.1067795, 2.08600625987, 646.708378705
0.114987402872, 0.381418017459, 0.28626700169, 0.443126733028, 0.217193075652, 0.470666455214, 0.702528519714, 0.266775571198, 0.701159560055, 0.580747392449, 0.920441766659, 0.919006993535, 0.675106703146, 0.482471779816, 418.889985087, 350.015475485, 263.463692254, 413.901720046, 134.031148885
0.0713473961798, 0.0156510219152, 0.00713872861334, 0.430790462816, 0.217193075652, 0.308284063753, 0.0277077312213, 0.0472654903096, 0.570195202644, 0.596347466093, 0.775596331414, 0.428994758014, 0.592897178201, 0.937943676271, 776.436423288, 623.627295375, 11.1676870969, 24.4895990334, 112.120357186
0.0180333481154, 0.345037480884, 0.945738254521, 0.411809967797, 0.119053596915, 0.616255227408, 0.864058672698, 0.868047439893, 0.957231083146, 0.68644542409, 0.510225084334, 0.926587484333, 0.770558362541, 0.127921850897, 65.3952062032, 49.3914686185, 959.157321257, 579.64084749, 31.8390041994
0.0893002135468, 0.140243139077, 0.477691566763, 0.934054818712, 0.655710215185, 0.308284063753, 0.396897178281, 0.053780414519, 0.281370398248, 0.32584796838, 0.639679515719, 0.925310225948, 0.988965533725, 0.805114971024, 70.9841737018, 682.812303772, 639.990450704, 210.165155597, 135.803680948
0.306177548006, 0.0276574511965, 0.633650026829, 0.929783224567, 0.155556760248, 0.0824433946442, 0.164641196615, 0.411348460985, 0.68806230934, 0.0739565955064, 0.129499387027, 0.926587484333, 0.393280584934, 0.617345651123, 51.2572828712, 462.837675487, 717.846279168, 37.1967681812, 446.91173251
0.000285111473445, 0.0156510219152, 0.177868950542, 0.430790462816, 0.217193075652, 0.308284063753, 0.0277077312213, 0.32823055761, 0.570195202644, 0.596347466093, 0.825507338497, 0.428994758014, 0.988965533725, 0.937943676271, 713.894364395, 573.3940324, 262.702050889, 23.4238687053, 0.426750853105
0.336233811576, 0.00119807637322, 0.903032357504, 0.466794652533, 0.886156536835, 0.872407162098, 0.0298581004621, 0.614466565626, 0.246097353911, 0.219596961711, 0.584537484332, 0.962255123184, 0.838251193206, 0.0574274709237, 124.960185704, 112.560153846, 1095.60305195, 2.08600625987, 646.708378705
0.0129766576576, 0.345037480884, 0.997441108963, 0.411809967797, 0.119053596915, 0.616255227408, 0.864058672698, 0.868047439893, 0.957231083146, 0.346062899466, 0.510225084334, 0.926587484333, 0.770558362541, 0.0894924271105, 3.2736570792, 2.47251656937, 1020.63446036, 614.558761165, 24.2881458592
0.0686579036383, 0.140243139077, 0.859823429665, 0.934054818712, 0.241132466327, 0.135409284931, 0.396897178281, 0.010256361868, 0.875263515576, 0.754646239237, 0.639679515719, 0.896567125261, 0.651757695288, 0.0205440476193, 26.8431959505, 258.210577256, 1159.8819049, 266.155479259, 131.87152981
0.914389495968, 0.990160129913, 0.223055406233, 0.774757686531, 0.971665052781, 0.46598102148, 0.425073455282, 0.266636821533, 0.182105167234, 0.207885588337, 0.629331465456, 0.635807571458, 0.997733513743, 0.971506319325, 0.745121047136, 2.01737398043, 0.785936836538, 148.126809872, 1094.98858361
0.139943306745, 0.709260090608, 0.563337005485, 0.840034398341, 0.144558180653, 0.628155983728, 0.702528519714, 0.302540885, 0.2731823119, 0.203256909799, 0.080048418987, 0.926609787264, 0.675106703146, 0.467479081252, 63.0250595733, 245.52147435, 309.697716998, 814.526532871, 202.773167968
0.306177548006, 0.0276574511965, 0.633650026829, 0.929783224567, 0.155556760248, 0.0824433946442, 0.164641196615, 0.411348460985, 0.68806230934, 0.0739565955064, 0.129499387027, 0.926587484333, 0.393280584934, 0.617345651123, 51.2572828712, 462.837675487, 717.846279168, 37.1967681812, 446.91173251
0.255926070982, 0.00986328987198, 0.711101848173, 0.85366169181, 0.204682669452, 0.89133833496, 0.737494496263, 0.888682133518, 0.186113900085, 0.346062899466, 0.584212884522, 0.628948641938, 0.331405654566, 0.0158275216773, 81.5727943532, 348.596040265, 734.008356984, 12.6537813192, 347.256448413
0.429894077204, 0.00997413208755, 0.587696294971, 0.481635962173, 0.82243837757, 0.0682895095666, 0.96323021777, 0.402169472394, 0.195764946288, 0.731201307479, 0.11829955512, 0.769157498378, 0.507828144081, 0.979297028763, 317.330000347, 299.530990424, 576.828618367, 11.3329501666, 579.338087359
0.175826341071, 0.126214299738, 0.888886059219, 0.705232902112, 0.451531132414, 0.885637405369, 0.591220040667, 0.415475227705, 0.373224926334, 0.439762828941, 0.608431344929, 0.068923693033, 0.336844517436, 0.294937010114, 70.0283019548, 140.276956913, 889.149740867, 181.382380349, 261.013339184
0.0365009526027, 0.875715209366, 0.394989249115, 0.00860812801429, 0.233295296574, 0.656755655786, 0.864058672698, 0.489586582639, 0.895646133934, 0.859302882269, 0.28730634947, 0.926587484333, 0.35600725334, 0.0788708004545, 191.601669672, 2.59092208137, 136.928204616, 1191.00445288, 69.6855955907
0.336233811576, 0.00119807637322, 0.0540974758866, 0.104351812995, 0.886156536835, 0.872407162098, 0.0435183812969, 0.614466565626, 0.0748640232937, 0.219596961711, 0.584537484332, 0.962255123184, 0.183878192818, 0.824710947317, 875.203988286, 144.758247056, 75.563829043, 1.67550128855, 519.442699035
0.429894077204, 0.536651704734, 0.903032357504, 0.957721927791, 0.319556361809, 0.472802369434, 0.202680576812, 0.742752529652, 0.933145660526, 0.964967494289, 0.584698682149, 0.207400679756, 0.960679341732, 0.876094765525, 5.7944085147, 87.1234250056, 568.813287172, 645.869536734, 692.803425865
0.306515238481, 0.350548760266, 0.0580219416446, 0.481635962173, 0.393340706734, 0.49170182407, 0.259337662118, 0.614466565626, 0.338584900613, 0.208149442768, 0.27935727025, 0.68835441428, 0.395468838968, 0.544727579599, 415.243545579, 391.952574099, 52.1869311019, 352.054818737, 351.550988006
0.128531263426, 0.0152171298175, 0.177868950542, 0.742539470553, 0.596005791453, 0.885637405369, 0.735333033373, 0.32823055761, 0.953983860883, 0.856556042386, 0.569794854434, 0.887844823233, 0.515585660967, 0.579467459368, 393.227309351, 918.732217104, 286.713347995, 24.8558336995, 212.864592214
0.91251092643, 0.536651704734, 0.903032357504, 0.957721927791, 0.319556361809, 0.472802369434, 0.202680576812, 0.742752529652, 0.933145660526, 0.964967494289, 0.827568827325, 0.207400679756, 0.960679341732, 0.876094765525, 1.09346162452, 16.4410433953, 107.340637005, 121.881905819, 1180.37024265
0.139943306745, 0.709260090608, 0.563337005485, 0.840034398341, 0.144558180653, 0.628155983728, 0.702528519714, 0.302540885, 0.2731823119, 0.203256909799, 0.080048418987, 0.926609787264, 0.675106703146, 0.467479081252, 63.0250595733, 245.52147435, 309.697716998, 814.526532871, 202.773167968
0.53297496375, 0.00814366010327, 0.730556945272, 0.171608476315, 0.300759424424, 0.427022642322, 0.680991680159, 0.00332922317503, 0.386798411616, 0.208149442768, 0.724810360093, 0.405217249031, 0.255719373413, 0.0465988264354, 210.628606023, 58.1938626578, 485.098960109, 6.80630824444, 590.275679321
0.118284898752, 0.00119807637322, 0.0540974758866, 0.120137496034, 0.886156536835, 0.872407162098, 0.0298581004621, 0.614466565626, 0.0748640232937, 0.219596961711, 0.584537484332, 0.962255123184, 0.183878192818, 0.0574274709237, 1029.59469507, 196.636163736, 89.287296735, 1.97979618853, 197.744216127
0.306515238481, 0.350548760266, 0.0580219416446, 0.481635962173, 0.393340706734, 0.49170182407, 0.259337662118, 0.614466565626, 0.338584900613, 0.208149442768, 0.27935727025, 0.68835441428, 0.395468838968, 0.544727579599, 415.243545579, 391.952574099, 52.1869311019, 352.054818737, 351.550988006
0.0669056058262, 0.329710246003, 0.177868950542, 0.691068185045, 0.372684462451, 0.966342769675, 0.526116061175, 0.426259962515, 0.714468620534, 0.584717310618, 0.674778328049, 0.989322764669, 0.956012061354, 0.791490513127, 379.252784629, 719.199362498, 233.269664889, 481.965302906, 102.692922909
0.247920389586, 0.0303718234994, 0.0149180484093, 0.953121612676, 0.395290674062, 0.386892931451, 0.316959834612, 0.0360253266988, 0.800472253968, 0.596347466093, 0.250423417962, 0.47222554546, 0.983170204755, 0.68602559106, 49.6263079816, 672.718654255, 15.8096905693, 32.2145180996, 277.219722661
0.117770926282, 0.381418017459, 0.28626700169, 0.793930280003, 0.220499985258, 0.68286435502, 0.702528519714, 0.266775571198, 0.701159560055, 0.580747392449, 0.920441766659, 0.896567125261, 0.675106703146, 0.482471779816, 146.797500458, 437.556744935, 222.752602742, 349.944558323, 116.126319508
0.0990530405082, 0.119556834876, 0.633650026829, 0.957721927791, 0.155556760248, 0.656755655786, 0.164641196615, 0.411348460985, 0.895646133934, 0.0739565955064, 0.405988102598, 0.926587484333, 0.393280584934, 0.617345651123, 33.0376851827, 496.747214158, 767.449056992, 173.844241872, 146.060936514
0.0910525117393, 0.556463419305, 0.945029860854, 0.799902254652, 0.984363955672, 0.922790191764, 0.591220040667, 0.585434493135, 0.847160179737, 0.259127576828, 0.0361212395772, 0.973557211821, 0.495134813435, 0.0423057079938, 19.6461840649, 60.4331636516, 734.112713705, 880.700674147, 165.364691318
0.128531263426, 0.0152171298175, 0.378052608622, 0.742539470553, 0.596005791453, 0.885637405369, 0.735333033373, 0.0472654903096, 0.953983860883, 0.856556042386, 0.569794854434, 0.887844823233, 0.515585660967, 0.579467459368, 369.688442317, 863.736251707, 634.308858314, 27.1017066559, 232.098178857
0.0180333481154, 0.345037480884, 0.945738254521, 0.411809967797, 0.119053596915, 0.616255227408, 0.864058672698, 0.868047439893, 0.957231083146, 0.68644542409, 0.510225084334, 0.926587484333, 0.770558362541, 0.127921850897, 65.3952062032, 49.3914686185, 959.157321257, 579.64084749, 31.8390041994
0.0713473961798, 0.0156510219152, 0.00713872861334, 0.430790462816, 0.217193075652, 0.308284063753, 0.0277077312213, 0.0472654903096, 0.570195202644, 0.596347466093, 0.775596331414, 0.428994758014, 0.592897178201, 0.937943676271, 776.436423288, 623.627295375, 11.1676870969, 24.4895990334, 112.120357186
0.0669056058262, 0.329710246003, 0.139698439105, 0.691068185045, 0.372684462451, 0.966342769675, 0.353577303906, 0.585434493135, 0.212675436106, 0.584717310618, 0.674778328049, 0.989322764669, 0.956012061354, 0.791490513127, 392.581838232, 744.476030839, 187.711226815, 491.340187595, 104.69044079
0.128531263426, 0.0721071713849, 0.177868950542, 0.38798746187, 0.38579899107, 0.16630399833, 0.735333033373, 0.32823055761, 0.95530825525, 0.856556042386, 0.584537484332, 0.887844823233, 0.515585660967, 0.293009573097, 810.539055423, 565.836858777, 283.602864404, 116.981398865, 211.852616434
0.0741891787541, 0.91842899111, 0.138507345171, 0.0837862547208, 0.591174151555, 0.16013690374, 0.0277982060052, 0.734121190746, 0.556737187071, 0.138659058672, 0.608431344929, 0.751721654841, 0.391647864293, 0.876094765525, 151.230795406, 20.0193797709, 33.7236318242, 1212.6396555, 143.132847589
0.118284898752, 0.926650673295, 0.667076907639, 0.120137496034, 0.453249118125, 0.566684998527, 0.328407576071, 0.474971235084, 0.746089504972, 0.0836548322113, 0.971054795484, 0.402357269506, 0.376527701215, 0.0465968994594, 72.141565248, 13.7778882353, 127.400794903, 1270.68037512, 240.443347705
0.429894077204, 0.277059172146, 0.00713872861334, 0.693138348243, 0.421887541987, 0.885637405369, 0.591220040667, 0.0824690308948, 0.373224926334, 0.439762828941, 0.608431344929, 0.068923693033, 0.00183780185129, 0.467479081252, 281.460470179, 537.98283285, 6.80868803324, 282.308033326, 536.2831418
0.0669056058262, 0.329710246003, 0.177868950542, 0.691068185045, 0.372684462451, 0.966342769675, 0.526116061175, 0.426259962515, 0.714468620534, 0.584717310618, 0.674778328049, 0.989322764669, 0.956012061354, 0.791490513127, 379.252784629, 719.199362498, 233.269664889, 481.965302906, 102.692922909
0.00440299269385, 0.0156510219152, 0.378052608622, 0.430790462816, 0.217193075652, 0.0217619594664, 0.0277077312213, 0.0456671113351, 0.570195202644, 0.32584796838, 0.825507338497, 0.428994758014, 0.988965533725, 0.805114971024, 684.646141607, 549.902102443, 592.865716809, 26.0535519697, 7.33031908039
0.0339748381718, 0.0384438566395, 0.0168787176388, 0.525390573863, 0.692144521033, 0.000154552132466, 0.723502124323, 0.0314166850724, 0.714468620534, 0.472148320227, 0.0291470485743, 0.668436574766, 0.112325979836, 0.05331659198, 683.784464294, 740.62492407, 26.7316913116, 60.9667684726, 53.9635096247
0.0713473961798, 0.40659599467, 0.652130330677, 0.0513158540448, 0.893495201831, 0.601374378221, 0.0637590764594, 0.985626291749, 0.00208892412893, 0.292430614407, 0.464661943362, 0.182549193845, 0.464069413496, 0.0012575111588, 300.230014221, 24.2531177774, 495.239124728, 430.38237144, 81.251415074
0.429894077204, 0.00997413208755, 0.587696294971, 0.481635962173, 0.82243837757, 0.0682895095666, 0.96323021777, 0.402169472394, 0.195764946288, 0.731201307479, 0.11829955512, 0.769157498378, 0.507828144081, 0.979297028763, 317.330000347, 299.530990424, 576.828618367, 11.3329501666, 579.338087359
0.128531263426, 0.260902649819, 0.00174425402896, 0.612306232855, 0.10464004467, 0.645280882007, 0.735333033373, 0.32823055761, 0.953983860883, 0.856556042386, 0.214781545137, 0.887844823233, 0.983170204755, 0.854243563541, 670.19752939, 960.975853521, 3.21002870605, 508.970638945, 261.460816464
0.336233811576, 0.926650673295, 0.667076907639, 0.104351812995, 0.453249118125, 0.628155983728, 0.328407576071, 0.474971235084, 0.746089504972, 0.0836548322113, 0.971054795484, 0.402357269506, 0.376527701215, 0.0465968994594, 62.264376877, 10.2984928901, 109.473124479, 1091.87192265, 641.294796961
0.0583330828609, 0.00997413208755, 0.587696294971, 0.233062006174, 0.82243837757, 0.568251392282, 0.591220040667, 0.585434493135, 0.195764946288, 0.259127576828, 0.227759110388, 0.579955908388, 0.507828144081, 0.970655604797, 477.112984841, 182.913244994, 675.448541562, 13.2705355073, 77.8330150289
0.128531263426, 0.0721071713849, 0.177868950542, 0.38798746187, 0.38579899107, 0.16630399833, 0.735333033373, 0.32823055761, 0.95530825525, 0.856556042386, 0.584537484332, 0.887844823233, 0.515585660967, 0.293009573097, 810.539055423, 565.836858777, 283.602864404, 116.981398865, 211.852616434
0.511393963849, 0.0156510219152, 0.0149180484093, 0.639540767059, 0.395290674062, 0.31417124423, 0.329722328599, 0.266775571198, 0.800472253968, 0.604898802007, 0.348721941727, 0.47222554546, 0.102070820158, 0.293009573097, 260.087837666, 409.180127777, 11.3635426495, 11.9253652397, 502.807604171
0.175216727724, 0.277059172146, 0.607482819999, 0.693138348243, 0.596005791453, 0.285276628302, 0.574594773862, 0.0824690308948, 0.373224926334, 0.439762828941, 0.608431344929, 0.068923693033, 0.00633374125911, 0.294937010114, 170.769952477, 326.409256478, 519.77391056, 296.200019846, 198.403490528
0.0637142648406, 0.0567916642517, 0.204139736657, 0.00156625685951, 0.362667465103, 0.684035595362, 0.54295350181, 0.291763723526, 0.3200572121, 0.432711515874, 0.273178879722, 0.0183672883943, 0.658144922468, 0.389589824023, 997.86969189, 2.45503434088, 331.417685621, 94.0492321674, 106.007584701
0.274713480108, 0.480457189322, 0.82721540258, 0.0126176661323, 0.99239218877, 0.592615837518, 0.0298581004621, 0.0455822917929, 0.701159560055, 0.28489420968, 0.68657604718, 0.402357269506, 0.971189789371, 0.0574274709237, 152.779045457, 3.02844418033, 549.127508123, 536.029565771, 360.284930787
0.426280590343, 0.842201073262, 0.229754584412, 0.0331365510276, 0.971665052781, 0.872407162098, 0.265159682898, 0.614466565626, 0.71894012651, 0.138659058672, 0.874514229093, 0.30577522562, 0.309646279197, 0.404364763412, 159.467681831, 8.30792024091, 60.2691984988, 674.422839749, 550.706470949
0.114987402872, 0.381418017459, 0.28626700169, 0.443126733028, 0.217193075652, 0.470666455214, 0.702528519714, 0.266775571198, 0.701159560055, 0.580747392449, 0.920441766659, 0.919006993535, 0.675106703146, 0.482471779816, 418.889985087, 350.015475485, 263.463692254, 413.901720046, 134.031148885
0.175216727724, 0.277059172146, 0.607482819999, 0.693138348243, 0.596005791453, 0.285276628302, 0.574594773862, 0.0824690308948, 0.373224926334, 0.439762828941, 0.608431344929, 0.068923693033, 0.00633374125911, 0.294937010114, 170.769952477, 326.409256478, 519.77391056, 296.200019846, 198.403490528
0.649424417047, 0.5629688444, 0.947263553101, 0.742858121036, 0.38579899107, 0.393544973464, 0.000792681778545, 0.458239257924, 0.101325893255, 0.210380441908, 0.872130857012, 0.114408658368, 0.084418721731, 0.681042411679, 6.67268159641, 15.6115810391, 204.482437855, 250.395731433, 527.204343095
0.314727918797, 0.0152171298175, 0.945029860854, 0.996234036226, 0.373578842925, 0.225513069196, 0.0549951275766, 0.618579779598, 0.331715506311, 0.974181317488, 0.000962991396008, 0.429706359114, 0.463113197305, 0.0845373222292, 0.518262103992, 87.6089293272, 1012.11075813, 24.2875890509, 547.743515911
0.91251092643, 0.536651704734, 0.903032357504, 0.957721927791, 0.319556361809, 0.472802369434, 0.202680576812, 0.742752529652, 0.933145660526, 0.964967494289, 0.827568827325, 0.207400679756, 0.960679341732, 0.876094765525, 1.09346162452, 16.4410433953, 107.340637005, 121.881905819, 1180.37024265
0.511393963849, 0.0156510219152, 0.0149180484093, 0.639540767059, 0.395290674062, 0.31417124423, 0.329722328599, 0.266775571198, 0.800472253968, 0.604898802007, 0.348721941727, 0.47222554546, 0.102070820158, 0.293009573097, 260.087837666, 409.180127777, 11.3635426495, 11.9253652397, 502.807604171
0.399822247304, 0.808909433254, 0.89162722637, 0.0326512584256, 0.99845987735, 0.567955980646, 0.0802782275999, 0.426259962515, 0.634737859504, 0.575019862439, 0.540442740952, 0.882411164069, 0.896776833083, 0.999041970324, 37.1627410462, 1.90769340956, 216.478825952, 709.667840871, 539.419772724
0.128531263426, 0.0152171298175, 0.177868950542, 0.742539470553, 0.596005791453, 0.885637405369, 0.735333033373, 0.32823055761, 0.953983860883, 0.856556042386, 0.569794854434, 0.887844823233, 0.515585660967, 0.579467459368, 393.227309351, 918.732217104, 286.713347995, 24.8558336995, 212.864592214
0.0686579036383, 0.140243139077, 0.859823429665, 0.934054818712, 0.241132466327, 0.135409284931, 0.396897178281, 0.010256361868, 0.875263515576, 0.754646239237, 0.639679515719, 0.896567125261, 0.651757695288, 0.0205440476193, 26.8431959505, 258.210577256, 1159.8819049, 266.155479259, 131.87152981
