1.0, 1.0, 1.0, 0.0, 1.0, 0.0, 1.0, 0.0, 1.0, 1.0, 0.0, 0.0, 1.31228980983e-32, 2.14313189851e-16, 3.5
1.0, 1.0, 1.0, 0.0, 1.0, 0.0, 1.0, 0.0, 1.0, 1.0, 0.0, 0.0, 1.31228980983e-32, 2.14313189851e-16, 3.5
0.0, 0.0, 0.0, 0.0, 1.0, 0.0, 0.0, 0.0, 0.0, 0.0, 0.0, 0.0, 3.5, 0.0, 0.0
0.0, 0.0, 0.0, 0.0, 1.0, 0.0, 0.0, 0.0, 0.0, 0.0, 0.0, 0.0, 3.5, 0.0, 0.0
0.0, 0.0, 0.0, 0.0, 1.0, 1.0, 0.0, 0.0, 0.0, 1.0, 0.0, 0.0, 3.5, 0.0, 0.0
1.0, 1.0, 0.0, 0.0, 1.0, 1.0, 1.0, 0.0, 0.0, 0.0, 0.0, 1.0, 1.31228980983e-32, 2.14313189851e-16, 3.5
1.0, 1.0, 0.0, 0.0, 1.0, 1.0, 1.0, 0.0, 0.0, 0.0, 0.0, 1.0, 1.31228980983e-32, 2.14313189851e-16, 3.5
1.0, 1.0, 0.0, 0.0, 1.0, 0.750459302623, 0.0, 0.0, 1.0, 0.0, 0.0, 1.0, 1.24207475456e-32, 2.02846201113e-16, 3.31272986227
1.0, 0.0, 0.0, 0.0, 0.0, 1.0, 1.0, 0.0, 0.0, 0.0, 0.0, 0.0, 2.14313189851e-16, 0.0, 3.5
1.0, 0.0, 0.0, 0.0, 0.0, 1.0, 1.0, 0.0, 0.0, 0.0, 0.0, 0.0, 2.14313189851e-16, 0.0, 3.5
1.0, 1.0, 0.0, 0.0, 0.716391434341, 1.0, 1.0, 0.0, 0.0, 0.0, 0.0, 1.0, 1.23611148117e-32, 2.01872324663e-16, 3.29682525286
1.0, 1.0, 1.0, 0.0, 1.0, 0.858661928947, 1.0, 0.0, 1.0, 1.0, 0.0, 0.0, 1.26678649035e-32, 2.06881933833e-16, 3.37863837928
1.0, 1.0, 1.0, 0.0, 1.0, 0.858661928947, 1.0, 0.0, 1.0, 1.0, 0.0, 0.0, 1.26678649035e-32, 2.06881933833e-16, 3.37863837928
0.0, 0.0, 0.0, 0.0, 1.0, 0.0, 0.0, 0.0, 0.0, 0.0, 1.0, 1.0, 3.5, 0.0, 0.0
0.0, 0.0, 0.0, 0.0, 1.0, 0.0, 0.0, 0.0, 0.0, 0.0, 1.0, 1.0, 3.5, 0.0, 0.0
1.0, 0.0, 0.0, 1.0, 0.0, 0.0, 0.0, 0.0, 0.0, 0.0, 1.0, 0.0, 2.14313189851e-16, 0.0, 3.5
1.0, 0.0, 0.0, 1.0, 0.0, 0.0, 0.0, 0.0, 0.0, 0.0, 1.0, 0.0, 2.14313189851e-16, 0.0, 3.5
1.0, 0.0, 1.0, 1.0, 0.0, 0.0, 0.0, 0.0, 0.0, 1.0, 1.0, 0.0, 2.14313189851e-16, 0.0, 3.5
1.0, 0.0, 1.0, 1.0, 0.0, 0.0, 0.0, 0.0, 0.0, 1.0, 1.0, 0.0, 2.14313189851e-16, 0.0, 3.5
0.0, 0.0, 0.0, 0.0, 1.0, 1.0, 0.0, 0.753462765721, 0.0, 1.0, 0.0206914994321, 0.0, 3.29398001232, 0.0, 0.0
0.0, 0.0, 0.0, 0.0, 1.0, 1.0, 0.0, 0.753462765721, 0.0, 1.0, 0.0206914994321, 0.0, 3.29398001232, 0.0, 0.0
0.0, 0.0, 0.0, 0.0, 1.0, 1.0, 0.0, 0.753462765721, 0.0, 1.0, 0.0206914994321, 0.0, 3.29398001232, 0.0, 0.0
1.0, 0.0, 1.0, 1.0, 0.0, 0.0, 0.0, 0.0, 0.0, 0.0, 1.0, 0.0, 2.14313189851e-16, 0.0, 3.5
1.0, 0.0, 1.0, 1.0, 0.0, 0.0, 0.0, 0.0, 0.0, 0.0, 1.0, 0.0, 2.14313189851e-16, 0.0, 3.5
1.0, 0.0, 1.0, 1.0, 0.0, 0.0, 0.0, 0.0, 0.0, 0.0, 1.0, 0.0, 2.14313189851e-16, 0.0, 3.5
0.0, 0.0, 1.0, 0.0, 0.0, 1.0, 0.0, 1.0, 0.0, 1.0, 0.0, 0.0, 3.5, 0.0, 0.0
0.0, 0.0, 1.0, 0.0, 0.0, 1.0, 0.0, 1.0, 0.0, 1.0, 0.0, 0.0, 3.5, 0.0, 0.0
1.0, 0.0, 1.0, 1.0, 0.0, 0.0, 0.0, 1.0, 0.0, 1.0, 1.0, 0.0, 2.14313189851e-16, 0.0, 3.5
1.0, 0.0, 1.0, 1.0, 0.0, 0.0, 0.0, 1.0, 0.0, 1.0, 1.0, 0.0, 2.14313189851e-16, 0.0, 3.5
1.0, 0.0, 1.0, 1.0, 0.0, 0.0, 0.0, 1.0, 0.0, 1.0, 1.0, 0.0, 2.14313189851e-16, 0.0, 3.5
0.898173121358, 0.92308243982, 0.540599924948, 0.391296050235, 0.705283399854, 0.275634121312, 0.811628708508, 0.849485965186, 0.895038967427, 0.589801183531, 0.949764873232, 0.579695010746, 0.0325944992029, 0.268459293913, 1.67628505926
0.898173121358, 0.92308243982, 0.540599924948, 0.391296050235, 0.705283399854, 0.275634121312, 0.811628708508, 0.849485965186, 0.895038967427, 0.589801183531, 0.949764873232, 0.579695010746, 0.0325944992029, 0.268459293913, 1.67628505926
1.0, 0.599122891728, 0.439634221168, 1.0, 0.73257452644, 0.912680770034, 0.607466493233, 0.60144196297, 0.294847514589, 0.577561791247, 1.0, 0.42391500627, 6.50434539236e-17, 8.92657431165e-17, 1.80377217458
1.0, 0.599122891728, 0.439634221168, 1.0, 0.73257452644, 0.912680770034, 0.607466493233, 0.60144196297, 0.294847514589, 0.577561791247, 1.0, 0.42391500627, 6.50434539236e-17, 8.92657431165e-17, 1.80377217458
