1.0, 0.0, 0.0, 1.0, 0.0, 1.0, 0.0, 0.0, 0.0, 0.0, 0.0, 0.0, 1.0, 1.0, 1.0, 1.0, 1.0, 1.0, 1.0, 1.0, 0.0, 1.0, 0.0, 1.0, 0.0, 0.0, 1.0, 0.0, 13, 0, 11.849475882
0.0, 0.0, 1.0, 1.0, 0.0, 0.0, 0.0, 0.0, 0.0, 0.0, 0.0, 0.0, 0.0, 1.0, 0.0, 1.0, 0.0, 0.0, 0.0, 0.0, 1.0, 0.0, 0.0, 0.0, 0.0, 0.0, 0.0, 0.0, 32, 0, 5.91942247457
0.0, 0.0152798102332, 0.0, 0.0141714123133, 0.00198419524324, 0.997220044077, 0.0, 0.0, 0.00741948562389, 0.00216831670716, 0.0, 0.0, 0.0, 0.0, 0.0209355664793, 1.0, 1.0, 0.0168504832738, 0.978387882216, 0.981556758791, 0.99989782809, 0.0162475987605, 0.00662171399389, 0.959571616309, 0.0352414575362, 0.0, 0.0193845395637, 0.00460866644232, 30, 1, 4.90339746324
0.0, 0.0152798102332, 0.0, 0.0141714123133, 0.00198419524324, 0.997220044077, 0.0, 0.0, 0.00741948562389, 0.00216831670716, 0.0, 0.0, 0.0, 0.0, 0.0209355664793, 1.0, 1.0, 0.0168504832738, 0.978387882216, 0.981556758791, 0.99989782809, 0.0162475987605, 0.00662171399389, 0.959571616309, 0.0352414575362, 0.0, 0.0193845395637, 0.00460866644232, 30, 1, 4.90339746324
1.0, 1.0, 0.0097785263953, 1.0, 0.999984255328, 0.00428254709225, 5.66086686897e-05, 1.0, 0.0, 1.0, 0.0, 0.0, 1.0, 0.986556950729, 1.0, 1.0, 0.985285713321, 0.966776794942, 1.0, 1.0, 0.999994401106, 0.0, 0.0, 0.983961460366, 0.000157254835967, 0.0, 0.0, 0.00485927179559, 13, 0, 13.7425074049
1.0, 1.0, 0.0097785263953, 1.0, 0.999984255328, 0.00428254709225, 5.66086686897e-05, 1.0, 0.0, 1.0, 0.0, 0.0, 1.0, 0.986556950729, 1.0, 1.0, 0.985285713321, 0.966776794942, 1.0, 1.0, 0.999994401106, 0.0, 0.0, 0.983961460366, 0.000157254835967, 0.0, 0.0, 0.00485927179559, 13, 0, 13.7425074049
1.0, 1.0, 0.0097785263953, 1.0, 0.999984255328, 0.00428254709225, 5.66086686897e-05, 1.0, 0.0, 1.0, 0.0, 0.0, 1.0, 0.986556950729, 1.0, 1.0, 0.985285713321, 0.966776794942, 1.0, 1.0, 0.999994401106, 0.0, 0.0, 0.983961460366, 0.000157254835967, 0.0, 0.0, 0.00485927179559, 13, 0, 13.7425074049
1.0, 1.0, 0.0097785263953, 1.0, 0.999984255328, 0.00428254709225, 5.66086686897e-05, 1.0, 0.0, 1.0, 0.0, 0.0, 1.0, 0.986556950729, 1.0, 1.0, 0.985285713321, 0.966776794942, 1.0, 1.0, 0.999994401106, 0.0, 0.0, 0.983961460366, 0.000157254835967, 0.0, 0.0, 0.00485927179559, 13, 0, 13.7425074049
1.0, 1.0, 0.0097785263953, 1.0, 0.999984255328, 0.00428254709225, 5.66086686897e-05, 1.0, 0.0, 1.0, 0.0, 0.0, 1.0, 0.986556950729, 1.0, 1.0, 0.985285713321, 0.966776794942, 1.0, 1.0, 0.999994401106, 0.0, 0.0, 0.983961460366, 0.000157254835967, 0.0, 0.0, 0.00485927179559, 13, 0, 13.7425074049
1.0, 1.0, 0.0097785263953, 1.0, 0.999984255328, 0.00428254709225, 5.66086686897e-05, 1.0, 0.0, 1.0, 0.0, 0.0, 1.0, 0.986556950729, 1.0, 1.0, 0.985285713321, 0.966776794942, 1.0, 1.0, 0.999994401106, 0.0, 0.0, 0.983961460366, 0.000157254835967, 0.0, 0.0, 0.00485927179559, 13, 0, 13.7425074049
1.0, 1.0, 0.0097785263953, 1.0, 0.999984255328, 0.00428254709225, 5.66086686897e-05, 1.0, 0.0, 1.0, 0.0, 0.0, 1.0, 0.986556950729, 1.0, 1.0, 0.985285713321, 0.966776794942, 1.0, 1.0, 0.999994401106, 0.0, 0.0, 0.983961460366, 0.000157254835967, 0.0, 0.0, 0.00485927179559, 13, 0, 13.7425074049
1.0, 1.0, 0.0097785263953, 1.0, 0.999984255328, 0.00428254709225, 5.66086686897e-05, 1.0, 0.0, 1.0, 0.0, 0.0, 1.0, 0.986556950729, 1.0, 1.0, 0.985285713321, 0.966776794942, 1.0, 1.0, 0.999994401106, 0.0, 0.0, 0.983961460366, 0.000157254835967, 0.0, 0.0, 0.00485927179559, 13, 0, 13.7425074049
0.978393044025, 0.00183968432407, 0.0132550575408, 0.00812468149145, 0.975623547004, 4.64301074867e-09, 0.0228134089674, 2.7029801963e-05, 0.969209301467, 0.999394288449, 0.0, 0.0, 0.0, 0.00788631265433, 0.99987511441, 1.0, 0.985256672482, 0.0030149765981, 0.998904883175, 1.0, 0.996345711746, 0.000146490091852, 0.00366859412711, 0.0262578584467, 0.999415408712, 0.0, 0.000151339068923, 0.00471557609258, 21, 1, 8.53381659466
6.29096532774e-07, 0.000954938926483, 0.0113025370655, 0.0121509216727, 0.97091233297, 0.000187469762453, 0.0223938803812, 0.0120830675474, 0.992757397617, 0.999394288449, 0.0, 0.0, 0.0, 0.00788631265433, 0.99989399313, 1.0, 0.999796222938, 1.11348240562e-05, 0.977610683403, 0.0422252666527, 0.9999441878, 7.52835584854e-05, 0.00375516886233, 0.00640660747489, 0.987601663463, 0.0, 0.0115204639777, 0.00487838288626, 25, 1, 6.99381666409
0.0, 0.014075407639, 0.013661329209, 0.0141714123133, 0.00198419524324, 0.987953773276, 0.0, 0.0, 0.00741948562389, 0.00216831670716, 0.0341017071123, 0.0, 0.0, 0.0, 0.0366738102713, 1.0, 1.0, 0.0168504832738, 0.97762242965, 0.981556758791, 0.996007677349, 0.0159654701513, 0.060777541922, 0.957331759932, 0.0352414575362, 0.0, 0.0193845395637, 0.00460866644232, 30, 1, 4.90339746324
0.999320683086, 0.0603843083048, 0.0913359175502, 0.0140951889174, 0.970933766867, 4.64301074867e-09, 0.0228134089674, 0.000133391116573, 0.969192613619, 0.998722204149, 0.0239409656477, 0.0, 0.0, 0.00783217220499, 0.996384531265, 1.0, 0.985254546772, 0.0030149765981, 0.998906217415, 1.0, 0.996345711746, 0.000145676341522, 0.00139904687313, 0.999119432812, 0.0422757226568, 0.000183427059409, 0.0121092926498, 0.00471557609258, 21, 1, 8.13019122732
0.0, 0.029290321955, 0.0123668283296, 0.011742787041, 0.00203174799814, 0.00061129191301, 0.0, 7.17349128588e-08, 0.00741948562389, 0.00216831670716, 0.0, 0.0, 0.0, 9.18574737702e-05, 0.0209355664793, 1.0, 0.990744728352, 0.0168504832738, 0.978387882216, 0.981458604718, 0.999968575228, 0.00833671501717, 0.00372688735531, 0.959571616309, 0.0352414575362, 0.0, 0.0193845395637, 0.00460807012424, 31, 1, 4.42736649682
0.999967580477, 0.0893638122723, 0.0132550575408, 0.999929883087, 0.971208788494, 5.32474303641e-05, 0.00010723930175, 0.012435643054, 0.0, 0.986851195952, 0.0, 0.0, 0.0, 0.00600990089518, 0.999998754611, 1.0, 0.984658272023, 0.9668138744, 0.999802809718, 1.0, 0.996345711746, 0.0100805925438, 0.00660198826483, 0.990174395724, 0.0422761700246, 0.0, 5.08123134427e-05, 0.0048690624563, 18, 0, 9.56804335547
1.0, 1.0, 0.0097785263953, 0.930067928634, 0.999789605108, 5.29880282262e-05, 5.27936678978e-05, 0.882199575682, 0.967784370452, 1.0, 0.0, 0.0, 0.0023675889268, 0.0233815546931, 1.0, 1.0, 0.985520562108, 0.966920080839, 0.999999915845, 1.0, 0.999905208806, 0.0, 1.93618391605e-06, 0.984054195344, 0.00138128852159, 0.0, 0.0420060166972, 0.00501927809358, 14, 0, 12.8948867533
1.0, 1.0, 0.0097785263953, 0.930067928634, 0.999789605108, 5.29880282262e-05, 5.27936678978e-05, 0.882199575682, 0.967784370452, 1.0, 0.0, 0.0, 0.0023675889268, 0.0233815546931, 1.0, 1.0, 0.985520562108, 0.966920080839, 0.999999915845, 1.0, 0.999905208806, 0.0, 1.93618391605e-06, 0.984054195344, 0.00138128852159, 0.0, 0.0420060166972, 0.00501927809358, 14, 0, 12.8948867533
1.0, 0.999712939139, 0.00974694090166, 1.0, 0.999789605108, 5.27878279377e-05, 0.00011687408634, 1.0, 0.0, 0.999333612457, 0.0, 0.0, 0.0023675889268, 0.00778841106638, 1.0, 1.0, 0.985285713321, 0.966764798861, 1.0, 1.0, 0.99634677979, 0.0, 0.0037233560526, 0.993085411471, 0.0429256781495, 0.0, 5.03876306913e-07, 0.00470849998096, 15, 0, 12.1314505103
0.999996442846, 0.997507312335, 0.00974694090166, 0.0161295670032, 0.9942859603, 3.93812709975e-05, 0.00011687408634, 0.00971828442392, 0.00800732700174, 0.999333612457, 0.0, 0.0, 0.0023611784713, 0.00778841106638, 1.0, 1.0, 0.99964400372, 0.965691504343, 0.999999792733, 1.0, 0.99634677979, 0.0, 0.0037233560526, 0.993085411471, 0.0429256781495, 0.0, 5.03876306913e-07, 0.00490368903528, 20, 1, 8.820950806
0.999996442846, 0.997507312335, 0.00974694090166, 0.0161295670032, 0.9942859603, 3.93812709975e-05, 0.00011687408634, 0.00971828442392, 0.00800732700174, 0.999333612457, 0.0, 0.0, 0.0023611784713, 0.00778841106638, 1.0, 1.0, 0.99964400372, 0.965691504343, 0.999999792733, 1.0, 0.99634677979, 0.0, 0.0037233560526, 0.993085411471, 0.0429256781495, 0.0, 5.03876306913e-07, 0.00490368903528, 20, 1, 8.820950806
1.0, 1.0, 0.0097785263953, 1.0, 0.999984255328, 0.00451813534134, 5.66086686897e-05, 1.0, 0.0, 1.0, 0.0, 0.0420674015066, 0.954420574957, 0.986556950729, 1.0, 1.0, 0.985285713321, 0.966764494468, 1.0, 1.0, 0.999992406951, 0.0, 0.0, 0.983961460366, 0.000157254835967, 0.0, 0.0, 0.00485927179559, 13, 0, 13.7425074049
1.0, 1.0, 0.0097785263953, 1.0, 0.999984255328, 0.00451813534134, 5.66086686897e-05, 1.0, 0.0, 1.0, 0.0, 0.0420674015066, 0.954420574957, 0.986556950729, 1.0, 1.0, 0.985285713321, 0.966764494468, 1.0, 1.0, 0.999992406951, 0.0, 0.0, 0.983961460366, 0.000157254835967, 0.0, 0.0, 0.00485927179559, 13, 0, 13.7425074049
1.0, 1.0, 0.0097785263953, 1.0, 0.999984255328, 0.00451813534134, 5.66086686897e-05, 1.0, 0.0, 1.0, 0.0, 0.0420674015066, 0.954420574957, 0.986556950729, 1.0, 1.0, 0.985285713321, 0.966764494468, 1.0, 1.0, 0.999992406951, 0.0, 0.0, 0.983961460366, 0.000157254835967, 0.0, 0.0, 0.00485927179559, 13, 0, 13.7425074049
1.0, 1.0, 0.0097785263953, 1.0, 0.999984255328, 0.00451813534134, 5.66086686897e-05, 1.0, 0.0, 1.0, 0.0, 0.0420674015066, 0.954420574957, 0.986556950729, 1.0, 1.0, 0.985285713321, 0.966764494468, 1.0, 1.0, 0.999992406951, 0.0, 0.0, 0.983961460366, 0.000157254835967, 0.0, 0.0, 0.00485927179559, 13, 0, 13.7425074049
1.0, 1.0, 0.0097785263953, 1.0, 0.999984255328, 0.00451813534134, 5.66086686897e-05, 1.0, 0.0, 1.0, 0.0, 0.0420674015066, 0.954420574957, 0.986556950729, 1.0, 1.0, 0.985285713321, 0.966764494468, 1.0, 1.0, 0.999992406951, 0.0, 0.0, 0.983961460366, 0.000157254835967, 0.0, 0.0, 0.00485927179559, 13, 0, 13.7425074049
1.0, 1.0, 0.0097785263953, 1.0, 0.999984255328, 0.00451813534134, 5.66086686897e-05, 1.0, 0.0, 1.0, 0.0, 0.0420674015066, 0.954420574957, 0.986556950729, 1.0, 1.0, 0.985285713321, 0.966764494468, 1.0, 1.0, 0.999992406951, 0.0, 0.0, 0.983961460366, 0.000157254835967, 0.0, 0.0, 0.00485927179559, 13, 0, 13.7425074049
1.0, 1.0, 0.0097785263953, 1.0, 0.999984255328, 0.00428254709225, 0.0095260417977, 1.0, 0.0, 1.0, 0.0, 0.000471030773943, 1.0, 0.986556950729, 1.0, 1.0, 0.985285713321, 0.966777061691, 1.0, 1.0, 0.999994401106, 0.0, 0.0, 0.983961460366, 0.000157254835967, 0.0, 0.0, 0.00485927179559, 13, 0, 13.7425074049
1.0, 1.0, 0.0097785263953, 1.0, 0.999984255328, 0.00428254709225, 0.0095260417977, 1.0, 0.0, 1.0, 0.0, 0.000471030773943, 1.0, 0.986556950729, 1.0, 1.0, 0.985285713321, 0.966777061691, 1.0, 1.0, 0.999994401106, 0.0, 0.0, 0.983961460366, 0.000157254835967, 0.0, 0.0, 0.00485927179559, 13, 0, 13.7425074049
1.0, 1.0, 0.0097785263953, 1.0, 0.999984255328, 0.00428254709225, 0.0095260417977, 1.0, 0.0, 1.0, 0.0, 0.000471030773943, 1.0, 0.986556950729, 1.0, 1.0, 0.985285713321, 0.966777061691, 1.0, 1.0, 0.999994401106, 0.0, 0.0, 0.983961460366, 0.000157254835967, 0.0, 0.0, 0.00485927179559, 13, 0, 13.7425074049
0.999998522307, 1.0, 0.0097785263953, 0.985593014696, 0.994480157496, 0.00426712674076, 5.66086686897e-05, 0.00436033846565, 0.0, 0.998844223052, 0.0, 0.0, 0.0124708248308, 0.9579534064, 1.0, 1.0, 0.985200736843, 0.966044457725, 1.0, 1.0, 0.996102871272, 0.0, 0.000109461532995, 0.99987504355, 0.956452550505, 7.72561922359e-07, 0.0, 0.00485927179559, 15, 0, 11.4657859538
0.999998522307, 1.0, 0.0097785263953, 0.985593014696, 0.994480157496, 0.00426712674076, 5.66086686897e-05, 0.00436033846565, 0.0, 0.998844223052, 0.0, 0.0, 0.0124708248308, 0.9579534064, 1.0, 1.0, 0.985200736843, 0.966044457725, 1.0, 1.0, 0.996102871272, 0.0, 0.000109461532995, 0.99987504355, 0.956452550505, 7.72561922359e-07, 0.0, 0.00485927179559, 15, 0, 11.4657859538
0.999998522307, 1.0, 0.0097785263953, 0.985593014696, 0.994480157496, 0.00426712674076, 5.66086686897e-05, 0.00436033846565, 0.0, 0.998844223052, 0.0, 0.0, 0.0124708248308, 0.9579534064, 1.0, 1.0, 0.985200736843, 0.966044457725, 1.0, 1.0, 0.996102871272, 0.0, 0.000109461532995, 0.99987504355, 0.956452550505, 7.72561922359e-07, 0.0, 0.00485927179559, 15, 0, 11.4657859538
0.999998522307, 1.0, 0.0097785263953, 0.985593014696, 0.994480157496, 0.00426712674076, 5.66086686897e-05, 0.00436033846565, 0.0, 0.998844223052, 0.0, 0.0, 0.0124708248308, 0.9579534064, 1.0, 1.0, 0.985200736843, 0.966044457725, 1.0, 1.0, 0.996102871272, 0.0, 0.000109461532995, 0.99987504355, 0.956452550505, 7.72561922359e-07, 0.0, 0.00485927179559, 15, 0, 11.4657859538
0.999998522307, 1.0, 0.0097785263953, 0.985593014696, 0.994480157496, 0.00426712674076, 5.66086686897e-05, 0.00436033846565, 0.0, 0.998844223052, 0.0, 0.0, 0.0124708248308, 0.9579534064, 1.0, 1.0, 0.985200736843, 0.966044457725, 1.0, 1.0, 0.996102871272, 0.0, 0.000109461532995, 0.99987504355, 0.956452550505, 7.72561922359e-07, 0.0, 0.00485927179559, 15, 0, 11.4657859538
1.0, 1.0, 0.0097785263953, 1.0, 0.999984255328, 0.00428254709225, 5.66086686897e-05, 1.0, 0.0, 1.0, 0.0, 0.0, 1.0, 0.986556950729, 1.0, 1.0, 0.985285713321, 0.966776794942, 1.0, 1.0, 0.999994401106, 0.0, 0.0, 0.983961460366, 0.000157254835967, 0.0, 0.0, 0.00485927179559, 13, 0, 13.7425074049
1.0, 1.0, 0.0097785263953, 1.0, 0.999984255328, 0.00428254709225, 5.66086686897e-05, 1.0, 0.0, 1.0, 0.0, 0.0, 1.0, 0.986556950729, 1.0, 1.0, 0.985285713321, 0.966776794942, 1.0, 1.0, 0.999994401106, 0.0, 0.0, 0.983961460366, 0.000157254835967, 0.0, 0.0, 0.00485927179559, 13, 0, 13.7425074049
0.996417663166, 0.0603843083048, 0.0913359175502, 0.0140951889174, 0.97093299078, 4.64301074867e-09, 0.0223883900789, 0.000260806505557, 0.969192613619, 0.998729936315, 0.00018732486431, 0.0, 0.0, 0.00783279634499, 0.996384531265, 1.0, 0.985342398565, 0.0030149765981, 0.998716722662, 0.0545328958845, 0.996345711746, 0.000145676341522, 0.0032372665708, 0.999119432812, 0.0422757226568, 0.000183427059409, 0.0121294724274, 0.00471702065213, 22, 1, 8.10021221058
1.0, 0.0819172069794, 0.00974694090166, 1.0, 0.999789605108, 0.00413290114972, 0.000173481560187, 0.991540304222, 0.0, 0.994774432066, 0.0, 0.0, 0.00233795543684, 0.992370418576, 0.996417609965, 1.0, 0.886743501118, 0.952618880285, 0.999999730896, 1.0, 0.99634677979, 0.0, 0.0421755743374, 0.984069514484, 0.000213804244637, 0.0, 4.99209699936e-07, 0.00470821026268, 15, 0, 11.9051657373
1.0, 1.0, 0.0097785263953, 0.999795484342, 0.999984255328, 0.00451519297693, 5.66517764745e-05, 0.88234037062, 0.0, 1.0, 0.0, 0.0442445753802, 0.00538967718629, 0.995709124392, 1.0, 1.0, 0.985285713321, 0.966763651988, 0.999999915753, 1.0, 0.9999944114, 0.0, 1.6711397731e-10, 0.983961460366, 0.0913858797719, 0.0, 0.0423080514932, 0.00486164000338, 14, 0, 12.76145355
1.0, 1.0, 0.0097785263953, 0.999795484342, 0.999984255328, 0.00451519297693, 5.66517764745e-05, 0.88234037062, 0.0, 1.0, 0.0, 0.0442445753802, 0.00538967718629, 0.995709124392, 1.0, 1.0, 0.985285713321, 0.966763651988, 0.999999915753, 1.0, 0.9999944114, 0.0, 1.6711397731e-10, 0.983961460366, 0.0913858797719, 0.0, 0.0423080514932, 0.00486164000338, 14, 0, 12.76145355
0.0092611449653, 0.000954938926483, 0.0113025370655, 0.927722241424, 0.976029038552, 0.000187469762453, 0.0223938803812, 0.0120830675474, 0.936968681162, 0.999419231676, 0.0, 0.0, 0.0, 0.00789646425167, 0.99989399313, 1.0, 0.985495753815, 0.0026892705632, 0.977610683403, 0.973514129252, 0.99637974782, 0.0102333599109, 0.00376509173081, 0.980142777607, 0.987601663463, 0.0, 0.0115204639777, 0.00487838288626, 19, 0, 9.1700770281
0.0092611449653, 0.000954938926483, 0.0113025370655, 0.927722241424, 0.976029038552, 0.000187469762453, 0.0223938803812, 0.0120830675474, 0.936968681162, 0.999419231676, 0.0, 0.0, 0.0, 0.00789646425167, 0.99989399313, 1.0, 0.985495753815, 0.0026892705632, 0.977610683403, 0.973514129252, 0.99637974782, 0.0102333599109, 0.00376509173081, 0.980142777607, 0.987601663463, 0.0, 0.0115204639777, 0.00487838288626, 19, 0, 9.1700770281
0.999320683086, 0.0603843083048, 0.0913359175502, 0.0325561954719, 0.970918101592, 4.64301074867e-09, 0.0228134089674, 0.000133391116573, 0.969192613619, 0.998722204149, 0.0254778039257, 0.0, 0.0, 0.00783217220499, 0.996384531265, 1.0, 0.985250784829, 0.0030149765981, 0.998906217415, 0.974786335676, 0.996345711746, 0.000145676341522, 0.00139904687313, 0.999119432812, 0.0271920677708, 0.000432555769931, 0.0115204740299, 0.00471557609258, 21, 1, 8.13019122732
0.0092611449653, 0.000954938926483, 0.0113054129939, 0.991044229611, 0.976029450303, 0.000187469762453, 0.046730622604, 0.0120830675474, 0.936968681162, 0.999419231676, 0.0, 0.0, 0.0, 0.00789646425167, 0.99637552734, 1.0, 0.985494478554, 0.00269929675046, 0.977938717333, 0.999587012311, 0.996379252755, 0.0114479094662, 0.00349167711403, 0.980142777607, 0.0544557556788, 0.0, 0.000137688165592, 0.00471112831689, 20, 0, 8.75862528202
0.0092611449653, 0.000954938926483, 0.0113054129939, 0.991044229611, 0.976029450303, 0.000187469762453, 0.046730622604, 0.0120830675474, 0.936968681162, 0.999419231676, 0.0, 0.0, 0.0, 0.00789646425167, 0.99637552734, 1.0, 0.985494478554, 0.00269929675046, 0.977938717333, 0.999587012311, 0.996379252755, 0.0114479094662, 0.00349167711403, 0.980142777607, 0.0544557556788, 0.0, 0.000137688165592, 0.00471112831689, 20, 0, 8.75862528202
0.999999980769, 0.0970167476925, 0.0133520991823, 0.985593014696, 0.99412307005, 0.00426712674076, 5.66086686897e-05, 0.0123489034635, 0.0, 0.998844223052, 0.0, 0.0, 9.20817684824e-05, 0.950639908781, 1.0, 1.0, 0.984658629433, 0.96678447794, 1.0, 1.0, 0.999978052533, 0.0, 0.000109461532995, 0.990161753648, 0.956452550505, 1.1063567992e-08, 5.1884087172e-05, 0.00485927179559, 16, 0, 10.6094981412
0.999999980769, 0.0970167476925, 0.0133520991823, 0.985593014696, 0.99412307005, 0.00426712674076, 5.66086686897e-05, 0.0123489034635, 0.0, 0.998844223052, 0.0, 0.0, 9.20817684824e-05, 0.950639908781, 1.0, 1.0, 0.984658629433, 0.96678447794, 1.0, 1.0, 0.999978052533, 0.0, 0.000109461532995, 0.990161753648, 0.956452550505, 1.1063567992e-08, 5.1884087172e-05, 0.00485927179559, 16, 0, 10.6094981412
0.999999980769, 0.0970167476925, 0.0133520991823, 0.985593014696, 0.99412307005, 0.00426712674076, 5.66086686897e-05, 0.0123489034635, 0.0, 0.998844223052, 0.0, 0.0, 9.20817684824e-05, 0.950639908781, 1.0, 1.0, 0.984658629433, 0.96678447794, 1.0, 1.0, 0.999978052533, 0.0, 0.000109461532995, 0.990161753648, 0.956452550505, 1.1063567992e-08, 5.1884087172e-05, 0.00485927179559, 16, 0, 10.6094981412
0.999999980769, 0.0970167476925, 0.0133520991823, 0.985593014696, 0.99412307005, 0.00426712674076, 5.66086686897e-05, 0.0123489034635, 0.0, 0.998844223052, 0.0, 0.0, 9.20817684824e-05, 0.950639908781, 1.0, 1.0, 0.984658629433, 0.96678447794, 1.0, 1.0, 0.999978052533, 0.0, 0.000109461532995, 0.990161753648, 0.956452550505, 1.1063567992e-08, 5.1884087172e-05, 0.00485927179559, 16, 0, 10.6094981412
0.999999980769, 0.0970167476925, 0.0133520991823, 0.985593014696, 0.99412307005, 0.00426712674076, 5.66086686897e-05, 0.0123489034635, 0.0, 0.998844223052, 0.0, 0.0, 9.20817684824e-05, 0.950639908781, 1.0, 1.0, 0.984658629433, 0.96678447794, 1.0, 1.0, 0.999978052533, 0.0, 0.000109461532995, 0.990161753648, 0.956452550505, 1.1063567992e-08, 5.1884087172e-05, 0.00485927179559, 16, 0, 10.6094981412
0.999999980769, 0.0970167476925, 0.0133520991823, 0.985593014696, 0.99412307005, 0.00426712674076, 5.66086686897e-05, 0.0123489034635, 0.0, 0.998844223052, 0.0, 0.0, 9.20817684824e-05, 0.950639908781, 1.0, 1.0, 0.984658629433, 0.96678447794, 1.0, 1.0, 0.999978052533, 0.0, 0.000109461532995, 0.990161753648, 0.956452550505, 1.1063567992e-08, 5.1884087172e-05, 0.00485927179559, 16, 0, 10.6094981412
0.999999980769, 0.0970167476925, 0.0133520991823, 0.985593014696, 0.99412307005, 0.00426712674076, 5.66086686897e-05, 0.0123489034635, 0.0, 0.998844223052, 0.0, 0.0, 9.20817684824e-05, 0.950639908781, 1.0, 1.0, 0.984658629433, 0.96678447794, 1.0, 1.0, 0.999978052533, 0.0, 0.000109461532995, 0.990161753648, 0.956452550505, 1.1063567992e-08, 5.1884087172e-05, 0.00485927179559, 16, 0, 10.6094981412
0.999999980769, 0.0970167476925, 0.0133520991823, 0.985593014696, 0.99412307005, 0.00426712674076, 5.66086686897e-05, 0.0123489034635, 0.0, 0.998844223052, 0.0, 0.0, 9.20817684824e-05, 0.950639908781, 1.0, 1.0, 0.984658629433, 0.96678447794, 1.0, 1.0, 0.999978052533, 0.0, 0.000109461532995, 0.990161753648, 0.956452550505, 1.1063567992e-08, 5.1884087172e-05, 0.00485927179559, 16, 0, 10.6094981412
0.999998502389, 0.988466883663, 0.0133396440231, 0.985593014696, 0.99412307005, 0.00426712674076, 5.66086686897e-05, 0.012501464017, 0.0149517507929, 0.998844223052, 0.0, 0.0, 0.0130572397573, 0.950639908781, 1.0, 1.0, 0.984658629433, 0.966793345358, 1.0, 1.0, 0.878461361576, 0.0, 0.000109461532995, 0.990161753648, 0.956452550505, 1.1063567992e-08, 5.1884087172e-05, 0.00485927179559, 15, 0, 11.4657859538
0.999998502389, 0.988466883663, 0.0133396440231, 0.985593014696, 0.99412307005, 0.00426712674076, 5.66086686897e-05, 0.012501464017, 0.0149517507929, 0.998844223052, 0.0, 0.0, 0.0130572397573, 0.950639908781, 1.0, 1.0, 0.984658629433, 0.966793345358, 1.0, 1.0, 0.878461361576, 0.0, 0.000109461532995, 0.990161753648, 0.956452550505, 1.1063567992e-08, 5.1884087172e-05, 0.00485927179559, 15, 0, 11.4657859538
0.999996442846, 0.997507312335, 0.00974694090166, 0.0161295670032, 0.9942859603, 3.93812709975e-05, 0.00011687408634, 0.00971828442392, 0.00800732700174, 0.999333612457, 0.0, 0.0, 0.00111858579605, 0.00778841106638, 1.0, 1.0, 0.99964400372, 0.965691504343, 0.999999792733, 1.0, 0.99634677979, 0.0, 0.0037233560526, 0.993085411471, 0.0429256781495, 0.0, 3.91173838995e-08, 0.00490368903528, 20, 1, 8.820950806
0.999996442846, 0.997507312335, 0.00974694090166, 0.0161295670032, 0.9942859603, 3.93812709975e-05, 0.00011687408634, 0.00971828442392, 0.00800732700174, 0.999333612457, 0.0, 0.0, 0.00111858579605, 0.00778841106638, 1.0, 1.0, 0.99964400372, 0.965691504343, 0.999999792733, 1.0, 0.99634677979, 0.0, 0.0037233560526, 0.993085411471, 0.0429256781495, 0.0, 3.91173838995e-08, 0.00490368903528, 20, 1, 8.820950806
0.999996442846, 0.997507312335, 0.00974694090166, 0.0161295670032, 0.9942859603, 3.93812709975e-05, 0.00011687408634, 0.00971828442392, 0.00800732700174, 0.999333612457, 0.0, 0.0, 0.00111858579605, 0.00778841106638, 1.0, 1.0, 0.99964400372, 0.965691504343, 0.999999792733, 1.0, 0.99634677979, 0.0, 0.0037233560526, 0.993085411471, 0.0429256781495, 0.0, 3.91173838995e-08, 0.00490368903528, 20, 1, 8.820950806
0.00630048471276, 0.000954938926483, 0.0123580611243, 0.0141505399883, 0.0145302699534, 0.981053728789, 0.000174866350458, 2.72734314553e-07, 0.980564290715, 0.0159227903126, 0.0, 0.0, 0.0, 4.35049745051e-05, 0.996384531265, 1.0, 0.999841588461, 0.00299342665704, 0.996655115991, 1.0, 0.996345711746, 0.000145676341522, 0.00375262487664, 0.959326322792, 0.957988991302, 0.0, 0.0194948107998, 0.00471557609258, 24, 0, 6.60321107545
0.00630048471276, 0.000954938926483, 0.0123580611243, 0.0141505399883, 0.0145302699534, 0.981053728789, 0.000174866350458, 2.72734314553e-07, 0.980564290715, 0.0159227903126, 0.0, 0.0, 0.0, 4.35049745051e-05, 0.996384531265, 1.0, 0.999841588461, 0.00299342665704, 0.996655115991, 1.0, 0.996345711746, 0.000145676341522, 0.00375262487664, 0.959326322792, 0.957988991302, 0.0, 0.0194948107998, 0.00471557609258, 24, 0, 6.60321107545
0.00630048471276, 0.000954938926483, 0.0123580611243, 0.0141505399883, 0.0145302699534, 0.981053728789, 0.000174866350458, 2.72734314553e-07, 0.980564290715, 0.0159227903126, 0.0, 0.0, 0.0, 4.35049745051e-05, 0.996384531265, 1.0, 0.999841588461, 0.00299342665704, 0.996655115991, 1.0, 0.996345711746, 0.000145676341522, 0.00375262487664, 0.959326322792, 0.957988991302, 0.0, 0.0194948107998, 0.00471557609258, 24, 0, 6.60321107545
0.00630048471276, 0.000954938926483, 0.0123580611243, 0.0141505399883, 0.0145302699534, 0.981053728789, 0.000174866350458, 2.72734314553e-07, 0.980564290715, 0.0159227903126, 0.0, 0.0, 0.0, 4.35049745051e-05, 0.996384531265, 1.0, 0.999841588461, 0.00299342665704, 0.996655115991, 1.0, 0.996345711746, 0.000145676341522, 0.00375262487664, 0.959326322792, 0.957988991302, 0.0, 0.0194948107998, 0.00471557609258, 24, 0, 6.60321107545
1.0, 1.0, 0.0097785263953, 1.0, 0.999984255328, 0.00428254709225, 5.66086686897e-05, 1.0, 0.0, 1.0, 0.115653999374, 0.000110639796547, 1.0, 0.986556950729, 1.0, 1.0, 0.985285713321, 0.966776794942, 1.0, 1.0, 0.999994401989, 0.0, 0.0, 0.983961460366, 0.000157254835967, 0.0, 0.0, 0.00485927179559, 13, 0, 13.7425074049
0.999999980769, 0.0970167476925, 0.0133520991823, 0.985593014696, 0.99412307005, 0.00426712674076, 5.66086686897e-05, 0.0123489034635, 0.0, 0.998844223052, 0.0, 0.0, 9.20817684824e-05, 0.950639908781, 1.0, 1.0, 0.984658629433, 0.96678447794, 1.0, 1.0, 0.999978052533, 0.0, 0.000109461532995, 0.990161753648, 0.956452550505, 1.1063567992e-08, 5.1884087172e-05, 0.00485927179559, 16, 0, 10.6094981412
0.999999980769, 0.0970167476925, 0.0133520991823, 0.985593014696, 0.99412307005, 0.00426712674076, 5.66086686897e-05, 0.0123489034635, 0.0, 0.998844223052, 0.0, 0.0, 9.20817684824e-05, 0.950639908781, 1.0, 1.0, 0.984658629433, 0.96678447794, 1.0, 1.0, 0.999978052533, 0.0, 0.000109461532995, 0.990161753648, 0.956452550505, 1.1063567992e-08, 5.1884087172e-05, 0.00485927179559, 16, 0, 10.6094981412
0.999998534569, 0.999714559657, 0.0097785263953, 0.98562593682, 0.994559416631, 6.61784911796e-05, 0.0105106240576, 0.0288269054901, 0.0, 0.998844223052, 0.0, 0.0, 0.00245739042111, 0.9579534064, 1.0, 1.0, 0.985200736843, 0.966044457725, 1.0, 1.0, 0.996102871272, 0.0, 0.000109461532995, 0.99987504355, 0.956452550505, 7.72561922359e-07, 5.9098956703e-09, 0.00486210466672, 15, 0, 11.4657859538
0.999999972749, 0.988338704962, 0.00979600791413, 1.0, 0.99979770898, 0.00428195999606, 0.00011687408634, 0.0122171708806, 0.00019721673728, 0.999333612457, 0.0, 0.0, 0.0023675889268, 0.0142416508283, 1.0, 1.0, 0.985285713321, 0.966764798861, 1.0, 1.0, 0.874660799093, 0.0, 0.000160370249912, 0.993085411471, 0.940776949887, 0.0, 8.57327753186e-07, 0.0047084142915, 16, 0, 10.8357829142
0.978366529077, 0.0960686675073, 0.0133554683137, 0.00812468149145, 0.975623547004, 4.64301074867e-09, 0.00034974037002, 0.000179275542427, 0.946143772699, 0.99884203363, 0.0, 0.0, 0.0, 0.00788631265433, 0.999874001141, 1.0, 0.985244863956, 0.0030149765981, 0.998882925175, 1.0, 0.996281679652, 0.000146490091852, 0.00366859412711, 0.990464622801, 0.999415408712, 1.10437517047e-08, 0.000151339068923, 0.00485651851157, 20, 1, 8.5416429734
0.978366529077, 0.0960686675073, 0.0133554683137, 0.00812468149145, 0.975623547004, 4.64301074867e-09, 0.00034974037002, 0.000179275542427, 0.946143772699, 0.99884203363, 0.0, 0.0, 0.0, 0.00788631265433, 0.999874001141, 1.0, 0.985244863956, 0.0030149765981, 0.998882925175, 1.0, 0.996281679652, 0.000146490091852, 0.00366859412711, 0.990464622801, 0.999415408712, 1.10437517047e-08, 0.000151339068923, 0.00485651851157, 20, 1, 8.5416429734
0.999967580477, 0.0893638122723, 0.0132550575408, 0.999929883087, 0.971208788494, 5.32474303641e-05, 0.00010723930175, 0.012435643054, 0.0, 0.986851195952, 0.0189576941946, 0.0, 0.0, 0.00600990089518, 0.999998754611, 1.0, 0.984658272023, 0.9668138744, 0.999802809718, 1.0, 0.996345711746, 0.0100805925438, 0.00660198826483, 0.990174395724, 0.0422761700246, 0.0, 5.08123134427e-05, 0.0048690624563, 18, 0, 9.56804335547
0.0, 0.0295555653454, 3.70816849162e-05, 0.0117239705838, 0.00203174799814, 0.000343590634962, 0.0, 7.17349128588e-08, 0.00741948562389, 0.00216831670716, 0.0, 0.0, 0.0, 0.016752090719, 0.0209355664793, 1.0, 0.990744728352, 0.0168504832738, 0.978387882216, 0.98156059339, 0.999968584553, 0.0165629415035, 0.00372688735531, 0.959571616309, 0.0352414575362, 0.0, 0.0193845395637, 0.00460807012424, 31, 1, 4.42736649682
0.0, 0.0295555653454, 3.70816849162e-05, 0.0117239705838, 0.00203174799814, 0.000343590634962, 0.0, 7.17349128588e-08, 0.00741948562389, 0.00216831670716, 0.0, 0.0, 0.0, 0.016752090719, 0.0209355664793, 1.0, 0.990744728352, 0.0168504832738, 0.978387882216, 0.98156059339, 0.999968584553, 0.0165629415035, 0.00372688735531, 0.959571616309, 0.0352414575362, 0.0, 0.0193845395637, 0.00460807012424, 31, 1, 4.42736649682
0.984501296625, 0.0144314692268, 0.0123629376268, 0.0161295670032, 0.964499315703, 3.93812709975e-05, 0.000117794991707, 0.00920420528704, 0.00800732700174, 0.0268586662419, 0.0, 0.0, 0.00102652943527, 0.000113007013474, 0.996399845465, 1.0, 0.99964400372, 0.00179639191182, 0.999986827746, 1.0, 0.99634678944, 0.0, 0.0037233560526, 0.99474157044, 0.0429256781495, 0.0, 3.91173838995e-08, 0.00490368903528, 23, 0, 6.67274612183
0.984501296625, 0.0144314692268, 0.0123629376268, 0.0161295670032, 0.964499315703, 3.93812709975e-05, 0.000117794991707, 0.00920420528704, 0.00800732700174, 0.0268586662419, 0.0, 0.0, 0.00102652943527, 0.000113007013474, 0.996399845465, 1.0, 0.99964400372, 0.00179639191182, 0.999986827746, 1.0, 0.99634678944, 0.0, 0.0037233560526, 0.99474157044, 0.0429256781495, 0.0, 3.91173838995e-08, 0.00490368903528, 23, 0, 6.67274612183
0.984501296625, 0.0144314692268, 0.0123629376268, 0.0161295670032, 0.964499315703, 3.93812709975e-05, 0.000117794991707, 0.00920420528704, 0.00800732700174, 0.0268586662419, 0.0, 0.0, 0.00102652943527, 0.000113007013474, 0.996399845465, 1.0, 0.99964400372, 0.00179639191182, 0.999986827746, 1.0, 0.99634678944, 0.0, 0.0037233560526, 0.99474157044, 0.0429256781495, 0.0, 3.91173838995e-08, 0.00490368903528, 23, 0, 6.67274612183
0.00383074325523, 0.000954938926483, 0.0123580611243, 0.00819333804597, 0.0145302699534, 0.99316955826, 0.000175080218488, 4.51299361878e-07, 0.980564290715, 0.0195743717925, 0.0, 0.0, 0.0, 0.00766421722912, 0.996384531265, 0.972156459424, 0.999841588461, 0.00301611283038, 0.996670097541, 1.0, 0.996345711746, 0.00014565555368, 0.00366816297202, 0.958614942207, 0.998947083822, 1.05273203895e-08, 0.0200270143128, 0.00471647543386, 24, 0, 6.60321107545
0.999967028316, 0.931736512091, 0.0132550575408, 0.985076089185, 0.994255833438, 4.80162843638e-05, 0.00010723930175, 0.012435643054, 0.0148931538297, 0.998802132682, 0.0, 0.0, 0.0, 0.00210237202985, 0.999998754611, 1.0, 0.984658272023, 0.9668138744, 0.999802809718, 0.972648528053, 0.996345711746, 8.92637608015e-05, 0.00660198826483, 0.990174180555, 0.0422761700246, 1.16663274132e-10, 5.08123134427e-05, 0.0048690624563, 17, 0, 10.4243311681
0.999967028316, 0.931736512091, 0.0132550575408, 0.985076089185, 0.994255833438, 4.80162843638e-05, 0.00010723930175, 0.012435643054, 0.0148931538297, 0.998802132682, 0.0, 0.0, 0.0, 0.00210237202985, 0.999998754611, 1.0, 0.984658272023, 0.9668138744, 0.999802809718, 0.972648528053, 0.996345711746, 8.92637608015e-05, 0.00660198826483, 0.990174180555, 0.0422761700246, 1.16663274132e-10, 5.08123134427e-05, 0.0048690624563, 17, 0, 10.4243311681
0.999967028316, 0.931736512091, 0.0132550575408, 0.985076089185, 0.994255833438, 4.80162843638e-05, 0.00010723930175, 0.012435643054, 0.0148931538297, 0.998802132682, 0.0, 0.0, 0.0, 0.00210237202985, 0.999998754611, 1.0, 0.984658272023, 0.9668138744, 0.999802809718, 0.972648528053, 0.996345711746, 8.92637608015e-05, 0.00660198826483, 0.990174180555, 0.0422761700246, 1.16663274132e-10, 5.08123134427e-05, 0.0048690624563, 17, 0, 10.4243311681
0.999967028316, 0.931736512091, 0.0132550575408, 0.985076089185, 0.994255833438, 4.80162843638e-05, 0.00010723930175, 0.012435643054, 0.0148931538297, 0.998802132682, 0.0, 0.0, 0.0, 0.00210237202985, 0.999998754611, 1.0, 0.984658272023, 0.9668138744, 0.999802809718, 0.972648528053, 0.996345711746, 8.92637608015e-05, 0.00660198826483, 0.990174180555, 0.0422761700246, 1.16663274132e-10, 5.08123134427e-05, 0.0048690624563, 17, 0, 10.4243311681
0.999967028316, 0.931736512091, 0.0132550575408, 0.985076089185, 0.994255833438, 4.80162843638e-05, 0.00010723930175, 0.012435643054, 0.0148931538297, 0.998802132682, 0.0, 0.0, 0.0, 0.00210237202985, 0.999998754611, 1.0, 0.984658272023, 0.9668138744, 0.999802809718, 0.972648528053, 0.996345711746, 8.92637608015e-05, 0.00660198826483, 0.990174180555, 0.0422761700246, 1.16663274132e-10, 5.08123134427e-05, 0.0048690624563, 17, 0, 10.4243311681
1.0, 0.00915238803422, 2.67912836482e-05, 0.999604186403, 0.968993172002, 5.29880282262e-05, 5.27936678978e-05, 0.882199575682, 0.967784370452, 1.0, 0.0, 0.0, 0.0105488560124, 0.988191231741, 1.0, 1.0, 0.985687697212, 0.966915336941, 0.999999915845, 1.0, 0.999905208806, 0.0, 1.93618391605e-06, 0.999132068886, 1.80254390903e-05, 0.0, 0.0420060166972, 0.00501927809358, 14, 0, 12.6686019803
0.99999741314, 0.931736512091, 0.013351727395, 0.985583001187, 0.994255833438, 4.80162843638e-05, 5.67267648352e-05, 0.00384062135507, 0.0150113394939, 0.998802132682, 0.0, 0.0, 0.0, 0.00210237202985, 0.999998754611, 1.0, 0.984658272023, 0.96599801136, 0.999796285184, 0.972648528053, 0.996105617849, 8.92637608015e-05, 1.08390873477e-06, 0.990174180555, 0.0422761700246, 7.94190716224e-07, 5.08123134427e-05, 0.0048690624563, 17, 0, 10.4243311681
0.999967028316, 0.931736512091, 0.0132550575408, 0.985076089185, 0.994255833438, 4.80162843638e-05, 0.00010723930175, 0.012435643054, 0.0148931538297, 0.998802132682, 0.0, 0.0357511812667, 0.0, 0.00210237202985, 0.999998754611, 1.0, 0.989881683569, 0.9668138744, 0.999802809718, 0.972648528053, 0.996345711746, 8.92637608015e-05, 0.00660198826483, 0.990174180555, 0.0422761700246, 1.16663274132e-10, 5.08123134427e-05, 0.0048690624563, 17, 0, 10.4243311681
0.999987421315, 0.999897558816, 0.00970839336942, 1.0, 0.998460462601, 6.72823185808e-07, 0.00010247118755, 0.999612801408, 0.0, 0.925557158166, 0.0, 0.0, 0.938961599343, 0.00457564910583, 1.0, 1.0, 0.98529441234, 1.0, 0.999982984358, 1.0, 0.996231282517, 0.0, 0.0062135511694, 1.0, 4.63469073947e-05, 0.0, 0.0, 0.00471557609258, 14, 0, 13.1125043653
1.0, 0.00915238803422, 0.000218929992928, 0.999604186403, 0.964533281661, 5.29880282262e-05, 5.27936678978e-05, 0.856204547673, 0.967784370452, 0.958422769907, 0.0, 0.0, 0.00117806986122, 0.990359933708, 0.999946338545, 1.0, 0.985687697212, 0.966915336941, 0.999988354671, 1.0, 0.999905208806, 0.0, 4.83105677169e-05, 0.999144579338, 0.000285810418759, 0.0, 0.0425294593177, 0.00501927809358, 14, 0, 12.6686019803
1.0, 0.00915238803422, 0.000218929992928, 0.999604186403, 0.964533281661, 5.29880282262e-05, 5.27936678978e-05, 0.856204547673, 0.967784370452, 0.958422769907, 0.0, 0.0, 0.00117806986122, 0.990359933708, 0.999946338545, 1.0, 0.985687697212, 0.966915336941, 0.999988354671, 1.0, 0.999905208806, 0.0, 4.83105677169e-05, 0.999144579338, 0.000285810418759, 0.0, 0.0425294593177, 0.00501927809358, 14, 0, 12.6686019803
0.0116351403902, 0.910076648535, 0.0132550575408, 0.985076089185, 0.994255833438, 0.981802954014, 0.00010723930175, 0.0127679361903, 0.00736584926867, 0.998802132682, 0.0, 0.0, 0.0, 0.00209396910606, 0.999998754611, 1.0, 0.984658272023, 0.978512298058, 0.999839638435, 0.98150663645, 0.999852863976, 8.92637608015e-05, 0.00660209496502, 0.990174180555, 0.0422761700246, 1.16663274132e-10, 5.08123134427e-05, 0.0048690624563, 18, 0, 9.92541582712
0.984501296625, 0.0144314692268, 0.0123670114575, 0.0118010217639, 0.973162644984, 3.93812709975e-05, 0.000117794991707, 0.00920420528704, 0.00800732700174, 0.0283296393613, 0.0, 0.0, 0.00102652943527, 9.15042880481e-05, 0.996399845465, 1.0, 0.990812625104, 0.00179639191182, 0.977967282471, 1.0, 0.99634678944, 0.00846184811194, 0.0037233560526, 0.99477250981, 0.0429256781495, 0.0, 3.91173838995e-08, 0.00490368903528, 23, 0, 6.67274612183
