0.00701666698005, 0.159413852303, 0.0859391759591, 0.451318914891, 0.306267236541, 0.0913015413463, 0.189829867754, 0.792274135724, 0.587021963077, 0.250599931342, 0.838997687486, 0.836839045132, 0.238429756329, 0.480331859096, 0.0843736603794, 0.0828795029919, 0.68936129463, 0.17441973807, 0.129850555467, 0.825114894793, 0.279759430922, 0.865966279681, 0.607077870421, 0.478794322648, 0.943481809912, 0.958714948139, 0.20770874635, 0.206326017031, 34.9375632544
0.0281437645324, 0.812772910567, 0.117299964969, 0.0396555730312, 0.44174448163, 0.177112090182, 0.844653206461, 0.492890024794, 0.928932453919, 0.240965622052, 0.0156469645947, 0.888877285611, 0.288994468448, 0.58107167647, 0.156492928481, 0.326544539437, 0.924078043312, 0.185148172807, 0.304524267262, 0.80687298523, 0.888867133935, 0.677821285051, 0.131824436667, 0.44108279245, 0.64478961959, 0.183214790695, 0.941593443813, 0.937693678723, 32.3135668083
0.0281437645324, 0.812772910567, 0.50470500699, 0.0396555730312, 0.44174448163, 0.177112090182, 0.844653206461, 0.652943239882, 0.928932453919, 0.100793399024, 0.0156469645947, 0.888877285611, 0.288994468448, 0.58107167647, 0.156492928481, 0.161483680285, 0.924078043312, 0.185148172807, 0.304524267262, 0.80687298523, 0.888867133935, 0.677821285051, 0.131824436667, 0.44108279245, 0.0281437645324, 0.812772910567, 0.50470500699, 0.0396555730312, 31.2182060593
0.00701666698005, 0.159413852303, 0.0859391759591, 0.451318914891, 0.306267236541, 0.0913015413463, 0.189829867754, 0.792274135724, 0.587021963077, 0.250599931342, 0.477756564307, 0.836839045132, 0.238429756329, 0.480331859096, 0.0843736603794, 0.0828795029919, 0.460727590855, 0.117895779311, 0.129850555467, 0.825114894793, 0.0508868903444, 0.865966279681, 0.607077870421, 0.478794322648, 0.436323289363, 0.830883282345, 0.0308346644622, 0.996683305651, 31.4748278951
0.00701666698005, 0.420667251633, 0.84643677862, 0.451318914891, 0.306267236541, 0.0913015413463, 0.189829867754, 0.792274135724, 0.951423910152, 0.230861318918, 0.838997687486, 0.417709852691, 0.238429756329, 0.480331859096, 0.0843736603794, 0.0828795029919, 0.68936129463, 0.17441973807, 0.129850555467, 0.825114894793, 0.279759430922, 0.865966279681, 0.703868648153, 0.478794322648, 0.00701666698005, 0.420667251633, 0.84643677862, 0.451318914891, 29.5204259941
0.496672923599, 0.961607496574, 0.0985623400121, 0.449721744568, 0.395687522997, 0.231212992133, 0.952122744486, 0.0773849050027, 0.446632446934, 0.986296629648, 0.235620195491, 0.462345776033, 0.94040550885, 0.69384819931, 0.777461855789, 0.0517399459053, 0.117547436917, 0.0356450330035, 0.540243052763, 0.256927077599, 0.290540374363, 0.553865647778, 0.0409061930462, 0.797983459051, 0.496672923599, 0.961607496574, 0.0985623400121, 0.449721744568, 29.662313283
0.0281437645324, 0.812772910567, 0.50470500699, 0.066934594348, 0.144680132802, 0.177112090182, 0.844653206461, 0.652943239882, 0.928932453919, 0.100793399024, 0.0156469645947, 0.888877285611, 0.288994468448, 0.58107167647, 0.156492928481, 0.161483680285, 0.924078043312, 0.185148172807, 0.304524267262, 0.80687298523, 0.0726934389638, 0.677821285051, 0.131824436667, 0.44108279245, 0.452652943241, 0.345388992891, 0.0999683165545, 0.156603581375, 34.919309138
0.0116432188219, 0.672335498206, 0.0890440859423, 0.94636403289, 0.837449944477, 0.315653157856, 0.0940064907453, 0.845325299583, 0.0378108935834, 0.108173736782, 0.514424865628, 0.0025950123605, 0.0783948865322, 0.819474738825, 0.706616505901, 0.191212147523, 0.537497622466, 0.582705463176, 0.0166183818266, 0.683870463107, 0.0138009691143, 0.323198379448, 0.791427131581, 0.852407866244, 0.142441862397, 0.801158109956, 0.612890927618, 0.14980599434, 25.6804373231
0.0281437645324, 0.812772910567, 0.117299964969, 0.0396555730312, 0.668200175289, 0.0123426964554, 0.844653206461, 0.492890024794, 0.928932453919, 0.240965622052, 0.0156469645947, 0.888877285611, 0.288994468448, 0.876025820654, 0.156492928481, 0.326544539437, 0.924078043312, 0.185148172807, 0.304524267262, 0.80687298523, 0.18051179426, 0.677821285051, 0.131824436667, 0.44108279245, 0.0281437645324, 0.812772910567, 0.117299964969, 0.0396555730312, 30.7089607924
0.175405468982, 0.212702506965, 0.104848146326, 0.397108545536, 0.408833008866, 0.0583495868729, 0.179023862038, 0.796086366501, 0.0567966268541, 0.834078305515, 0.626918533272, 0.233721122264, 0.511641887854, 0.801305177825, 0.99825451209, 0.0583096591191, 0.302601691342, 0.683613567793, 0.861630392355, 0.89217003219, 0.502014879459, 0.50930494141, 0.690040149805, 0.93249723505, 0.563087391669, 0.760922057246, 0.3944648858, 0.632220258697, 30.9042471681
0.0116432188219, 0.0658245528566, 0.0890440859423, 0.787771075917, 0.815006089548, 0.251261011406, 0.0940064907453, 0.845325299583, 0.0849203408449, 0.108173736782, 0.514424865628, 0.129533931316, 0.0550431418819, 0.701551205407, 0.156492928481, 0.191212147523, 0.537497622466, 0.628255706917, 0.0222566332418, 0.683870463107, 0.0138009691143, 0.323198379448, 0.949397211062, 0.295150021311, 0.0116432188219, 0.0658245528566, 0.0890440859423, 0.787771075917, 26.3044146997
0.00284169339118, 0.368162066793, 0.132144507303, 0.168174133737, 0.226723288031, 0.982834977803, 0.615252817548, 0.709377132913, 0.00541453200574, 0.795509832997, 0.67125109269, 0.546460544857, 0.00800019978296, 0.754819023487, 0.204061144767, 0.175371793814, 0.313267313737, 0.14792301764, 0.500761563167, 0.456129270999, 0.0445462740024, 0.878300698023, 0.82672291763, 0.0948914797553, 0.00284169339118, 0.368162066793, 0.132144507303, 0.168174133737, 29.9726071923
0.00284169339118, 0.368162066793, 0.0776497873388, 0.448452952689, 0.246761307748, 0.776502353537, 0.615252817548, 0.709377132913, 0.313605247789, 0.747297554664, 0.26034228042, 0.546460544857, 0.00800019978296, 0.0832577577414, 0.288389595597, 0.175371793814, 0.732934618794, 0.14792301764, 0.500761563167, 0.116958065695, 0.0445462740024, 0.878300698023, 0.82672291763, 0.0948914797553, 0.779880048562, 0.964773840108, 0.0814857973755, 0.67202005335, 26.6662046447
