0.00284169339118, 0.368162066793, 0.132144507303, 0.168174133737, 0.226723288031, 0.982834977803, 0.615252817548, 0.709377132913, 0.00541453200574, 0.795509832997, 0.67125109269, 0.546460544857, 0.00800019978296, 0.754819023487, 0.204061144767, 0.175371793814, 0.313267313737, 0.14792301764, 0.500761563167, 0.456129270999, 0.0445462740024, 0.878300698023, 0.82672291763, 0.0948914797553, 0.00284169339118, 0.368162066793, 0.132144507303, 0.168174133737, 29.9726071923
0.0277868238475, 0.760922057246, 0.3944648858, 0.23490462439, 0.0255988410833, 0.776502353537, 0.00835017531556, 0.652312347527, 0.99694113963, 0.161333658878, 0.56231114145, 0.628636355488, 0.41509188841, 0.934830393801, 0.2527175433, 0.977980478685, 0.341340964621, 0.0274048466435, 0.886832757427, 0.224972585269, 0.0312710356766, 0.0686053479357, 0.729305891721, 0.315027862162, 0.0277868238475, 0.760922057246, 0.3944648858, 0.23490462439, 29.8596776934
0.328733708046, 0.0103965174894, 0.237852814116, 0.134788413389, 0.903897955401, 0.473608950872, 0.0892762518856, 0.61107851352, 0.998761611026, 0.463654926649, 0.739384812443, 0.567399807725, 0.764418946389, 0.0118211797353, 0.426884604442, 0.268874793858, 0.703218379879, 0.14792301764, 0.144618086827, 0.156645154472, 0.336155577801, 0.864854853466, 0.864017305285, 0.440139910436, 0.328733708046, 0.0103965174894, 0.237852814116, 0.134788413389, 32.2100564219
0.00284169339118, 0.368162066793, 0.132144507303, 0.168174133737, 0.226723288031, 0.982834977803, 0.278315638344, 0.709377132913, 0.00541453200574, 0.795509832997, 0.67125109269, 0.546460544857, 0.00800019978296, 0.754819023487, 0.204061144767, 0.175371793814, 0.313267313737, 0.0356450330035, 0.500761563167, 0.456129270999, 0.0445462740024, 0.878300698023, 0.82672291763, 0.0948914797553, 0.150456432315, 0.390673528048, 0.117299964969, 0.0396555730312, 35.4446096352
0.328733708046, 0.028336782305, 0.237852814116, 0.134788413389, 0.903897955401, 0.202048248718, 0.180995480025, 0.61107851352, 0.855033333213, 0.984044345212, 0.739384812443, 0.567399807725, 0.94040550885, 0.0118211797353, 0.426884604442, 0.268874793858, 0.703218379879, 0.14792301764, 0.144618086827, 0.156645154472, 0.336155577801, 0.782337261737, 0.785389228634, 0.440139910436, 0.0277868238475, 0.760922057246, 0.3944648858, 0.23490462439, 30.6675828817
0.328733708046, 0.0105535320421, 0.237852814116, 0.134788413389, 0.903897955401, 0.473608950872, 0.180995480025, 0.262897506369, 0.855033333213, 0.463654926649, 0.739384812443, 0.634582502881, 0.764418946389, 0.0118211797353, 0.426884604442, 0.268874793858, 0.881338734009, 0.14792301764, 0.144618086827, 0.156645154472, 0.336155577801, 0.864854853466, 0.864017305285, 0.936245051527, 0.328733708046, 0.0105535320421, 0.237852814116, 0.134788413389, 32.9734397743
0.77305280378, 0.0105535320421, 0.237852814116, 0.19426843816, 0.903897955401, 0.473608950872, 0.180995480025, 0.262897506369, 0.855033333213, 0.463654926649, 0.739384812443, 0.634582502881, 0.764418946389, 0.0118211797353, 0.426884604442, 0.268874793858, 0.764598354852, 0.14792301764, 0.144618086827, 0.156645154472, 0.301119294222, 0.864854853466, 0.944798030002, 0.440139910436, 0.77305280378, 0.0105535320421, 0.237852814116, 0.19426843816, 31.4346015557
0.00284169339118, 0.368162066793, 0.686517149593, 0.168174133737, 0.226723288031, 0.982834977803, 0.321206008772, 0.709377132913, 0.00541453200574, 0.795509832997, 0.67125109269, 0.546460544857, 0.00800019978296, 0.754819023487, 0.204061144767, 0.175371793814, 0.313267313737, 0.14792301764, 0.0921163988197, 0.156645154472, 0.00887439524209, 0.878300698023, 0.82672291763, 0.0948914797553, 0.00284169339118, 0.368162066793, 0.686517149593, 0.168174133737, 27.5362975572
0.328733708046, 0.028336782305, 0.237852814116, 0.144188943253, 0.903897955401, 0.473608950872, 0.180995480025, 0.896581730848, 0.855033333213, 0.463654926649, 0.739384812443, 0.191982626703, 0.764418946389, 0.0118211797353, 0.426884604442, 0.268874793858, 0.703218379879, 0.185576629274, 0.144618086827, 0.156645154472, 0.336155577801, 0.864854853466, 0.864017305285, 0.440139910436, 0.496672923599, 0.760922057246, 0.0985623400121, 0.449721744568, 32.5168642514
0.0277868238475, 0.760922057246, 0.3944648858, 0.23490462439, 0.0255988410833, 0.776502353537, 0.32091826899, 0.61107851352, 0.99694113963, 0.161333658878, 0.129313878791, 0.628636355488, 0.41509188841, 0.0118211797353, 0.2527175433, 0.302192150654, 0.341340964621, 0.030167485156, 0.886832757427, 0.0685826003741, 0.0312710356766, 0.0686053479357, 0.729305891721, 0.315027862162, 0.0277868238475, 0.760922057246, 0.3944648858, 0.23490462439, 25.6023688953
0.0446986649202, 0.357227308008, 0.0563597475787, 0.179206003769, 0.903897955401, 0.473608950872, 0.895831847762, 0.61107851352, 0.789973408836, 0.490496455806, 0.488114285768, 0.532595541574, 0.26042603912, 1.47473346942e-05, 0.164187567038, 0.149918751574, 0.769593436336, 0.603943326297, 0.144618086827, 0.156645154472, 0.336155577801, 0.864854853466, 0.896239096089, 0.440139910436, 0.0446986649202, 0.357227308008, 0.0563597475787, 0.179206003769, 32.2595477791
0.328733708046, 0.028336782305, 0.237852814116, 0.285147357666, 0.903897955401, 0.933105469617, 0.180995480025, 0.61107851352, 0.994423317725, 0.463654926649, 0.310459903673, 0.567399807725, 0.764418946389, 0.0118211797353, 0.426884604442, 0.712250075834, 0.703218379879, 0.523015450641, 0.144618086827, 0.156645154472, 0.336155577801, 0.0521140627776, 0.864017305285, 0.440139910436, 0.328733708046, 0.028336782305, 0.237852814116, 0.285147357666, 32.4475342139
0.328733708046, 0.028336782305, 0.237852814116, 0.134788413389, 0.903897955401, 0.202048248718, 0.180995480025, 0.61107851352, 0.855033333213, 0.984044345212, 0.739384812443, 0.567399807725, 0.94040550885, 0.0118211797353, 0.426884604442, 0.268874793858, 0.703218379879, 0.14792301764, 0.144618086827, 0.0458459466822, 0.336155577801, 0.782337261737, 0.785389228634, 0.440139910436, 0.0277868238475, 0.760922057246, 0.3944648858, 0.23490462439, 31.8129899414
0.328733708046, 0.0105535320421, 0.908486114977, 0.134788413389, 0.903897955401, 0.473608950872, 0.180995480025, 0.262897506369, 0.855033333213, 0.463654926649, 0.739384812443, 0.634582502881, 0.764418946389, 0.0118211797353, 0.426884604442, 0.268874793858, 0.703218379879, 0.14792301764, 0.144618086827, 0.156645154472, 0.336155577801, 0.864854853466, 0.864017305285, 0.936245051527, 0.723628335902, 0.961607496574, 0.0219707640566, 0.989281119746, 29.3897207713
0.851539527164, 0.760922057246, 0.3944648858, 0.23490462439, 0.0255988410833, 0.776502353537, 0.180995480025, 0.652312347527, 0.99694113963, 0.379782944088, 0.56231114145, 0.628636355488, 0.41509188841, 0.934830393801, 0.2527175433, 0.977980478685, 0.341340964621, 0.0246416520718, 0.881714922354, 0.224972585269, 0.0312710356766, 0.0686053479357, 0.729305891721, 0.315027862162, 0.851539527164, 0.760922057246, 0.3944648858, 0.23490462439, 30.3470021321
0.496672923599, 0.0181737812014, 0.247769785169, 0.148359977483, 0.149084079008, 0.590139872842, 0.295205951346, 0.857413006865, 0.506364334318, 0.712297494779, 0.221338017702, 0.754848522899, 0.8736501292, 0.888575405278, 0.47980081752, 0.173953614493, 0.0152669798018, 0.0228933713386, 0.85935096331, 0.054397455129, 0.143586153319, 0.132141358274, 0.97622726753, 0.708030271251, 0.150456432315, 0.390673528048, 0.821970210171, 0.0396555730312, 35.0978870178
