0.934075051996, 0.0885800463284, 0.177580309153, 0.922464453032, 0.493133798043, 0.211484895196, 0.828270695816, 1.0, 0.572073909456, 0.869533816715, 0.453008342233, 0.153031670172, 0.797591942196, 0.146755011589, 1.91873482055, 0.000942103983155, 2.6218971944e-75, 1.63201894329e-105, 0.00329088410654
1.0, 0.200250696689, 0.544267005718, 1.0, 0.842843377485, 0.894768197635, 0.185346380401, 0.122767250159, 0.430808771582, 0.433293534962, 0.129449936951, 0.521259745564, 0.190753863912, 0.95507041413, 7.36537172806e-33, 1.20285648616e-16, 7.20334880038e-43, 2.71479638318e-86, 1.96441371831
1.0, 0.0, 0.0, 0.508311231797, 0.0, 0.0, 0.133146626216, 0.0, 0.396213936176, 0.0, 1.0, 0.580414893966, 0.0813393712961, 0.0, 1.73109716964e-16, 1.11535195859e-45, 0.0, 0.0, 2.8270962221
0.00816127998747, 0.355149656848, 0.449254256391, 0.165396521114, 0.569828297397, 0.0965174244717, 0.591642695492, 0.617830182474, 0.0511215762257, 0.165077110397, 0.902882385825, 0.273684573003, 0.325962275653, 0.193441787952, 1.8414216529, 2.06020376228e-78, 5.13444100766e-35, 3.17989705979e-45, 4.33611567691e-209
0.442922228207, 0.0519289987237, 0.908241458918, 0.398746429269, 0.401594898903, 0.73732231425, 0.5504723709, 0.0736429859618, 0.430276354082, 0.325757913909, 0.622650873139, 0.190320345112, 0.0663311367312, 0.184818407594, 1.68390773519, 3.10540945665e-40, 0.000174811667857, 9.19248749765e-129, 1.1354964387e-35
0.0, 0.278928910422, 0.0, 0.0, 0.0, 0.0, 1.0, 0.0, 0.0, 0.0, 1.0, 0.26685700524, 0.51416187652, 0.0, 3.05455621475, 0.0, 0.0, 1.69989084202e-55, 0.0
0.260492310392, 0.805027827013, 0.548699303836, 0.014041700164, 0.719704686404, 0.398823542224, 0.824844977148, 0.668153201232, 0.00114281931443, 0.493577866465, 0.867602775493, 0.243910876887, 0.325204362747, 0.870471232109, 1.80972220177, 1.56928314847e-185, 2.43878047714e-26, 1.0834803994e-09, 1.07949977811e-58
0.925107079189, 0.280410000662, 0.633429831018, 0.00485351421758, 0.0913986149475, 0.258726547522, 0.468191360129, 0.842431873588, 0.271162510643, 1.0, 0.375866583561, 0.630579675848, 0.674815740809, 0.827182130391, 1.81587440352, 1.15036669476e-231, 4.21751776774e-20, 1.71615111743e-55, 0.00118687826671
0.0, 0.0, 1.0, 0.571480368848, 0.0, 1.0, 0.0, 1.0, 0.0, 0.0, 0.0, 1.0, 1.0, 1.0, 2.14313189851e-16, 1.68772006526e-40, 3.5, 0.0, 0.0
0.0033387105025, 0.543390036741, 0.658832338919, 0.54750571477, 0.450790158893, 0.873366624208, 0.435579832553, 0.988020914074, 0.241436207739, 0.189450462804, 0.353932067344, 0.741477566736, 0.985696487526, 0.550755521611, 1.86555932196, 2.02206263079e-26, 2.21014000623e-18, 9.50815079635e-27, 6.68044309447e-248
0.575651014165, 0.290329502403, 0.189391328554, 0.186729528256, 0.612773179869, 0.65665938899, 0.476530992009, 0.0898243611956, 0.757603921966, 0.876770370823, 0.923381015946, 0.84246022314, 0.898173121358, 0.92308243982, 2.04844157076, 4.25445035984e-73, 1.75207428355e-72, 6.26124119401e-54, 3.337881161e-24
0.407849650331, 1.0, 0.90244410192, 0.579861596361, 0.507961180621, 0.15258807524, 0.480501446828, 0.270247638846, 0.711441902418, 0.915572029636, 0.734846140379, 0.173328280279, 0.500478918999, 0.102866590898, 1.04763319755e-16, 3.53804873841e-40, 5.7327132263e-21, 1.71091485291, 3.01548868872e-39
0.278388114156, 0.318366891246, 0.887879409816, 0.418165967688, 0.423588904645, 0.902693503563, 0.644223419548, 0.725592111754, 0.725182536198, 0.115647974183, 0.341293025669, 0.660651864396, 0.291519815625, 0.29249165735, 1.57564718799, 3.37634918294e-38, 1.69424933805e-05, 4.85700472492e-50, 7.22183828031e-56
1.0, 0.787073359697, 0.0, 0.0, 1.0, 0.0, 0.0, 1.0, 1.0, 0.111911507171, 1.0, 0.0, 0.0169491667858, 1.0, 2.07207224911e-16, 0.0, 0.0, 1.30030749721e-26, 3.38395078574
0.122503252768, 0.103107243828, 0.0518623749123, 0.226906377982, 0.204523655073, 0.384100021829, 0.334463543045, 0.494750111284, 0.716052151115, 0.438116176758, 0.459412453848, 0.541007943248, 0.128815082588, 0.847524478057, 1.44055760092, 8.69602630075e-65, 6.91656624661e-129, 4.82578855227e-99, 1.47710902332e-91
0.556946699429, 0.0, 0.0, 0.0, 0.0, 0.0, 1.0, 0.0, 1.0, 1.0, 0.0, 1.0, 0.0, 0.0, 3.5, 0.0, 0.0, 0.0, 2.09677282443e-25
