3.61569615882, 1.0000004372, 1.46518888737, 1.21922013459, 2.67851879967, 0.886534008166, 4.52418650713, 1.16728827235, 0.905200521043, 1.33110992744, 5.44970801187, 0.885109108575, 3.51640308191, 1.28825113816, 1.09000062101, 1.04773551428, 1.02843372027, 0.833511732347, 7.94947372291, 1.15421720384, 0.932586341454, 421.521430444, 0.939541714043, 5.5000608439, 0.999182791833, 4.31635297291, 0.9294031314, 79.859298883, 9.8904941837, 35.9642050347
1.54884811494, 1.00000006316, 1.71788794848, 1.20141691936, 5.83557687532, 0.778686254174, 5.77584905537, 1.09551628574, 0.954068141987, 2.13668121151, 5.54964784689, 0.845307902551, 2.37304663243, 1.22687202876, 1.0900007858, 1.06482649027, 1.04433608262, 0.841880155822, 8.25002061821, 1.04828995342, 0.939990956907, 643.946247434, 1.11283370377, 1.5620870049, 1.11967046411, 3.03173379784, 1.10781158523, 18.5567142931, 6.57537372877, 56.5905638458
4.77926725965, 1.00000037072, 1.45271990072, 1.14794480299, 5.94242913377, 0.947494402313, 3.17553853818, 1.12342903815, 0.946695723528, 5.70333704209, 5.80955920782, 1.13663874781, 2.23575868885, 1.08254176083, 1.09000052354, 1.01739973112, 1.03976591206, 1.17658744173, 6.43328855011, 1.11698737265, 0.848793627273, 665.136942987, 1.02908326249, 4.55420682921, 0.981574073241, 4.07320511719, 0.923940625631, 7.52615806904, 9.44362662109, 36.4114219728
2.14941327204, 1.00000006047, 1.11153196513, 1.20658789036, 4.06568579443, 0.720834530856, 1.12430762991, 1.25456618417, 0.914600482489, 2.08348620059, 6.02413856209, 0.932423890831, 3.67057471512, 1.21160352761, 1.09000051144, 1.10362733507, 1.01363715966, 0.899271166576, 8.3427892839, 1.00332218859, 0.852766393651, 349.34956445, 0.975824839454, 1.0206463878, 1.08919108126, 3.29512017724, 0.960907755491, 9.92164207037, 5.33909146757, 248.287742977
5.26173341333, 1.00000056069, 1.51384240682, 0.900216978036, 3.45032244239, 0.940606119322, 2.67914163394, 1.24142257198, 0.964596249456, 1.97765854083, 5.57012491755, 0.933001565259, 1.1972054585, 0.83895949633, 1.09000052709, 1.02049270651, 1.02753654586, 1.0070135124, 6.84460231153, 1.05834597072, 0.919362687439, 417.153791135, 1.13521043166, 5.15554512553, 1.13422080456, 2.10370241606, 0.955324973244, 17.5679958016, 7.38863580816, 141.702236658
4.74459343762, 1.00000037683, 1.44605314409, 1.14452875921, 5.89473779864, 0.787012770682, 1.0739493461, 1.00685121474, 0.907953965508, 4.52052511085, 5.36298063032, 0.890381012772, 2.56574731777, 0.95241939259, 1.09000093316, 1.04008049812, 1.02553450773, 1.05803697908, 5.13485609748, 0.971773492787, 0.878237456972, 454.788540805, 1.08651941429, 4.56504251138, 0.983163290766, 3.00743131538, 0.928134696467, 20.7496626212, 7.890750449, 111.342202119
4.46302650934, 1.00000065554, 1.20262702242, 1.10501375483, 4.11659601262, 0.949062065926, 5.47474960724, 1.24548116426, 0.92078335341, 3.99903582246, 5.79986676993, 0.930925916165, 4.05544445482, 0.928007693947, 1.09000071508, 1.06775031002, 1.02998489374, 0.944524259137, 5.6797020103, 1.05953282546, 0.92195625121, 319.765693779, 0.933368912244, 5.61974287483, 0.998586930399, 1.69718968482, 0.963000302322, 29.1340963619, 7.38393066322, 182.929190582
2.50570765028, 1.00000092289, 1.46885269086, 0.890086666755, 2.68488800126, 0.910586117426, 1.03129612193, 1.06943319719, 0.905983969848, 4.51306079975, 6.23290345573, 0.890758232541, 3.64473335679, 1.04050766194, 1.09000096465, 1.108729303, 1.01913329847, 1.22426268698, 7.92187298848, 1.04837302031, 0.930837077578, 71.2703072093, 0.939541714043, 1.04525381976, 0.986310145107, 3.29919141435, 1.08997662162, 39.9096712951, 7.89111901807, 59.0098450936
1.54884811494, 1.00000062287, 1.7347358443, 1.09052338637, 2.81717426665, 0.778686254174, 1.05247188343, 1.22768694211, 0.911521722017, 2.14618257499, 5.5467278046, 0.908026245861, 2.37359503179, 1.0367302698, 1.09000080076, 1.00574808106, 1.04387979974, 0.83988398991, 8.25002061821, 1.15530867282, 0.939913404019, 643.946247434, 0.974440143344, 1.5620870049, 1.11967046411, 3.04467282075, 1.11205368454, 27.7964555376, 8.32323145914, 181.553826112
1.09890940567, 1.00000063791, 1.43493499835, 0.851378853844, 3.46529313611, 0.909772952623, 2.75471730157, 1.18552141961, 0.971559245735, 5.4641530538, 5.13995887099, 1.04761716244, 3.5327295783, 0.940999347678, 1.09000036188, 1.02726684474, 1.0260393216, 1.12954674024, 3.38934509317, 1.12518263542, 0.917163977299, 30.1370641103, 1.07967559735, 5.82518757032, 1.1748621988, 2.41499763996, 0.916665053888, 59.8402493933, 8.8020458853, 94.4718507768
2.4329450616, 1.00000018514, 1.09066239933, 0.915453982428, 2.94246076582, 0.816748309918, 4.37770019802, 1.06831230372, 0.910361324723, 5.89207664095, 4.9774953519, 0.84183109593, 3.64403654627, 1.05218250779, 1.09000085754, 1.04796253047, 1.00179047064, 0.990681169027, 3.67119000686, 0.963520127382, 0.787738717337, 412.49040246, 0.97035337116, 4.87087773683, 1.02146188654, 4.37065846298, 0.873490882219, 157.40331688, 11.7825166763, 91.105248579
5.67261609958, 1.00000067321, 1.60168499398, 0.84948141356, 1.8922288208, 0.909772952623, 2.69720637229, 1.18456437566, 0.998782485784, 5.4649556148, 5.87576080102, 0.91268415282, 4.10781311555, 1.14419831607, 1.09000036312, 1.10028190925, 1.00436927664, 1.0701000662, 9.66020286052, 1.12518263542, 0.917163977299, 135.59664948, 1.0799600689, 2.86297529485, 1.1748621988, 3.74742980923, 1.266975994, 55.5961484255, 12.5291550587, 61.3937200805
2.84783933945, 1.00000049165, 1.41576990461, 1.0461624882, 6.55981019648, 0.973936303365, 2.34328225979, 1.10095739626, 0.913745575879, 5.77763327608, 5.33545270538, 0.998772512873, 3.02314830605, 0.975963301866, 1.09000021627, 1.09106550884, 1.01427188567, 0.930481388582, 6.3563555379, 1.05621415695, 0.91990217544, 733.478181699, 0.980840840549, 3.01057369083, 1.08921160933, 3.97356582829, 0.898500884565, 43.1588840198, 9.32222116773, 267.35023946
5.59467530803, 1.00000063899, 1.38266946369, 0.903020947868, 2.15529361268, 0.939877418674, 3.86750199206, 1.08244445924, 0.972400196301, 2.22030266415, 5.54846909945, 0.93945024273, 4.15723895749, 0.838239692184, 1.09000051837, 1.03021372172, 1.0275945607, 1.00376044775, 7.20049093228, 0.920908142306, 0.894470056769, 125.895945137, 1.10176295307, 5.96071748085, 1.13868143228, 2.07779362181, 1.08701464736, 51.0089260244, 8.71833856006, 395.590283524
1.31585522594, 1.00000063961, 1.32564865662, 1.09201485113, 2.11357487885, 0.93786527923, 2.64872795905, 1.08244445924, 0.970346487061, 2.14681989914, 5.54673644326, 0.937556955584, 4.18801893828, 0.838239692184, 1.090000532, 1.03021372172, 1.04396717377, 1.00355787341, 7.17964133424, 0.920984435569, 0.76973079962, 645.384932878, 1.09567679633, 1.60656766516, 1.11888504972, 2.07779362181, 1.23378920055, 51.8579325814, 10.0624421058, 196.545863212
2.38254230693, 1.00000023408, 1.40900480776, 0.92165002647, 1.77982563043, 0.83628468684, 3.17905947661, 1.02990617634, 0.977777404937, 3.81521921888, 4.76689305921, 1.13473017531, 4.21522352515, 1.08251599688, 1.0900005762, 1.03971738007, 1.04458525803, 0.992853235835, 4.32474463184, 1.1189914007, 0.894148108576, 412.812047909, 1.02857710975, 3.03134896003, 1.22076580614, 4.36807193002, 1.14242587657, 93.3189839507, 12.0771890048, 144.72738446
2.13178076432, 1.00000065363, 1.20277778608, 1.03506875342, 6.57224944951, 0.985278653831, 3.62806779801, 1.02301893264, 0.920812194513, 4.1171126599, 4.68826829111, 0.930136234626, 3.41465322919, 1.03770012618, 1.09000021179, 1.09006976554, 1.02977044071, 0.944519180113, 5.66730667193, 1.05834985494, 0.921958703466, 318.572036849, 0.979562443809, 5.578908608, 0.994977474195, 1.65394942033, 1.05536253996, 134.42713811, 13.6081056994, 140.599670603
3.10937190017, 1.00000010725, 1.56950814435, 0.92363478735, 5.00782709292, 0.941665838549, 2.40848092825, 1.23102479899, 0.946184388875, 2.74587743454, 5.49879827554, 0.819197731277, 1.03409483949, 0.933563589985, 1.09000023601, 1.04504475984, 1.02224116007, 0.98250100356, 5.51043641654, 0.997721406346, 0.915387260068, 514.649606309, 1.08357696587, 1.28668820004, 1.08436816016, 3.48358405592, 1.03952977377, 64.1379652595, 17.3962179496, 74.0752366351
5.26173341333, 1.00000056369, 1.41127934065, 0.900216978036, 1.7860356181, 0.95237957618, 3.81869960924, 1.03948700609, 0.92138526677, 4.00870684807, 4.68860115187, 0.931715932187, 1.28659704942, 0.83895949633, 1.09000052709, 1.03983315523, 1.01558783238, 1.0070135124, 4.18335349214, 1.05821081111, 0.969258421512, 320.656895876, 1.13521043166, 1.77549964722, 1.0849966553, 4.41741997831, 0.954929785477, 58.3050980736, 18.2323842101, 188.327531693
2.38254230693, 1.00000056368, 1.41344695411, 0.92165002647, 2.10681429114, 0.757858930694, 3.8234892247, 1.03876926522, 0.957146243999, 3.80698157702, 5.41043737717, 0.8478831063, 1.28666088259, 1.09154622708, 1.09000057416, 1.03971738007, 1.01570215381, 0.970278041077, 3.46117404836, 1.11897665214, 0.893913298333, 308.888247533, 1.02857710975, 2.81491456724, 1.22076580614, 4.37271625465, 1.096725277, 45.375132504, 12.2362227451, 1024.97274266
1.23762390799, 1.00000090323, 1.27229111558, 0.915842850611, 2.41169438945, 0.789364316059, 3.86854629637, 1.11428034071, 0.99446386274, 5.64621416878, 5.99514683175, 0.912324345213, 3.21673477885, 1.04321414897, 1.09000048756, 1.08332494293, 1.03877275901, 1.00814991463, 9.68158833345, 0.961012344337, 0.970766645367, 370.344048944, 1.12803693304, 3.99101727384, 1.10268002833, 5.04838592921, 1.19869759379, 61.9004590717, 9.25818574148, 396.765837494
2.4329450616, 1.00000087879, 1.08906090546, 0.91459821405, 2.94045897956, 0.816748309918, 3.22699334938, 1.06856889372, 0.905763811861, 5.89364165106, 6.14110744894, 0.851909517311, 5.04151303367, 1.24198330143, 1.09000076713, 1.00788278715, 1.00179047064, 1.06507630251, 5.70942357738, 1.12850175736, 0.786422162585, 412.957896263, 1.09444750153, 4.89110531904, 1.10579141045, 4.37065846298, 1.07972337878, 53.3106879964, 10.3045827665, 224.488818661
2.4329450616, 1.00000087689, 1.09066239933, 0.915453982428, 2.95881839609, 0.816748309918, 1.62572414596, 1.06856889372, 0.910361324723, 2.99644809865, 6.07902003512, 0.849289654706, 3.65020142561, 1.05204069293, 1.09000084847, 1.0477971834, 1.04343055755, 0.990681169027, 9.36663144773, 0.939723207318, 0.789364691537, 375.188290335, 1.09444750153, 4.95267806668, 1.10576129071, 4.37065846298, 1.07881205464, 115.565599092, 22.0944866488, 123.928505138
2.4329450616, 1.00000088964, 1.09224252582, 0.91459821405, 2.94045897956, 0.816748309918, 5.49458526855, 1.06856889372, 0.910399888721, 5.89364165106, 6.0756712597, 0.849726636989, 3.63702756496, 0.923328553225, 1.09000076713, 1.04796253047, 1.00179047064, 1.06507630251, 5.7185255805, 1.05911488028, 0.786218337329, 412.957896263, 1.09444750153, 4.89110531904, 1.10579141045, 4.37065846298, 1.07972337878, 212.153807138, 19.2053462512, 196.815037155
4.46302650934, 1.00000065791, 1.20262702242, 1.10748040437, 3.97353851235, 0.951556166087, 5.47474960724, 1.05001909314, 0.920818735026, 3.99903582246, 5.79880262452, 0.896397097659, 4.01797106951, 0.928007693947, 1.09000071508, 1.06794428829, 1.02998489374, 0.944524259137, 5.6797020103, 1.05953282546, 0.92195625121, 319.765693779, 0.933368912244, 5.70782410389, 1.10853122401, 1.71843382888, 1.19906235728, 70.6104682413, 13.9455024586, 542.238030945
4.35928237253, 1.00000003837, 1.56864744924, 1.0762804993, 5.00782709292, 0.799391833443, 3.6186329077, 1.23102479899, 0.946184388875, 2.74587743454, 5.4802180101, 0.819250248471, 3.69948958858, 1.21213575233, 1.09000023489, 1.04504475984, 1.02223732048, 0.98250100356, 5.49712805769, 1.00345025968, 0.915387260068, 514.649606309, 1.08357696587, 3.93629567249, 1.08436816016, 3.48358405592, 1.04285739264, 72.2482164116, 11.1023309381, 422.016233211
1.22555546692, 1.00000090323, 1.27229111558, 0.913311259378, 6.43863171614, 0.790988216754, 4.5220251153, 1.24219510258, 0.900577780779, 5.64621416878, 5.44552594576, 1.21401800772, 3.21673477885, 1.19974058037, 1.09000048726, 1.05190433897, 1.03873425375, 1.00797572558, 7.94437024864, 1.12218861805, 0.971529285499, 423.822127263, 1.12803693304, 3.99101727384, 1.10284281756, 3.15299129835, 1.12604754969, 91.4375108189, 12.1271478432, 393.938610644
2.95778455217, 1.0000009011, 1.61622444759, 1.02190636627, 4.83092443701, 0.955157909506, 2.48506967527, 1.22591927418, 0.93374812184, 2.3799512514, 5.60680317274, 1.13356103184, 1.05723235335, 0.971458649012, 1.09000031382, 1.02892184523, 1.04122834203, 0.816297348288, 3.62428837537, 1.04690232659, 0.99900040426, 609.49619777, 0.917603892054, 5.14142023991, 1.09822965408, 2.6137452749, 1.1989005883, 200.571778017, 18.2414447382, 228.053440995
1.57956895206, 1.00000043202, 1.05150846542, 1.05761779573, 2.07662346035, 0.805715962458, 3.28701504069, 1.02648191828, 0.903390257211, 5.77698235818, 5.0400076299, 1.04763324664, 2.92658396076, 1.2796170213, 1.09000069325, 1.06574083286, 1.0266322673, 0.960912125327, 5.48384319388, 1.05387644259, 0.862774280766, 308.079901284, 1.10213829567, 2.80950017043, 1.00237920444, 5.25702212458, 0.893624195212, 106.211738674, 20.6502432228, 340.432714273
2.01800563549, 1.00000049885, 1.27229111558, 0.913311259378, 6.52613522141, 0.790787185403, 3.86854629637, 1.02325077447, 0.900609125687, 5.64621416878, 5.56285804875, 1.21500355388, 3.21673477885, 1.0348395561, 1.09000048756, 1.09065362469, 1.03857154092, 0.936273422875, 8.72183721988, 1.05887125597, 0.970766645367, 383.467915494, 0.981731169129, 3.97450487211, 1.10284281756, 3.15299129835, 1.05440282547, 126.616837089, 11.3234830496, 320.447670788
3.62667608216, 1.00000043381, 1.55707013689, 0.914778511205, 2.03245716003, 0.825269283662, 3.55905379692, 1.23294212142, 0.913957753148, 1.68796563504, 5.33171912658, 1.08115477372, 3.95797085623, 1.24255491677, 1.09000056845, 1.04886183387, 1.0284291925, 0.831428991449, 5.74790200128, 1.1571459231, 0.761034424612, 308.22122903, 1.10321526953, 2.89198658902, 0.952657512802, 4.30656796573, 0.931181938458, 107.801424141, 10.6551634916, 328.776082351
3.56627315904, 1.00000043381, 1.55881167844, 0.911851911778, 2.07032579583, 0.759355060942, 3.55905379692, 1.23218625867, 0.913957753148, 1.62284167503, 5.72667760591, 1.08115477372, 3.95677040083, 1.24856187987, 1.0900002101, 1.01999657265, 1.0284291925, 0.833502769185, 6.05147205914, 1.15960274279, 0.761034424612, 307.900603347, 1.10225133603, 2.89198658902, 0.952657512802, 4.30655207783, 0.931181938458, 67.233481276, 17.8404132789, 1315.23538501
3.81003434175, 1.00000056192, 1.30091098144, 1.00676153292, 4.05424708423, 0.905858888955, 2.65563415295, 1.21066354645, 0.956796901369, 2.36345251019, 5.15837624002, 1.13446154474, 4.21449144078, 0.840169184851, 1.09000052709, 1.01840583845, 1.02746382931, 0.883559200765, 3.87459415195, 0.91779282538, 0.830117901027, 122.86905705, 0.945995310569, 1.16067034424, 1.13432522652, 2.08374070432, 1.01439774452, 61.6166278181, 18.2310713333, 410.393500171
5.21918800147, 1.00000046274, 1.43353035563, 1.02918541086, 3.45416614155, 0.882154782954, 4.50065592337, 1.18192938564, 0.962863767357, 1.36549812341, 5.14322527178, 1.03900835432, 2.73805952565, 0.932861832864, 1.09000026152, 1.03039060539, 1.02661677417, 1.20149990289, 3.46810973581, 1.05824518272, 0.958723818558, 767.680267316, 1.13548409867, 2.82530397976, 1.00040218988, 4.22783732506, 0.922779393753, 88.9691256752, 19.7822373597, 385.833613336
5.21918800147, 1.00000046274, 1.43353035563, 1.02934430383, 3.45432089746, 0.882154782954, 4.51921471645, 1.16669900318, 0.964596249456, 5.48294603088, 5.14322527178, 1.04654779104, 2.73805952565, 0.932861832864, 1.09000026152, 1.03039060539, 1.02661677417, 1.20724582728, 3.45343353654, 1.05834597072, 0.958723818558, 767.680267316, 1.13521043166, 2.82530397976, 1.00040218988, 2.4518553993, 0.922779393753, 173.015362702, 23.3505563367, 312.200635316
4.74575282213, 1.00000087774, 1.45328715038, 1.1971935401, 4.1094604968, 0.720542084184, 5.43870254239, 1.2510992024, 0.903303600306, 2.6733350328, 6.02413856209, 0.890696837388, 2.95294084655, 1.21160352761, 1.09000051092, 1.10977033121, 1.02557390178, 0.898881776481, 5.24132531414, 1.01164402779, 0.979520132204, 349.34956445, 1.08609039716, 1.05728958267, 1.23096928454, 3.2916939403, 0.928214957709, 80.6216629638, 11.5753804708, 712.22656479
2.50570765028, 1.00000092289, 1.46875120113, 1.21922013459, 2.68488800126, 0.82019787336, 4.48259275454, 1.08207593288, 0.905983969848, 4.51306079975, 5.44970801187, 0.88515345422, 3.53232703565, 1.04050766194, 1.09000096627, 1.05302171924, 1.01910326417, 1.22240838417, 7.92834062127, 1.04836886046, 0.930837077578, 71.2703072093, 0.939541714043, 5.450567466, 1.23244829804, 2.99347168387, 1.08961780053, 88.0968763031, 14.4228484544, 565.026313777
2.50570765028, 1.00000092416, 1.46875120113, 1.21922013459, 2.68488800126, 0.88549606593, 4.51767037958, 1.16798511843, 0.905200521043, 4.51306079975, 5.44970801187, 0.88515345422, 3.52543244106, 1.04228068353, 1.09000062101, 1.05302171924, 1.01910326417, 1.22240838417, 7.92834062127, 1.04836886046, 0.930504271406, 423.853679176, 0.939541714043, 5.5000608439, 0.999182791833, 2.99347168387, 0.92942152247, 253.300694004, 26.7835029306, 306.112453835
2.37407922931, 1.00000055298, 1.6014863707, 1.15213685953, 1.74103490053, 0.788507773887, 5.10875245674, 1.00310798086, 0.978504442415, 1.66502855312, 5.41150389903, 1.11419366443, 4.16452635976, 1.14094725831, 1.09000058301, 1.03995690152, 1.00599924533, 1.02544244576, 6.11412344153, 0.931613565482, 0.944258808574, 928.467782935, 1.08293221302, 4.43286436134, 1.08635111205, 3.75490053828, 1.26638780354, 164.174984464, 12.0785836514, 543.354806618
4.74575282213, 1.00000087774, 1.56981528505, 0.891652096827, 4.07831365295, 0.720273329581, 2.40381763861, 1.2508439577, 0.946807847954, 2.72725104681, 5.49868729228, 0.890696837388, 3.65820432163, 1.22024338116, 1.09000051312, 1.10845218384, 1.02555510037, 0.899271166576, 9.85175874707, 1.02952791159, 0.852766393651, 349.34956445, 1.08610872066, 1.29468381429, 1.08653568562, 3.29551664797, 0.928214957709, 218.699337606, 13.730316505, 385.19362721
2.15717150719, 1.00000006886, 1.10946059494, 1.20388894527, 4.82338805821, 0.827612889046, 1.00302253283, 1.22906174788, 0.907870145725, 1.68760455887, 5.32973248297, 1.03343740788, 2.94412778892, 1.03534712072, 1.0900005697, 1.00577191753, 1.01350613677, 0.937863579485, 8.34901503086, 1.05866710579, 0.833519317353, 580.502328494, 0.9759468185, 3.2338524555, 1.08810879492, 4.80831832635, 1.1118896067, 200.742866556, 12.7477842029, 488.504384984
1.54396561612, 1.0000004957, 1.11230320879, 1.20620843736, 6.52309323905, 0.975435108289, 5.29749334505, 1.02306208517, 0.913274312207, 4.14435782653, 5.55788322858, 0.981453192124, 3.42389918528, 1.0368102907, 1.09000021815, 1.09113316245, 1.04546047202, 0.936531086197, 8.32689614107, 1.05834985494, 0.957653611263, 737.102970692, 0.980416793906, 3.19889882133, 1.08875073191, 4.81038468852, 1.05465347675, 159.575559498, 12.352480763, 493.473200718
2.4329450616, 1.00000087139, 1.09066239933, 1.21496323851, 2.95881839609, 0.816748309918, 1.62572414596, 1.06856889372, 0.927195238546, 2.99644809865, 6.07902003512, 0.849289654706, 3.63704052433, 1.05204069293, 1.09000075809, 1.0477971834, 1.04343543032, 0.990681169027, 9.36663144773, 0.939723207318, 0.789364691537, 333.607995043, 1.09745267963, 4.95267806668, 1.00065315362, 4.37868047768, 1.07881205464, 117.331823054, 11.0146722902, 1053.91169492
1.0642706051, 1.00000062147, 1.01210296038, 1.21929680908, 3.86533703905, 0.819147833394, 1.54091672611, 1.08264717719, 0.971271447524, 4.3214472206, 4.95457537474, 0.937112476502, 3.54204999659, 0.835464004447, 1.0900007417, 1.03026053198, 1.02041303567, 1.12983774506, 9.30796144264, 0.920008311811, 0.839576314644, 880.296721177, 1.08729918328, 5.48767217469, 0.99364743912, 2.09181143266, 1.12221551355, 157.422090797, 14.0349693763, 691.989078202
5.39655062082, 1.00000046761, 1.43163660834, 1.20100284302, 3.45722362077, 0.882723944224, 1.04959988363, 1.16473438468, 0.953358469345, 5.46993560998, 5.27054664095, 1.20595264025, 3.50682311776, 0.931904001281, 1.09000062071, 1.10994499299, 1.02661677417, 0.858319609888, 3.49636190768, 1.06801606253, 0.958723818558, 416.016078809, 1.11011285382, 1.66469794762, 0.999295016557, 4.50847936038, 0.93103517982, 125.150227738, 16.3178520612, 375.911104413
2.38199752154, 1.00000056654, 1.05460174063, 1.05856198389, 2.07662346035, 0.971072823256, 3.28959762749, 1.03867437364, 0.903390257211, 5.7656929025, 5.0400076299, 1.15130901676, 2.91969213544, 1.2796170213, 1.09000069325, 1.06922226903, 1.01578053117, 0.959847615899, 6.78963830067, 1.11925954889, 0.862774280766, 308.079901284, 1.02933320523, 3.67968918262, 1.00449104101, 5.30751524772, 0.893624195212, 118.337870358, 22.1747605571, 489.310074814
5.33660627697, 1.00000046471, 1.43227992586, 1.20100284302, 6.56355060616, 0.977233464968, 1.04959988363, 1.16654410759, 0.968629406621, 5.50594065175, 5.14322527178, 1.19625368867, 3.44872714683, 0.932861832864, 1.09000061731, 1.10908923292, 1.01413745948, 0.85820832779, 8.74347017257, 1.05834597072, 0.920628373158, 731.461818171, 0.97929734321, 1.66469794762, 0.999189275937, 4.51709467283, 0.931568238526, 95.9251558098, 15.303472841, 1306.81161046
4.86702136518, 1.00000062147, 1.01210296038, 1.21929680908, 3.86533703905, 0.819391729408, 1.54091672611, 1.08264717719, 0.971271447524, 4.3214472206, 5.44206979653, 0.928516473797, 3.54204999659, 1.08353383792, 1.0900007043, 1.03026053198, 1.02041303567, 1.12983774506, 9.30796144264, 1.04138830923, 0.905583093196, 883.837409845, 0.927432043014, 5.48767217469, 0.99364743912, 3.68270645567, 1.12221551355, 97.4560895435, 20.5301961864, 569.856309005
5.67311532984, 1.00000067056, 1.56318699263, 0.919390919016, 4.47753335689, 0.90978456789, 2.69720637229, 1.12671732003, 0.957171706715, 5.4649556148, 5.0184755382, 0.91268415282, 4.10781311555, 1.14419831607, 1.09000036679, 1.10028190925, 1.00436927664, 1.0701000662, 9.66020286052, 1.12518263542, 0.917163977299, 129.784456218, 1.0799600689, 2.86297529485, 1.03029377075, 3.74742980923, 1.26677765288, 253.526649041, 14.2151419043, 665.651025295
4.39519053773, 1.0000005118, 1.16369462825, 0.946163124646, 2.69045749707, 0.842130368702, 4.54243693939, 1.15444386654, 0.902398809045, 2.05166148592, 5.14007317152, 1.00012903266, 1.77629987366, 0.880207533487, 1.09000064712, 1.06034417706, 1.0287375521, 1.19836095372, 9.31896318078, 1.07825957714, 0.955674008156, 914.964248995, 0.946303618737, 5.95183914512, 1.07295194628, 4.61750696836, 1.26096039995, 219.675358114, 15.8073220169, 524.442047979
3.61131465496, 1.00000043381, 1.55881167844, 0.911851911778, 2.06683594761, 0.759355060942, 3.55905379692, 1.23294212142, 0.913957753148, 1.62284167503, 5.73130193862, 1.08115477372, 3.95797085623, 1.24740293295, 1.0900002101, 1.04794666935, 1.0284291925, 0.833502769185, 5.72209525328, 1.15960274279, 0.761034424612, 308.22122903, 1.10225133603, 2.89198658902, 0.952657512802, 4.30656796573, 0.931181938458, 178.168783266, 12.903243626, 856.020441692
1.55331839247, 1.00000051437, 1.42853194542, 1.20211833348, 6.75870252372, 0.973936303365, 5.29749334505, 1.09424213586, 0.913277457785, 5.53206941043, 5.55046927828, 0.981453192124, 3.42389918528, 1.03365181552, 1.09000021707, 1.09113316245, 1.04424368256, 0.934707823723, 5.41591891927, 1.05834985494, 0.920263052363, 737.102970692, 0.979896421184, 3.24709585525, 1.11845117873, 3.42940914964, 1.05382424581, 186.201932224, 12.4203594789, 2541.59427385
1.23762390799, 1.00000090323, 1.27229111558, 0.913311259378, 6.43863171614, 0.791014674215, 3.86854629637, 1.24219510258, 0.90062290759, 5.64621416878, 6.01152118661, 1.21500355388, 3.21673477885, 1.19974058037, 1.09000048756, 1.08345674122, 1.03876021858, 1.01028221843, 9.66726788505, 1.12815366001, 0.970766645367, 383.467915494, 1.12803693304, 3.99101727384, 1.10284281756, 3.15299129835, 1.12650496889, 149.9666928, 14.6038533235, 1120.34881841
1.13503916846, 1.00000056069, 1.02265212112, 0.900216978036, 3.42138215686, 0.95357806144, 3.89840934363, 1.16386476087, 0.92138526677, 4.00870684807, 4.68860115187, 0.932435689066, 1.21256796774, 0.83895949633, 1.09000079858, 1.04269897724, 1.02811065706, 1.03454580891, 6.84460231153, 1.05956298218, 0.965811777308, 350.740951777, 1.13521043166, 5.77241749837, 1.12595330081, 4.41741997831, 1.26307185947, 172.124271993, 14.4966696579, 1629.39838226
5.38497037289, 1.00000048714, 1.61714031411, 1.21026659869, 4.85917485732, 0.71845086337, 2.46351676557, 1.25491589333, 0.91992375003, 2.13710334177, 6.02683826756, 1.12814836267, 3.65820432163, 0.861190582929, 1.09000051092, 1.10875039293, 1.04084567612, 0.842168484962, 9.85982477131, 1.04682341585, 0.983866554759, 349.34956445, 1.09916607421, 5.47767734665, 1.09824724125, 3.2963402762, 1.10794290989, 170.411434342, 18.2892681633, 657.754024455
2.62621211235, 1.00000087774, 1.43498128524, 0.891652096827, 4.09509388267, 0.720542084184, 1.3748679844, 1.25104668981, 0.914365199788, 4.30614727854, 5.11004312866, 1.04711214912, 3.65820432163, 1.21160352761, 1.09000051092, 1.10032919703, 1.0339343512, 1.07030514583, 3.34127549082, 1.12654004774, 0.96626740966, 349.34956445, 0.969409212605, 1.03610057254, 1.12488743718, 3.28267002348, 0.920286191331, 261.341326725, 16.9812554028, 417.19560174
1.52961139946, 1.00000090654, 1.57018362788, 0.917522806193, 4.95140026598, 0.794982844347, 5.92912121255, 1.09515907907, 0.953516514009, 4.13671902574, 5.47850389433, 0.982795434342, 3.50596763354, 1.03795799754, 1.09000053352, 1.0548665017, 1.038523266, 0.888083524863, 8.30462574502, 1.06799282354, 0.768796605022, 728.3598758, 1.08849867115, 3.98279337649, 1.12033142693, 4.80359456731, 1.04235480026, 161.175186323, 17.7732822781, 844.005103889
2.84783933945, 1.00000049414, 1.42415467226, 1.0470150924, 6.56201763592, 0.973936303365, 2.34328225979, 1.2489599831, 0.914625569466, 5.82638513851, 5.34285609885, 0.932524369335, 3.02867721318, 0.975963301866, 1.09000021851, 1.09106550884, 1.01427188567, 0.929907683922, 6.33321600118, 1.0566368802, 0.924083084442, 349.393456301, 0.980840840549, 3.01057369083, 1.08921160933, 3.30022706482, 0.899037129627, 140.616674866, 21.8842885213, 503.207972164
1.15888665638, 1.00000067086, 1.01640155515, 0.843419335897, 3.46471663, 0.995513707125, 2.64740750156, 1.18410731172, 0.998605861813, 4.32182740387, 5.13995887099, 1.06509069677, 2.74345236249, 0.932812958413, 1.0900003644, 1.10032752143, 1.02623712434, 1.03049638491, 3.38934509317, 0.91384206243, 0.917163977299, 17.8930499518, 1.0816961718, 5.55605319262, 1.1748621988, 4.60418190223, 0.920189344481, 217.643590186, 19.0384079531, 561.150882156
2.79641458941, 1.00000018732, 1.09066239933, 1.10795848523, 4.15204868901, 0.816748309918, 4.37770019802, 1.06831230372, 0.910361324723, 3.96331984974, 5.80453636396, 0.841510837342, 4.05321658754, 1.05218250779, 1.09000085754, 1.04796253047, 1.03050687238, 0.990681169027, 3.67119000686, 0.963520127382, 0.787738717337, 412.49040246, 0.97035337116, 4.87087773683, 0.998147416944, 4.37065846298, 0.96444473977, 134.009106803, 22.0406774212, 464.009170925
5.52369453397, 1.00000017856, 1.56330693807, 0.919560602986, 4.5060858468, 0.839778779378, 2.81636146078, 1.12642314274, 0.956759317474, 4.76961201166, 5.01224894205, 1.19854979645, 1.40148849575, 0.93470539506, 1.09000015114, 1.04480101428, 1.01196612109, 1.08245559866, 3.67433388644, 0.998112269924, 0.907033846403, 538.138761846, 1.07356351357, 2.9618620617, 1.02890120963, 1.25891264836, 0.873465897464, 118.694752184, 21.8832146804, 972.002695084
1.57956895206, 1.00000043202, 1.05460174063, 1.05856198389, 2.07662346035, 0.805832244833, 3.28701504069, 1.02648191828, 0.903390257211, 5.7656929025, 5.0400076299, 1.15130901676, 2.92658396076, 1.2796170213, 1.09000069325, 1.06574083286, 1.02853354702, 0.959633047443, 5.48384319388, 1.17714062123, 0.862774280766, 308.079901284, 1.10227985435, 3.67968918262, 1.00237920444, 5.30751524772, 0.893624195212, 110.880000581, 21.5807032455, 1194.20900691
2.37988090538, 1.00000056713, 1.51524106201, 0.921004846817, 4.15979122824, 0.966789010348, 3.81816810452, 1.03826969817, 0.973748754422, 3.80318511754, 5.41043737717, 1.21896676628, 2.53171981752, 1.09154622708, 1.09000057313, 1.03971738007, 1.0157505801, 0.992853235835, 6.78959267712, 1.11897665214, 0.894148108576, 412.812047909, 1.02857710975, 1.86345067791, 1.22076580614, 2.1199771551, 1.08869146004, 105.621947996, 21.7137875845, 1161.14861516
4.74459343762, 1.0000006388, 1.51509299639, 1.14251336423, 5.88987321572, 0.787012770682, 1.0739493461, 1.03820867644, 0.973875109803, 4.52052511085, 5.4104037287, 1.21860675576, 2.56574731777, 0.95241939259, 1.09000057135, 1.04007289304, 1.02529237168, 1.05803697908, 5.14503429375, 1.12174731613, 0.878237456972, 454.788540805, 1.08651941429, 1.88590592894, 0.983163290766, 2.08804872449, 0.913899108515, 480.238135061, 16.5119037172, 820.070613622
4.85704499639, 1.00000056242, 1.01210296038, 0.839428736776, 3.93411610592, 0.819391729408, 1.54091672611, 1.08264717719, 0.97036580333, 4.3181204285, 5.43684275968, 0.928450137815, 3.54204999659, 1.08353383792, 1.0900007043, 1.0287834471, 1.02035132588, 0.893479670653, 9.85926825692, 1.04138830923, 0.905583093196, 883.837409845, 0.927432043014, 3.73222039987, 0.999643772003, 3.67715367235, 0.960585310417, 234.320716346, 18.1595717945, 665.609346509
5.42001078549, 1.00000023101, 1.67968050114, 1.20823302681, 1.55102718366, 0.838150014646, 3.18175568734, 1.02983797798, 0.97116547787, 4.79817246895, 4.76135331997, 1.13306094833, 4.13708259721, 1.08285063352, 1.09000014954, 1.03665041346, 1.04559755255, 1.0212442078, 5.94689087582, 1.1172659601, 0.769668321731, 864.768826331, 0.969185589672, 3.05202725964, 0.967564588008, 2.39173323025, 1.14151097935, 487.935982685, 16.2414363778, 581.097893292
2.15717150719, 1.00000006886, 1.00133116073, 0.921166940174, 4.81274274143, 0.967139502665, 1.00302253283, 1.22753991198, 0.973263797479, 1.70349679039, 5.41160873834, 1.03414752259, 2.94627933136, 1.02597642109, 1.0900005697, 1.00608089867, 1.01576082795, 0.937863579485, 8.34901503086, 1.12150617623, 0.894073660801, 408.822703808, 0.975231210733, 3.22559545635, 1.08810879492, 4.80831832635, 1.08884686184, 464.341380467, 16.919805132, 551.275928924
5.26173341333, 1.00000056069, 1.51384240682, 0.899554187584, 3.45418505763, 0.940606119322, 2.6507542299, 1.24142257198, 0.964596249456, 1.97792312207, 5.57012491755, 0.933001565259, 1.85624295908, 0.83895949633, 1.09000052709, 1.02003579413, 1.02749917502, 1.0070135124, 6.84857891146, 1.05834597072, 0.958707551697, 904.418655919, 1.13475997709, 5.15554512553, 1.13427837578, 2.10370241606, 1.25864423725, 188.694485508, 15.0620350918, 984.726911145
5.43758377264, 1.00000055217, 1.57114931568, 1.11795723083, 6.89846607575, 0.891631512121, 4.63787489555, 1.11787058133, 0.92024680442, 5.68026381412, 5.24807122052, 1.13275017008, 1.7352731321, 0.880367082303, 1.09000079666, 1.04470315951, 1.00100287389, 1.04149887207, 9.85831935016, 0.920139714215, 0.956695326269, 325.924806089, 1.03572957817, 5.45653425782, 1.17189456582, 1.30471849476, 1.10639066389, 209.278945325, 13.3366569306, 976.524751609
2.65468522214, 1.0000008804, 1.63145343054, 0.891540950842, 4.09847494353, 0.808862496801, 1.3748679844, 1.2510992024, 0.925675178423, 4.22338304824, 4.6930220298, 0.932925154963, 3.65553112564, 1.21487000415, 1.09000051097, 1.05576956885, 1.03379241246, 1.02127136023, 9.89483653776, 1.02684043107, 0.96626740966, 379.608052705, 0.972020643817, 1.02561101205, 1.12447740805, 3.2840583064, 0.96269558919, 290.909286746, 17.7477623948, 926.800079424
2.48751311856, 1.00000064924, 1.20515287984, 1.21922013459, 3.96628076231, 0.82019787336, 4.48259275454, 1.04976644066, 0.905983969848, 4.51306079975, 5.45458460082, 0.88515345422, 3.53232703565, 1.04050766194, 1.09000096627, 1.06760161858, 1.01910326417, 1.22497652344, 7.92834062127, 1.04836886046, 0.930837077578, 71.2703072093, 0.933412732011, 5.450567466, 1.22974159946, 1.72041212337, 1.08961780053, 349.024540616, 18.1466939888, 581.828125472
4.72875246719, 1.00000037072, 1.45271990072, 1.14918095425, 5.94242913377, 0.947494402313, 4.37344555007, 1.12342903815, 0.947552164757, 5.70333704209, 5.83391827171, 0.998814452877, 2.21794759401, 1.27932483923, 1.09000052354, 1.01739973112, 1.03981586649, 1.17658744173, 6.43328855011, 0.956476789432, 0.848793627273, 665.136942987, 1.0903046565, 4.55420682921, 0.981574073241, 4.07320511719, 0.923940625631, 288.176167977, 17.2709758482, 945.066086406
2.50570765028, 1.00000092289, 1.46875120113, 1.18614488096, 2.68488800126, 0.910586117426, 4.48259275454, 1.06943319719, 0.905983969848, 4.51306079975, 6.23382502094, 0.88515345422, 2.30438150715, 1.04050766194, 1.09000096465, 1.05302171924, 1.01913329847, 1.22426268698, 7.92187298848, 1.04837302031, 0.930837077578, 71.2703072093, 0.939541714043, 5.45073343859, 1.23244829804, 2.99347168387, 1.08997662162, 171.556138351, 18.2491917955, 894.178092809
1.24069837906, 1.0000005547, 1.57114931568, 1.11795723083, 6.93204879543, 0.891631512121, 4.63787489555, 1.11951577411, 0.957327280721, 5.71168300371, 5.24807122052, 0.880495228298, 1.84022171119, 0.880031161721, 1.09000079666, 1.04407457121, 1.00100287389, 1.04149887207, 9.28812933441, 0.920139714215, 0.956870875932, 993.085226556, 1.03572957817, 5.45653425782, 1.17189456582, 1.30471849476, 1.26030332941, 204.111461009, 25.040477891, 467.484083086
2.487203817, 1.00000092416, 1.46864551637, 1.20469061871, 2.66908966585, 0.88549606593, 2.6204781367, 1.16763214887, 0.905200521043, 4.56121418443, 5.45078337944, 0.963307295905, 3.52807527826, 0.843383879915, 1.0900005269, 1.04773402529, 1.02822932918, 0.83736050315, 7.90913631615, 1.04839257117, 0.932586341454, 423.853679176, 0.939541714043, 5.49122641262, 0.999182791833, 2.07644489943, 0.929043806379, 176.927546005, 24.3539120963, 503.036647349
1.55331839247, 1.00000051437, 1.10615321339, 1.20620843736, 6.67875460583, 0.973936303365, 5.29749334505, 1.09424213586, 0.913277457785, 4.13429740053, 5.55046927828, 0.981453192124, 3.42389918528, 1.0368102907, 1.09000021823, 1.09113316245, 1.04424368256, 0.936531086197, 8.32732551796, 1.05834985494, 0.920263052363, 737.102970692, 0.980416793906, 3.24889511914, 1.11845117873, 4.81437530511, 1.05382424581, 156.86770199, 23.2302303824, 521.442381227
5.29438559301, 1.00000054988, 1.16129339317, 0.946139360887, 4.01587338711, 0.842130368702, 1.4201315091, 1.15490922562, 0.99677477806, 2.06505644874, 5.14516955421, 1.15374189742, 1.85663485228, 0.879637830134, 1.09000054691, 1.06039436535, 1.02970359922, 0.987471970878, 9.31896318078, 1.0795990998, 0.960774108211, 914.568379496, 1.01854182654, 1.1867580751, 1.14582102278, 1.25482477977, 1.26096039995, 284.692847844, 20.5071240117, 673.038892712
5.20687479361, 1.0000001264, 1.62913180823, 0.913568706637, 5.01241396803, 0.809836924166, 1.70978569735, 1.17239934906, 0.925950252384, 3.00132338828, 4.6834600182, 1.15848471269, 4.82343759642, 1.04840651433, 1.09000052023, 1.05546668296, 1.04395489022, 1.01614503616, 7.11611023833, 0.96983251862, 0.969726426357, 378.59914982, 1.16660673956, 2.42382791123, 1.08551370868, 4.01344800857, 1.10783434406, 197.115219387, 15.0730385439, 1788.13051261
4.8430045287, 1.00000012767, 1.56752483076, 0.917522806193, 6.57566838396, 0.798889357129, 3.62194718243, 1.06540007358, 0.947785365251, 4.12074996883, 5.47615470128, 0.983212690809, 3.7111686753, 0.976487209446, 1.09000059654, 1.06059586523, 1.04616256134, 0.886794349648, 8.34838281032, 1.06788643402, 0.771790435209, 735.093519677, 0.9798584865, 3.98279337649, 1.12033142693, 4.06332073622, 1.04250956007, 268.64278995, 14.656303936, 1494.97270826
4.18506232659, 1.00000053776, 1.57736340378, 1.21553391195, 3.85260435806, 0.777920341957, 1.1203812445, 1.07725145596, 0.927275631752, 2.10785119989, 5.90666324783, 0.93127649494, 1.50567084687, 0.954152250354, 1.09000075733, 1.05331348744, 1.04432988423, 0.842489178407, 5.02352150479, 1.05729405956, 0.905471127224, 852.110768114, 0.972979677741, 3.7889093324, 0.999483803384, 3.30110913256, 0.965200092846, 223.762489356, 15.5940137102, 1466.75160864
2.64788530603, 1.00000067086, 1.01873725984, 0.843821863578, 3.46515246159, 0.722909989767, 2.64740750156, 1.18410731172, 0.909902955189, 4.24365143799, 5.13995887099, 1.06385820988, 2.74511873283, 1.20691223954, 1.09000036183, 1.10032752143, 1.02623712434, 1.03049638491, 3.38934509317, 0.91384206243, 0.91730433176, 17.8930499518, 1.08149019085, 5.55605319262, 1.1748621988, 4.60418190223, 0.920190281355, 308.893505785, 14.3129792658, 1012.40867008
2.13178076432, 1.00000049661, 1.1123212566, 1.03506875342, 6.57224944951, 0.975454924339, 3.61421491574, 1.02301893264, 0.912854928275, 4.12253226338, 4.68826829111, 0.981453192124, 3.42368398125, 1.03770012618, 1.0900002171, 1.09006976554, 1.01417838432, 0.940472304792, 8.36515465039, 1.05834985494, 0.920263052363, 737.102970692, 0.979562443809, 3.23346112338, 1.08892319062, 3.94702541767, 1.05382424581, 589.260666856, 18.1633752918, 723.321767812
2.62621211235, 1.00000087774, 1.42417433937, 0.891652096827, 4.09509388267, 0.720542084184, 1.3748679844, 1.2510992024, 0.914365199788, 4.30614727854, 6.02413856209, 0.932925154963, 3.65820432163, 1.21160352761, 1.09000051092, 1.10738646652, 1.03379241246, 0.899271166576, 9.85982477131, 1.02684043107, 0.96626740966, 349.34956445, 0.972020643817, 1.03610057254, 1.12447740805, 3.28883563569, 0.96269558919, 914.034754533, 18.8085902801, 632.981941763
4.17058352208, 1.00000088435, 1.61447634454, 1.02190636627, 4.83092443701, 0.955157909506, 1.85906803014, 1.22591927418, 0.93374812184, 2.37797681494, 4.80487724515, 1.13365396727, 1.05723235335, 0.971363935462, 1.09000020693, 1.05530693142, 1.04122834203, 0.816297348288, 3.95272817261, 1.04690232659, 0.99900040426, 480.043768476, 0.917603892054, 5.34255077729, 1.22114446468, 2.6137452749, 1.19864617215, 430.185506908, 19.122793272, 659.244856291
5.26173341333, 1.00000056069, 1.62719752997, 0.900216978036, 3.45032244239, 0.95237957618, 3.89840934363, 1.16386476087, 0.92138526677, 4.00870684807, 4.68860115187, 0.932435689066, 1.21256796774, 0.83895949633, 1.09000052709, 1.02036293464, 1.02753654586, 1.0070135124, 6.84460231153, 1.05956298218, 0.969258421512, 320.656895876, 1.13521043166, 5.77241749837, 1.0849966553, 4.41741997831, 0.956943864983, 494.01073627, 18.1054003831, 996.091436625
4.89501509181, 1.000000565, 1.57065139487, 0.865426111272, 6.89699413486, 0.892568159665, 2.33289995104, 1.11340773225, 0.971826006346, 4.68152897983, 5.2539764745, 0.984758194328, 3.50941186073, 0.823500875269, 1.09000010963, 1.09239042625, 1.01869442263, 1.21437749776, 5.09100418594, 1.03575096019, 0.860703750651, 185.894878162, 1.13479776132, 4.52935441665, 1.17181474926, 3.02260201034, 1.18933204222, 230.406682502, 18.6719133712, 1114.31299923
1.0642706051, 1.00000063845, 1.01210296038, 1.21929680908, 3.87317088997, 0.820182926377, 2.65974638387, 1.08264717719, 0.971271447524, 4.3214472206, 5.56821515386, 0.937112476502, 3.5440172598, 0.835464004447, 1.0900007417, 1.03026053198, 1.03378548393, 1.12983774506, 9.30796144264, 0.920015598495, 0.83849242411, 884.352002791, 1.08729918328, 5.92103211989, 0.994217851208, 2.09181143266, 1.12221551355, 457.547905746, 18.9338042677, 1000.12568789
2.487203817, 1.00000092416, 1.46875120113, 1.21922013459, 2.67851879967, 0.88549606593, 4.52418650713, 1.16728827235, 0.905200521043, 4.57192628979, 5.44970801187, 0.88515345422, 3.52543244106, 1.24628171174, 1.09000062101, 1.04773402529, 1.02823311741, 0.83736050315, 7.92834062127, 1.04836886046, 0.932586341454, 423.853679176, 0.939541714043, 5.5000608439, 0.999182791833, 2.99347168387, 0.9294031314, 301.522259148, 28.7076915823, 504.957666762
2.40474828028, 1.00000046892, 1.43227992586, 1.20105808487, 6.65994304685, 0.815374974221, 1.04959988363, 1.16654410759, 0.965104129569, 5.50594065175, 6.08130687952, 1.19625368867, 3.44816601462, 1.04564932619, 1.09000084782, 1.04802609847, 1.0424751049, 0.855803156943, 9.3625397205, 1.05834597072, 0.790222092414, 376.349455906, 0.97929734321, 4.7448705358, 0.999189275937, 4.51563637729, 0.931568238526, 175.650331816, 24.1046803006, 858.415892301
2.37988090538, 1.0000006387, 1.51524106201, 0.921004846817, 4.15979122824, 0.966301585185, 3.81816810452, 1.03826969817, 0.973748754422, 3.80318511754, 5.41043737717, 1.21896676628, 2.53171981752, 0.840803022304, 1.09000057227, 1.03971738007, 1.01542932508, 1.00344552525, 6.78959267712, 1.11709896616, 0.892589763988, 412.812047909, 1.09658655083, 1.89288634957, 1.22170942221, 2.1199771551, 1.23486576915, 232.150641461, 25.0189341327, 529.439788901
4.80496887681, 1.00000054311, 1.40731332957, 0.836900568891, 6.64287728369, 0.715349665761, 1.1204421348, 1.06674328547, 0.957954128517, 2.06350065299, 5.47371468409, 0.848449797147, 1.51345181925, 1.08864742675, 1.09000050968, 1.03989150489, 1.04242341212, 0.88709794275, 8.33275509605, 1.11872335379, 0.983412632932, 437.1843058, 0.972020643817, 3.98380746812, 1.21826093384, 3.30712233585, 0.960933023046, 307.772610593, 14.8905338129, 3455.71891648
4.8430045287, 1.00000012767, 1.56752483076, 0.917522806193, 4.94526851319, 0.798889357129, 5.92912121255, 1.06501362686, 0.947785365251, 4.03262979513, 5.47615470128, 1.21495450878, 3.50596763354, 0.976014766094, 1.09000059654, 1.06048547328, 1.04165794494, 0.886794349648, 9.07037198025, 1.06788643402, 0.771790435209, 618.049267182, 1.08849867115, 3.98279337649, 1.12033142693, 4.0632015694, 1.04267341553, 299.485984249, 15.0327093398, 4491.74692989
