0.842973191463, 0.989061045966, 0.926924235812, 0.0311581655132, 0.986934889274, 0.396412859112, 0.274475953527, 0.585116829529, 0.658293481222, 4.80538921682, 149.420289275, 12.1586628958, 1.8402005314, 31.3364211374
0.00101491692449, 0.00558678789273, 0.00403268274771, 0.249385975554, 0.301298606052, 0.483274553382, 0.690625514909, 0.775373650377, 0.693930681764, 5.48270503849e-07, 1.65021119758e-06, 0.000542967562584, 0.0970361373367, 96.0495032772
0.979821482879, 0.928158096784, 0.784507200822, 0.970926798909, 0.507585147898, 0.992638940094, 0.952814838171, 0.109563532659, 0.988149407771, 120.85145493, 3.61874721681, 34.1901670842, 12.2807342089, 3.52037390766
0.999864147286, 0.00558678789273, 0.784507200822, 0.62743630698, 0.301298606052, 0.253519227592, 0.998592668693, 0.0314043389342, 0.175033740828, 0.695155021173, 0.412774203579, 0.304332158688, 251.373670454, 0.0343463209011
0.999864147286, 0.00558678789273, 0.784507200822, 0.62743630698, 0.301298606052, 0.253519227592, 0.998592668693, 0.0314043389342, 0.175033740828, 0.695155021173, 0.412774203579, 0.304332158688, 251.373670454, 0.0343463209011
0.884930180108, 0.99721236815, 0.0749803214805, 0.740232985606, 0.986934889274, 0.998145687938, 0.952814838171, 0.158769948537, 0.988149407771, 13.4234252795, 4.71062918784, 223.716795319, 0.676075782253, 31.5364197895
0.00101491692449, 0.989600091863, 0.997416376101, 0.525995226049, 0.0838648248596, 0.692280136576, 0.0158924569841, 0.92298842786, 0.351546069418, 0.120399189983, 0.10849868593, 0.000592917899538, 0.00241176531153, 228.262226891
0.00101491692449, 0.989600091863, 0.997416376101, 0.525995226049, 0.0838648248596, 0.692280136576, 0.0158924569841, 0.92298842786, 0.351546069418, 0.120399189983, 0.10849868593, 0.000592917899538, 0.00241176531153, 228.262226891
0.999864147286, 0.678789311858, 0.784507200822, 0.62743630698, 0.4556036515, 0.253519227592, 0.998592668693, 0.0314043389342, 0.175033740828, 116.161212841, 68.9750496748, 50.8542578028, 111.673351513, 0.0472374978341
0.998981518371, 0.678789311858, 0.893995791357, 0.48209159776, 0.371772428089, 0.525485787307, 0.342002964702, 0.473652478388, 0.476770384501, 89.6507742116, 96.3113430047, 22.0501788305, 98.4337431187, 0.312427863146
0.00101491692449, 0.00558678789273, 0.00403268274771, 0.249385975554, 0.301298606052, 0.483274553382, 0.690625514909, 0.775373650377, 0.693930681764, 5.48270503849e-07, 1.65021119758e-06, 0.000542967562584, 0.0970361373367, 96.0495032772
0.00101491692449, 0.937260702743, 0.00403268274771, 0.993827442483, 0.4556036515, 0.483274553382, 0.591081939952, 0.775373650377, 0.806443595957, 0.000732440700242, 4.5491120053e-06, 0.182017235688, 0.0122333857006, 191.926758018
0.999864147286, 0.678789311858, 0.784507200822, 0.62743630698, 0.4556036515, 0.253519227592, 0.998592668693, 0.0314043389342, 0.175033740828, 116.161212841, 68.9750496748, 50.8542578028, 111.673351513, 0.0472374978341
0.847426578402, 0.928158096784, 0.341016628521, 0.489807160325, 0.0838648248596, 0.977093558453, 0.488453791165, 0.68576120033, 0.799438251445, 16.4350344934, 17.1190574527, 64.8402065713, 7.6159801822, 19.0864333949
0.965019405607, 0.928158096784, 0.879137380604, 0.513533560246, 0.116585168578, 0.199492008283, 0.699222067605, 0.109563532659, 0.988149407771, 32.6494797082, 30.9286040543, 8.74062906348, 5.59766055537, 2.82435880358
0.989573666402, 0.0822782722621, 0.883791530088, 0.890746242994, 0.931980942951, 0.484179153094, 0.87581866199, 0.687319123684, 0.393138689441, 11.5536629273, 1.41710514293, 1.70550753172, 163.697372732, 1.87937818662
0.979821482879, 0.970585719118, 0.380537170706, 0.934645474429, 0.116585168578, 0.992638940094, 0.952814838171, 0.109563532659, 0.0971063658015, 62.5100208001, 4.37097580271, 108.873178683, 5.32635353711, 3.72918599462
0.842973191463, 0.780295670213, 0.926924235812, 0.0311581655132, 0.927582420084, 0.525932885837, 0.274475953527, 0.690559843265, 0.185757782022, 3.96818610462, 123.388031415, 10.0403598911, 38.686134125, 32.8002201151
0.963943534929, 0.928158096784, 0.0749803214805, 0.970926798909, 0.116585168578, 0.992638940094, 0.570682347389, 0.687319123684, 0.988149407771, 10.1357963826, 0.303503875655, 128.787900321, 10.7765553128, 5.61091494345
0.87658072155, 0.945420408112, 0.0484346455012, 0.0250325017444, 0.788426197665, 0.895740090762, 0.551487812306, 0.667175844953, 0.995406986578, 0.217207780243, 8.45982268444, 170.472220549, 10.3423756496, 26.6797104478
0.842973191463, 0.780295670213, 0.926924235812, 0.0311581655132, 0.927582420084, 0.525932885837, 0.274475953527, 0.690559843265, 0.185757782022, 3.96818610462, 123.388031415, 10.0403598911, 38.686134125, 32.8002201151
0.899210921694, 0.928158096784, 0.0749803214805, 0.984932175303, 0.116585168578, 0.998145687938, 0.245411994943, 0.158769948537, 0.109343009288, 16.0855854372, 0.246082712692, 201.481056941, 16.8592837463, 26.303478866
0.00101491692449, 0.937260702743, 0.00403268274771, 0.993827442483, 0.4556036515, 0.483274553382, 0.591081939952, 0.775373650377, 0.806443595957, 0.000732440700242, 4.5491120053e-06, 0.182017235688, 0.0122333857006, 191.926758018
0.87658072155, 0.945420408112, 0.0484346455012, 0.0250325017444, 0.788426197665, 0.895740090762, 0.551487812306, 0.667175844953, 0.995406986578, 0.217207780243, 8.45982268444, 170.472220549, 10.3423756496, 26.6797104478
0.989573666402, 0.0822782722621, 0.883791530088, 0.890746242994, 0.931980942951, 0.484179153094, 0.87581866199, 0.687319123684, 0.393138689441, 11.5536629273, 1.41710514293, 1.70550753172, 163.697372732, 1.87937818662
0.884930180108, 0.933735960908, 0.579341435985, 0.890746242994, 0.0102713920166, 0.715645135847, 0.697637246339, 0.100337117568, 0.472431671344, 49.3433086067, 6.05216344251, 40.2225324787, 6.78568187929, 13.3158231193
0.92617556343, 0.0043998195607, 0.165692780021, 0.148579052536, 0.88323223913, 0.975451290652, 0.998592668693, 0.436141525353, 0.988149407771, 0.0213874979742, 0.122559428656, 0.724811063981, 196.584337216, 15.7387692768
0.588253141595, 0.304480889949, 0.199815972018, 0.515851388671, 0.885404169467, 0.707003777958, 0.97185150774, 0.200858311718, 0.990221609143, 2.42022105688, 2.27148106903, 18.7884134951, 53.6351201658, 53.9766876284
0.933302834824, 0.017146028975, 0.879137380604, 0.263531165136, 0.116585168578, 0.749465866474, 0.697098281483, 0.24862445332, 0.40398041234, 0.902662961989, 2.52259780944, 0.470900223426, 223.337853396, 16.238956988
0.884930180108, 0.718478892002, 0.931780783835, 0.990842853202, 0.800498135982, 0.199492008283, 0.570682347389, 0.687319123684, 0.00644678994707, 62.373671573, 0.576443444182, 4.6088174155, 26.4715717126, 12.2270360076
0.979821482879, 0.850582420619, 0.740647430408, 0.0311581655132, 0.440865942887, 0.992638940094, 0.100644436522, 0.109563532659, 0.707168077109, 2.72299897592, 84.6697897546, 30.602339778, 20.7276168106, 2.85686662361
0.963943534929, 0.744303015471, 0.991170364967, 0.774459194519, 0.00405128955177, 0.540646278054, 0.490073180867, 0.687319123684, 0.108941687148, 81.3210266751, 23.6826032781, 0.935402996648, 36.3941710649, 5.32399669999
0.352156879183, 0.573045714268, 0.329758351654, 0.970926798909, 0.876726393109, 0.988028103106, 0.996982849913, 0.109563532659, 0.490664927078, 7.46712187922, 0.223593721182, 15.6315613392, 17.376530082, 74.8712966094
0.352156879183, 0.573045714268, 0.329758351654, 0.970926798909, 0.876726393109, 0.988028103106, 0.996982849913, 0.109563532659, 0.490664927078, 7.46712187922, 0.223593721182, 15.6315613392, 17.376530082, 74.8712966094
0.953073606755, 0.678789311858, 0.991167725621, 0.430818012477, 0.4556036515, 0.525485787307, 0.896187880202, 0.473652478388, 0.476770384501, 71.0252772257, 93.8361611744, 1.46907674735, 78.7094585849, 12.0650095509
0.979821482879, 0.928158096784, 0.800920805317, 0.0311581655132, 0.440865942887, 0.396412859112, 0.896187880202, 0.109563532659, 0.0694343916969, 4.46005545586, 138.682372296, 35.5798963551, 13.8335828298, 3.96551079235
0.998660477291, 0.473345192622, 0.600144802354, 0.538741314798, 0.116585168578, 0.992638940094, 0.570682347389, 0.889425717646, 0.988149407771, 24.0001713239, 20.5484286529, 29.6811522465, 82.5897388802, 0.21034503145
0.989573666402, 0.369232592049, 0.883791530088, 0.62743630698, 0.903771011867, 0.999918907782, 0.87581866199, 0.917050469434, 0.393138689441, 23.6915707146, 14.067753142, 4.96491887614, 72.98667676, 1.21915193236
0.884930180108, 0.99721236815, 0.0749803214805, 0.740232985606, 0.986934889274, 0.998145687938, 0.952814838171, 0.158769948537, 0.988149407771, 13.4234252795, 4.71062918784, 223.716795319, 0.676075782253, 31.5364197895
0.963943534929, 0.744303015471, 0.926924235812, 0.774459194519, 0.0172490850678, 0.525932885837, 0.490073180867, 0.687319123684, 0.109343009288, 68.9849819272, 20.0900557448, 7.02239319726, 33.0131986347, 4.82940414481
0.953073606755, 0.678789311858, 0.991167725621, 0.430818012477, 0.4556036515, 0.525485787307, 0.896187880202, 0.473652478388, 0.476770384501, 71.0252772257, 93.8361611744, 1.46907674735, 78.7094585849, 12.0650095509
0.899210921694, 0.928158096784, 0.0749803214805, 0.984932175303, 0.116585168578, 0.998145687938, 0.245411994943, 0.158769948537, 0.109343009288, 16.0855854372, 0.246082712692, 201.481056941, 16.8592837463, 26.303478866
0.965019405607, 0.928158096784, 0.879137380604, 0.513533560246, 0.116585168578, 0.199492008283, 0.699222067605, 0.109563532659, 0.988149407771, 32.6494797082, 30.9286040543, 8.74062906348, 5.59766055537, 2.82435880358
0.966179016468, 0.970585719118, 0.380537170706, 0.611284063978, 0.116585168578, 0.992638940094, 0.952814838171, 0.109563532659, 0.0932019452661, 41.1486746825, 26.166469139, 109.579911389, 5.36092870331, 6.37984941248
0.884930180108, 0.802142080171, 0.792185265649, 0.62743630698, 0.0102713920166, 0.715645135847, 0.697637246339, 0.100337117568, 0.266580210184, 47.8452253648, 28.4098858434, 20.0040777907, 23.7434780828, 15.6042652834
0.588253141595, 0.304480889949, 0.199815972018, 0.515851388671, 0.885404169467, 0.707003777958, 0.97185150774, 0.200858311718, 0.990221609143, 2.42022105688, 2.27148106903, 18.7884134951, 53.6351201658, 53.9766876284
0.37200339197, 0.860187096876, 0.740647430408, 0.921327457494, 0.927582420084, 0.422551175452, 0.100644436522, 0.00479413587288, 0.992934828738, 32.7270250529, 2.79457455504, 12.4386013589, 7.79534470576, 94.1235868196
0.37200339197, 0.860187096876, 0.740647430408, 0.921327457494, 0.927582420084, 0.422551175452, 0.100644436522, 0.00479413587288, 0.992934828738, 32.7270250529, 2.79457455504, 12.4386013589, 7.79534470576, 94.1235868196
0.966179016468, 0.970585719118, 0.380537170706, 0.611284063978, 0.116585168578, 0.992638940094, 0.952814838171, 0.109563532659, 0.0932019452661, 41.1486746825, 26.166469139, 109.579911389, 5.36092870331, 6.37984941248
0.897953928203, 0.981510911232, 0.903933324964, 0.575708335299, 0.4556036515, 0.11837376186, 0.896187880202, 0.142905377589, 0.510709334408, 117.536579063, 86.6233607128, 21.6973598032, 4.25455857196, 26.1505746126
0.979821482879, 0.928158096784, 0.600144802354, 0.977145746393, 0.116585168578, 0.992638940094, 0.570682347389, 0.109563532659, 0.988149407771, 82.7663332987, 1.93580412988, 56.4340302036, 10.9243144356, 3.13154497476
0.940115838656, 0.55973488807, 2.90481487408e-05, 0.167412944229, 0.4556036515, 0.396412859112, 0.653103623734, 0.690559843265, 0.601813194169, 0.000539324364089, 0.00268219692612, 110.89958743, 87.2317210113, 12.6209129475
0.963943534929, 0.928158096784, 0.0749803214805, 0.147955587936, 0.116585168578, 0.487607453291, 0.570682347389, 0.687319123684, 0.988149407771, 1.5150401358, 8.7247903224, 126.327074778, 10.5706413836, 5.50370391835
0.998981518371, 0.678789311858, 0.893995791357, 0.48209159776, 0.371772428089, 0.525485787307, 0.342002964702, 0.473652478388, 0.476770384501, 89.6507742116, 96.3113430047, 22.0501788305, 98.4337431187, 0.312427863146
0.963943534929, 0.017146028975, 0.583773189583, 0.272421423952, 0.88323223913, 0.525932885837, 0.570682347389, 0.690559843265, 0.4245295857, 0.549066714688, 1.46643818475, 1.43704299999, 197.908822973, 7.53195490433
0.656420265583, 0.0132970862917, 0.133774181702, 0.890746242994, 0.171439221505, 0.995829023723, 0.896187880202, 0.723262142264, 0.510709334408, 0.154153933008, 0.0189076254555, 1.12062274042, 95.9971259209, 50.9233984524
0.897953928203, 0.981510911232, 0.903933324964, 0.575708335299, 0.4556036515, 0.11837376186, 0.896187880202, 0.142905377589, 0.510709334408, 117.536579063, 86.6233607128, 21.6973598032, 4.25455857196, 26.1505746126
0.979821482879, 0.956414895614, 0.800920805317, 0.0311581655132, 0.440865942887, 0.992638940094, 0.87219433909, 0.109563532659, 0.393138689441, 4.61342246974, 143.451214641, 36.803374967, 8.42468225973, 3.98068424734
0.842973191463, 0.989061045966, 0.926924235812, 0.0311581655132, 0.986934889274, 0.396412859112, 0.274475953527, 0.585116829529, 0.658293481222, 4.80538921682, 149.420289275, 12.1586628958, 1.8402005314, 31.3364211374
0.755905874425, 0.141676599741, 0.72742518201, 0.150265402153, 0.507585147898, 0.0990801344455, 0.169451124868, 0.690559843265, 0.631203240236, 1.95439262639, 11.051878933, 4.87360376119, 108.322160536, 40.7526606559
0.847426578402, 0.928158096784, 0.341016628521, 0.489807160325, 0.0838648248596, 0.977093558453, 0.488453791165, 0.68576120033, 0.799438251445, 16.4350344934, 17.1190574527, 64.8402065713, 7.6159801822, 19.0864333949
0.963943534929, 0.344803840947, 0.583773189583, 0.272421423952, 0.800498135982, 0.487607453291, 0.570682347389, 0.295074197789, 0.609720217766, 5.13874710722, 13.7244797002, 13.4493684676, 61.400384216, 3.50534927538
0.979821482879, 0.970585719118, 0.380537170706, 0.934645474429, 0.116585168578, 0.992638940094, 0.952814838171, 0.109563532659, 0.0971063658015, 62.5100208001, 4.37097580271, 108.873178683, 5.32635353711, 3.72918599462
0.963943534929, 0.344803840947, 0.583773189583, 0.272421423952, 0.800498135982, 0.487607453291, 0.570682347389, 0.295074197789, 0.609720217766, 5.13874710722, 13.7244797002, 13.4493684676, 61.400384216, 3.50534927538
0.989573666402, 0.369232592049, 0.883791530088, 0.62743630698, 0.903771011867, 0.999918907782, 0.87581866199, 0.917050469434, 0.393138689441, 23.6915707146, 14.067753142, 4.96491887614, 72.98667676, 1.21915193236
0.979821482879, 0.928158096784, 0.784507200822, 0.970926798909, 0.507585147898, 0.992638940094, 0.952814838171, 0.109563532659, 0.988149407771, 120.85145493, 3.61874721681, 34.1901670842, 12.2807342089, 3.52037390766
0.989573666402, 0.184736987507, 0.883791530088, 0.62743630698, 0.589737386571, 0.999918907782, 0.87581866199, 0.080545842565, 0.393138689441, 12.6513871198, 7.51223264377, 2.65128519662, 100.684483376, 1.30121269968
0.656420265583, 0.960080082522, 0.133774181702, 0.317310242256, 0.507585147898, 0.416633029163, 0.912554080293, 0.325339302281, 0.700781350517, 2.92319586353, 6.28922615834, 59.6530489133, 2.86341104959, 37.543920434
0.940115838656, 0.141676599741, 2.90481487408e-05, 0.167412944229, 0.4556036515, 0.525932885837, 0.653103623734, 0.896306817467, 0.601813194169, 0.000168895370955, 0.000839959540073, 34.7294285313, 210.408403111, 15.6150266515
0.37200339197, 0.304480889949, 0.799057198489, 0.538741314798, 0.885404169467, 0.396412859112, 0.100644436522, 0.690559843265, 0.386369787516, 3.19771315794, 2.7378129844, 1.49263563828, 16.9679892614, 41.1843021706
0.979821482879, 0.928158096784, 0.800920805317, 0.0311581655132, 0.440865942887, 0.396412859112, 0.896187880202, 0.109563532659, 0.0694343916969, 4.46005545586, 138.682372296, 35.5798963551, 13.8335828298, 3.96551079235
0.884930180108, 0.017146028975, 0.589443848378, 0.990842853202, 0.88323223913, 0.199492008283, 0.861797264237, 0.940192374554, 0.990221609143, 2.23969583594, 0.0206987651846, 1.57439747847, 219.820031155, 29.0824302371
0.884930180108, 0.802142080171, 0.792185265649, 0.62743630698, 0.0102713920166, 0.715645135847, 0.697637246339, 0.100337117568, 0.266580210184, 47.8452253648, 28.4098858434, 20.0040777907, 23.7434780828, 15.6042652834
0.884930180108, 0.933735960908, 0.579341435985, 0.890746242994, 0.0102713920166, 0.715645135847, 0.697637246339, 0.100337117568, 0.472431671344, 49.3433086067, 6.05216344251, 40.2225324787, 6.78568187929, 13.3158231193
0.979821482879, 0.850582420619, 0.740647430408, 0.0311581655132, 0.440865942887, 0.992638940094, 0.100644436522, 0.109563532659, 0.707168077109, 2.72299897592, 84.6697897546, 30.602339778, 20.7276168106, 2.85686662361
0.963943534929, 0.744303015471, 0.926924235812, 0.774459194519, 0.0172490850678, 0.525932885837, 0.490073180867, 0.687319123684, 0.109343009288, 68.9849819272, 20.0900557448, 7.02239319726, 33.0131986347, 4.82940414481
0.656420265583, 0.960080082522, 0.133774181702, 0.317310242256, 0.507585147898, 0.416633029163, 0.912554080293, 0.325339302281, 0.700781350517, 2.92319586353, 6.28922615834, 59.6530489133, 2.86341104959, 37.543920434
0.979821482879, 0.928158096784, 0.600144802354, 0.977145746393, 0.116585168578, 0.992638940094, 0.570682347389, 0.109563532659, 0.988149407771, 82.7663332987, 1.93580412988, 56.4340302036, 10.9243144356, 3.13154497476
0.940115838656, 0.141676599741, 2.90481487408e-05, 0.167412944229, 0.4556036515, 0.525932885837, 0.653103623734, 0.896306817467, 0.601813194169, 0.000168895370955, 0.000839959540073, 34.7294285313, 210.408403111, 15.6150266515
0.979821482879, 0.956414895614, 0.800920805317, 0.0311581655132, 0.440865942887, 0.992638940094, 0.87219433909, 0.109563532659, 0.393138689441, 4.61342246974, 143.451214641, 36.803374967, 8.42468225973, 3.98068424734
0.963943534929, 0.744303015471, 0.991170364967, 0.774459194519, 0.00405128955177, 0.540646278054, 0.490073180867, 0.687319123684, 0.108941687148, 81.3210266751, 23.6826032781, 0.935402996648, 36.3941710649, 5.32399669999
0.965019405607, 0.718478892002, 0.000442910130537, 0.513533560246, 0.788426197665, 0.199492008283, 0.699222067605, 0.109563532659, 0.988149407771, 0.0103167142209, 0.00977294499431, 45.3382298511, 17.7727202672, 2.28841128298
0.755905874425, 0.141676599741, 0.72742518201, 0.150265402153, 0.507585147898, 0.0990801344455, 0.169451124868, 0.690559843265, 0.631203240236, 1.95439262639, 11.051878933, 4.87360376119, 108.322160536, 40.7526606559
0.979821482879, 0.239161862499, 0.000442910130537, 0.272421423952, 0.788426197665, 0.306518362227, 0.570682347389, 0.687319123684, 0.109343009288, 0.00338637377557, 0.00904427035822, 28.0534077207, 89.2849719676, 2.41673139124
0.884930180108, 0.718478892002, 0.931780783835, 0.990842853202, 0.800498135982, 0.199492008283, 0.570682347389, 0.687319123684, 0.00644678994707, 62.373671573, 0.576443444182, 4.6088174155, 26.4715717126, 12.2270360076
0.979821482879, 0.239161862499, 0.000442910130537, 0.272421423952, 0.788426197665, 0.306518362227, 0.570682347389, 0.687319123684, 0.109343009288, 0.00338637377557, 0.00904427035822, 28.0534077207, 89.2849719676, 2.41673139124
0.963943534929, 0.928158096784, 0.0749803214805, 0.970926798909, 0.116585168578, 0.992638940094, 0.570682347389, 0.687319123684, 0.988149407771, 10.1357963826, 0.303503875655, 128.787900321, 10.7765553128, 5.61091494345
0.963943534929, 0.928158096784, 0.0749803214805, 0.147955587936, 0.116585168578, 0.487607453291, 0.570682347389, 0.687319123684, 0.988149407771, 1.5150401358, 8.7247903224, 126.327074778, 10.5706413836, 5.50370391835
0.989573666402, 0.184736987507, 0.883791530088, 0.62743630698, 0.589737386571, 0.999918907782, 0.87581866199, 0.080545842565, 0.393138689441, 12.6513871198, 7.51223264377, 2.65128519662, 100.684483376, 1.30121269968
0.998660477291, 0.473345192622, 0.600144802354, 0.538741314798, 0.116585168578, 0.992638940094, 0.570682347389, 0.889425717646, 0.988149407771, 24.0001713239, 20.5484286529, 29.6811522465, 82.5897388802, 0.21034503145
0.884930180108, 0.017146028975, 0.589443848378, 0.990842853202, 0.88323223913, 0.199492008283, 0.861797264237, 0.940192374554, 0.990221609143, 2.23969583594, 0.0206987651846, 1.57439747847, 219.820031155, 29.0824302371
0.965019405607, 0.718478892002, 0.000442910130537, 0.513533560246, 0.788426197665, 0.199492008283, 0.699222067605, 0.109563532659, 0.988149407771, 0.0103167142209, 0.00977294499431, 45.3382298511, 17.7727202672, 2.28841128298
