5.43891997649, 1.43, 1.49700823612, 1.07088401592, 3.12769418256, 1.19, 3.93896296928, 1.1600606587, 1.04592499674, 5.48765727176, 4.11792208461, 1.01923662518, 1.93412931152, 1.21954968664, 0.873965542061, 1.63, 1.07652528906, 1.04726403138, 8.62330146774, 1.16330669524, 0.817017551834, 7.0, 0.968355895236, 3.39511900738, 1.00455921062, 2.45800284589, 1.04203420076, 25.1719997088, 9.70397246697, 60.3814784091
4.21995862898, 1.12995829466, 1.4678515947, 0.960334118812, 5.65558232151, 0.71, 3.02821491724, 0.980559937261, 1.02990608506, 2.44628946776, 2.19140180476, 1.11648004166, 3.51790907299, 1.23808602097, 0.87508289732, 1.20290888639, 1.17, 0.9367274232, 3.0, 1.00137395107, 0.824981358355, 414.425683372, 1.0068524545, 1.53246769029, 1.05203656631, 1.01, 1.27546377735, 605.621155116, 26.4242479176, 2664.53545607
6.0, 1.3277133746, 0.924547051634, 0.934180311849, 6.25266933159, 1.04407487749, 2.72485362069, 1.18440139631, 1.04116750674, 4.39973594251, 6.00097034397, 0.81, 2.76862973446, 0.930611135452, 0.820186293841, 1.01295216255, 1.05172676283, 0.875476972102, 10.0, 0.942489430223, 0.788353079131, 85.8879556895, 0.940175839425, 4.95300604291, 1.07410086131, 1.50549449262, 0.984452108722, 2193.59334571, 31.4305839544, 8933.41763481
3.0549853992, 1.34032480312, 1.2777203354, 1.00704936147, 6.7275708986, 1.00697519492, 1.66565732256, 0.880583221414, 1.02632495592, 3.52768498442, 1.56, 0.971463845659, 3.80021841022, 0.992921632255, 0.863173179536, 1.38901304421, 1.14593630792, 1.1828551831, 7.64903334826, 1.14504904455, 0.90855061864, 418.0, 0.946012797408, 3.82794228953, 0.965069457053, 3.24949718001, 1.17742735653, 652.987484949, 34.8741278568, 4574.22912506
5.31396682057, 1.11834230647, 1.0538863042, 0.823113044445, 6.90880993383, 0.735840400968, 6.0, 0.989807359842, 0.919548872239, 3.22051750256, 4.65702830302, 1.16495436377, 3.04744378373, 0.890396758726, 0.971759685864, 1.37008568874, 1.15809447271, 0.983558016992, 5.57365664361, 1.06947580495, 0.914213709057, 394.127020446, 0.863461304907, 2.02394130289, 1.09197242446, 2.90887870282, 1.01283743575, 449.315713709, 19.7029039023, 1476.7545475
2.13897700373, 1.42056113905, 1.32797434788, 1.12288089178, 4.78551117361, 1.15694348336, 2.64202090417, 0.912972590477, 0.981360511713, 3.91389361507, 5.54474877576, 1.18788919539, 2.1445771979, 1.16333525201, 1.00382876584, 1.03778530832, 1.13170002857, 1.07772916414, 4.04489488652, 1.05588119019, 0.82560140368, 188.917370531, 1.08152506233, 2.44916309598, 1.20204197581, 1.42133979765, 1.02109501233, 23.6370646825, 8.01811100401, 141.657389452
3.13573960505, 1.40465225082, 1.54347311364, 1.00680430937, 4.14422780766, 1.0811807142, 3.93871059778, 0.949040143555, 0.9, 5.19245899382, 4.9255749554, 1.0115582223, 4.41478737402, 1.18573853627, 0.847111860664, 1.2037670858, 1.09756454733, 0.81, 4.38254079661, 0.91, 0.978439777371, 206.849915113, 0.973417102733, 3.28586934292, 1.13955911809, 5.22428144435, 1.01268922905, 69.9132287478, 10.7874011055, 90.5029103507
2.57228429332, 1.30706153242, 1.42984686223, 1.22, 2.03128979433, 0.741026131625, 5.24292601046, 0.887553902058, 0.971386432125, 5.94447188383, 7.8, 1.07191731473, 5.03642656556, 0.904911364044, 1.06313499887, 1.20997457117, 1.08635068758, 1.20745334973, 7.96274385018, 1.08156475418, 0.929567540884, 154.174554862, 1.03188228064, 5.74318317309, 1.1417236808, 4.17848245265, 1.21429875583, 68.0227325654, 18.4224035756, 1116.93525303
4.05249895551, 1.34249076182, 0.984099475735, 0.958843886533, 2.6201416166, 0.761429581521, 1.22925320489, 0.982540513924, 1.06258509402, 6.2, 2.98321439623, 0.98502836982, 5.00151451353, 0.862104564607, 0.874518045395, 1.63, 1.10957827404, 0.82395313554, 4.90886408143, 1.14701494291, 0.775580060502, 94.9032923048, 0.84, 1.0, 1.01459957753, 3.72486775277, 0.889280887071, 75.7511069624, 18.3024456497, 157.907439272
3.5475146931, 1.20951888994, 1.36053215384, 0.864434702979, 2.6040862949, 0.995104224046, 1.0, 1.14726762419, 0.923516153895, 4.51149699619, 4.8778376871, 0.931228999527, 3.38590519599, 0.830408018645, 1.09, 1.5780368328, 1.16010188789, 0.927136383358, 3.0, 1.18659463735, 0.969005378632, 109.238701225, 0.904577535466, 3.19305377087, 1.24, 1.97113511622, 0.995624681151, 665.610321998, 21.811231997, 6172.86122683
1.0, 1.43, 1.22352764503, 1.16301825459, 5.44982825522, 0.937408230575, 1.0, 1.21043777683, 0.9, 1.24, 7.8, 1.15684886466, 1.95199992672, 1.15524562484, 0.871175541472, 1.07464970551, 1.08432673714, 1.03222670542, 7.78165861778, 0.91, 0.99308435678, 380.435585323, 1.07852796581, 4.73960115961, 1.03142704099, 2.54437263698, 1.25382210382, 1016.0524266, 25.1877210763, 8723.00561477
4.47109765038, 1.3084430808, 0.749092057611, 0.874132955344, 7.07, 0.817338533721, 2.38394888585, 1.10929562087, 1.14, 4.40873534428, 5.92540382093, 0.830054457227, 1.44998967046, 0.953496974996, 0.955413363081, 1.47210594579, 1.11148394121, 0.856455884481, 5.0072184778, 0.916613050031, 0.902480346456, 393.441488694, 0.854017381638, 1.64699438149, 1.0195896515, 1.74430731327, 0.960551417206, 1506.44720383, 26.7532891095, 14125.9424764
4.27305726031, 1.07671880548, 1.74, 0.961166825718, 6.72732124991, 0.944156651344, 5.36693398397, 1.2132306645, 0.915393293793, 4.48367593875, 7.65654285758, 0.93378992834, 2.81087100022, 1.11329225521, 0.822202424197, 1.56479459453, 1.16232416872, 0.915735861787, 6.61386370421, 0.990156937567, 0.890616566018, 39.0127234171, 1.12890895032, 4.98754506469, 1.10462442938, 3.50811645282, 0.923058513715, 1037.37461334, 30.9802724517, 9460.81992534
2.6466459169, 1.37744729042, 1.51915854288, 0.916527475709, 7.03398234076, 0.7856745767, 3.20779243547, 0.999788228817, 1.08416534226, 6.2, 5.3888666575, 1.08797173163, 4.1113854599, 0.891881093465, 0.906409953927, 1.03852234347, 1.17, 0.855335682628, 5.56975879088, 0.974203492325, 0.936010747536, 34.35495143, 1.15841241272, 3.33521050676, 1.21110618029, 5.36597087109, 0.914273598299, 1498.41143783, 24.2586593795, 2795.01007358
3.08171315101, 1.19913396152, 1.45309223044, 0.956420224891, 3.54677975712, 0.849779893988, 1.87185508911, 0.894572217191, 1.00308007673, 4.88806475522, 2.51837318269, 0.997099914315, 1.07344962655, 1.21217625315, 0.993261793293, 1.16178954988, 1.0722311966, 1.06989971593, 5.43308982709, 1.06501936753, 0.949867144437, 78.9224718219, 1.19945616539, 4.89295978664, 1.21973213375, 2.84901405589, 1.16261370652, 165.901267265, 17.8303429233, 2050.95092671
4.43983408036, 1.37001228025, 0.940035656775, 0.90333374347, 2.82988554083, 0.834259504454, 1.0, 1.16333881352, 1.0836179953, 2.71653784246, 4.05277916611, 1.11680995102, 1.74773595851, 0.976414863969, 0.85628521774, 1.21788072132, 1.0929133923, 0.9416013043, 6.91985618027, 1.07567794091, 0.882951192728, 64.7298905761, 0.972532095574, 1.21630887086, 0.978695546756, 2.57118007061, 1.06216501531, 2806.98044028, 41.3234768894, 33837.5730333
3.01650081887, 1.00345210182, 0.856271917567, 1.20534479752, 1.41, 0.866260385944, 3.0655055928, 1.12565002222, 1.04467561107, 3.75215822927, 7.71001875474, 1.22, 5.07, 1.01944653426, 1.09, 1.19492998725, 1.00937571726, 1.07269525249, 3.0, 1.01328017088, 0.772149726707, 376.597854989, 1.01996679197, 3.50160993034, 1.07672243611, 1.85215325543, 0.970358719048, 354.295720699, 28.3413711662, 1715.90893556
5.78152276327, 1.02103519531, 0.829560351079, 1.1892434164, 4.05745272514, 0.723321617006, 2.38536080993, 1.07975224989, 0.918108306349, 3.6698226513, 7.8, 0.936156550945, 2.84342536235, 0.861639643488, 0.903312695597, 1.47244367638, 1.16349786937, 0.81, 4.54946678328, 1.02997530316, 0.890426030502, 156.484473119, 1.17155700827, 6.0, 1.24, 5.01869097276, 1.29280757724, 197.515403158, 12.9696466398, 858.940155122
4.25398071447, 1.43, 1.25954566514, 0.819652381865, 5.63549294635, 0.811584314352, 3.91356018124, 1.14326981241, 0.920805389261, 5.02640598637, 3.54142511659, 1.1237045756, 1.70376214511, 1.21946156484, 0.883340746403, 1.41724666601, 1.01013724564, 1.14798795379, 5.04902730483, 1.19, 0.848408003092, 296.735826369, 1.10546165131, 3.01044544392, 1.02562702272, 2.59519368191, 1.18727052799, 1108.13176273, 42.3195676001, 11439.6284559
4.38182273054, 1.34860928108, 1.00273895227, 1.06174964615, 1.41, 1.0076034426, 3.09329214882, 1.14298678269, 1.06095232264, 4.58496260091, 7.8, 1.21159034645, 4.52860006397, 1.08967636815, 1.05949110446, 1.50744987824, 1.04015162306, 1.08134854951, 4.17026421651, 0.973716584069, 0.843299904777, 138.52040969, 1.18335958867, 3.92280972001, 1.02042811096, 3.75619479144, 0.888103545971, 32.7392012211, 9.04568065654, 275.897604787
1.01826314892, 1.18232864154, 1.5430049262, 1.22, 5.11292710768, 1.02833927472, 2.69304887403, 0.999745780868, 0.933589731027, 3.72412428753, 5.63314719265, 0.870401714699, 3.28675927909, 1.00783430578, 0.844516736724, 1.06479168472, 1.08421007445, 0.965370661127, 9.33280465002, 1.14646651058, 0.975514545365, 201.54575621, 1.13834734507, 4.6537795277, 1.24, 2.70791440694, 1.16825821231, 721.500822689, 19.3746120251, 5593.53552502
2.7076047103, 1.20665744737, 1.18129074214, 1.00897208308, 4.69043316558, 0.735298053328, 3.29185129309, 0.82, 0.9, 5.29039221197, 1.62200069298, 1.04188162186, 5.04786239119, 1.19129682703, 0.875701020124, 1.0, 1.02922728036, 0.81, 3.0, 1.02816904237, 0.81118954206, 338.068560319, 0.84, 2.69476451225, 1.17005429055, 2.83463326506, 1.07012367847, 574.934780672, 17.0725018868, 1714.27388935
1.94284494771, 1.40683781654, 1.28120763794, 0.942671868395, 4.43797802304, 1.12852456552, 6.0, 0.945159123579, 1.02905134407, 3.23434773866, 1.61433007418, 1.10113877213, 1.21166115969, 1.0972575368, 1.01297394499, 1.38965258403, 1.08658874367, 0.840591912624, 6.70370971026, 1.09543764324, 0.946380152432, 242.505951447, 1.02150147844, 2.87082754813, 1.22025237501, 4.72322765918, 1.12839402307, 538.939680552, 17.6055663177, 1009.7556641
4.72212282341, 1.0, 1.36622153306, 1.07336247299, 4.5256999382, 0.73765038052, 1.24016115862, 1.24004403993, 0.967783816916, 3.67809425634, 7.8, 1.13575940719, 4.08777216356, 1.10444344699, 0.965897492771, 1.19747795003, 1.11379540452, 0.855708168105, 3.0, 1.07861349346, 0.814712524048, 335.336458036, 1.09497888571, 4.07682224154, 0.972383484888, 1.70421245679, 1.20851997329, 198.735589841, 17.997234858, 1806.39093678
4.40083284104, 1.10840995772, 1.34730741833, 1.19362136803, 2.7288698065, 1.01640445798, 5.9109231497, 1.09765109635, 1.09890938755, 4.39786680469, 1.7690934577, 0.953074206787, 1.81505959777, 1.10933594279, 0.913687081449, 1.16445055482, 1.14259835415, 1.12258978925, 7.79677513471, 0.971660701901, 0.972242247165, 356.798131859, 1.02535953501, 5.37368085138, 1.23782896088, 2.73035553992, 1.0969366921, 1905.94241775, 50.6845830895, 28275.0011216
5.49369620987, 1.42552810414, 0.854822243204, 0.854939194083, 1.66194860801, 0.714073644621, 1.18981688486, 1.22296148423, 1.11948306455, 3.88770995605, 6.11144167782, 0.932093489678, 4.46875029248, 0.81, 0.831941132587, 1.50260855775, 1.12139166319, 0.880866323574, 8.69179986151, 1.09284761452, 0.872860475323, 54.2857338499, 1.05403824503, 1.0, 1.01164336541, 4.18824347188, 1.09056209197, 513.344231723, 17.7396876428, 7044.17796847
2.47810773453, 1.22882100706, 0.821278306656, 1.03793787491, 2.77807597596, 1.14694077889, 1.65923810174, 0.903187202583, 1.08412974384, 3.56127382303, 7.52893116892, 0.945300344279, 2.31869293244, 0.814288419139, 1.03396066174, 1.07617783834, 1.075140664, 1.08578233217, 4.8916318501, 0.937906775395, 0.956918948729, 395.148714348, 0.891487124728, 1.24745355908, 1.18196502242, 3.49629488664, 1.29603936561, 34.8755986258, 15.1890440457, 126.774133672
5.29755404964, 1.08553209258, 1.29800392188, 0.988656456494, 4.46434368781, 0.859317763096, 3.88412015314, 1.10832994494, 1.07503092059, 3.8348958737, 3.80341555188, 1.06974246907, 3.04711508776, 0.95335647504, 0.800411091828, 1.28287509341, 1.13405703022, 0.918418910014, 8.3246668116, 0.984797319936, 0.780483374665, 395.875067294, 0.923594263632, 1.40913473421, 1.1367003151, 4.34124923325, 0.953319693086, 553.456435898, 21.4806101072, 13221.2688229
3.9911487168, 1.16823554433, 1.08833309666, 1.16515088509, 3.84953355051, 0.919250146198, 5.1900426215, 1.21616317894, 1.08590303317, 4.2497049458, 7.5508000742, 0.955458850976, 2.97975733409, 1.07187996514, 0.976706517357, 1.57208766028, 1.00850116221, 0.821298155741, 5.42607325444, 1.00895270977, 0.920930719071, 303.321615166, 0.965399131032, 5.80566804406, 0.966073444103, 2.28859497138, 1.11741141057, 3219.73407436, 31.7243793906, 25013.4384847
2.81223561585, 1.38906434485, 1.10867016572, 0.888775382169, 5.30773840018, 0.864233114595, 5.4743525622, 1.07511807321, 1.04761250132, 3.17020280865, 6.22225786493, 1.14450321238, 3.63802517076, 1.23785375283, 1.05136140139, 1.18294998784, 1.13663723671, 1.0812469009, 7.20254207212, 1.13651895193, 0.841549387559, 92.3136592168, 0.988040472356, 4.4133431546, 1.1201034008, 4.25839424156, 0.972975797009, 278.655744766, 28.2403238213, 1000.74604467
3.93702038319, 1.25589002457, 0.847805289158, 1.09479750699, 5.8112860061, 0.741251555081, 3.42981858063, 1.14679819065, 0.999254804401, 3.90956150518, 4.61022345437, 0.81, 1.9774895539, 0.87459495268, 1.04925109915, 1.09319482057, 1.13916706782, 0.997740966831, 10.0, 1.13053472684, 0.97100473515, 268.395311891, 0.870522614168, 4.67008527839, 1.13479660028, 5.03037069547, 0.962191065408, 90.1748864034, 12.0536609736, 812.971713863
4.34006580297, 1.0, 0.896111513538, 1.13374054963, 6.24578762104, 0.84325394904, 4.55964561214, 0.985790242684, 1.11010302871, 2.19994260005, 1.56, 1.13213417405, 4.39222298425, 1.05909342271, 0.882350222074, 1.34555035922, 1.16388657484, 0.926513696114, 7.8353019998, 1.01677553641, 0.833247817953, 354.385895444, 1.14954163925, 3.60363622998, 0.992375026955, 4.38979396001, 1.02515786036, 506.806923146, 17.6570539188, 2612.77964831
2.78246756764, 1.34988982179, 1.40630656891, 0.8, 3.13183959043, 0.957320301818, 6.0, 1.12696327058, 0.999519453054, 5.64536316598, 4.3995855435, 1.14809924903, 3.83910035384, 0.898258358891, 0.818670190182, 1.05158783857, 1.11452606738, 1.11057637292, 8.2201476174, 1.09382869732, 0.894803714251, 306.24806792, 0.847981967659, 2.44333603719, 1.02431573453, 1.4674454819, 0.920352210435, 704.507018404, 27.7210293459, 1882.01283536
5.44327580558, 1.08935544193, 1.56450882953, 1.21957969923, 1.9772302379, 0.91284949542, 1.59143388579, 0.858502594188, 1.03746483741, 5.9719371077, 3.03741147254, 1.13315395926, 5.07, 1.05290838534, 0.818938187486, 1.406388181, 1.02525263219, 1.00861280994, 9.76972754062, 1.11393373543, 0.836406710693, 222.416592857, 1.05542204572, 5.10335261289, 0.988546971396, 2.97536023042, 0.93443768299, 745.327589262, 21.6919772019, 11809.9757215
4.65896385362, 1.06844132379, 1.48665793068, 0.837637111388, 4.30820571441, 0.971952896218, 4.35961261229, 1.25632220714, 1.01629908924, 4.33330973532, 6.7374739485, 1.05614632291, 3.48491645811, 0.836687993533, 1.09, 1.50037555845, 1.14153152591, 0.824782414178, 7.20232205802, 1.11267389944, 0.76, 139.414891864, 0.878052215036, 5.41513928979, 1.02033887123, 2.89521402807, 1.02704272135, 555.381628269, 17.6289740777, 4231.58157626
2.2186241622, 1.17813589661, 1.40674702145, 1.14805484405, 3.57313812944, 1.1698673312, 4.62532371735, 1.14138296233, 1.10683925445, 2.11153571741, 3.6712191243, 0.874301670342, 1.826756476, 1.05036443409, 0.981034259107, 1.43921342916, 1.03256679386, 0.994081492017, 6.61757802142, 1.0077391975, 0.895821441075, 255.683895451, 1.15323621623, 4.94544091094, 1.15620773795, 2.43899259479, 0.978523538628, 923.084445564, 29.5395267463, 4363.46716627
1.0, 1.42106297069, 0.73, 1.14309558527, 5.92086618194, 0.748083937447, 2.30504925751, 1.26, 1.12628890376, 2.74744577051, 1.91291729587, 1.18747450521, 5.07, 1.26722767491, 0.781691457657, 1.41743539725, 1.15362629438, 1.17883381719, 7.10885029435, 1.05151306395, 0.793677660847, 234.86551768, 1.1631931822, 1.90308856237, 1.21482050574, 3.06608747239, 0.969625410438, 662.752483892, 18.6970719706, 11805.4363227
2.42470660747, 1.21951081974, 1.33612903814, 0.964819712978, 3.41012099525, 0.918334910066, 1.44233131953, 0.92397817497, 0.94418521337, 2.21554930512, 4.31656868155, 1.18871707144, 1.56070870665, 1.16182301763, 1.01597073369, 1.07878224828, 1.10154891678, 0.948005212483, 4.5736471512, 1.05996924712, 0.894308670917, 207.512822676, 0.860953493024, 1.61483889951, 0.968062149603, 4.31297763431, 0.971217663056, 228.016154109, 26.3182576641, 2071.11349459
4.29540192535, 1.21804122782, 1.25648364637, 0.878715126351, 2.07557547629, 1.09109443721, 6.0, 0.895086985159, 1.11823768664, 4.68343504437, 3.34240917027, 0.903705488949, 3.19761267044, 1.09158583756, 0.95258921272, 1.11102141801, 1.0857200413, 1.19282529557, 6.8132359817, 1.07949870949, 0.917626605235, 104.25209077, 1.2, 1.73744128847, 1.11284258658, 3.48070069273, 1.03618767306, 561.931000736, 21.3401357455, 1317.25422017
5.73046442642, 1.36549881265, 1.10284510648, 1.17378006641, 6.7822011417, 0.798779501742, 1.0, 1.13814946128, 1.11940812308, 2.42093790562, 3.75128591135, 0.885523407929, 1.99163841099, 1.08729447713, 0.936810939622, 1.08732239818, 1.17, 1.03666314641, 10.0, 0.926653497764, 0.871745604231, 324.694654871, 1.2, 1.0, 0.95, 4.34585644297, 1.3, 481.769750066, 19.0605257705, 3323.53633745
5.72641638019, 1.3275115085, 1.33399419339, 0.938738334547, 7.07, 0.967231806852, 2.64997370021, 1.05795848687, 0.956317265902, 6.18002705133, 5.88375558808, 0.950895032036, 5.07, 0.81, 1.06762917557, 1.17349068395, 1.03245847044, 0.904058401263, 6.15899244642, 0.988536296629, 0.879514553386, 134.241367622, 0.8981929979, 3.62723251223, 1.15319200299, 2.78428775355, 1.02165307119, 1828.71857911, 31.7555734419, 23225.3537714
3.43459318083, 1.20568633198, 0.826658210167, 0.934444376225, 3.33853627897, 1.04815889962, 2.50904443704, 1.15649587507, 1.10769515423, 1.57362227672, 2.27983123174, 1.03376866898, 2.5659296268, 1.02220796523, 1.00244600215, 1.22984533763, 1.16677363035, 0.976136827658, 8.36877410253, 1.16227029263, 0.854392885872, 105.735819515, 0.901272862134, 4.1636247665, 1.11813401961, 3.40323536228, 0.998704386327, 2932.21002521, 56.6427937211, 7049.78955866
5.34518845093, 1.05016962289, 1.07283618424, 0.831308310286, 7.01895343531, 0.859991455312, 4.53691627634, 1.16428211128, 1.13321479981, 5.57839942572, 7.46236101715, 1.14055963754, 4.65915760731, 0.968533324122, 0.869165591817, 1.30103712735, 1.02140756309, 0.879044825698, 7.44932094614, 1.05209989794, 0.809154702304, 391.256373587, 0.957722705991, 4.45315570807, 1.17381581039, 5.39745790838, 1.02713230711, 448.515715246, 30.9196994747, 1392.319153
4.67339781341, 1.41816917198, 1.41382940511, 0.900841229365, 3.86425464754, 0.840966993412, 5.22803743143, 1.26, 1.08739360754, 4.39827541133, 6.16571664956, 0.921939505634, 1.75716185357, 0.915541746102, 0.889128405633, 1.40676184037, 1.1156348442, 1.21847321858, 9.66040213544, 1.0402381287, 0.85020092619, 28.7973840318, 1.16067958964, 3.26739689015, 0.990792679426, 1.81782128724, 1.05593656333, 1583.49006055, 50.2618902239, 13122.5800897
2.07097797678, 1.32947317379, 0.975935547637, 0.927097816439, 4.33998593994, 1.00922472603, 3.98524294338, 0.8861507993, 1.01593082406, 5.69380741158, 6.17377099996, 0.946600729589, 4.52537462937, 1.14237381725, 0.8786472097, 1.43914764071, 1.05101935344, 1.11556017104, 5.35392375362, 1.08171661462, 0.83608154762, 180.681442513, 1.17011875934, 4.87321976127, 1.07228092563, 5.40738533472, 1.24185987599, 943.384520917, 24.6316102746, 5987.77905331
1.39630068832, 1.1073800097, 1.51703106281, 0.841862739256, 4.99827094273, 1.11240953147, 4.76890850847, 1.00755043179, 1.13979591073, 3.92575698115, 3.77273392509, 1.01054227183, 2.71266394415, 1.19178774449, 0.819042708284, 1.50501171062, 1.09018939565, 0.889394238689, 6.03701443398, 1.19, 0.829796878769, 204.64109334, 1.02576911755, 6.0, 1.081497989, 4.75034961341, 1.13099717109, 314.309820663, 17.9823218261, 3545.44185448
3.97190343709, 1.06746095779, 1.04151263436, 1.08087872779, 4.44146830634, 1.19, 5.93912570251, 1.04967941594, 1.03292051894, 5.10429018016, 2.53575553421, 1.08080156554, 2.60478416666, 0.966741628378, 0.78, 1.44218920998, 1.09824505438, 1.07184491591, 5.75749788433, 1.14061391986, 0.910480419621, 87.1106506686, 1.14217323177, 4.61120695078, 1.00546836651, 3.1918736016, 0.976935079593, 2835.18140528, 35.9973194984, 16498.0449568
4.38091772514, 1.06608029063, 1.02650548264, 0.883080068119, 4.57827325625, 1.0261224183, 6.0, 0.915526860116, 1.01266905429, 2.40009706452, 1.56, 0.81980145035, 1.01, 1.29, 0.895515568023, 1.05638430968, 1.14672279792, 0.900339776382, 5.59045169083, 1.01820458551, 0.846391218777, 410.332215105, 0.984322850433, 3.99834509123, 1.24, 1.42121888534, 1.17339835556, 624.72710325, 17.8175971704, 13123.737725
3.63163839367, 1.13652017368, 1.10616261176, 1.115940133, 4.83694679706, 1.07118611, 3.73632076731, 1.22174751204, 0.914156786017, 2.18443452439, 2.11333723317, 1.05140169081, 1.94953392932, 1.07671970036, 0.848875996652, 1.41284530445, 1.02252648913, 0.863174431868, 9.45802355908, 1.04721404011, 0.961918934224, 189.569303943, 1.17748785056, 1.0, 0.989058575473, 5.48, 1.09194015936, 448.633932153, 16.5670966488, 10716.8824682
5.27246874572, 1.15013157323, 1.24658189301, 0.956293840227, 3.57607458845, 0.769566457601, 3.36322286621, 0.980088303819, 1.00716452993, 5.99502417265, 3.67431649991, 1.04033382551, 1.01, 1.19519531872, 0.784936352092, 1.58484726677, 1.12601507005, 1.16247602713, 8.70632611872, 1.17483041812, 0.865323146766, 413.682709426, 1.1861194357, 2.86481760585, 0.95, 1.19562374229, 0.981254155843, 1416.53119679, 27.9233143168, 21420.5998059
1.75808249463, 1.19454979913, 1.1107103978, 0.946700851154, 3.08141562992, 1.19, 6.0, 0.967063976268, 0.921455078418, 1.51568323455, 7.8, 0.81, 2.38612422901, 1.26138997164, 0.927668755866, 1.32423445433, 1.08474528505, 1.12830218376, 10.0, 1.0962682137, 0.940786691221, 200.417196025, 1.03084427536, 2.68325846111, 1.09032727209, 4.71101448845, 1.19468735084, 85.1773879918, 19.1069236254, 116.393729694
6.0, 1.05514043536, 1.62823250732, 1.11532252579, 3.48241467646, 0.921082970672, 2.63938977263, 0.885693666654, 1.09294444202, 5.92773578353, 5.74170853122, 0.95842522705, 4.36812392202, 1.11798762428, 0.899177420604, 1.30262786551, 1.00200483182, 1.19126468595, 9.76561161775, 0.91, 0.915570700775, 143.388306573, 1.10500368583, 2.96519786141, 0.95, 5.21949629376, 1.02533767915, 880.818084812, 21.951307179, 49224.7574401
5.04373177674, 1.32255469928, 1.04703412606, 1.15653795684, 6.01445861852, 0.74819723134, 1.24671799975, 1.2228333719, 0.912485612678, 5.94056711868, 1.96189360852, 1.14291753194, 3.05949769489, 0.873796510744, 0.916608999317, 1.38586623222, 1.03853886233, 0.995020894179, 7.62794891518, 1.12071358489, 0.806835705993, 114.740661711, 0.988406143958, 3.29253660398, 1.08054033014, 4.59796518988, 1.3, 2435.78271214, 31.7924198646, 27232.6381226
1.35315877781, 1.34560246941, 1.70095132123, 1.00237461754, 6.22092104792, 0.846790437778, 3.92357325941, 1.16559956907, 1.0249267849, 2.00040386849, 2.29611406667, 0.971595534957, 4.61020266732, 0.825055528364, 1.00703784419, 1.00607949973, 1.10118914177, 0.859938338429, 8.54678255029, 1.17652022447, 0.840159274387, 255.540168118, 1.00689327107, 4.36493376484, 1.01948230417, 2.57874904109, 1.18774218115, 329.962852309, 17.8050785109, 1121.63565032
4.84403062245, 1.42314558734, 1.36454847089, 1.10014162605, 3.10808065227, 1.0743155875, 5.55226654396, 1.12650363785, 0.928306675426, 5.47274167815, 6.20849528141, 1.15852725023, 3.25372647794, 0.851122833174, 0.96316763897, 1.52980711656, 1.05112543679, 0.894665070695, 5.14074691179, 1.01561716107, 0.944544013565, 230.088919528, 1.0771019864, 3.34251265372, 1.10267628445, 2.47457738234, 1.23690498802, 1481.01684251, 25.1408977833, 16779.4764582
1.0, 1.22634064765, 1.06192941656, 0.826525446862, 7.07, 0.790361619761, 3.46269563206, 1.26, 1.00062753495, 6.2, 2.04439992927, 1.17832356321, 1.95062389288, 0.953609285468, 1.03178498244, 1.53668936135, 1.06139106456, 0.981522154215, 4.97524442286, 1.19, 0.84459438561, 202.288368725, 1.1014848794, 2.07312055551, 1.0262615198, 3.19268109819, 0.938442232181, 798.405025701, 24.118969013, 10103.8435264
2.00237305578, 1.30132847972, 1.31870499845, 1.22, 5.75591489986, 1.13969456819, 5.96524113347, 0.982581025801, 1.14, 3.55750847827, 7.55977924318, 1.09923686931, 4.22980882055, 0.977723626272, 0.904742339619, 1.43933358978, 1.12477547409, 0.996799552151, 8.28387546862, 0.960750094766, 0.938312800641, 406.675499321, 1.04277244103, 1.49467335595, 1.24, 4.7331314504, 0.997750116407, 586.974021614, 19.9322998422, 2576.27343771
1.7969213297, 1.41706541792, 1.69529975594, 1.18256196583, 4.48266644215, 0.909461511349, 1.67448821276, 0.992379824918, 1.02628323244, 3.90258175486, 2.77781627759, 1.06635468177, 3.96087115847, 0.987572431811, 1.02994776357, 1.19274047713, 1.01161191751, 0.849163442162, 8.81704188338, 0.945984455956, 0.803536132617, 345.888321798, 0.84, 3.24890088621, 1.05575067775, 2.86190164054, 1.06765835313, 1069.92028045, 33.2713015452, 3997.68778829
1.80597079053, 1.16616969537, 0.9362503985, 0.90534917459, 2.87432860242, 0.885197826631, 1.0, 0.907273442386, 1.0562503241, 6.2, 6.95033882762, 1.22, 3.00855732317, 0.862691653074, 1.01495357551, 1.275666274, 1.08943657663, 1.033555046, 9.11114280375, 1.01963719376, 0.986314159857, 269.090422994, 1.19784048034, 4.65634108441, 1.12447629312, 5.39162039439, 1.09289833107, 118.217922312, 21.5158348404, 850.470983706
2.52058800051, 1.4278734697, 1.60283783855, 1.2168920767, 4.52681617969, 0.905586451015, 5.03872806677, 1.16288218822, 1.02327564993, 2.56111507314, 7.54927146222, 0.931787730355, 3.3842902793, 0.9016552725, 0.78, 1.61923826784, 1.01824439453, 1.0135574934, 7.88127724522, 1.11049339041, 0.880769705913, 44.4140498825, 0.955714402043, 5.1981569723, 1.15030990982, 1.22272396754, 1.01413726591, 264.414236476, 14.2392685163, 3114.94659394
4.76953972743, 1.12622455861, 1.54512881797, 1.18942598881, 7.07, 0.840564051714, 3.69409039092, 1.05254078138, 1.02859546596, 3.02038348038, 7.8, 1.16444996884, 4.07476365105, 0.8312154527, 0.959908658163, 1.61393578555, 1.09086887377, 0.81, 8.19553246226, 0.929465064512, 0.776993784258, 387.96061883, 1.17947214847, 2.69734034438, 0.957396505995, 4.43631819867, 0.995979457104, 1474.88459591, 23.726876849, 10439.6773771
1.0, 1.32603495319, 1.43723873594, 0.94925707815, 6.33881120097, 1.02705460174, 1.0, 0.865560208906, 0.918480956355, 6.2, 5.71089288459, 1.18496398085, 2.27553202621, 1.29, 0.886547778872, 1.1493665673, 1.06930305841, 0.81, 3.34451340387, 0.957770156504, 0.909212267635, 384.071778544, 1.11275548123, 4.12915204517, 1.13176551302, 3.49626732939, 1.00661446516, 287.905206278, 20.8600686901, 304.134518892
1.43907579437, 1.1643910056, 1.13802894751, 0.899408534725, 5.80819800148, 1.19, 4.66434660402, 1.13667364519, 1.14, 5.63368256998, 3.96208671774, 1.20111601541, 3.88745128469, 0.963630482117, 0.800556094448, 1.2783011756, 1.06938415014, 0.856183683725, 6.11346439968, 0.93103081265, 0.926331665008, 418.0, 0.84, 3.21799030719, 0.981930602018, 3.23154666256, 0.875589144282, 146.650696338, 14.360396995, 1772.19805295
4.39256122295, 1.21520309349, 0.919500040601, 0.948309011225, 1.41, 0.932123335757, 3.97161636927, 0.842980901473, 0.998898105811, 5.58110616268, 5.40067343994, 1.00068363403, 2.92365130671, 0.815304535164, 1.09, 1.08999956612, 1.0946840594, 0.998081961033, 3.0, 0.920605601991, 0.919783844142, 239.072319866, 1.03260212479, 1.38420929366, 0.970797029443, 1.48603112312, 1.08484268974, 1735.88643592, 26.2623020461, 28585.5877495
2.31830768439, 1.43, 0.817270038385, 1.06722256318, 6.04556710344, 0.82944639841, 1.84917295988, 1.08249460724, 0.994078076472, 2.04345491959, 2.62726243342, 1.01433934863, 1.42189062175, 1.17232836904, 0.833707589166, 1.63, 1.00412294646, 1.03563563223, 4.40765936877, 1.19, 0.76, 245.155839019, 0.84, 3.5026328507, 1.17859974488, 4.36866545711, 0.920585994893, 22.4113780057, 9.53570573228, 192.300666713
4.84267762051, 1.17189553839, 1.27578604349, 1.14327035837, 1.88544151351, 0.93183198739, 2.08171920296, 1.22130816551, 1.14, 3.47855018809, 4.76653179379, 0.948608814229, 1.02021839494, 1.24834733803, 0.961227551347, 1.13697176807, 1.03649540587, 1.1267127575, 9.18848858854, 1.03424127883, 1.0, 243.295817908, 1.18509149207, 5.39878189084, 1.24, 1.51590205511, 0.903891263867, 2326.9934426, 25.514648038, 3343.86513258
6.0, 1.29957242691, 1.44869906237, 0.935508918316, 2.51569139202, 1.01110141495, 2.66346257023, 1.03034810221, 0.968194617351, 6.2, 4.30771206696, 1.12418908473, 2.33652216573, 1.17016899166, 0.857331580434, 1.1385260837, 1.11870507534, 1.00978054627, 8.85988708005, 1.19, 0.836238897632, 163.748210845, 1.10747575758, 3.82388007871, 1.05995928123, 1.46060114582, 1.22440321597, 556.690209225, 21.6127978055, 2894.18432651
5.88781849767, 1.02688084802, 0.957161107263, 1.0259551897, 3.01249748099, 1.17495572996, 4.38116758336, 1.22583916618, 1.0110456312, 1.53892892497, 6.66117505865, 0.838931751571, 1.42817911677, 1.21695194382, 0.810512475614, 1.23799514747, 1.13650197449, 1.08722780829, 9.57389380192, 1.08643180385, 0.9279845607, 418.0, 1.17302535328, 5.08292411751, 1.24, 1.92707409877, 1.26763974758, 352.874051875, 18.4220931814, 1661.79187558
4.98291819264, 1.1779502236, 0.772190446752, 1.00974826987, 2.86827583855, 0.845000015877, 2.58079811162, 0.843817105681, 0.989854145833, 2.78058575296, 1.93344626723, 0.867578250719, 1.27709450516, 1.08979336372, 0.803759828129, 1.26254593021, 1.05076380054, 1.03250479355, 5.40885505101, 1.09685191369, 0.942903698857, 187.305028002, 1.01519984972, 3.45071506189, 1.24, 2.03823193162, 1.29857942969, 623.986847971, 27.194775362, 1661.36711176
5.73154887679, 1.30741709085, 1.28436570936, 1.22, 2.40325042468, 0.92109751127, 1.25297186891, 1.26, 1.08784635339, 3.62941099695, 7.05209706265, 0.910673874267, 3.33590056974, 1.06565954348, 0.939034236756, 1.54362101429, 1.01902175525, 1.03508543326, 8.84440327112, 0.91, 1.0, 215.694806469, 1.04271287851, 3.31522229433, 1.1439362188, 4.09255123853, 1.13825675587, 927.264361127, 21.7744024002, 27795.0441866
3.29394378727, 1.29949114181, 1.36267334919, 0.869434515623, 2.99801101873, 0.967928013317, 5.85877942347, 1.24561695247, 1.04690153208, 4.37199451679, 2.06937882265, 1.06295052548, 4.05337981772, 1.13666002498, 0.965462903331, 1.02180081016, 1.11360842439, 1.11186128917, 4.67738861249, 1.158134866, 0.765109338592, 277.61102263, 0.982509950263, 4.17198283615, 1.02851124285, 2.70740900007, 0.900582613867, 883.915993018, 20.5596835765, 2727.02198414
5.48868813778, 1.35990491326, 1.67881463219, 0.873562795695, 4.81123021635, 1.05479330792, 4.6504482175, 1.21565454572, 1.08713530258, 6.2, 7.12268321127, 0.981573592663, 2.83888450514, 0.999455180233, 0.792207382535, 1.51131857797, 1.00732076528, 0.956186661886, 4.81036488666, 1.07340703176, 0.988619561982, 297.96302898, 0.968122855062, 4.7926027215, 1.11643774541, 2.96057863713, 1.25303229757, 353.149039878, 15.3839787791, 1608.34255394
2.95987158371, 1.37877275463, 1.13044973695, 0.823462205201, 2.38269287008, 1.028311946, 4.13257777915, 1.14220304883, 1.04487409756, 5.25137223541, 4.26595307246, 1.10808498885, 1.59893245762, 1.03719408892, 0.783945474959, 1.22153487465, 1.11294977595, 1.18587693907, 9.45209460607, 0.91, 0.902024291404, 418.0, 0.84, 2.34761873353, 1.0406929627, 1.61565855348, 1.22837069427, 662.386271499, 21.431347823, 5442.9302278
1.12644811526, 1.27254261296, 1.34729883564, 1.16991202903, 3.79134852693, 0.775331367812, 4.13389950826, 0.890238852928, 0.996016674283, 4.0613141305, 2.96038728385, 1.18846782109, 4.15083679141, 0.928649690208, 1.06641207102, 1.28626395594, 1.08863241223, 0.988974799795, 4.38348297688, 1.05679514784, 1.0, 265.403815858, 1.07736254762, 1.64895147993, 1.20186578654, 1.97737624959, 1.008750435, 1091.79799577, 22.3406714119, 8412.34023409
3.11206471426, 1.35385022325, 1.21978160027, 1.15370356174, 3.60242820463, 0.945923430187, 1.13732891274, 1.18898561926, 0.936417231155, 4.85875162368, 3.98243572563, 1.07744126062, 2.45838039594, 0.956084263056, 0.93490592565, 1.43807753182, 1.15299627645, 1.04663685244, 5.88399632475, 0.96763184703, 0.915273810026, 317.171675344, 1.18357349324, 1.10728055435, 1.02313396604, 3.47515953814, 1.27715232656, 815.316086003, 20.6137637562, 6466.14589486
4.47523432056, 1.37716962181, 1.02825898214, 0.8, 5.04952104709, 1.19, 2.076311804, 0.900613551415, 1.00292439496, 5.11872415643, 5.0445642025, 0.98933649748, 1.61739725566, 1.24165651434, 1.04369463126, 1.08891210506, 1.13795624522, 0.990435237662, 3.0, 1.19, 0.927726455571, 365.164866735, 1.18336798034, 4.83733811061, 1.24, 1.01, 0.940496743163, 453.12322048, 16.0217973885, 2912.64309442
4.18715264343, 1.40961318694, 1.32093388322, 0.872271133578, 6.7537917855, 1.08331222242, 1.44894537064, 1.14665521029, 0.900933379806, 4.29346426316, 5.46949483667, 1.14621026515, 4.47693463843, 0.997471499493, 0.838566468663, 1.40372987017, 1.12966775089, 0.986242576188, 4.04615632345, 1.0864876415, 0.790925490289, 328.744010027, 1.07663759364, 5.80620867897, 1.0039274985, 3.55741385882, 0.940290683952, 173.305587704, 14.0300042767, 178.97451728
1.64551227978, 1.25822308491, 1.02770152002, 0.967372889183, 4.0479152113, 0.942309358859, 5.19923533045, 1.04105545062, 1.01118745205, 5.17120832682, 7.60372470523, 1.06406377764, 3.02084915157, 0.965435684552, 0.802355826394, 1.38323277568, 1.16084450793, 0.81, 8.6062670284, 1.09550519889, 0.964539570048, 10.8787091225, 1.18294690029, 1.36179638344, 1.09984781863, 2.39584301432, 0.87, 1432.93217828, 45.1442120423, 6418.37151447
4.43251061253, 1.20500982259, 1.66133077568, 1.21672233173, 4.39207830917, 1.00809790433, 3.92516800928, 1.15303837914, 1.08431334419, 4.14098183809, 3.42126319011, 1.14486864932, 1.01, 1.29, 0.807114967595, 1.30670518495, 1.12975581179, 1.21245400727, 8.39087863564, 1.01591192856, 0.839694685702, 204.685094966, 1.02517080671, 2.29313617741, 1.0258436455, 3.2330119257, 1.02961341231, 94.0797579406, 20.1157325811, 447.264795861
4.10785538672, 1.31618194685, 0.90435596254, 1.10734450262, 5.67142663304, 1.08110486187, 1.26626092077, 1.2171715942, 0.912470972282, 1.74750181349, 7.57946933397, 0.895115942646, 2.61118973022, 0.926095217892, 0.870871075979, 1.10078239027, 1.09226127011, 1.1677679805, 9.22286171649, 1.01138079076, 0.966292994281, 162.26311764, 1.01975952753, 1.13244743593, 0.979585214116, 2.91526226241, 1.21888491739, 1261.43516005, 45.7182619192, 19322.4823608
3.65481471737, 1.21749004366, 1.63130617845, 0.89404596909, 3.63554050778, 1.07140840875, 1.96773231971, 1.11543645867, 1.02008565681, 6.2, 7.56102711411, 1.13804020326, 2.02594473656, 0.891646393573, 0.854274353431, 1.63, 1.15797063421, 1.09296276758, 10.0, 0.943270228006, 0.943854281712, 204.892081912, 1.2, 1.81008010457, 1.24, 2.01172540664, 1.15406305007, 2372.65496478, 28.5414846028, 25108.702788
5.77235775718, 1.3679712987, 1.04454104392, 0.867634274573, 4.31419604742, 0.887679969133, 1.13225615125, 1.1641402318, 1.01058980026, 5.40260791202, 6.66365814202, 1.22, 1.69958802608, 0.850738559101, 1.02578408971, 1.18937835252, 1.06262349166, 1.11754168994, 4.85267626576, 0.988452713838, 0.888799147492, 277.1581407, 1.14386808546, 1.2937039127, 0.972766666125, 1.01, 1.2044291048, 1703.44151656, 28.4076215098, 19434.564161
1.21230590868, 1.08847886295, 1.45582227521, 0.949051182631, 2.463421796, 1.06036501734, 1.0, 1.08881649441, 1.07474199424, 1.41166177775, 1.56, 1.00206258028, 4.19858356033, 1.03571022927, 0.869680021855, 1.17211987197, 1.01931808293, 0.882697626623, 7.14051098113, 0.927492237458, 0.962196631378, 7.0, 0.979027777316, 6.0, 1.19175155351, 4.48734068982, 1.22790372275, 366.352498755, 19.171106892, 1632.36726071
5.38879302861, 1.0, 1.62177117031, 0.806527611181, 6.85972182672, 1.01802545503, 1.35066228544, 1.10623992491, 1.10929169938, 6.02951067023, 6.86733396333, 0.925989457542, 2.97961772609, 1.11266515534, 0.952210932614, 1.20512848167, 1.1602432214, 0.819010946176, 4.05353942727, 1.11365260833, 0.803169398912, 175.94630677, 0.886792262236, 2.97957526688, 1.16222361307, 2.05884639925, 1.198403087, 895.647579621, 40.4859877931, 4360.50821135
5.94821392457, 1.2767186019, 1.69736327062, 1.22, 5.51808298049, 0.952673319428, 6.0, 0.977545140466, 1.07829834174, 2.13516217985, 3.71944122154, 1.07165962856, 4.26231742294, 1.10933205305, 0.892316355515, 1.08153088069, 1.11179563799, 1.0777149583, 10.0, 1.07379084669, 0.777620812915, 7.0, 1.11117890523, 5.54397700769, 1.22833594881, 3.58393095146, 0.87, 27.642944766, 8.36100629601, 46.9386271749
2.29441846378, 1.41134765442, 1.32443718194, 1.06971997451, 2.00110560534, 1.00289012544, 1.15189211838, 1.1759486108, 0.957628855799, 6.18628194199, 2.19562743974, 0.914010168239, 1.68217689079, 1.04438849342, 0.976819526676, 1.20954856081, 1.10362890277, 0.90097765376, 3.65396208696, 1.08198810805, 0.952813802011, 241.426406006, 0.989227725401, 6.0, 1.00955710984, 3.71447849425, 0.911120242281, 640.9088991, 20.8194490531, 5278.37807732
5.65879150487, 1.38470276971, 0.776803144705, 0.960406397944, 2.75485864953, 0.739032218559, 1.69861588525, 1.13963569201, 1.11601467389, 3.94035812863, 6.54697318318, 0.992442462466, 1.42631429104, 1.19183377833, 0.794793055285, 1.39299305074, 1.16341152836, 1.05620694645, 3.08842967221, 1.11584809378, 0.967101774244, 112.642499305, 0.937848354127, 1.84543434301, 0.981223691083, 3.7307530182, 1.0717763067, 202.58809114, 15.1774406257, 773.722737708
1.49476679483, 1.3593574214, 0.817801254163, 0.846329232435, 4.28542215678, 1.16687628689, 5.24558183101, 1.08872769146, 1.12206281269, 3.65424852331, 5.2659335094, 0.967908029658, 1.27681477236, 1.23460554684, 0.879160567951, 1.37621986738, 1.10330864639, 0.95751136702, 5.77444202851, 1.04873055253, 0.87817474033, 114.382171008, 0.863006529092, 5.13704126659, 1.18348648998, 5.31528812727, 1.13705771452, 605.01639278, 25.0150494602, 4649.95772029
5.5287712795, 1.05094129626, 0.859623566344, 0.898273980246, 5.66290301916, 1.06455264125, 5.1835759241, 1.192572185, 1.01173934726, 1.53827795514, 6.69997866879, 0.950404401023, 1.15628242288, 1.06259364039, 0.934079732389, 1.38713478354, 1.10352721002, 0.94693261271, 6.63036053267, 1.07891099449, 0.970939319538, 376.968206453, 0.983910552953, 3.21890983304, 1.023511631, 3.87470657544, 1.06711861012, 148.739005482, 11.6943217432, 1418.36434893
4.54958086197, 1.02900241999, 1.35185684801, 0.87246918186, 4.02206231371, 1.08637523901, 2.84582370405, 1.1367445722, 0.966077700379, 2.17387901382, 2.6786405025, 0.870008643625, 4.32490955768, 0.966426736394, 0.893734393724, 1.56639975149, 1.13352870482, 0.929868216839, 5.54947445833, 0.98732644171, 0.905064874555, 143.347469938, 0.952486357656, 3.61303878657, 1.03001704911, 1.28099058696, 0.897843762437, 746.247113741, 19.5379201724, 4867.03518515
5.89422464637, 1.43, 1.71461145022, 0.950288556193, 5.82389992908, 0.998240660301, 3.03337996585, 1.07417604093, 0.9, 3.24223260738, 7.19412878585, 1.18045281844, 2.10578489248, 1.06130926105, 1.05162845095, 1.59715580717, 1.01651660701, 0.856345866495, 8.73863330582, 0.938997398189, 0.947914511818, 354.500715881, 0.936081774673, 5.78529909473, 1.04411049537, 2.72938572865, 1.06150418642, 390.504036027, 21.7690257762, 2398.78298545
2.35413781025, 1.03424778211, 1.3477155466, 1.0688160575, 2.63257997628, 1.18773595801, 3.56830763028, 0.848702323658, 0.987727660938, 4.44244499684, 3.97216525551, 0.87348955393, 4.99382252127, 1.02252879681, 1.02694019734, 1.44196569742, 1.04317553337, 0.853971008053, 5.41372126132, 1.04465073839, 0.875529260267, 210.908140582, 0.888242437904, 2.42610403271, 1.23645170763, 4.44768163991, 1.12366389344, 1241.91632207, 44.0118689974, 2926.09839518
