0.824673121727, 3.30942995376e-05, 0.0462370311897, 0.0235049050243, 0.0487791926932, 0.26567133435, 0.880265086531, 0.84010228571, 0.563881980656, 0.155751551544, 0.750423146045, 0.32693183001, 0.273244164648, 0.0552577687673, 0.273988127419, 0.510713050181, 0.688040948451, 0.934203363226, 0.354776329938, 0.42153776564, 0.577968544326, 0.515548257303, 0.824673121727, 3.30942995376e-05, 17.1126551204
0.824673121727, 3.30942995376e-05, 0.0462370311897, 0.0235049050243, 0.0487791926932, 0.26567133435, 0.880265086531, 0.84010228571, 0.563881980656, 0.155751551544, 0.750423146045, 0.32693183001, 0.273244164648, 0.0552577687673, 0.273988127419, 0.510713050181, 0.688040948451, 0.934203363226, 0.354776329938, 0.42153776564, 0.577968544326, 0.515548257303, 0.824673121727, 3.30942995376e-05, 17.1126551204
0.0741822340089, 0.0052802301583, 0.645837374464, 0.361139544441, 0.214642741526, 0.133190208598, 0.581168674594, 0.377115485282, 0.584537737748, 0.2475116624, 0.0879471409355, 0.393592350594, 0.766035690633, 0.72192769657, 0.014639884728, 0.221699835616, 0.218368468028, 0.969837647853, 0.752795750235, 0.847007880601, 0.108483341888, 0.941854843917, 0.0741822340089, 0.0052802301583, 18.3756782828
0.0741822340089, 0.0052802301583, 0.645837374464, 0.361139544441, 0.214642741526, 0.133190208598, 0.581168674594, 0.377115485282, 0.584537737748, 0.2475116624, 0.0879471409355, 0.393592350594, 0.766035690633, 0.72192769657, 0.014639884728, 0.221699835616, 0.218368468028, 0.969837647853, 0.752795750235, 0.847007880601, 0.108483341888, 0.941854843917, 0.0741822340089, 0.0052802301583, 18.3756782828
0.0555017132222, 0.146910475631, 0.0815676521892, 0.0150737042868, 0.40366703897, 0.764947236808, 0.230010292921, 0.0247106932473, 0.259174983526, 0.315774920186, 0.380059306342, 0.310841568169, 0.451026625369, 0.00579588134098, 0.00983040691445, 0.136347709087, 0.479406393134, 0.338829056957, 0.479821166782, 0.231394720556, 0.178839925336, 0.515548257303, 0.0555017132222, 0.146910475631, 13.5079932963
0.0555017132222, 0.146910475631, 0.0815676521892, 0.0150737042868, 0.40366703897, 0.764947236808, 0.230010292921, 0.0247106932473, 0.259174983526, 0.315774920186, 0.380059306342, 0.310841568169, 0.451026625369, 0.00579588134098, 0.00983040691445, 0.136347709087, 0.479406393134, 0.338829056957, 0.479821166782, 0.231394720556, 0.178839925336, 0.515548257303, 0.0555017132222, 0.146910475631, 13.5079932963
0.373705262872, 0.00542576546088, 0.104988458766, 0.0730954440795, 0.0487791926932, 0.0399523792301, 0.395225077241, 0.270564777008, 0.259378810973, 0.17717066409, 0.0445864167617, 0.37590917078, 0.0329952649105, 0.543895985109, 0.273988127419, 0.0820463037254, 0.0321671827654, 0.113895491025, 0.726619516323, 0.325235038861, 0.0447969005444, 0.568110936312, 0.373705262872, 0.00542576546088, 12.0796541182
0.373705262872, 0.00542576546088, 0.104988458766, 0.0730954440795, 0.0487791926932, 0.0399523792301, 0.395225077241, 0.270564777008, 0.259378810973, 0.17717066409, 0.0445864167617, 0.37590917078, 0.0329952649105, 0.543895985109, 0.273988127419, 0.0820463037254, 0.0321671827654, 0.113895491025, 0.726619516323, 0.325235038861, 0.0447969005444, 0.568110936312, 0.373705262872, 0.00542576546088, 12.0796541182
0.0861628226377, 0.000293172024527, 0.104988458766, 0.0730954440795, 0.0487791926932, 0.0399523792301, 0.395225077241, 0.059419367259, 0.259378810973, 0.17717066409, 0.0445864167617, 0.37590917078, 0.0329952649105, 0.543895985109, 0.273988127419, 0.0820463037254, 0.232141532969, 0.113895491025, 0.726619516323, 0.42153776564, 0.0447969005444, 0.969515773995, 0.0861628226377, 0.000293172024527, 12.750759425
0.0861628226377, 0.000293172024527, 0.104988458766, 0.0730954440795, 0.0487791926932, 0.0399523792301, 0.395225077241, 0.059419367259, 0.259378810973, 0.17717066409, 0.0445864167617, 0.37590917078, 0.0329952649105, 0.543895985109, 0.273988127419, 0.0820463037254, 0.232141532969, 0.113895491025, 0.726619516323, 0.42153776564, 0.0447969005444, 0.969515773995, 0.0861628226377, 0.000293172024527, 12.750759425
0.000112636234287, 0.176338376009, 0.39596378859, 0.735089206605, 0.822552740395, 0.711753678679, 0.0309872997986, 0.250677796616, 0.995962436091, 0.214534099112, 0.0450469083438, 0.175891309144, 0.469533177608, 0.134423114378, 0.226399773095, 0.111456134644, 0.508748205575, 0.100459997378, 0.657547821039, 0.0157312639028, 0.0245172462211, 0.0256929329711, 0.000112636234287, 0.176338376009, 14.9111660318
0.000112636234287, 0.176338376009, 0.39596378859, 0.735089206605, 0.822552740395, 0.711753678679, 0.0309872997986, 0.250677796616, 0.995962436091, 0.214534099112, 0.0450469083438, 0.175891309144, 0.469533177608, 0.134423114378, 0.226399773095, 0.111456134644, 0.508748205575, 0.100459997378, 0.657547821039, 0.0157312639028, 0.0245172462211, 0.0256929329711, 0.000112636234287, 0.176338376009, 14.9111660318
0.824673121727, 0.000135328920023, 0.432888316974, 0.0235049050243, 0.0487791926932, 0.26567133435, 0.880265086531, 0.998988752704, 0.0537357461125, 0.155751551544, 0.0234992726923, 0.37590917078, 0.273244164648, 0.0552577687673, 0.273988127419, 0.700647299875, 0.688040948451, 0.934203363226, 0.164618643903, 0.42153776564, 0.577968544326, 0.70692495558, 0.824673121727, 0.000135328920023, 16.5133478751
0.824673121727, 0.000135328920023, 0.432888316974, 0.0235049050243, 0.0487791926932, 0.26567133435, 0.880265086531, 0.998988752704, 0.0537357461125, 0.155751551544, 0.0234992726923, 0.37590917078, 0.273244164648, 0.0552577687673, 0.273988127419, 0.700647299875, 0.688040948451, 0.934203363226, 0.164618643903, 0.42153776564, 0.577968544326, 0.70692495558, 0.824673121727, 0.000135328920023, 16.5133478751
0.0569981472524, 0.0110343385306, 0.811550264121, 0.624603992012, 0.913976551838, 0.915325143604, 0.530865129146, 0.926829221986, 0.339671362841, 0.35565481507, 0.684632357096, 0.00414519131049, 0.779951336668, 0.224515181805, 0.0219645973052, 0.816314463696, 0.755875184286, 0.825491268421, 0.167365997709, 0.661607468624, 0.019912957547, 0.0331289871393, 0.0569981472524, 0.0110343385306, 20.0334251172
0.0569981472524, 0.0110343385306, 0.811550264121, 0.624603992012, 0.913976551838, 0.915325143604, 0.530865129146, 0.926829221986, 0.339671362841, 0.35565481507, 0.684632357096, 0.00414519131049, 0.779951336668, 0.224515181805, 0.0219645973052, 0.816314463696, 0.755875184286, 0.825491268421, 0.167365997709, 0.661607468624, 0.019912957547, 0.0331289871393, 0.0569981472524, 0.0110343385306, 20.0334251172
0.0735133825009, 0.00291220182815, 0.676642612659, 0.624603992012, 0.807777347462, 0.639116801124, 0.510355818375, 0.815779780527, 0.382249520573, 0.0647197354974, 0.950661523562, 0.00414519131049, 0.595882321114, 0.411097256226, 0.0284534792944, 0.816314463696, 0.560345842488, 0.560205233862, 0.167365997709, 0.997901888715, 0.310999513064, 0.172829586188, 0.0735133825009, 0.00291220182815, 19.601117913
0.0735133825009, 0.00291220182815, 0.676642612659, 0.624603992012, 0.807777347462, 0.639116801124, 0.510355818375, 0.815779780527, 0.382249520573, 0.0647197354974, 0.950661523562, 0.00414519131049, 0.595882321114, 0.411097256226, 0.0284534792944, 0.816314463696, 0.560345842488, 0.560205233862, 0.167365997709, 0.997901888715, 0.310999513064, 0.172829586188, 0.0735133825009, 0.00291220182815, 19.601117913
0.00627355755238, 0.92913921701, 0.385544668472, 0.700768560777, 0.924882063554, 0.504918244806, 0.0129253624722, 0.0444400729222, 0.301732980696, 0.146378975107, 0.441529313836, 0.0169109522208, 0.00849969859601, 0.359521005262, 0.120546795638, 0.0805932012821, 0.056607161725, 0.371925179395, 0.11485963463, 0.29744727463, 0.0539196311721, 0.477800548284, 0.00627355755238, 0.92913921701, 13.0448368201
0.00627355755238, 0.92913921701, 0.385544668472, 0.700768560777, 0.924882063554, 0.504918244806, 0.0129253624722, 0.0444400729222, 0.301732980696, 0.146378975107, 0.441529313836, 0.0169109522208, 0.00849969859601, 0.359521005262, 0.120546795638, 0.0805932012821, 0.056607161725, 0.371925179395, 0.11485963463, 0.29744727463, 0.0539196311721, 0.477800548284, 0.00627355755238, 0.92913921701, 13.0448368201
0.0407282189753, 0.160191698061, 0.39596378859, 0.87880817431, 0.822552740395, 0.862742452208, 0.418604019516, 0.41879845076, 0.218690936005, 0.406557802019, 0.0450469083438, 0.227627349473, 0.115626096798, 0.134423114378, 0.756959385324, 0.111456134644, 0.575406472184, 0.0200550449366, 0.657547821039, 0.0157312639028, 0.0245172462211, 0.0256929329711, 0.0407282189753, 0.160191698061, 15.5515744599
0.0407282189753, 0.160191698061, 0.39596378859, 0.87880817431, 0.822552740395, 0.862742452208, 0.418604019516, 0.41879845076, 0.218690936005, 0.406557802019, 0.0450469083438, 0.227627349473, 0.115626096798, 0.134423114378, 0.756959385324, 0.111456134644, 0.575406472184, 0.0200550449366, 0.657547821039, 0.0157312639028, 0.0245172462211, 0.0256929329711, 0.0407282189753, 0.160191698061, 15.5515744599
0.00247519082312, 0.0175601073297, 0.444255958731, 0.752653632318, 0.326983822053, 0.666845558956, 0.61604240522, 0.222841962378, 0.383091262002, 0.132610249691, 0.425056991585, 0.767242810377, 0.227571401229, 0.69114898432, 0.0220685766854, 0.0294866332799, 0.0181567754892, 0.735287198149, 0.0465837574511, 0.0411637687107, 0.284762014555, 0.501568683078, 0.00247519082312, 0.0175601073297, 15.8980043813
0.00247519082312, 0.0175601073297, 0.444255958731, 0.752653632318, 0.326983822053, 0.666845558956, 0.61604240522, 0.222841962378, 0.383091262002, 0.132610249691, 0.425056991585, 0.767242810377, 0.227571401229, 0.69114898432, 0.0220685766854, 0.0294866332799, 0.0181567754892, 0.735287198149, 0.0465837574511, 0.0411637687107, 0.284762014555, 0.501568683078, 0.00247519082312, 0.0175601073297, 15.8980043813
0.0113341499846, 0.335351752128, 0.012901876932, 0.823754325823, 0.918764832858, 0.999738444896, 0.0523051053486, 0.0444400729222, 0.301732980696, 0.19374036237, 0.396919405377, 0.0142853232162, 0.00849969859601, 0.359521005262, 0.120546795638, 0.0805932012821, 0.201281549063, 0.371925179395, 0.0230038001231, 0.29744727463, 0.107393668672, 0.477800548284, 0.0113341499846, 0.335351752128, 13.7748969904
0.0113341499846, 0.335351752128, 0.012901876932, 0.823754325823, 0.918764832858, 0.999738444896, 0.0523051053486, 0.0444400729222, 0.301732980696, 0.19374036237, 0.396919405377, 0.0142853232162, 0.00849969859601, 0.359521005262, 0.120546795638, 0.0805932012821, 0.201281549063, 0.371925179395, 0.0230038001231, 0.29744727463, 0.107393668672, 0.477800548284, 0.0113341499846, 0.335351752128, 13.7748969904
0.824673121727, 3.30942995376e-05, 0.0462370311897, 0.0235049050243, 0.0487791926932, 0.26567133435, 0.880265086531, 0.84010228571, 0.563881980656, 0.155751551544, 0.750423146045, 0.37590917078, 0.273244164648, 0.0552577687673, 0.273988127419, 0.510713050181, 0.688040948451, 0.934203363226, 0.354776329938, 0.42153776564, 0.577968544326, 0.515548257303, 0.824673121727, 3.30942995376e-05, 17.1776874033
0.569461726707, 0.0726183819245, 0.0877226704336, 0.188924445056, 0.11464216716, 0.0399523792301, 0.395225077241, 0.581497771376, 0.393611886686, 0.181095794989, 0.147837419713, 0.193679805615, 0.0464571338787, 0.0551672871822, 0.342625368878, 0.0398467358141, 0.0674812050502, 0.00110341434065, 0.726619516323, 0.477232648173, 0.240073399291, 0.228209244219, 0.569461726707, 0.0726183819245, 12.1013948679
0.0861628226377, 0.555007985859, 0.0704221188862, 0.0730954440795, 0.0487791926932, 0.0399523792301, 0.395225077241, 0.123353280069, 0.259378810973, 0.17717066409, 0.0445864167617, 0.37590917078, 0.0329952649105, 0.543895985109, 0.273988127419, 0.0820463037254, 0.232141532969, 0.113895491025, 0.726619516323, 0.42153776564, 0.0447969005444, 0.969515773995, 0.0861628226377, 0.555007985859, 12.7775537664
0.873823259783, 0.000724264403927, 0.413821970539, 0.0730954440795, 0.0487791926932, 0.00572136855688, 0.410813108797, 0.999250503532, 0.113074459315, 0.242800386667, 0.0587629508799, 0.172924090346, 0.866778255016, 0.0552577687673, 0.0322760568693, 0.709624543186, 0.873341720712, 0.36474041361, 0.815342630904, 0.42153776564, 0.696371592303, 0.515548257303, 0.873823259783, 0.000724264403927, 16.2851614148
0.000112636234287, 0.176338376009, 0.39596378859, 0.735089206605, 0.822552740395, 0.711753678679, 0.0309872997986, 0.250677796616, 0.995962436091, 0.214534099112, 0.0450469083438, 0.175891309144, 0.469533177608, 0.134423114378, 0.472575505742, 0.111456134644, 0.508748205575, 0.100459997378, 0.657547821039, 0.0157312639028, 0.0245172462211, 0.0256929329711, 0.000112636234287, 0.176338376009, 15.242260146
0.0569981472524, 0.0110343385306, 0.811550264121, 0.624603992012, 0.913976551838, 0.915325143604, 0.530865129146, 0.926829221986, 0.339671362841, 0.35565481507, 0.684632357096, 0.00414519131049, 0.949005975642, 0.876243152264, 0.0219645973052, 0.816314463696, 0.755875184286, 0.40711442366, 0.167365997709, 0.661607468624, 0.019912957547, 0.314479158118, 0.0569981472524, 0.0110343385306, 20.9556554904
0.0113341499846, 0.335351752128, 0.707492711842, 0.675950666118, 0.918764832858, 0.999971766247, 0.0523051053486, 0.0444400729222, 0.301732980696, 0.248525322615, 0.269872707342, 0.0169109522208, 0.00849969859601, 0.359521005262, 0.120546795638, 0.0805932012821, 0.201281549063, 0.371925179395, 0.0230038001231, 0.29744727463, 0.107393668672, 0.383836966864, 0.0113341499846, 0.335351752128, 14.2905832596
0.0861628226377, 0.555007985859, 0.0704221188862, 0.0730954440795, 0.0487791926932, 0.0399523792301, 0.395225077241, 0.123353280069, 0.259378810973, 0.17717066409, 0.0445864167617, 0.37590917078, 0.0329952649105, 0.543895985109, 0.273988127419, 0.0820463037254, 0.232141532969, 0.113895491025, 0.726619516323, 0.42153776564, 0.0447969005444, 0.969515773995, 0.0861628226377, 0.555007985859, 12.7775537664
0.64417562261, 0.000305870325593, 0.0198034623548, 0.515975399174, 0.313467138168, 0.0147070970291, 0.0456144463183, 0.402095688236, 0.228994470861, 0.595173506441, 0.380059306342, 0.738811297306, 0.451026625369, 0.00635777278001, 0.935393652449, 0.891479314871, 0.949557900641, 0.198359603863, 0.344989411628, 0.940278954917, 0.720610624534, 0.515548257303, 0.64417562261, 0.000305870325593, 18.3116067446
0.312735943128, 0.275889091473, 0.0241889408643, 0.184527349397, 0.740026090466, 0.0635636877361, 0.350128598739, 0.120078741711, 0.249650141338, 0.176095186524, 0.67386800828, 0.0552519012614, 0.362536205508, 0.00272808574483, 0.387184294658, 0.457476653283, 0.169629457684, 0.560205233862, 0.325775803021, 0.221624242885, 0.535988534017, 0.0195302874955, 0.312735943128, 0.275889091473, 13.5212944774
0.000112636234287, 0.176338376009, 0.39596378859, 0.735089206605, 0.822552740395, 0.711753678679, 0.0309872997986, 0.250677796616, 0.995962436091, 0.214534099112, 0.0450469083438, 0.175891309144, 0.469533177608, 0.134423114378, 0.472575505742, 0.111456134644, 0.508748205575, 0.100459997378, 0.657547821039, 0.0157312639028, 0.0245172462211, 0.0256929329711, 0.000112636234287, 0.176338376009, 15.242260146
0.823612933924, 0.00294038805147, 0.645837374464, 0.166951711782, 0.0331381584275, 0.357761668083, 0.581168674594, 0.706790384612, 0.044369408222, 0.524409082067, 0.349350175817, 0.393592350594, 0.766035690633, 0.0021915855527, 0.181152940068, 0.844173612201, 0.132795353262, 0.969837647853, 0.172732036109, 0.336509830451, 0.106663835663, 0.927386104122, 0.823612933924, 0.00294038805147, 16.7621394051
0.373705262872, 0.025714801295, 0.104988458766, 0.0730954440795, 0.0487791926932, 0.0399523792301, 0.395225077241, 0.581497771376, 0.259378810973, 0.17717066409, 0.0445864167617, 0.37590917078, 0.0329952649105, 0.543895985109, 0.273988127419, 0.0820463037254, 0.0321671827654, 0.113895491025, 0.726619516323, 0.325235038861, 0.0447969005444, 0.504690041101, 0.373705262872, 0.025714801295, 12.4083716278
0.312735943128, 0.275889091473, 0.0241889408643, 0.184527349397, 0.740026090466, 0.0635636877361, 0.350128598739, 0.120078741711, 0.249650141338, 0.176095186524, 0.67386800828, 0.0552519012614, 0.362536205508, 0.00272808574483, 0.387184294658, 0.457476653283, 0.169629457684, 0.560205233862, 0.325775803021, 0.221624242885, 0.535988534017, 0.0195302874955, 0.312735943128, 0.275889091473, 13.5212944774
0.275297125797, 0.0148402538097, 0.511993619465, 0.752653632318, 0.326983822053, 0.666845558956, 0.203809913335, 0.693210553721, 0.0504993315493, 0.760083478547, 0.425056991585, 0.767242810377, 0.227571401229, 0.818470478566, 0.21110379797, 0.0294866332799, 0.0267612696504, 0.735287198149, 0.32125690496, 0.0411637687107, 0.284762014555, 0.501568683078, 0.275297125797, 0.0148402538097, 17.1829900504
0.143434448679, 0.00493928230018, 0.645837374464, 0.361139544441, 0.214642741526, 0.133190208598, 0.581168674594, 0.377115485282, 0.0779353663463, 0.246410965495, 0.0504625934072, 0.391137616056, 0.766035690633, 0.560499563334, 0.00182091597569, 0.872430732601, 0.218368468028, 0.969837647853, 0.752795750235, 0.847007880601, 0.148208113703, 0.941854843917, 0.143434448679, 0.00493928230018, 18.2955332611
0.463446554565, 0.00294038805147, 0.645837374464, 0.692895542879, 0.0331381584275, 0.303073053674, 0.581168674594, 0.706790384612, 0.044369408222, 0.524409082067, 0.349350175817, 0.393592350594, 0.766035690633, 0.0021915855527, 0.181152940068, 0.844173612201, 0.132795353262, 0.969837647853, 0.172732036109, 0.336509830451, 0.106663835663, 0.927386104122, 0.463446554565, 0.00294038805147, 17.7571279425
0.463446554565, 0.00163765012459, 0.645837374464, 0.617400158625, 0.0331381584275, 0.357761668083, 0.581168674594, 0.706790384612, 0.395697213027, 0.524409082067, 0.349350175817, 0.906060027872, 0.766035690633, 0.0021915855527, 0.181152940068, 0.434435159709, 0.132795353262, 0.969837647853, 0.172732036109, 0.105930994326, 0.106663835663, 0.927386104122, 0.463446554565, 0.00163765012459, 18.0309666297
0.0569981472524, 0.0110343385306, 0.811550264121, 0.624603992012, 0.913976551838, 0.915325143604, 0.530865129146, 0.926829221986, 0.339671362841, 0.35565481507, 0.684632357096, 0.00414519131049, 0.949005975642, 0.876243152264, 0.0219645973052, 0.816314463696, 0.755875184286, 0.40711442366, 0.167365997709, 0.661607468624, 0.019912957547, 0.314479158118, 0.0569981472524, 0.0110343385306, 20.9556554904
0.0735133825009, 0.00291220182815, 0.676642612659, 0.624603992012, 0.807777347462, 0.639116801124, 0.510355818375, 0.926829221986, 0.382249520573, 0.0647197354974, 0.950661523562, 0.00414519131049, 0.595882321114, 0.411097256226, 0.0284534792944, 0.888859958891, 0.560345842488, 0.560205233862, 0.167365997709, 0.997901888715, 0.310999513064, 0.172829586188, 0.0735133825009, 0.00291220182815, 19.8486824388
0.0555017132222, 0.146910475631, 0.0815676521892, 0.0150737042868, 0.40366703897, 0.764947236808, 0.347964016018, 0.0187540749892, 0.0888035794431, 0.315774920186, 0.953464732215, 0.351364085802, 0.451026625369, 0.0229144474502, 0.00983040691445, 0.136347709087, 0.479406393134, 0.338829056957, 0.479821166782, 0.231394720556, 0.178839925336, 0.49448895786, 0.0555017132222, 0.146910475631, 14.2496107088
0.373705262872, 0.025714801295, 0.104988458766, 0.0730954440795, 0.0487791926932, 0.0399523792301, 0.395225077241, 0.581497771376, 0.259378810973, 0.17717066409, 0.0445864167617, 0.37590917078, 0.0329952649105, 0.543895985109, 0.273988127419, 0.0820463037254, 0.0321671827654, 0.113895491025, 0.726619516323, 0.325235038861, 0.0447969005444, 0.504690041101, 0.373705262872, 0.025714801295, 12.4083716278
0.298473810805, 0.015949805106, 0.082067559698, 0.27374539495, 0.269517490758, 0.666845558956, 0.700469461974, 0.473938990196, 0.00437818671958, 0.81889946557, 0.100266371793, 0.767242810377, 0.117669383284, 0.0441937178895, 0.131503744833, 0.328828904146, 0.0222995211514, 0.881821679337, 0.32125690496, 0.098147942179, 0.178839925336, 0.501568683078, 0.298473810805, 0.015949805106, 15.0744098798
0.106500991338, 0.112988757757, 0.526506778105, 0.00519819450713, 0.000550777019573, 0.283361711445, 0.350128598739, 0.780512311915, 0.0462041370104, 0.716177839689, 0.0508830745659, 0.269746747433, 0.472597911322, 0.627992193478, 0.383168916301, 0.0398467358141, 0.0360353887495, 0.335601124553, 0.133167096373, 0.406254959598, 0.10124484153, 0.105549700333, 0.106500991338, 0.112988757757, 13.5798130895
0.0113341499846, 0.335351752128, 0.707492711842, 0.675950666118, 0.918764832858, 0.999971766247, 0.0523051053486, 0.0444400729222, 0.301732980696, 0.248525322615, 0.269872707342, 0.0169109522208, 0.00849969859601, 0.359521005262, 0.120546795638, 0.0805932012821, 0.201281549063, 0.371925179395, 0.0230038001231, 0.29744727463, 0.107393668672, 0.383836966864, 0.0113341499846, 0.335351752128, 14.2905832596
0.127211186671, 0.0726183819245, 0.0647118395515, 0.0730954440795, 0.50594122289, 0.0462753721065, 0.395225077241, 0.697100690066, 0.393611886686, 0.181095794989, 0.147837419713, 0.186268552905, 0.939182993119, 0.110536971862, 0.53776244862, 0.34958096594, 0.115803097277, 0.504452959705, 0.366855501098, 0.39235850829, 0.714734390436, 0.515548257303, 0.127211186671, 0.0726183819245, 15.6954545924
0.0741822340089, 0.0052802301583, 0.645837374464, 0.361139544441, 0.214642741526, 0.133190208598, 0.581168674594, 0.377115485282, 0.584537737748, 0.246410965495, 0.0879471409355, 0.393592350594, 0.766035690633, 0.72192769657, 0.014639884728, 0.872430732601, 0.218368468028, 0.969837647853, 0.752795750235, 0.847007880601, 0.108483341888, 0.941854843917, 0.0741822340089, 0.0052802301583, 19.2516000512
0.569461726707, 0.010298489519, 0.40664065273, 0.0730954440795, 0.0487791926932, 0.0399523792301, 0.395225077241, 0.581497771376, 0.393611886686, 0.181095794989, 0.0718633871321, 0.580602205873, 0.0464571338787, 0.0552577687673, 0.116822384115, 0.0101374142702, 0.232141532969, 0.947498094993, 0.726619516323, 0.0288240404217, 0.0767524608472, 0.818463708493, 0.569461726707, 0.010298489519, 13.8480757909
0.569461726707, 0.0726183819245, 0.0877226704336, 0.188924445056, 0.11464216716, 0.0399523792301, 0.395225077241, 0.581497771376, 0.393611886686, 0.181095794989, 0.147837419713, 0.193679805615, 0.0464571338787, 0.0551672871822, 0.342625368878, 0.0398467358141, 0.0674812050502, 0.00110341434065, 0.726619516323, 0.477232648173, 0.240073399291, 0.228209244219, 0.569461726707, 0.0726183819245, 12.1013948679
0.0735133825009, 0.00291220182815, 0.676642612659, 0.624603992012, 0.807777347462, 0.639116801124, 0.510355818375, 0.926829221986, 0.382249520573, 0.0647197354974, 0.950661523562, 0.00414519131049, 0.595882321114, 0.411097256226, 0.0284534792944, 0.888859958891, 0.560345842488, 0.560205233862, 0.167365997709, 0.997901888715, 0.310999513064, 0.172829586188, 0.0735133825009, 0.00291220182815, 19.8486824388
0.00903633784203, 0.111493586188, 0.39596378859, 0.442144334364, 0.822552740395, 0.711753678679, 0.0456144463183, 0.245125309706, 0.760798270023, 0.811217845428, 0.0450469083438, 0.227627349473, 0.115626096798, 0.134423114378, 0.826412581475, 0.00281953258896, 0.575406472184, 0.380827032055, 0.344989411628, 0.0157312639028, 0.78166974396, 0.00310489256093, 0.00903633784203, 0.111493586188, 16.3331912848
0.0741822340089, 0.0052802301583, 0.645837374464, 0.361139544441, 0.214642741526, 0.133190208598, 0.581168674594, 0.377115485282, 0.584537737748, 0.246410965495, 0.0879471409355, 0.393592350594, 0.766035690633, 0.72192769657, 0.014639884728, 0.872430732601, 0.218368468028, 0.969837647853, 0.752795750235, 0.847007880601, 0.108483341888, 0.941854843917, 0.0741822340089, 0.0052802301583, 19.2516000512
0.0407282189753, 0.160191698061, 0.39596378859, 0.87880817431, 0.822552740395, 0.862742452208, 0.418604019516, 0.41879845076, 0.79315811495, 0.406557802019, 0.00272582209749, 0.227627349473, 0.115626096798, 0.134423114378, 0.747114547976, 0.111456134644, 0.575406472184, 0.0200550449366, 0.657547821039, 0.0157312639028, 0.0245172462211, 0.0256929329711, 0.0407282189753, 0.160191698061, 16.2539252774
0.275297125797, 0.0510956194981, 0.0815676521892, 0.0150737042868, 0.47580968882, 0.803501502356, 0.0365393492772, 0.0247106932473, 0.0729891413573, 0.315774920186, 0.953464732215, 0.220397970128, 0.627053529419, 0.245180350336, 0.0119265159081, 0.136347709087, 0.479406393134, 0.338829056957, 0.726619516323, 0.231394720556, 0.178839925336, 0.925187753331, 0.275297125797, 0.0510956194981, 15.215526718
0.855925846844, 0.00393131583056, 0.0288115746379, 0.0730954440795, 0.670463841906, 0.0425890129448, 0.978192304303, 0.998988752704, 0.0718643396669, 0.0697432498114, 0.0587629508799, 0.37590917078, 0.273244164648, 0.0518840314024, 0.225021031887, 0.584180075753, 0.473736777339, 0.36474041361, 0.815342630904, 0.42153776564, 0.696371592303, 0.515548257303, 0.855925846844, 0.00393131583056, 16.1503163795
0.275297125797, 0.0510956194981, 0.0815676521892, 0.0150737042868, 0.47580968882, 0.803501502356, 0.0365393492772, 0.0247106932473, 0.0729891413573, 0.315774920186, 0.953464732215, 0.220397970128, 0.627053529419, 0.245180350336, 0.0119265159081, 0.136347709087, 0.479406393134, 0.338829056957, 0.726619516323, 0.231394720556, 0.178839925336, 0.925187753331, 0.275297125797, 0.0510956194981, 15.215526718
0.621018857051, 0.00176392751571, 0.0198034623548, 0.161088263018, 0.712398432667, 0.128015308366, 0.0456144463183, 0.273547936646, 0.0498985373468, 0.811217845428, 0.635250127954, 0.378467116388, 0.627053529419, 0.0708534394666, 0.028284710873, 0.891479314871, 0.939133790423, 0.405804953247, 0.344989411628, 0.066496015997, 0.726008544048, 0.990064576297, 0.621018857051, 0.00176392751571, 17.1312842677
0.143434448679, 0.0052802301583, 0.645837374464, 0.361139544441, 0.214642741526, 0.133190208598, 0.0456144463183, 0.377115485282, 0.0779353663463, 0.246410965495, 0.0879471409355, 0.391137616056, 0.766035690633, 0.560499563334, 0.014639884728, 0.635475577037, 0.218368468028, 0.969837647853, 0.752795750235, 0.847007880601, 0.148208113703, 0.941854843917, 0.143434448679, 0.0052802301583, 17.323255403
0.00247519082312, 0.0175601073297, 0.444255958731, 0.752653632318, 0.326983822053, 0.666845558956, 0.61604240522, 0.222841962378, 0.00437818671958, 0.760083478547, 0.425056991585, 0.767242810377, 0.227571401229, 0.69114898432, 0.395427205084, 0.0294866332799, 0.0181567754892, 0.735287198149, 0.0465837574511, 0.0310840998186, 0.284762014555, 0.501568683078, 0.00247519082312, 0.0175601073297, 16.7240615206
0.13522855716, 0.0175601073297, 0.444255958731, 0.752653632318, 0.326983822053, 0.666845558956, 0.690145102308, 0.465072266167, 0.00437818671958, 0.497124596776, 0.425056991585, 0.767242810377, 0.085468867208, 0.69114898432, 0.21110379797, 0.0294866332799, 0.0181567754892, 0.446886750679, 0.0465837574511, 0.0411637687107, 0.284762014555, 0.501568683078, 0.13522855716, 0.0175601073297, 15.924761663
0.0407282189753, 0.160191698061, 0.39596378859, 0.87880817431, 0.822552740395, 0.862742452208, 0.418604019516, 0.41879845076, 0.79315811495, 0.406557802019, 0.00272582209749, 0.227627349473, 0.115626096798, 0.134423114378, 0.747114547976, 0.111456134644, 0.575406472184, 0.0200550449366, 0.657547821039, 0.0157312639028, 0.0245172462211, 0.0256929329711, 0.0407282189753, 0.160191698061, 16.2539252774
0.00903633784203, 0.111493586188, 0.39596378859, 0.442144334364, 0.822552740395, 0.711753678679, 0.0456144463183, 0.245125309706, 0.760798270023, 0.811217845428, 0.0450469083438, 0.227627349473, 0.115626096798, 0.134423114378, 0.826412581475, 0.00281953258896, 0.575406472184, 0.380827032055, 0.344989411628, 0.0157312639028, 0.78166974396, 0.00310489256093, 0.00903633784203, 0.111493586188, 16.3331912848
0.463446554565, 0.00294038805147, 0.645837374464, 0.692895542879, 0.0331381584275, 0.303073053674, 0.581168674594, 0.706790384612, 0.044369408222, 0.524409082067, 0.349350175817, 0.393592350594, 0.766035690633, 0.0021915855527, 0.181152940068, 0.844173612201, 0.132795353262, 0.969837647853, 0.172732036109, 0.336509830451, 0.106663835663, 0.927386104122, 0.463446554565, 0.00294038805147, 17.7571279425
0.569461726707, 0.010298489519, 0.40664065273, 0.0730954440795, 0.0487791926932, 0.0399523792301, 0.395225077241, 0.581497771376, 0.393611886686, 0.181095794989, 0.0718633871321, 0.580602205873, 0.0464571338787, 0.0552577687673, 0.116822384115, 0.0101374142702, 0.232141532969, 0.947498094993, 0.726619516323, 0.0288240404217, 0.0767524608472, 0.818463708493, 0.569461726707, 0.010298489519, 13.8480757909
0.824673121727, 0.000135328920023, 0.0462370311897, 0.0235049050243, 0.0487791926932, 0.26567133435, 0.880265086531, 0.998988752704, 0.563881980656, 0.155751551544, 0.0208842894261, 0.37590917078, 0.273244164648, 0.0552577687673, 0.0284534792944, 0.700647299875, 0.688040948451, 0.934203363226, 0.748877327018, 0.42153776564, 0.760609969704, 0.515548257303, 0.824673121727, 0.000135328920023, 17.1119242734
0.298473810805, 0.015949805106, 0.082067559698, 0.27374539495, 0.269517490758, 0.666845558956, 0.700469461974, 0.473938990196, 0.00437818671958, 0.81889946557, 0.100266371793, 0.767242810377, 0.117669383284, 0.0441937178895, 0.131503744833, 0.328828904146, 0.0222995211514, 0.881821679337, 0.32125690496, 0.098147942179, 0.178839925336, 0.501568683078, 0.298473810805, 0.015949805106, 15.0744098798
0.127211186671, 0.0726183819245, 0.0647118395515, 0.0730954440795, 0.50594122289, 0.0462753721065, 0.395225077241, 0.697100690066, 0.393611886686, 0.181095794989, 0.147837419713, 0.186268552905, 0.939182993119, 0.110536971862, 0.53776244862, 0.34958096594, 0.115803097277, 0.504452959705, 0.366855501098, 0.39235850829, 0.714734390436, 0.515548257303, 0.127211186671, 0.0726183819245, 15.6954545924
0.13522855716, 0.0175601073297, 0.444255958731, 0.752653632318, 0.326983822053, 0.666845558956, 0.690145102308, 0.465072266167, 0.00437818671958, 0.497124596776, 0.425056991585, 0.767242810377, 0.085468867208, 0.69114898432, 0.21110379797, 0.0294866332799, 0.0181567754892, 0.446886750679, 0.0465837574511, 0.0411637687107, 0.284762014555, 0.501568683078, 0.13522855716, 0.0175601073297, 15.924761663
0.855925846844, 0.00393131583056, 0.0288115746379, 0.0730954440795, 0.670463841906, 0.0425890129448, 0.978192304303, 0.998988752704, 0.0718643396669, 0.0697432498114, 0.0587629508799, 0.37590917078, 0.273244164648, 0.0518840314024, 0.225021031887, 0.584180075753, 0.473736777339, 0.36474041361, 0.815342630904, 0.42153776564, 0.696371592303, 0.515548257303, 0.855925846844, 0.00393131583056, 16.1503163795
0.621018857051, 0.00176392751571, 0.0198034623548, 0.161088263018, 0.712398432667, 0.128015308366, 0.0456144463183, 0.273547936646, 0.0498985373468, 0.811217845428, 0.635250127954, 0.378467116388, 0.627053529419, 0.0708534394666, 0.028284710873, 0.891479314871, 0.939133790423, 0.405804953247, 0.344989411628, 0.066496015997, 0.726008544048, 0.990064576297, 0.621018857051, 0.00176392751571, 17.1312842677
0.106500991338, 0.112988757757, 0.526506778105, 0.00519819450713, 0.000550777019573, 0.283361711445, 0.350128598739, 0.780512311915, 0.0462041370104, 0.716177839689, 0.0508830745659, 0.269746747433, 0.472597911322, 0.627992193478, 0.383168916301, 0.0398467358141, 0.0360353887495, 0.335601124553, 0.133167096373, 0.406254959598, 0.10124484153, 0.105549700333, 0.106500991338, 0.112988757757, 13.5798130895
0.0555017132222, 0.146910475631, 0.0815676521892, 0.0150737042868, 0.40366703897, 0.764947236808, 0.347964016018, 0.0187540749892, 0.0888035794431, 0.315774920186, 0.953464732215, 0.351364085802, 0.451026625369, 0.0229144474502, 0.00983040691445, 0.136347709087, 0.479406393134, 0.338829056957, 0.479821166782, 0.231394720556, 0.178839925336, 0.49448895786, 0.0555017132222, 0.146910475631, 14.2496107088
0.64417562261, 0.000305870325593, 0.0198034623548, 0.515975399174, 0.313467138168, 0.0147070970291, 0.0456144463183, 0.402095688236, 0.228994470861, 0.595173506441, 0.380059306342, 0.738811297306, 0.451026625369, 0.00635777278001, 0.935393652449, 0.891479314871, 0.949557900641, 0.198359603863, 0.344989411628, 0.940278954917, 0.720610624534, 0.515548257303, 0.64417562261, 0.000305870325593, 18.3116067446
0.143434448679, 0.0052802301583, 0.645837374464, 0.361139544441, 0.214642741526, 0.133190208598, 0.0456144463183, 0.377115485282, 0.0779353663463, 0.246410965495, 0.0879471409355, 0.391137616056, 0.766035690633, 0.560499563334, 0.014639884728, 0.635475577037, 0.218368468028, 0.969837647853, 0.752795750235, 0.847007880601, 0.148208113703, 0.941854843917, 0.143434448679, 0.0052802301583, 17.323255403
0.873823259783, 0.000724264403927, 0.413821970539, 0.0730954440795, 0.0487791926932, 0.00572136855688, 0.410813108797, 0.999250503532, 0.113074459315, 0.242800386667, 0.0587629508799, 0.172924090346, 0.866778255016, 0.0552577687673, 0.0322760568693, 0.709624543186, 0.873341720712, 0.36474041361, 0.815342630904, 0.42153776564, 0.696371592303, 0.515548257303, 0.873823259783, 0.000724264403927, 16.2851614148
0.463446554565, 0.00338099154656, 0.645837374464, 0.617400158625, 0.0331381584275, 0.352611247264, 0.581168674594, 0.398839164729, 0.584537737748, 0.154320127584, 0.679863921248, 0.401987165725, 0.501482309562, 0.0021915855527, 0.181152940068, 0.884630603808, 0.0554567189968, 0.477144906069, 0.172732036109, 0.336509830451, 0.106663835663, 0.927386104122, 0.463446554565, 0.00338099154656, 16.9215636674
0.824673121727, 0.000135328920023, 0.0462370311897, 0.0235049050243, 0.0487791926932, 0.26567133435, 0.880265086531, 0.998988752704, 0.563881980656, 0.155751551544, 0.0208842894261, 0.37590917078, 0.273244164648, 0.0552577687673, 0.0284534792944, 0.700647299875, 0.688040948451, 0.934203363226, 0.748877327018, 0.42153776564, 0.760609969704, 0.515548257303, 0.824673121727, 0.000135328920023, 17.1119242734
0.823612933924, 0.00294038805147, 0.645837374464, 0.166951711782, 0.0331381584275, 0.357761668083, 0.581168674594, 0.706790384612, 0.044369408222, 0.524409082067, 0.349350175817, 0.393592350594, 0.766035690633, 0.0021915855527, 0.181152940068, 0.844173612201, 0.132795353262, 0.969837647853, 0.172732036109, 0.336509830451, 0.106663835663, 0.927386104122, 0.823612933924, 0.00294038805147, 16.7621394051
0.463446554565, 0.00338099154656, 0.645837374464, 0.617400158625, 0.0331381584275, 0.352611247264, 0.581168674594, 0.398839164729, 0.584537737748, 0.154320127584, 0.679863921248, 0.401987165725, 0.501482309562, 0.0021915855527, 0.181152940068, 0.884630603808, 0.0554567189968, 0.477144906069, 0.172732036109, 0.336509830451, 0.106663835663, 0.927386104122, 0.463446554565, 0.00338099154656, 16.9215636674
0.275297125797, 0.0148402538097, 0.511993619465, 0.752653632318, 0.326983822053, 0.666845558956, 0.203809913335, 0.693210553721, 0.0504993315493, 0.760083478547, 0.425056991585, 0.767242810377, 0.227571401229, 0.818470478566, 0.21110379797, 0.0294866332799, 0.0267612696504, 0.735287198149, 0.32125690496, 0.0411637687107, 0.284762014555, 0.501568683078, 0.275297125797, 0.0148402538097, 17.1829900504
0.463446554565, 0.00106452037338, 0.645837374464, 0.381454839802, 0.0976204260047, 0.0416774885502, 0.327933530525, 0.450164174503, 0.52893495381, 0.102843048109, 0.74157889847, 0.146187404763, 0.766035690633, 0.970387822057, 0.0924090427938, 0.476100676101, 0.0327888673983, 0.969837647853, 0.925760141435, 0.847007880601, 0.325787996717, 0.15934149982, 0.463446554565, 0.00106452037338, 18.1834954854
0.463446554565, 0.00163765012459, 0.645837374464, 0.617400158625, 0.0331381584275, 0.357761668083, 0.581168674594, 0.706790384612, 0.395697213027, 0.524409082067, 0.349350175817, 0.906060027872, 0.766035690633, 0.0021915855527, 0.181152940068, 0.434435159709, 0.132795353262, 0.969837647853, 0.172732036109, 0.105930994326, 0.106663835663, 0.927386104122, 0.463446554565, 0.00163765012459, 18.0309666297
0.143434448679, 0.00493928230018, 0.645837374464, 0.361139544441, 0.214642741526, 0.133190208598, 0.581168674594, 0.377115485282, 0.0779353663463, 0.246410965495, 0.0504625934072, 0.391137616056, 0.766035690633, 0.560499563334, 0.00182091597569, 0.872430732601, 0.218368468028, 0.969837647853, 0.752795750235, 0.847007880601, 0.148208113703, 0.941854843917, 0.143434448679, 0.00493928230018, 18.2955332611
0.463446554565, 0.00106452037338, 0.645837374464, 0.381454839802, 0.0976204260047, 0.0416774885502, 0.327933530525, 0.450164174503, 0.52893495381, 0.102843048109, 0.74157889847, 0.146187404763, 0.766035690633, 0.970387822057, 0.0924090427938, 0.476100676101, 0.0327888673983, 0.969837647853, 0.925760141435, 0.847007880601, 0.325787996717, 0.15934149982, 0.463446554565, 0.00106452037338, 18.1834954854
0.00247519082312, 0.0175601073297, 0.444255958731, 0.752653632318, 0.326983822053, 0.666845558956, 0.61604240522, 0.222841962378, 0.00437818671958, 0.760083478547, 0.425056991585, 0.767242810377, 0.227571401229, 0.69114898432, 0.395427205084, 0.0294866332799, 0.0181567754892, 0.735287198149, 0.0465837574511, 0.0310840998186, 0.284762014555, 0.501568683078, 0.00247519082312, 0.0175601073297, 16.7240615206
0.824673121727, 3.30942995376e-05, 0.0462370311897, 0.0235049050243, 0.0487791926932, 0.26567133435, 0.880265086531, 0.84010228571, 0.563881980656, 0.155751551544, 0.750423146045, 0.37590917078, 0.273244164648, 0.0552577687673, 0.273988127419, 0.510713050181, 0.688040948451, 0.934203363226, 0.354776329938, 0.42153776564, 0.577968544326, 0.515548257303, 0.824673121727, 3.30942995376e-05, 17.1776874033
