0.149460460529, 0.343523695904, 0.0359304934646, 0.0730954440795, 0.430157991797, 0.31783810694, 0.395225077241, 0.0561441739841, 0.011010159676, 0.251949097144, 0.0445864167617, 0.37590917078, 0.0329952649105, 0.00272808574483, 0.273988127419, 0.0820463037254, 0.00132271741467, 0.113895491025, 0.726619516323, 0.325235038861, 0.0049375137275, 0.0664950535468, 0.149460460529, 0.343523695904, 10.7965190685
0.149460460529, 0.343523695904, 0.0359304934646, 0.0730954440795, 0.430157991797, 0.31783810694, 0.395225077241, 0.0561441739841, 0.011010159676, 0.251949097144, 0.0445864167617, 0.37590917078, 0.0329952649105, 0.00272808574483, 0.273988127419, 0.0820463037254, 0.00132271741467, 0.113895491025, 0.726619516323, 0.325235038861, 0.0049375137275, 0.0664950535468, 0.149460460529, 0.343523695904, 10.7965190685
0.00781955587415, 6.1963087382e-05, 0.104988458766, 0.72480667289, 0.0487791926932, 0.0230043300987, 0.0871240914273, 0.059419367259, 0.259378810973, 0.17717066409, 0.0346593629809, 0.37590917078, 0.0329952649105, 0.520417027475, 0.273988127419, 0.306039294492, 0.631089800418, 0.0349890764461, 0.253122372792, 0.42153776564, 0.0447969005444, 0.667692710571, 0.00781955587415, 6.1963087382e-05, 12.8590836289
0.00781955587415, 6.1963087382e-05, 0.104988458766, 0.72480667289, 0.0487791926932, 0.0230043300987, 0.0871240914273, 0.059419367259, 0.259378810973, 0.17717066409, 0.0346593629809, 0.37590917078, 0.0329952649105, 0.520417027475, 0.273988127419, 0.306039294492, 0.631089800418, 0.0349890764461, 0.253122372792, 0.42153776564, 0.0447969005444, 0.667692710571, 0.00781955587415, 6.1963087382e-05, 12.8590836289
0.00448706175067, 0.969334217036, 0.165503874267, 0.389671765818, 0.439019168776, 0.26567133435, 0.0129253624722, 0.0317902695341, 0.422858575011, 0.146378975107, 0.0877403521612, 0.0169109522208, 0.00849969859601, 0.359521005262, 0.121611791717, 0.21749144812, 0.00622917424381, 0.0810631042209, 0.0582253840487, 0.29744727463, 0.200806910231, 0.488036410406, 0.00448706175067, 0.969334217036, 10.9575088657
0.00448706175067, 0.969334217036, 0.165503874267, 0.389671765818, 0.439019168776, 0.26567133435, 0.0129253624722, 0.0317902695341, 0.422858575011, 0.146378975107, 0.0877403521612, 0.0169109522208, 0.00849969859601, 0.359521005262, 0.121611791717, 0.21749144812, 0.00622917424381, 0.0810631042209, 0.0582253840487, 0.29744727463, 0.200806910231, 0.488036410406, 0.00448706175067, 0.969334217036, 10.9575088657
0.0861628226377, 0.0302901280848, 0.0704221188862, 0.0231939746049, 0.268751279533, 0.0399523792301, 0.104218888636, 0.449918389831, 0.032079124501, 0.502427484538, 0.0408178929772, 0.37590917078, 0.0329952649105, 0.569095518472, 0.0982835930988, 0.0820463037254, 0.0860604461569, 0.0877400243866, 0.726619516323, 0.42153776564, 0.126139463084, 0.501568683078, 0.0861628226377, 0.0302901280848, 12.2318770622
0.0861628226377, 0.0302901280848, 0.0704221188862, 0.0231939746049, 0.268751279533, 0.0399523792301, 0.104218888636, 0.449918389831, 0.032079124501, 0.502427484538, 0.0408178929772, 0.37590917078, 0.0329952649105, 0.569095518472, 0.0982835930988, 0.0820463037254, 0.0860604461569, 0.0877400243866, 0.726619516323, 0.42153776564, 0.126139463084, 0.501568683078, 0.0861628226377, 0.0302901280848, 12.2318770622
0.890996193046, 0.000516657210913, 0.0734648741409, 0.00718974204872, 0.0487791926932, 0.0269217126517, 0.487048765727, 0.0362501214894, 0.356349708783, 0.139525233749, 0.0413433389722, 0.0538781920485, 0.0329952649105, 0.00272808574483, 0.273988127419, 0.234040291968, 0.163939690004, 0.306228619499, 0.726619516323, 0.203676947205, 0.107393668672, 0.504690041101, 0.890996193046, 0.000516657210913, 10.9069728499
0.890996193046, 0.000516657210913, 0.0734648741409, 0.00718974204872, 0.0487791926932, 0.0269217126517, 0.487048765727, 0.0362501214894, 0.356349708783, 0.139525233749, 0.0413433389722, 0.0538781920485, 0.0329952649105, 0.00272808574483, 0.273988127419, 0.234040291968, 0.163939690004, 0.306228619499, 0.726619516323, 0.203676947205, 0.107393668672, 0.504690041101, 0.890996193046, 0.000516657210913, 10.9069728499
0.373705262872, 8.45870579971e-05, 0.104988458766, 0.0730954440795, 0.0487791926932, 0.0399523792301, 0.213192795274, 0.439477686724, 0.193879897788, 0.0911579156561, 0.0445864167617, 0.159142666421, 0.0264614770483, 0.43270097468, 0.0879066221495, 0.308709950026, 0.0321671827654, 0.0213996894502, 0.466093423565, 0.401357657188, 0.0769978010285, 0.568110936312, 0.373705262872, 8.45870579971e-05, 11.1338288383
0.373705262872, 8.45870579971e-05, 0.104988458766, 0.0730954440795, 0.0487791926932, 0.0399523792301, 0.213192795274, 0.439477686724, 0.193879897788, 0.0911579156561, 0.0445864167617, 0.159142666421, 0.0264614770483, 0.43270097468, 0.0879066221495, 0.308709950026, 0.0321671827654, 0.0213996894502, 0.466093423565, 0.401357657188, 0.0769978010285, 0.568110936312, 0.373705262872, 8.45870579971e-05, 11.1338288383
0.890795931421, 1.02939510738e-06, 0.268461297659, 0.119938854575, 0.0487791926932, 0.369549385062, 0.880265086531, 0.657294813632, 0.563881980656, 0.00697733642166, 0.750423146045, 0.441939351445, 0.0317818068265, 0.0552577687673, 0.23342715188, 0.510713050181, 0.548291696248, 0.934203363226, 0.0886979570696, 0.933268316027, 0.207146541334, 0.537769180679, 0.890795931421, 1.02939510738e-06, 16.6877941791
0.890795931421, 1.02939510738e-06, 0.268461297659, 0.119938854575, 0.0487791926932, 0.369549385062, 0.880265086531, 0.657294813632, 0.563881980656, 0.00697733642166, 0.750423146045, 0.441939351445, 0.0317818068265, 0.0552577687673, 0.23342715188, 0.510713050181, 0.548291696248, 0.934203363226, 0.0886979570696, 0.933268316027, 0.207146541334, 0.537769180679, 0.890795931421, 1.02939510738e-06, 16.6877941791
0.317437587153, 0.339010555899, 0.111004701639, 0.00322650700792, 0.0313213711794, 0.00471254977712, 0.0730219867589, 0.581497771376, 0.259378810973, 0.0535304712175, 0.0241116994809, 0.37590917078, 0.0329952649105, 0.326774254348, 0.273988127419, 0.00380945122924, 0.0068381588875, 0.113895491025, 0.794570336509, 0.325235038861, 0.0447969005444, 0.119104145981, 0.317437587153, 0.339010555899, 10.7009810683
0.317437587153, 0.339010555899, 0.111004701639, 0.00322650700792, 0.0313213711794, 0.00471254977712, 0.0730219867589, 0.581497771376, 0.259378810973, 0.0535304712175, 0.0241116994809, 0.37590917078, 0.0329952649105, 0.326774254348, 0.273988127419, 0.00380945122924, 0.0068381588875, 0.113895491025, 0.794570336509, 0.325235038861, 0.0447969005444, 0.119104145981, 0.317437587153, 0.339010555899, 10.7009810683
0.0113341499846, 0.0607266536285, 0.111004701639, 0.00322650700792, 0.0487791926932, 0.080765310675, 0.0730219867589, 0.714804184341, 0.412100322619, 0.508319890518, 0.565062002863, 0.0179077553066, 0.0143777818768, 0.00272808574483, 0.246962319073, 0.0155988890325, 0.0321671827654, 0.113895491025, 0.794570336509, 0.325235038861, 0.0447969005444, 0.113447865166, 0.0113341499846, 0.0607266536285, 11.7049912338
0.0113341499846, 0.0607266536285, 0.111004701639, 0.00322650700792, 0.0487791926932, 0.080765310675, 0.0730219867589, 0.714804184341, 0.412100322619, 0.508319890518, 0.565062002863, 0.0179077553066, 0.0143777818768, 0.00272808574483, 0.246962319073, 0.0155988890325, 0.0321671827654, 0.113895491025, 0.794570336509, 0.325235038861, 0.0447969005444, 0.113447865166, 0.0113341499846, 0.0607266536285, 11.7049912338
2.00640435277e-05, 0.0837520914194, 0.39596378859, 0.241661443419, 0.0969307519148, 0.0266267200903, 0.289990219284, 0.250677796616, 0.99859278215, 0.214534099112, 0.417998248714, 0.154809691722, 0.661079249334, 0.0375057182858, 0.226399773095, 0.111456134644, 0.508748205575, 0.100459997378, 0.657547821039, 0.0157312639028, 0.000919883358736, 0.0256929329711, 2.00640435277e-05, 0.0837520914194, 13.3089468642
2.00640435277e-05, 0.0837520914194, 0.39596378859, 0.241661443419, 0.0969307519148, 0.0266267200903, 0.289990219284, 0.250677796616, 0.99859278215, 0.214534099112, 0.417998248714, 0.154809691722, 0.661079249334, 0.0375057182858, 0.226399773095, 0.111456134644, 0.508748205575, 0.100459997378, 0.657547821039, 0.0157312639028, 0.000919883358736, 0.0256929329711, 2.00640435277e-05, 0.0837520914194, 13.3089468642
0.0861628226377, 1.34417646542e-05, 0.058207620779, 0.0483295482013, 0.0279158656637, 0.0190496553212, 0.282145389896, 0.059419367259, 0.630965934997, 0.326404042952, 0.0445864167617, 0.254145660403, 0.333054728889, 0.469037861398, 0.334743583672, 0.690118727927, 0.837147148729, 0.113895491025, 0.726619516323, 0.480215854523, 0.0447969005444, 0.504690041101, 0.0861628226377, 1.34417646542e-05, 14.4564914139
0.0861628226377, 1.34417646542e-05, 0.058207620779, 0.0483295482013, 0.0279158656637, 0.0190496553212, 0.282145389896, 0.059419367259, 0.630965934997, 0.326404042952, 0.0445864167617, 0.254145660403, 0.333054728889, 0.469037861398, 0.334743583672, 0.690118727927, 0.837147148729, 0.113895491025, 0.726619516323, 0.480215854523, 0.0447969005444, 0.504690041101, 0.0861628226377, 1.34417646542e-05, 14.4564914139
0.853243253833, 3.71018123335e-07, 0.268461297659, 0.292528885204, 0.0487791926932, 0.369549385062, 0.880265086531, 0.680255573717, 0.563881980656, 0.00697733642166, 0.750423146045, 0.441939351445, 0.0317818068265, 0.708222247282, 0.23342715188, 0.510713050181, 0.548291696248, 0.934203363226, 0.122510906601, 0.933268316027, 0.207146541334, 0.537769180679, 0.853243253833, 3.71018123335e-07, 17.8506109371
0.853243253833, 3.71018123335e-07, 0.268461297659, 0.292528885204, 0.0487791926932, 0.369549385062, 0.880265086531, 0.680255573717, 0.563881980656, 0.00697733642166, 0.750423146045, 0.441939351445, 0.0317818068265, 0.708222247282, 0.23342715188, 0.510713050181, 0.548291696248, 0.934203363226, 0.122510906601, 0.933268316027, 0.207146541334, 0.537769180679, 0.853243253833, 3.71018123335e-07, 17.8506109371
0.190849599755, 7.01180359668e-05, 0.0161039793354, 0.0483295482013, 0.0494478427574, 0.0399523792301, 0.282145389896, 0.0098042637261, 0.630965934997, 0.17717066409, 0.0445864167617, 0.254145660403, 0.333054728889, 0.616251268998, 0.0361861457009, 0.0754128137403, 0.845559791682, 0.113895491025, 0.238282330177, 0.480215854523, 0.0371349029356, 0.504690041101, 0.190849599755, 7.01180359668e-05, 12.4599240038
0.190849599755, 7.01180359668e-05, 0.0161039793354, 0.0483295482013, 0.0494478427574, 0.0399523792301, 0.282145389896, 0.0098042637261, 0.630965934997, 0.17717066409, 0.0445864167617, 0.254145660403, 0.333054728889, 0.616251268998, 0.0361861457009, 0.0754128137403, 0.845559791682, 0.113895491025, 0.238282330177, 0.480215854523, 0.0371349029356, 0.504690041101, 0.190849599755, 7.01180359668e-05, 12.4599240038
0.0113341499846, 0.0157298595191, 0.111004701639, 0.00322650700792, 0.0487791926932, 0.080765310675, 0.0730219867589, 0.714804184341, 0.412100322619, 0.508319890518, 0.565062002863, 0.37590917078, 0.0698334645453, 0.326774254348, 0.246962319073, 0.0155988890325, 0.0321671827654, 0.113895491025, 0.794570336509, 0.325235038861, 0.0447969005444, 0.119104145981, 0.0113341499846, 0.0157298595191, 12.720253546
0.0113341499846, 0.0157298595191, 0.111004701639, 0.00322650700792, 0.0487791926932, 0.080765310675, 0.0730219867589, 0.714804184341, 0.412100322619, 0.508319890518, 0.565062002863, 0.37590917078, 0.0698334645453, 0.326774254348, 0.246962319073, 0.0155988890325, 0.0321671827654, 0.113895491025, 0.794570336509, 0.325235038861, 0.0447969005444, 0.119104145981, 0.0113341499846, 0.0157298595191, 12.720253546
0.853243253833, 1.67047063238e-06, 0.268461297659, 0.119938854575, 0.134096559753, 0.0467486333028, 0.504297378877, 0.586484904104, 0.563881980656, 0.00404233962403, 0.750423146045, 0.32693183001, 0.515223763522, 0.0552577687673, 0.23342715188, 0.510713050181, 0.255730503786, 0.934203363226, 0.122510906601, 0.171163006203, 0.274018601746, 0.515548257303, 0.853243253833, 1.67047063238e-06, 14.9618942889
0.853243253833, 1.67047063238e-06, 0.268461297659, 0.119938854575, 0.134096559753, 0.0467486333028, 0.504297378877, 0.586484904104, 0.563881980656, 0.00404233962403, 0.750423146045, 0.32693183001, 0.515223763522, 0.0552577687673, 0.23342715188, 0.510713050181, 0.255730503786, 0.934203363226, 0.122510906601, 0.171163006203, 0.274018601746, 0.515548257303, 0.853243253833, 1.67047063238e-06, 14.9618942889
0.317437587153, 0.00163127887986, 0.111004701639, 0.00322650700792, 0.0313213711794, 0.0454711516715, 0.0730219867589, 0.581497771376, 0.259378810973, 0.0535304712175, 0.0241116994809, 0.37590917078, 0.0329952649105, 0.326774254348, 0.273988127419, 0.00380945122924, 0.0321671827654, 0.113895491025, 0.794570336509, 0.571567101534, 0.0447969005444, 0.119104145981, 0.317437587153, 0.00163127887986, 11.1696253917
0.317437587153, 0.00163127887986, 0.111004701639, 0.00322650700792, 0.0313213711794, 0.0454711516715, 0.0730219867589, 0.581497771376, 0.259378810973, 0.0535304712175, 0.0241116994809, 0.37590917078, 0.0329952649105, 0.326774254348, 0.273988127419, 0.00380945122924, 0.0321671827654, 0.113895491025, 0.794570336509, 0.571567101534, 0.0447969005444, 0.119104145981, 0.317437587153, 0.00163127887986, 11.1696253917
0.853243253833, 1.02939510738e-06, 0.377028700592, 0.119938854575, 0.0487791926932, 0.0545593876541, 0.890334394272, 0.680255573717, 0.259378810973, 0.00697733642166, 0.750423146045, 0.32693183001, 0.0317818068265, 0.0552577687673, 0.206539910884, 0.510713050181, 0.873781480045, 0.934203363226, 0.122510906601, 0.882843053612, 0.577968544326, 0.537769180679, 0.853243253833, 1.02939510738e-06, 16.759014922
0.853243253833, 1.02939510738e-06, 0.377028700592, 0.119938854575, 0.0487791926932, 0.0545593876541, 0.890334394272, 0.680255573717, 0.259378810973, 0.00697733642166, 0.750423146045, 0.32693183001, 0.0317818068265, 0.0552577687673, 0.206539910884, 0.510713050181, 0.873781480045, 0.934203363226, 0.122510906601, 0.882843053612, 0.577968544326, 0.537769180679, 0.853243253833, 1.02939510738e-06, 16.759014922
2.00734258786e-05, 0.0622336552055, 0.0991432527387, 0.675950666118, 0.742720522179, 0.999987649585, 0.0523051053486, 0.0362501214894, 0.281937318095, 0.248525322615, 0.183068471591, 0.0169109522208, 0.00849969859601, 0.051463927882, 0.120546795638, 0.0805932012821, 0.271193655639, 0.706551501808, 0.0230038001231, 0.29744727463, 0.107393668672, 0.383836966864, 2.00734258786e-05, 0.0622336552055, 13.2553789698
2.00734258786e-05, 0.0622336552055, 0.0991432527387, 0.675950666118, 0.742720522179, 0.999987649585, 0.0523051053486, 0.0362501214894, 0.281937318095, 0.248525322615, 0.183068471591, 0.0169109522208, 0.00849969859601, 0.051463927882, 0.120546795638, 0.0805932012821, 0.271193655639, 0.706551501808, 0.0230038001231, 0.29744727463, 0.107393668672, 0.383836966864, 2.00734258786e-05, 0.0622336552055, 13.2553789698
0.824673121727, 1.99047239424e-06, 0.0459832018323, 0.0235049050243, 0.0487791926932, 0.26567133435, 0.898621823761, 0.84010228571, 0.563881980656, 0.0482732374774, 0.551682367215, 0.37590917078, 0.273244164648, 0.0552577687673, 0.17143062576, 0.169578232424, 0.137737223964, 0.934203363226, 0.354776329938, 0.42153776564, 0.577968544326, 0.964021532921, 0.824673121727, 1.99047239424e-06, 16.0710418727
0.824673121727, 1.99047239424e-06, 0.0459832018323, 0.0235049050243, 0.0487791926932, 0.26567133435, 0.898621823761, 0.84010228571, 0.563881980656, 0.0482732374774, 0.551682367215, 0.37590917078, 0.273244164648, 0.0552577687673, 0.17143062576, 0.169578232424, 0.137737223964, 0.934203363226, 0.354776329938, 0.42153776564, 0.577968544326, 0.964021532921, 0.824673121727, 1.99047239424e-06, 16.0710418727
7.72689770934e-06, 0.035375712508, 0.39596378859, 0.373747711396, 0.822552740395, 0.0266267200903, 0.289990219284, 0.187984157814, 0.995962436091, 0.214534099112, 0.296009220004, 0.210602111388, 0.370403895951, 0.580625153207, 0.929167480208, 0.138996542587, 0.52871318108, 0.931239876756, 0.555664875615, 0.0157312639028, 0.0245172462211, 0.0256929329711, 7.72689770934e-06, 0.035375712508, 16.6746620569
7.72689770934e-06, 0.035375712508, 0.39596378859, 0.373747711396, 0.822552740395, 0.0266267200903, 0.289990219284, 0.187984157814, 0.995962436091, 0.214534099112, 0.296009220004, 0.210602111388, 0.370403895951, 0.580625153207, 0.929167480208, 0.138996542587, 0.52871318108, 0.931239876756, 0.555664875615, 0.0157312639028, 0.0245172462211, 0.0256929329711, 7.72689770934e-06, 0.035375712508, 16.6746620569
7.98848269131e-05, 0.154763038407, 0.0991432527387, 0.675950666118, 0.357042472555, 0.0399523792301, 0.0523051053486, 0.581497771376, 0.19344255731, 0.172839983897, 0.0515594610581, 0.0169109522208, 0.127744077837, 0.134423114378, 0.120546795638, 0.0805932012821, 0.0536476156144, 0.371925179395, 0.0230038001231, 0.477232648173, 0.102657455165, 0.383836966864, 7.98848269131e-05, 0.154763038407, 11.507098473
7.98848269131e-05, 0.154763038407, 0.0991432527387, 0.675950666118, 0.357042472555, 0.0399523792301, 0.0523051053486, 0.581497771376, 0.19344255731, 0.172839983897, 0.0515594610581, 0.0169109522208, 0.127744077837, 0.134423114378, 0.120546795638, 0.0805932012821, 0.0536476156144, 0.371925179395, 0.0230038001231, 0.477232648173, 0.102657455165, 0.383836966864, 7.98848269131e-05, 0.154763038407, 11.507098473
1.88519611045e-05, 8.61069028174e-05, 0.39596378859, 0.107336103899, 0.436818354563, 0.711753678679, 0.0237793643403, 0.250677796616, 0.995962436091, 0.214534099112, 0.0588450310798, 0.350008334239, 0.240015440394, 0.134423114378, 0.226399773095, 0.111456134644, 0.365704211239, 0.100459997378, 0.657547821039, 0.0120124519195, 0.0245172462211, 0.0256929329711, 1.88519611045e-05, 8.61069028174e-05, 13.3492568337
1.88519611045e-05, 8.61069028174e-05, 0.39596378859, 0.107336103899, 0.436818354563, 0.711753678679, 0.0237793643403, 0.250677796616, 0.995962436091, 0.214534099112, 0.0588450310798, 0.350008334239, 0.240015440394, 0.134423114378, 0.226399773095, 0.111456134644, 0.365704211239, 0.100459997378, 0.657547821039, 0.0120124519195, 0.0245172462211, 0.0256929329711, 1.88519611045e-05, 8.61069028174e-05, 13.3492568337
0.706619233815, 1.02939510738e-06, 0.268461297659, 0.119938854575, 0.0487791926932, 0.0545593876541, 0.880265086531, 0.796930265568, 0.563881980656, 0.00697733642166, 0.760853854191, 0.32693183001, 0.0317818068265, 0.0552577687673, 0.206539910884, 0.510713050181, 0.873781480045, 0.934203363226, 0.122510906601, 0.882843053612, 0.577968544326, 0.537769180679, 0.706619233815, 1.02939510738e-06, 17.3384966657
0.706619233815, 1.02939510738e-06, 0.268461297659, 0.119938854575, 0.0487791926932, 0.0545593876541, 0.880265086531, 0.796930265568, 0.563881980656, 0.00697733642166, 0.760853854191, 0.32693183001, 0.0317818068265, 0.0552577687673, 0.206539910884, 0.510713050181, 0.873781480045, 0.934203363226, 0.122510906601, 0.882843053612, 0.577968544326, 0.537769180679, 0.706619233815, 1.02939510738e-06, 17.3384966657
7.72689770934e-06, 0.0837520914194, 0.39596378859, 0.373747711396, 0.822552740395, 0.0266267200903, 0.289990219284, 0.250677796616, 0.845768840306, 0.214534099112, 0.296009220004, 0.210602111388, 0.469533177608, 0.0375057182858, 0.525490395495, 0.111456134644, 0.508748205575, 0.100459997378, 0.657547821039, 0.0157312639028, 0.0245172462211, 0.0256929329711, 7.72689770934e-06, 0.0837520914194, 14.3465817742
7.72689770934e-06, 0.0837520914194, 0.39596378859, 0.373747711396, 0.822552740395, 0.0266267200903, 0.289990219284, 0.250677796616, 0.845768840306, 0.214534099112, 0.296009220004, 0.210602111388, 0.469533177608, 0.0375057182858, 0.525490395495, 0.111456134644, 0.508748205575, 0.100459997378, 0.657547821039, 0.0157312639028, 0.0245172462211, 0.0256929329711, 7.72689770934e-06, 0.0837520914194, 14.3465817742
0.00314006057839, 0.0607266536285, 0.111004701639, 0.0016425331347, 0.0487791926932, 0.080765310675, 0.0481888336745, 0.714804184341, 0.412100322619, 0.0535304712175, 0.565062002863, 0.37590917078, 0.0329952649105, 0.326774254348, 0.246962319073, 0.0155988890325, 0.0321671827654, 0.569254142629, 0.794570336509, 0.325235038861, 0.0447969005444, 0.119104145981, 0.00314006057839, 0.0607266536285, 12.6241273618
0.00314006057839, 0.0607266536285, 0.111004701639, 0.0016425331347, 0.0487791926932, 0.080765310675, 0.0481888336745, 0.714804184341, 0.412100322619, 0.0535304712175, 0.565062002863, 0.37590917078, 0.0329952649105, 0.326774254348, 0.246962319073, 0.0155988890325, 0.0321671827654, 0.569254142629, 0.794570336509, 0.325235038861, 0.0447969005444, 0.119104145981, 0.00314006057839, 0.0607266536285, 12.6241273618
0.00448706175067, 0.999742798258, 0.754391341144, 0.389671765818, 0.0487791926932, 0.363410726664, 0.0129253624722, 0.0444400729222, 0.42399428996, 0.146378975107, 0.0377316820722, 0.0169109522208, 0.00279095203893, 0.215516451268, 0.0622792988924, 0.0193563645698, 0.00622917424381, 0.371925179395, 0.11485963463, 0.29744727463, 0.200806910231, 0.477800548284, 0.00448706175067, 0.999742798258, 11.2494435546
0.871324890786, 0.025714801295, 0.0681743936598, 0.0730954440795, 0.00694726364353, 0.0370075566942, 0.605209514358, 0.281100822328, 0.259378810973, 0.000531523831529, 0.055631921468, 0.37590917078, 0.0329952649105, 0.00272808574483, 0.273988127419, 0.0820463037254, 0.0239594908607, 0.306228619499, 0.726619516323, 0.325235038861, 0.0447969005444, 0.426028792321, 0.871324890786, 0.025714801295, 11.1355630179
0.871324890786, 0.025714801295, 0.0681743936598, 0.0730954440795, 0.00694726364353, 0.0370075566942, 0.605209514358, 0.281100822328, 0.259378810973, 0.000531523831529, 0.055631921468, 0.37590917078, 0.0329952649105, 0.00272808574483, 0.273988127419, 0.0820463037254, 0.0239594908607, 0.306228619499, 0.726619516323, 0.325235038861, 0.0447969005444, 0.426028792321, 0.871324890786, 0.025714801295, 11.1355630179
0.853243253833, 3.75896482385e-07, 0.244688657475, 0.0193333891853, 0.13969942816, 0.43900272052, 0.715000536796, 0.773842091688, 0.563881980656, 0.00697733642166, 0.750423146045, 0.378820503702, 0.273244164648, 0.0552577687673, 0.656887112016, 0.510713050181, 0.869748366405, 0.934203363226, 0.122510906601, 0.782892276098, 0.577968544326, 0.515548257303, 0.853243253833, 3.75896482385e-07, 18.1961477511
0.853243253833, 3.75896482385e-07, 0.244688657475, 0.0193333891853, 0.13969942816, 0.43900272052, 0.715000536796, 0.773842091688, 0.563881980656, 0.00697733642166, 0.750423146045, 0.378820503702, 0.273244164648, 0.0552577687673, 0.656887112016, 0.510713050181, 0.869748366405, 0.934203363226, 0.122510906601, 0.782892276098, 0.577968544326, 0.515548257303, 0.853243253833, 3.75896482385e-07, 18.1961477511
7.72689770934e-06, 0.0837520914194, 0.39596378859, 0.373747711396, 0.822552740395, 0.0266267200903, 0.289990219284, 0.250677796616, 0.995962436091, 0.214534099112, 0.296009220004, 0.210602111388, 0.469533177608, 0.0375057182858, 0.705071692406, 0.111456134644, 0.52871318108, 0.100459997378, 0.589724352671, 0.0157312639028, 0.0245172462211, 0.0256929329711, 7.72689770934e-06, 0.0837520914194, 14.7265807057
0.149460460529, 0.343523695904, 0.0359304934646, 0.0730954440795, 0.430157991797, 0.31783810694, 0.357176983713, 0.0561441739841, 0.0596762796739, 0.251949097144, 0.0445864167617, 0.37590917078, 0.0329952649105, 0.00272808574483, 0.569479767608, 0.207830607723, 0.00146956144584, 0.113895491025, 0.726619516323, 0.325235038861, 0.0049375137275, 0.0664950535468, 0.149460460529, 0.343523695904, 11.3755779388
0.00448706175067, 0.999742798258, 0.754391341144, 0.389671765818, 0.0487791926932, 0.363410726664, 0.0129253624722, 0.0444400729222, 0.42399428996, 0.146378975107, 0.0377316820722, 0.0169109522208, 0.00279095203893, 0.215516451268, 0.0622792988924, 0.0193563645698, 0.00622917424381, 0.371925179395, 0.11485963463, 0.29744727463, 0.200806910231, 0.477800548284, 0.00448706175067, 0.999742798258, 11.2494435546
0.149460460529, 0.343523695904, 0.0359304934646, 0.0730954440795, 0.430157991797, 0.31783810694, 0.357176983713, 0.0561441739841, 0.0596762796739, 0.251949097144, 0.0445864167617, 0.37590917078, 0.0329952649105, 0.00272808574483, 0.569479767608, 0.207830607723, 0.00146956144584, 0.113895491025, 0.726619516323, 0.325235038861, 0.0049375137275, 0.0664950535468, 0.149460460529, 0.343523695904, 11.3755779388
0.824673121727, 1.99047239424e-06, 0.184674580254, 0.0280951418979, 0.0487791926932, 0.26567133435, 0.898621823761, 0.84010228571, 0.563881980656, 0.0482732374774, 0.551682367215, 0.37590917078, 0.273244164648, 0.0552577687673, 0.17143062576, 0.169578232424, 0.716344449944, 0.934203363226, 0.354776329938, 0.42153776564, 0.577968544326, 0.964021532921, 0.824673121727, 1.99047239424e-06, 17.0293149274
0.711831825843, 1.38837022975e-05, 0.0459832018323, 0.0235049050243, 0.0487791926932, 0.26567133435, 0.259391683381, 0.94159725278, 0.136473578118, 0.155751551544, 0.750423146045, 0.8374015756, 0.12713269231, 0.0461776602146, 0.273988127419, 0.510713050181, 0.892291624916, 0.391691196985, 0.354776329938, 0.42153776564, 0.0447969005444, 0.944411323569, 0.711831825843, 1.38837022975e-05, 15.8752060107
7.98848269131e-05, 0.154763038407, 0.0991432527387, 0.675950666118, 0.413340659863, 0.67159466519, 0.0523051053486, 0.0362501214894, 0.301732980696, 0.163142225429, 0.00488450728946, 0.0169109522208, 0.00849969859601, 0.134423114378, 0.120546795638, 0.0805932012821, 0.470130082619, 0.371925179395, 0.0230038001231, 0.29744727463, 0.107393668672, 0.150377005991, 7.98848269131e-05, 0.154763038407, 11.6192005507
0.373705262872, 8.45870579971e-05, 0.104988458766, 0.0730954440795, 0.0487791926932, 0.00571817778834, 0.213192795274, 0.439477686724, 0.193879897788, 0.0911579156561, 0.0445864167617, 0.159142666421, 0.0264614770483, 0.43270097468, 0.0879066221495, 0.308709950026, 0.0321671827654, 0.113895491025, 0.466093423565, 0.401357657188, 0.0769978010285, 0.568110936312, 0.373705262872, 8.45870579971e-05, 11.2122632939
0.545392130091, 1.38837022975e-05, 0.0459832018323, 0.0235049050243, 0.0487791926932, 0.26567133435, 0.463501119159, 0.84010228571, 0.136473578118, 0.155751551544, 0.936753058083, 0.512021282634, 0.12713269231, 0.0461776602146, 0.273988127419, 0.510713050181, 0.768416476178, 0.391691196985, 0.0031441355335, 0.42153776564, 0.80647457537, 0.944411323569, 0.545392130091, 1.38837022975e-05, 16.4144417498
0.317437587153, 0.00230585380114, 0.111004701639, 0.705980786537, 0.0313213711794, 0.0290261051957, 0.0730219867589, 0.581497771376, 0.259378810973, 0.0535304712175, 0.0241116994809, 0.37590917078, 0.0329952649105, 0.326774254348, 0.273988127419, 0.0155988890325, 0.0321671827654, 0.113895491025, 0.794570336509, 0.325235038861, 0.0447969005444, 0.0567598367667, 0.317437587153, 0.00230585380114, 11.6929690715
0.0113341499846, 0.110094499598, 0.0883750570854, 0.0018368093966, 0.0244183855682, 0.64135569996, 0.665951677266, 0.581497771376, 0.0440410010854, 0.0864905368805, 0.0445864167617, 0.37590917078, 0.0329952649105, 0.00579588134098, 0.273988127419, 0.0155988890325, 0.0321671827654, 0.249150576816, 0.726619516323, 0.325235038861, 0.0815580804655, 0.420078017517, 0.0113341499846, 0.110094499598, 12.3316611092
0.853243253833, 6.80505241935e-07, 0.244688657475, 0.0193333891853, 0.13969942816, 0.43900272052, 0.880265086531, 0.85359835557, 0.563881980656, 0.00697733642166, 0.750423146045, 0.0868471970831, 0.273244164648, 0.0552577687673, 0.23342715188, 0.83305417318, 0.869748366405, 0.934203363226, 0.122510906601, 0.782892276098, 0.577968544326, 0.515548257303, 0.853243253833, 6.80505241935e-07, 17.9995439258
0.200874275967, 0.0554635122039, 0.0877226704336, 0.188924445056, 0.11464216716, 0.0399523792301, 0.785321392307, 0.581497771376, 0.393611886686, 0.176211169916, 0.147837419713, 0.122111848663, 0.0464571338787, 0.168763147051, 0.342625368878, 0.00105646698602, 0.0674812050502, 0.00110341434065, 0.755965208342, 0.399450393914, 0.240073399291, 0.306376077796, 0.200874275967, 0.0554635122039, 12.6227691485
0.711831825843, 1.38837022975e-05, 0.0459832018323, 0.0235049050243, 0.0487791926932, 0.26567133435, 0.259391683381, 0.94159725278, 0.136473578118, 0.155751551544, 0.750423146045, 0.8374015756, 0.12713269231, 0.0461776602146, 0.273988127419, 0.510713050181, 0.892291624916, 0.391691196985, 0.354776329938, 0.42153776564, 0.0447969005444, 0.944411323569, 0.711831825843, 1.38837022975e-05, 15.8752060107
0.317437587153, 0.00230585380114, 0.111004701639, 0.705980786537, 0.0313213711794, 0.0290261051957, 0.0730219867589, 0.581497771376, 0.259378810973, 0.0535304712175, 0.0241116994809, 0.37590917078, 0.0329952649105, 0.326774254348, 0.273988127419, 0.0155988890325, 0.0321671827654, 0.113895491025, 0.794570336509, 0.325235038861, 0.0447969005444, 0.0567598367667, 0.317437587153, 0.00230585380114, 11.6929690715
0.824673121727, 1.99047239424e-06, 0.184674580254, 0.0280951418979, 0.0487791926932, 0.26567133435, 0.898621823761, 0.84010228571, 0.563881980656, 0.0482732374774, 0.551682367215, 0.37590917078, 0.273244164648, 0.0552577687673, 0.17143062576, 0.169578232424, 0.716344449944, 0.934203363226, 0.354776329938, 0.42153776564, 0.577968544326, 0.964021532921, 0.824673121727, 1.99047239424e-06, 17.0293149274
7.72689770934e-06, 0.0837520914194, 0.39596378859, 0.373747711396, 0.822552740395, 0.0266267200903, 0.289990219284, 0.250677796616, 0.995962436091, 0.214534099112, 0.296009220004, 0.210602111388, 0.469533177608, 0.0375057182858, 0.705071692406, 0.111456134644, 0.52871318108, 0.100459997378, 0.589724352671, 0.0157312639028, 0.0245172462211, 0.0256929329711, 7.72689770934e-06, 0.0837520914194, 14.7265807057
0.0861628226377, 0.000293172024527, 0.104988458766, 0.72480667289, 0.0487791926932, 0.0230043300987, 0.0871240914273, 0.059419367259, 0.259378810973, 0.17717066409, 0.0346593629809, 0.930785983828, 0.0329952649105, 0.697113268662, 0.273988127419, 0.306039294492, 0.232141532969, 0.0349890764461, 0.0132203449291, 0.510157461641, 0.0447969005444, 0.667692710571, 0.0861628226377, 0.000293172024527, 13.0786804541
0.0861628226377, 7.01180359668e-05, 0.0481943764353, 0.00367637082999, 0.0279158656637, 0.0715097367503, 0.282145389896, 0.059419367259, 0.630965934997, 0.187392142935, 0.0445864167617, 0.254145660403, 0.333054728889, 0.469037861398, 0.850520920566, 0.0820463037254, 0.837147148729, 0.113895491025, 0.726619516323, 0.310183529236, 0.0273164109977, 0.504690041101, 0.0861628226377, 7.01180359668e-05, 13.8890165391
0.0113341499846, 0.110094499598, 0.0883750570854, 0.0018368093966, 0.0244183855682, 0.64135569996, 0.665951677266, 0.581497771376, 0.0440410010854, 0.0864905368805, 0.0445864167617, 0.37590917078, 0.0329952649105, 0.00579588134098, 0.273988127419, 0.0155988890325, 0.0321671827654, 0.249150576816, 0.726619516323, 0.325235038861, 0.0815580804655, 0.420078017517, 0.0113341499846, 0.110094499598, 12.3316611092
0.0861628226377, 7.01180359668e-05, 0.0481943764353, 0.00367637082999, 0.0279158656637, 0.0715097367503, 0.282145389896, 0.059419367259, 0.630965934997, 0.187392142935, 0.0445864167617, 0.254145660403, 0.333054728889, 0.469037861398, 0.850520920566, 0.0820463037254, 0.837147148729, 0.113895491025, 0.726619516323, 0.310183529236, 0.0273164109977, 0.504690041101, 0.0861628226377, 7.01180359668e-05, 13.8890165391
0.545392130091, 1.38837022975e-05, 0.0459832018323, 0.0235049050243, 0.0487791926932, 0.26567133435, 0.463501119159, 0.84010228571, 0.136473578118, 0.155751551544, 0.936753058083, 0.512021282634, 0.12713269231, 0.0461776602146, 0.273988127419, 0.510713050181, 0.768416476178, 0.391691196985, 0.0031441355335, 0.42153776564, 0.80647457537, 0.944411323569, 0.545392130091, 1.38837022975e-05, 16.4144417498
0.614425187843, 3.30942995376e-05, 0.00622776892885, 0.059446755755, 0.0378596862565, 0.26567133435, 0.465736670373, 0.84010228571, 0.29377890985, 0.529123214871, 0.803471492913, 0.37590917078, 0.0020979745178, 0.0552577687673, 0.273988127419, 0.253911321338, 0.537394653404, 0.329687408958, 0.354776329938, 0.42153776564, 0.577968544326, 0.65272640572, 0.614425187843, 3.30942995376e-05, 15.5675322056
0.853243253833, 1.67047063238e-06, 0.268461297659, 0.119938854575, 0.201609102574, 0.0545593876541, 0.504297378877, 0.680255573717, 0.563881980656, 0.00404233962403, 0.750423146045, 0.32693183001, 0.515223763522, 0.0552577687673, 0.23342715188, 0.510713050181, 0.548291696248, 0.934203363226, 0.0385561463529, 0.171163006203, 0.274018601746, 0.515548257303, 0.853243253833, 1.67047063238e-06, 15.4627258079
0.569461726707, 3.30942995376e-05, 0.00622776892885, 0.059446755755, 0.0378596862565, 0.26567133435, 0.465736670373, 0.84010228571, 0.29377890985, 0.243347906932, 0.803471492913, 0.37590917078, 0.0020979745178, 0.0552577687673, 0.273988127419, 0.510713050181, 0.537394653404, 0.329687408958, 0.354776329938, 0.42153776564, 0.577968544326, 0.65272640572, 0.569461726707, 3.30942995376e-05, 15.5710995935
0.200874275967, 0.0554635122039, 0.0877226704336, 0.188924445056, 0.11464216716, 0.0399523792301, 0.785321392307, 0.581497771376, 0.393611886686, 0.176211169916, 0.147837419713, 0.122111848663, 0.0464571338787, 0.168763147051, 0.342625368878, 0.00105646698602, 0.0674812050502, 0.00110341434065, 0.755965208342, 0.399450393914, 0.240073399291, 0.306376077796, 0.200874275967, 0.0554635122039, 12.6227691485
7.98848269131e-05, 0.154763038407, 0.0991432527387, 0.675950666118, 0.413340659863, 0.67159466519, 0.0523051053486, 0.0362501214894, 0.301732980696, 0.163142225429, 0.00488450728946, 0.0169109522208, 0.00849969859601, 0.134423114378, 0.120546795638, 0.0805932012821, 0.470130082619, 0.371925179395, 0.0230038001231, 0.29744727463, 0.107393668672, 0.150377005991, 7.98848269131e-05, 0.154763038407, 11.6192005507
0.824673121727, 3.19431878082e-06, 0.0459832018323, 0.0235049050243, 0.0177265763253, 0.108417486092, 0.898621823761, 0.84010228571, 0.690226493014, 0.155751551544, 0.116000634575, 0.563919115576, 0.110629646121, 0.162992457375, 0.273988127419, 0.546400267316, 0.137737223964, 0.934203363226, 0.354776329938, 0.42153776564, 0.577968544326, 0.996823299432, 0.824673121727, 3.19431878082e-06, 16.4096886166
0.373705262872, 8.45870579971e-05, 0.104988458766, 0.0730954440795, 0.0487791926932, 0.00571817778834, 0.213192795274, 0.439477686724, 0.193879897788, 0.0911579156561, 0.0445864167617, 0.159142666421, 0.0264614770483, 0.43270097468, 0.0879066221495, 0.308709950026, 0.0321671827654, 0.113895491025, 0.466093423565, 0.401357657188, 0.0769978010285, 0.568110936312, 0.373705262872, 8.45870579971e-05, 11.2122632939
0.190849599755, 7.01180359668e-05, 0.0161039793354, 0.0483295482013, 0.0279158656637, 0.0399523792301, 0.282145389896, 0.0098042637261, 0.630965934997, 0.17717066409, 0.0445864167617, 0.254145660403, 0.333054728889, 0.512748563199, 0.0361861457009, 0.0754128137403, 0.837147148729, 0.113895491025, 0.726619516323, 0.139339647645, 0.0447969005444, 0.737648873058, 0.190849599755, 7.01180359668e-05, 12.8022098598
0.614425187843, 3.30942995376e-05, 0.00622776892885, 0.059446755755, 0.0378596862565, 0.26567133435, 0.465736670373, 0.84010228571, 0.29377890985, 0.529123214871, 0.803471492913, 0.37590917078, 0.0020979745178, 0.0552577687673, 0.273988127419, 0.253911321338, 0.537394653404, 0.329687408958, 0.354776329938, 0.42153776564, 0.577968544326, 0.65272640572, 0.614425187843, 3.30942995376e-05, 15.5675322056
1.95708659825e-05, 0.0622336552055, 0.0991432527387, 0.675950666118, 0.742720522179, 0.999987649585, 0.0523051053486, 0.0362501214894, 0.281937318095, 0.248525322615, 0.0515594610581, 0.0169109522208, 0.00849969859601, 0.051463927882, 0.120546795638, 0.0805932012821, 0.558353414835, 0.706551501808, 0.0230038001231, 0.29744727463, 0.107393668672, 0.383836966864, 1.95708659825e-05, 0.0622336552055, 13.4652811462
0.190849599755, 7.01180359668e-05, 0.0161039793354, 0.0483295482013, 0.0279158656637, 0.0399523792301, 0.282145389896, 0.0098042637261, 0.630965934997, 0.17717066409, 0.0445864167617, 0.254145660403, 0.333054728889, 0.512748563199, 0.0361861457009, 0.0754128137403, 0.837147148729, 0.113895491025, 0.726619516323, 0.139339647645, 0.0447969005444, 0.737648873058, 0.190849599755, 7.01180359668e-05, 12.8022098598
1.88519611045e-05, 8.61069028174e-05, 0.39596378859, 0.107336103899, 0.436818354563, 0.711753678679, 0.012073562661, 0.250677796616, 0.995962436091, 0.214534099112, 0.0450469083438, 0.350008334239, 0.0427589367759, 0.134423114378, 0.226399773095, 0.51732933448, 0.365704211239, 0.100459997378, 0.657547821039, 0.0120124519195, 0.0245172462211, 0.0256929329711, 1.88519611045e-05, 8.61069028174e-05, 13.5964587871
1.95708659825e-05, 0.0622336552055, 0.0991432527387, 0.675950666118, 0.742720522179, 0.999987649585, 0.0523051053486, 0.0362501214894, 0.281937318095, 0.248525322615, 0.0515594610581, 0.0169109522208, 0.00849969859601, 0.051463927882, 0.120546795638, 0.0805932012821, 0.558353414835, 0.706551501808, 0.0230038001231, 0.29744727463, 0.107393668672, 0.383836966864, 1.95708659825e-05, 0.0622336552055, 13.4652811462
0.0861628226377, 0.000293172024527, 0.104988458766, 0.72480667289, 0.0487791926932, 0.0230043300987, 0.0871240914273, 0.059419367259, 0.259378810973, 0.17717066409, 0.0346593629809, 0.930785983828, 0.0329952649105, 0.697113268662, 0.273988127419, 0.306039294492, 0.232141532969, 0.0349890764461, 0.0132203449291, 0.510157461641, 0.0447969005444, 0.667692710571, 0.0861628226377, 0.000293172024527, 13.0786804541
0.853243253833, 1.67047063238e-06, 0.268461297659, 0.119938854575, 0.201609102574, 0.0545593876541, 0.504297378877, 0.680255573717, 0.563881980656, 0.00404233962403, 0.750423146045, 0.32693183001, 0.515223763522, 0.0552577687673, 0.23342715188, 0.510713050181, 0.548291696248, 0.934203363226, 0.0385561463529, 0.171163006203, 0.274018601746, 0.515548257303, 0.853243253833, 1.67047063238e-06, 15.4627258079
