0.887674242445, 0.83562229396, 2.24422321054, 0.48115080017, 1.5416961084, 42.9620879091, 2.98483701827, 3.85545031188, 42.1722607521, 234.828459877, 0.581547186095, 0.442424242424
0.887674242445, 0.83562229396, 2.24422321054, 0.48115080017, 1.5416961084, 42.9620879091, 2.98483701827, 3.85545031188, 42.1722607521, 234.828459877, 0.581547186095, 0.442424242424
0.887674242445, 0.83562229396, 2.24422321054, 0.48115080017, 1.5416961084, 42.9620879091, 2.98483701827, 3.85545031188, 42.1722607521, 234.828459877, 0.581547186095, 0.442424242424
0.887674242445, 0.83562229396, 2.24422321054, 0.48115080017, 1.5416961084, 42.9620879091, 2.98483701827, 3.85545031188, 42.1722607521, 234.828459877, 0.581547186095, 0.442424242424
0.887674242445, 0.83562229396, 2.24422321054, 0.48115080017, 1.5416961084, 42.9620879091, 2.98483701827, 3.85545031188, 42.1722607521, 234.828459877, 0.581547186095, 0.442424242424
0.887674242445, 0.83562229396, 2.24422321054, 0.48115080017, 1.5416961084, 42.9620879091, 2.98483701827, 3.85545031188, 42.1722607521, 234.828459877, 0.581547186095, 0.442424242424
0.887674242445, 0.83562229396, 2.24422321054, 0.48115080017, 1.5416961084, 42.9620879091, 2.98483701827, 3.85545031188, 42.1722607521, 234.828459877, 0.581547186095, 0.442424242424
0.887674242445, 0.83562229396, 2.24422321054, 0.48115080017, 1.5416961084, 42.9620879091, 2.98483701827, 3.85545031188, 42.1722607521, 234.828459877, 0.581547186095, 0.442424242424
0.887674242445, 0.83562229396, 2.24422321054, 0.48115080017, 1.5416961084, 42.9620879091, 2.98483701827, 3.85545031188, 42.1722607521, 234.828459877, 0.581547186095, 0.442424242424
0.887674242445, 0.83562229396, 2.24422321054, 0.48115080017, 1.5416961084, 42.9620879091, 2.98483701827, 3.85545031188, 42.1722607521, 234.828459877, 0.581547186095, 0.442424242424
0.887674242445, 0.83562229396, 2.24422321054, 0.48115080017, 1.5416961084, 42.9620879091, 2.98483701827, 3.85545031188, 42.1722607521, 234.828459877, 0.581547186095, 0.442424242424
0.887674242445, 0.83562229396, 2.24422321054, 0.48115080017, 1.5416961084, 42.9620879091, 2.98483701827, 3.85545031188, 42.1722607521, 234.828459877, 0.581547186095, 0.442424242424
0.887674242445, 0.83562229396, 2.24422321054, 0.48115080017, 1.5416961084, 42.9620879091, 2.98483701827, 3.85545031188, 42.1722607521, 234.828459877, 0.581547186095, 0.442424242424
0.887674242445, 0.83562229396, 2.24422321054, 0.48115080017, 1.5416961084, 42.9620879091, 2.98483701827, 3.85545031188, 42.1722607521, 234.828459877, 0.581547186095, 0.442424242424
0.887674242445, 0.83562229396, 2.24422321054, 0.48115080017, 1.5416961084, 42.9620879091, 2.98483701827, 3.85545031188, 42.1722607521, 234.828459877, 0.581547186095, 0.442424242424
0.887674242445, 0.83562229396, 2.24422321054, 0.48115080017, 1.5416961084, 42.9620879091, 2.98483701827, 3.85545031188, 42.1722607521, 234.828459877, 0.581547186095, 0.442424242424
0.887674242445, 0.83562229396, 2.24422321054, 0.48115080017, 1.5416961084, 42.9620879091, 2.98483701827, 3.85545031188, 42.1722607521, 234.828459877, 0.581547186095, 0.442424242424
0.887674242445, 0.83562229396, 2.24422321054, 0.48115080017, 1.5416961084, 42.9620879091, 2.98483701827, 3.85545031188, 42.1722607521, 234.828459877, 0.581547186095, 0.442424242424
0.887674242445, 0.83562229396, 2.24422321054, 0.48115080017, 1.5416961084, 42.9620879091, 2.98483701827, 3.85545031188, 42.1722607521, 234.828459877, 0.581547186095, 0.442424242424
0.887674242445, 0.83562229396, 2.24422321054, 0.48115080017, 1.5416961084, 42.9620879091, 2.98483701827, 3.85545031188, 42.1722607521, 234.828459877, 0.581547186095, 0.442424242424
0.877201578225, 0.83562229396, 2.23809802829, 0.458867692748, 1.54872456184, 42.4265033418, 2.98483701827, 3.85255033016, 42.1722607521, 253.397709235, 0.589797880056, 0.30243902439
0.877201578225, 0.83562229396, 2.23809802829, 0.458867692748, 1.54872456184, 42.4265033418, 2.98483701827, 3.85255033016, 42.1722607521, 253.397709235, 0.589797880056, 0.30243902439
0.877201578225, 0.83562229396, 2.23809802829, 0.458867692748, 1.54872456184, 42.4265033418, 2.98483701827, 3.85255033016, 42.1722607521, 253.397709235, 0.589797880056, 0.30243902439
0.887674242445, 0.83562229396, 2.24422321054, 0.48115080017, 2.40410142133, 42.9620879091, 2.9857018835, 3.85545031188, 37.3078891037, 235.183956527, 0.615482268823, 0.0
0.887674242445, 0.83562229396, 2.24422321054, 0.48115080017, 2.40410142133, 42.9620879091, 2.9857018835, 3.85545031188, 37.3078891037, 235.183956527, 0.615482268823, 0.0
0.887674242445, 0.83562229396, 2.24422321054, 0.48115080017, 2.40410142133, 42.9620879091, 2.9857018835, 3.85545031188, 37.3078891037, 235.183956527, 0.615482268823, 0.0
0.887674242445, 0.83562229396, 2.24422321054, 0.48115080017, 2.40410142133, 42.9620879091, 2.9857018835, 3.85545031188, 37.3078891037, 235.183956527, 0.615482268823, 0.0
0.887674242445, 0.83562229396, 2.24422321054, 0.48115080017, 2.40410142133, 42.9620879091, 2.9857018835, 3.85545031188, 37.3078891037, 235.183956527, 0.615482268823, 0.0
0.887674242445, 0.83562229396, 2.24422321054, 0.48115080017, 2.40410142133, 42.9620879091, 2.9857018835, 3.85545031188, 37.3078891037, 235.183956527, 0.615482268823, 0.0
0.887674242445, 0.83562229396, 2.24422321054, 0.48115080017, 2.40410142133, 42.9620879091, 2.9857018835, 3.85545031188, 37.3078891037, 235.183956527, 0.615482268823, 0.0
0.887674242445, 0.83562229396, 2.24422321054, 0.48115080017, 2.40410142133, 42.9620879091, 2.9857018835, 3.85545031188, 37.3078891037, 235.183956527, 0.615482268823, 0.0
0.887674242445, 0.83562229396, 2.24422321054, 0.48115080017, 2.40410142133, 42.9620879091, 2.9857018835, 3.85545031188, 37.3078891037, 235.183956527, 0.615482268823, 0.0
0.887674242445, 0.83562229396, 2.24422321054, 0.48115080017, 2.40410142133, 42.9620879091, 2.9857018835, 3.85545031188, 37.3078891037, 235.183956527, 0.615482268823, 0.0
0.887674242445, 0.83562229396, 2.24422321054, 0.48115080017, 2.40410142133, 42.9620879091, 2.9857018835, 3.85545031188, 37.3078891037, 235.183956527, 0.615482268823, 0.0
0.887674242445, 0.83562229396, 2.24422321054, 0.48115080017, 2.40410142133, 42.9620879091, 2.9857018835, 3.85545031188, 37.3078891037, 235.183956527, 0.615482268823, 0.0
0.887674242445, 0.83562229396, 2.24422321054, 0.48115080017, 2.40410142133, 42.9620879091, 2.9857018835, 3.85545031188, 37.3078891037, 235.183956527, 0.615482268823, 0.0
0.887674242445, 0.83562229396, 2.24422321054, 0.48115080017, 2.40410142133, 42.9620879091, 2.9857018835, 3.85545031188, 37.3078891037, 235.183956527, 0.615482268823, 0.0
0.887674242445, 0.83562229396, 2.24422321054, 0.48115080017, 2.40410142133, 42.9620879091, 2.9857018835, 3.85545031188, 37.3078891037, 235.183956527, 0.615482268823, 0.0
0.887674242445, 0.83562229396, 2.24422321054, 0.48115080017, 2.40410142133, 42.9620879091, 2.9857018835, 3.85545031188, 37.3078891037, 235.183956527, 0.615482268823, 0.0
0.887674242445, 0.83562229396, 2.24422321054, 0.48115080017, 2.40410142133, 42.9620879091, 2.9857018835, 3.85545031188, 37.3078891037, 235.183956527, 0.615482268823, 0.0
0.887674242445, 0.83562229396, 2.24422321054, 0.48115080017, 2.40410142133, 42.9620879091, 2.9857018835, 3.85545031188, 37.3078891037, 235.183956527, 0.615482268823, 0.0
0.887674242445, 0.83562229396, 2.24422321054, 0.48115080017, 2.40410142133, 42.9620879091, 2.9857018835, 3.85545031188, 37.3078891037, 235.183956527, 0.615482268823, 0.0
0.887674242445, 0.83562229396, 2.24422321054, 0.48115080017, 2.40410142133, 42.9620879091, 2.9857018835, 3.85545031188, 37.3078891037, 235.183956527, 0.615482268823, 0.0
0.887674242445, 0.83562229396, 2.24422321054, 0.48115080017, 2.39777708839, 42.9620879091, 2.98570971871, 3.85545031188, 37.3078891037, 241.425132554, 0.557309503585, 0.418699186992
0.881109659698, 0.83562229396, 2.24422321054, 0.48115080017, 1.45362600298, 42.9620879091, 2.98568105309, 3.85545031188, 37.2570943485, 236.678028143, 0.62065943112, 0.0
0.881109659698, 0.83562229396, 2.24422321054, 0.48115080017, 1.45362600298, 42.9620879091, 2.98568105309, 3.85545031188, 37.2570943485, 236.678028143, 0.62065943112, 0.0
0.881109659698, 0.83562229396, 2.24422321054, 0.48115080017, 1.45362600298, 42.9620879091, 2.98568105309, 3.85545031188, 37.2570943485, 236.678028143, 0.62065943112, 0.0
0.881109659698, 0.83562229396, 2.24422321054, 0.48115080017, 1.45362600298, 42.9620879091, 2.98568105309, 3.85545031188, 37.2570943485, 236.678028143, 0.62065943112, 0.0
0.881109659698, 0.83562229396, 2.24422321054, 0.48115080017, 1.45362600298, 42.9620879091, 2.98568105309, 3.85545031188, 37.2570943485, 236.678028143, 0.62065943112, 0.0
0.881109659698, 0.83562229396, 2.24422321054, 0.48115080017, 1.45362600298, 42.9620879091, 2.98568105309, 3.85545031188, 37.2570943485, 236.678028143, 0.62065943112, 0.0
0.881109659698, 0.83562229396, 2.24422321054, 0.48115080017, 1.45362600298, 42.9620879091, 2.98568105309, 3.85545031188, 37.2570943485, 236.678028143, 0.62065943112, 0.0
0.881109659698, 0.83562229396, 2.24422321054, 0.48115080017, 1.45362600298, 42.9620879091, 2.98568105309, 3.85545031188, 37.2570943485, 236.678028143, 0.62065943112, 0.0
0.881109659698, 0.83562229396, 2.24422321054, 0.48115080017, 1.45362600298, 42.9620879091, 2.98568105309, 3.85545031188, 37.2570943485, 236.678028143, 0.62065943112, 0.0
0.881109659698, 0.83562229396, 2.24422321054, 0.48115080017, 1.45362600298, 42.9620879091, 2.98568105309, 3.85545031188, 37.2570943485, 236.678028143, 0.62065943112, 0.0
0.881109659698, 0.83562229396, 2.24422321054, 0.48115080017, 1.45362600298, 42.9620879091, 2.98568105309, 3.85545031188, 37.2570943485, 236.678028143, 0.62065943112, 0.0
0.881109659698, 0.83562229396, 2.24422321054, 0.48115080017, 1.45362600298, 42.9620879091, 2.98568105309, 3.85545031188, 37.2570943485, 236.678028143, 0.62065943112, 0.0
0.881109659698, 0.83562229396, 2.24422321054, 0.48115080017, 1.45362600298, 42.9620879091, 2.98568105309, 3.85545031188, 37.2570943485, 236.678028143, 0.62065943112, 0.0
0.881109659698, 0.83562229396, 2.24422321054, 0.48115080017, 1.45362600298, 42.9620879091, 2.98568105309, 3.85545031188, 37.2570943485, 236.678028143, 0.62065943112, 0.0
0.881109659698, 0.83562229396, 2.24422321054, 0.48115080017, 1.45362600298, 42.9620879091, 2.98568105309, 3.85545031188, 37.2570943485, 236.678028143, 0.62065943112, 0.0
0.881109659698, 0.83562229396, 2.24422321054, 0.48115080017, 1.45362600298, 42.9620879091, 2.98568105309, 3.85545031188, 37.2570943485, 236.678028143, 0.62065943112, 0.0
0.881109659698, 0.83562229396, 2.24422321054, 0.48115080017, 1.45362600298, 42.9620879091, 2.98568105309, 3.85545031188, 37.2570943485, 236.678028143, 0.62065943112, 0.0
0.887674242445, 0.83562229396, 2.24422321054, 0.48115080017, 1.5416961084, 42.9620879091, 2.98483701827, 3.85545031188, 42.1722607521, 257.184393481, 0.581026650363, 0.0
0.887674242445, 0.83562229396, 2.24422321054, 0.48115080017, 1.5416961084, 42.9620879091, 2.98483701827, 3.85545031188, 42.1722607521, 257.184393481, 0.581026650363, 0.0
0.887674242445, 0.83562229396, 2.24422321054, 0.48115080017, 1.5416961084, 42.9620879091, 2.98483701827, 3.85545031188, 42.1722607521, 257.184393481, 0.581026650363, 0.0
0.887674242445, 0.83562229396, 2.09831387931, 0.48115080017, 2.39777708839, 42.9620879091, 2.98570971871, 3.85545031188, 37.3078891037, 255.191649449, 0.569413165302, 0.0
0.887674242445, 0.83562229396, 2.09831387931, 0.48115080017, 2.39777708839, 42.9620879091, 2.98570971871, 3.85545031188, 37.3078891037, 255.191649449, 0.569413165302, 0.0
0.887674242445, 0.83562229396, 2.09831387931, 0.48115080017, 2.39777708839, 42.9620879091, 2.98570971871, 3.85545031188, 37.3078891037, 255.191649449, 0.569413165302, 0.0
0.887674242445, 0.83562229396, 2.09831387931, 0.48115080017, 2.39777708839, 42.9620879091, 2.98570971871, 3.85545031188, 37.3078891037, 255.191649449, 0.569413165302, 0.0
0.887674242445, 0.83562229396, 2.09831387931, 0.48115080017, 2.39777708839, 42.9620879091, 2.98570971871, 3.85545031188, 37.3078891037, 255.191649449, 0.569413165302, 0.0
0.887674242445, 0.83562229396, 2.09831387931, 0.48115080017, 2.39777708839, 42.9620879091, 2.98570971871, 3.85545031188, 37.3078891037, 255.191649449, 0.569413165302, 0.0
0.887674242445, 0.83562229396, 2.09831387931, 0.48115080017, 2.39777708839, 42.9620879091, 2.98570971871, 3.85545031188, 37.3078891037, 255.191649449, 0.569413165302, 0.0
0.887674242445, 0.83562229396, 2.10669159786, 0.48115080017, 2.40410142133, 42.9620879091, 2.98482353384, 3.85545031188, 37.3078891037, 242.113400865, 0.533415406631, 0.446808510638
0.887674242445, 0.83562229396, 2.10669159786, 0.48115080017, 2.40410142133, 42.9620879091, 2.98482353384, 3.85545031188, 37.3078891037, 242.113400865, 0.533415406631, 0.446808510638
0.887674242445, 0.83562229396, 2.10669159786, 0.48115080017, 2.40410142133, 42.9620879091, 2.98482353384, 3.85545031188, 37.3078891037, 242.113400865, 0.533415406631, 0.446808510638
0.887674242445, 0.83562229396, 2.10669159786, 0.48115080017, 2.40410142133, 42.9620879091, 2.98482353384, 3.85545031188, 37.3078891037, 242.113400865, 0.533415406631, 0.446808510638
0.887674242445, 0.83562229396, 2.10669159786, 0.48115080017, 2.40410142133, 42.9620879091, 2.98482353384, 3.85545031188, 37.3078891037, 242.113400865, 0.533415406631, 0.446808510638
0.887674242445, 0.83562229396, 2.10669159786, 0.48115080017, 2.40410142133, 42.9620879091, 2.98482353384, 3.85545031188, 37.3078891037, 242.113400865, 0.533415406631, 0.446808510638
0.887674242445, 0.83562229396, 2.10669159786, 0.48115080017, 2.40410142133, 42.9620879091, 2.98482353384, 3.85545031188, 37.3078891037, 242.113400865, 0.533415406631, 0.446808510638
0.887674242445, 0.83562229396, 2.10669159786, 0.48115080017, 2.40410142133, 42.9620879091, 2.98482353384, 3.85545031188, 37.3078891037, 242.113400865, 0.533415406631, 0.446808510638
0.887674242445, 0.83562229396, 2.10669159786, 0.48115080017, 2.40410142133, 42.9620879091, 2.98482353384, 3.85545031188, 37.3078891037, 242.113400865, 0.533415406631, 0.446808510638
0.887674242445, 0.83562229396, 2.10669159786, 0.48115080017, 2.40410142133, 42.9620879091, 2.98482353384, 3.85545031188, 37.3078891037, 242.113400865, 0.533415406631, 0.446808510638
0.887674242445, 0.83562229396, 2.24244181019, 0.48115080017, 2.40410142133, 42.9620879091, 2.98482353384, 3.85545031188, 37.3078891037, 261.817572695, 0.585551835781, 0.377272727273
0.887674242445, 0.83562229396, 2.24244181019, 0.48115080017, 2.40410142133, 42.9620879091, 2.98482353384, 3.85545031188, 37.3078891037, 261.817572695, 0.585551835781, 0.377272727273
0.887674242445, 0.83562229396, 2.24244181019, 0.48115080017, 2.40410142133, 42.9620879091, 2.98482353384, 3.85545031188, 37.3078891037, 261.817572695, 0.585551835781, 0.377272727273
0.887674242445, 0.83562229396, 2.24244181019, 0.48115080017, 2.40410142133, 42.9620879091, 2.98482353384, 3.85545031188, 37.3078891037, 261.817572695, 0.585551835781, 0.377272727273
0.887674242445, 0.83562229396, 2.24244181019, 0.48115080017, 2.40410142133, 42.9620879091, 2.98482353384, 3.85545031188, 37.3078891037, 261.817572695, 0.585551835781, 0.377272727273
0.887674242445, 0.83562229396, 2.24244181019, 0.48115080017, 2.40410142133, 42.9620879091, 2.98482353384, 3.85545031188, 37.3078891037, 261.817572695, 0.585551835781, 0.377272727273
0.887674242445, 0.840391409809, 2.09831387931, 0.48115080017, 2.39777708839, 42.9620879091, 2.98570971871, 4.06253568343, 37.3078891037, 255.214758282, 0.608957243799, 0.1328125
0.887674242445, 0.840391409809, 2.09831387931, 0.48115080017, 2.39777708839, 42.9620879091, 2.98570971871, 4.06253568343, 37.3078891037, 255.214758282, 0.608957243799, 0.1328125
0.887674242445, 0.83562229396, 2.24422321054, 0.48115080017, 2.40410142133, 42.9620879091, 2.9857018835, 3.85545031188, 38.7646734492, 237.367723695, 0.573359608526, 0.307692307692
0.887674242445, 0.83562229396, 2.24422321054, 0.48115080017, 2.40410142133, 42.9620879091, 2.9857018835, 3.85545031188, 38.7646734492, 237.367723695, 0.573359608526, 0.307692307692
0.887674242445, 0.83562229396, 2.24422321054, 0.48115080017, 2.40410142133, 42.9620879091, 2.9857018835, 3.85545031188, 38.7646734492, 237.367723695, 0.573359608526, 0.307692307692
