0.887674242445, 0.83562229396, 2.09991122858, 0.48115080017, 1.07637858988, 42.9620879091, 2.9848068991, 3.85545031188, 41.8986842721, 222.372228838, 0.584961538541, 0.250996015936
0.887674242445, 0.83562229396, 2.09991122858, 0.48115080017, 1.07637858988, 42.9620879091, 2.9848068991, 3.85545031188, 41.8986842721, 222.372228838, 0.584961538541, 0.250996015936
0.887674242445, 0.83562229396, 2.09991122858, 0.48115080017, 1.07637858988, 42.9620879091, 2.9848068991, 3.85545031188, 41.8986842721, 222.372228838, 0.584961538541, 0.250996015936
0.887674242445, 0.83562229396, 2.09991122858, 0.48115080017, 1.07637858988, 42.9620879091, 2.9848068991, 3.85545031188, 41.8986842721, 222.372228838, 0.584961538541, 0.250996015936
0.887674242445, 0.83562229396, 2.09991122858, 0.48115080017, 1.07637858988, 42.9620879091, 2.9848068991, 3.85545031188, 41.8986842721, 222.372228838, 0.584961538541, 0.250996015936
0.887674242445, 0.83562229396, 2.09991122858, 0.48115080017, 1.07637858988, 42.9620879091, 2.9848068991, 3.85545031188, 41.8986842721, 222.372228838, 0.584961538541, 0.250996015936
0.887674242445, 0.83562229396, 2.09991122858, 0.48115080017, 1.07637858988, 42.9620879091, 2.9848068991, 3.85545031188, 41.8986842721, 222.372228838, 0.584961538541, 0.250996015936
0.887674242445, 0.83562229396, 2.09991122858, 0.48115080017, 1.07637858988, 42.9620879091, 2.9848068991, 3.85545031188, 41.8986842721, 222.372228838, 0.584961538541, 0.250996015936
0.887674242445, 0.83562229396, 2.09991122858, 0.48115080017, 1.07637858988, 42.9620879091, 2.9848068991, 3.85545031188, 41.8986842721, 222.372228838, 0.584961538541, 0.250996015936
0.868342644552, 0.83562229396, 2.09950504071, 0.48115080017, 1.5393948843, 42.9620879091, 2.98480672499, 3.85545031188, 35.6671922824, 212.929124929, 0.610555383899, 0.0
0.868342644552, 0.83562229396, 2.09950504071, 0.48115080017, 1.5393948843, 42.9620879091, 2.98480672499, 3.85545031188, 35.6671922824, 212.929124929, 0.610555383899, 0.0
0.868342644552, 0.83562229396, 2.09950504071, 0.48115080017, 1.5393948843, 42.9620879091, 2.98480672499, 3.85545031188, 35.6671922824, 212.929124929, 0.610555383899, 0.0
0.868342644552, 0.83562229396, 2.09950504071, 0.48115080017, 1.5393948843, 42.9620879091, 2.98480672499, 3.85545031188, 35.6671922824, 212.929124929, 0.610555383899, 0.0
0.868342644552, 0.83562229396, 2.09950504071, 0.48115080017, 1.5393948843, 42.9620879091, 2.98480672499, 3.85545031188, 35.6671922824, 212.929124929, 0.610555383899, 0.0
0.868342644552, 0.83562229396, 2.09950504071, 0.48115080017, 1.5393948843, 42.9620879091, 2.98480672499, 3.85545031188, 35.6671922824, 212.929124929, 0.610555383899, 0.0
0.868342644552, 0.83562229396, 2.09950504071, 0.48115080017, 1.5393948843, 42.9620879091, 2.98480672499, 3.85545031188, 35.6671922824, 212.929124929, 0.610555383899, 0.0
0.868342644552, 0.83562229396, 2.09950504071, 0.48115080017, 1.5393948843, 42.9620879091, 2.98480672499, 3.85545031188, 35.6671922824, 212.929124929, 0.610555383899, 0.0
0.868342644552, 0.83562229396, 2.09950504071, 0.48115080017, 1.5393948843, 42.9620879091, 2.98480672499, 3.85545031188, 35.6671922824, 212.929124929, 0.610555383899, 0.0
0.868342644552, 0.83562229396, 2.09950504071, 0.48115080017, 1.5393948843, 42.9620879091, 2.98480672499, 3.85545031188, 35.6671922824, 212.929124929, 0.610555383899, 0.0
0.868342644552, 0.83562229396, 2.09950504071, 0.48115080017, 1.5393948843, 42.9620879091, 2.98480672499, 3.85545031188, 35.6671922824, 212.929124929, 0.610555383899, 0.0
0.868342644552, 0.83562229396, 2.09950504071, 0.48115080017, 1.5393948843, 42.9620879091, 2.98480672499, 3.85545031188, 35.6671922824, 212.929124929, 0.610555383899, 0.0
0.868342644552, 0.83562229396, 2.09950504071, 0.48115080017, 1.5393948843, 42.9620879091, 2.98480672499, 3.85545031188, 35.6671922824, 212.929124929, 0.610555383899, 0.0
0.868342644552, 0.83562229396, 2.09950504071, 0.48115080017, 1.5393948843, 42.9620879091, 2.98480672499, 3.85545031188, 35.6671922824, 212.929124929, 0.610555383899, 0.0
0.868342644552, 0.83562229396, 2.09950504071, 0.48115080017, 1.5393948843, 42.9620879091, 2.98480672499, 3.85545031188, 35.6671922824, 212.929124929, 0.610555383899, 0.0
0.868342644552, 0.83562229396, 2.09950504071, 0.48115080017, 1.5393948843, 42.9620879091, 2.98480672499, 3.85545031188, 35.6671922824, 212.929124929, 0.610555383899, 0.0
0.868342644552, 0.83562229396, 2.09950504071, 0.48115080017, 1.5393948843, 42.9620879091, 2.98480672499, 3.85545031188, 35.6671922824, 212.929124929, 0.610555383899, 0.0
0.868342644552, 0.83562229396, 2.09950504071, 0.48115080017, 1.5393948843, 42.9620879091, 2.98480672499, 3.85545031188, 35.6671922824, 212.929124929, 0.610555383899, 0.0
0.868342644552, 0.83562229396, 2.09950504071, 0.48115080017, 1.5393948843, 42.9620879091, 2.98480672499, 3.85545031188, 35.6671922824, 212.929124929, 0.610555383899, 0.0
0.868342644552, 0.83562229396, 2.09950504071, 0.48115080017, 1.5393948843, 42.9620879091, 2.98480672499, 3.85545031188, 35.6671922824, 212.929124929, 0.610555383899, 0.0
0.868342644552, 0.83562229396, 2.09904060611, 0.48115080017, 1.5393948843, 43.2437589065, 2.98480672499, 3.85545031188, 35.6671922824, 219.740281225, 0.59704923438, 0.0
0.868342644552, 0.83562229396, 2.09904060611, 0.48115080017, 1.5393948843, 43.2437589065, 2.98480672499, 3.85545031188, 35.6671922824, 219.740281225, 0.59704923438, 0.0
0.868342644552, 0.83562229396, 2.09904060611, 0.48115080017, 1.5393948843, 43.2437589065, 2.98480672499, 3.85545031188, 35.6671922824, 219.740281225, 0.59704923438, 0.0
0.868342644552, 0.83562229396, 2.09904060611, 0.48115080017, 1.5393948843, 43.2437589065, 2.98480672499, 3.85545031188, 35.6671922824, 219.740281225, 0.59704923438, 0.0
0.868342644552, 0.83562229396, 2.09904060611, 0.48115080017, 1.5393948843, 43.2437589065, 2.98480672499, 3.85545031188, 35.6671922824, 219.740281225, 0.59704923438, 0.0
0.868342644552, 0.83562229396, 2.09904060611, 0.48115080017, 1.5393948843, 43.2437589065, 2.98480672499, 3.85545031188, 35.6671922824, 219.740281225, 0.59704923438, 0.0
0.868342644552, 0.83562229396, 2.09904060611, 0.48115080017, 1.5393948843, 43.2437589065, 2.98480672499, 3.85545031188, 35.6671922824, 219.740281225, 0.59704923438, 0.0
0.868342644552, 0.83562229396, 2.09904060611, 0.48115080017, 1.5393948843, 43.2437589065, 2.98480672499, 3.85545031188, 35.6671922824, 219.740281225, 0.59704923438, 0.0
0.868342644552, 0.83562229396, 2.09904060611, 0.48115080017, 1.5393948843, 43.2437589065, 2.98480672499, 3.85545031188, 35.6671922824, 219.740281225, 0.59704923438, 0.0
0.868342644552, 0.83562229396, 2.09904060611, 0.48115080017, 1.5393948843, 43.2437589065, 2.98480672499, 3.85545031188, 35.6671922824, 219.740281225, 0.59704923438, 0.0
0.868342644552, 0.83562229396, 2.09904060611, 0.48115080017, 1.5393948843, 43.2437589065, 2.98480672499, 3.85545031188, 35.6671922824, 219.740281225, 0.59704923438, 0.0
0.868342644552, 0.83562229396, 2.09904060611, 0.48115080017, 1.5393948843, 43.2437589065, 2.98480672499, 3.85545031188, 35.6671922824, 219.740281225, 0.59704923438, 0.0
0.868342644552, 0.83562229396, 2.09904060611, 0.48115080017, 1.5393948843, 43.2437589065, 2.98480672499, 3.85545031188, 35.6671922824, 219.740281225, 0.59704923438, 0.0
0.868342644552, 0.83562229396, 2.09904060611, 0.48115080017, 1.5393948843, 43.2437589065, 2.98480672499, 3.85545031188, 35.6671922824, 219.740281225, 0.59704923438, 0.0
0.868342644552, 0.83562229396, 2.09904060611, 0.48115080017, 1.5393948843, 43.2437589065, 2.98480672499, 3.85545031188, 35.6671922824, 219.740281225, 0.59704923438, 0.0
0.868342644552, 0.83562229396, 2.09904060611, 0.48115080017, 1.5393948843, 43.2437589065, 2.98480672499, 3.85545031188, 35.6671922824, 219.740281225, 0.59704923438, 0.0
0.868342644552, 0.83562229396, 2.09950504071, 0.48115080017, 1.5393948843, 42.9620879091, 2.98480672499, 3.85545031188, 35.6671922824, 225.046674321, 0.567053065346, 0.0
0.868342644552, 0.83562229396, 2.09950504071, 0.48115080017, 1.05327152638, 42.9620879091, 2.98480672499, 3.85545031188, 35.6671922824, 219.585828946, 0.573633029573, 0.0762711864407
0.868342644552, 0.83562229396, 2.09904060611, 0.48115080017, 1.5393948843, 43.2319145204, 2.98480672518, 3.85545031188, 35.6671922824, 210.476820715, 0.620972507297, 0.0844155844156
0.868342644552, 0.83562229396, 2.09904060611, 0.48115080017, 1.5393948843, 43.2319145204, 2.98480672518, 3.85545031188, 35.6671922824, 210.476820715, 0.620972507297, 0.0844155844156
0.868342644552, 0.83562229396, 2.09950504071, 0.48115080017, 1.5393948843, 42.9620879091, 2.96554953253, 3.8022222005, 35.6671922824, 222.691372171, 0.538711231997, 0.329501915709
0.868342644552, 0.83562229396, 2.09904060611, 0.48115080017, 1.5393948843, 43.2437589065, 2.98480672499, 3.85545031188, 35.6671922824, 224.186515112, 0.559946920605, 0.19298245614
0.868342644552, 0.83562229396, 2.04779139438, 0.467908935572, 1.5393948843, 42.9620879091, 2.98480672434, 3.85545031188, 35.732575304, 220.826257055, 0.628481755991, 0.0373134328358
0.868342644552, 0.83562229396, 2.04779139438, 0.467908935572, 1.5393948843, 42.9620879091, 2.98480672434, 3.85545031188, 35.732575304, 220.826257055, 0.628481755991, 0.0373134328358
0.868342644552, 0.83562229396, 2.04779139438, 0.467908935572, 1.5393948843, 42.9620879091, 2.98480672434, 3.85545031188, 35.732575304, 220.826257055, 0.628481755991, 0.0373134328358
0.868342644552, 0.83562229396, 2.04779139438, 0.467908935572, 1.5393948843, 42.9620879091, 2.98480672434, 3.85545031188, 35.732575304, 220.826257055, 0.628481755991, 0.0373134328358
0.868342644552, 0.83562229396, 2.04779139438, 0.467908935572, 1.5393948843, 42.9620879091, 2.98480672434, 3.85545031188, 35.732575304, 220.826257055, 0.628481755991, 0.0373134328358
0.868342644552, 0.83562229396, 2.04779139438, 0.467908935572, 1.5393948843, 42.9620879091, 2.98480672434, 3.85545031188, 35.732575304, 220.826257055, 0.628481755991, 0.0373134328358
0.868342644552, 0.83562229396, 2.04779139438, 0.467908935572, 1.5393948843, 42.9620879091, 2.98480672434, 3.85545031188, 35.732575304, 220.826257055, 0.628481755991, 0.0373134328358
0.868342644552, 0.83562229396, 2.04779139438, 0.467908935572, 1.5393948843, 42.9620879091, 2.98480672434, 3.85545031188, 35.732575304, 220.826257055, 0.628481755991, 0.0373134328358
0.868342644552, 0.83562229396, 2.04779139438, 0.467908935572, 1.5393948843, 42.9620879091, 2.98480672434, 3.85545031188, 35.732575304, 220.826257055, 0.628481755991, 0.0373134328358
0.868342644552, 0.83562229396, 2.04779139438, 0.467908935572, 1.5393948843, 42.9620879091, 2.98480672434, 3.85545031188, 35.732575304, 220.826257055, 0.628481755991, 0.0373134328358
0.868342644552, 0.83562229396, 2.09950504071, 0.48115080017, 1.5393948843, 42.9620879091, 2.96006018919, 3.85545031188, 37.0962238357, 196.825587132, 0.621085245479, 0.0
0.868342644552, 0.83562229396, 2.09950504071, 0.48115080017, 1.5393948843, 42.9620879091, 2.96006018919, 3.85545031188, 37.0962238357, 196.825587132, 0.621085245479, 0.0
0.868342644552, 0.83562229396, 2.09950504071, 0.48115080017, 1.5393948843, 42.9620879091, 2.96006018919, 3.85545031188, 37.0962238357, 196.825587132, 0.621085245479, 0.0
0.868342644552, 0.83562229396, 2.09950504071, 0.48115080017, 1.5393948843, 42.9620879091, 2.96006018919, 3.85545031188, 37.0962238357, 196.825587132, 0.621085245479, 0.0
0.868342644552, 0.83562229396, 2.09950504071, 0.48115080017, 1.5393948843, 42.9620879091, 2.96006018919, 3.85545031188, 37.0962238357, 196.825587132, 0.621085245479, 0.0
0.868342644552, 0.83562229396, 2.09950504071, 0.48115080017, 1.5393948843, 42.9620879091, 2.96006018919, 3.85545031188, 37.0962238357, 196.825587132, 0.621085245479, 0.0
0.868342644552, 0.83562229396, 2.09950504071, 0.48115080017, 1.5393948843, 42.9620879091, 2.96006018919, 3.85545031188, 37.0962238357, 196.825587132, 0.621085245479, 0.0
0.868342644552, 0.83562229396, 2.09950504071, 0.48115080017, 1.5393948843, 42.9620879091, 2.96006018919, 3.85545031188, 37.0962238357, 196.825587132, 0.621085245479, 0.0
0.868342644552, 0.83562229396, 2.09950504071, 0.48115080017, 1.5393948843, 42.9620879091, 2.96006018919, 3.85545031188, 37.0962238357, 196.825587132, 0.621085245479, 0.0
0.868342644552, 0.83562229396, 2.09950504071, 0.48115080017, 1.5393948843, 42.9620879091, 2.96006018919, 3.85545031188, 37.0962238357, 196.825587132, 0.621085245479, 0.0
0.868342644552, 0.83562229396, 2.09950504071, 0.48115080017, 1.5393948843, 42.9620879091, 2.96006018919, 3.85545031188, 37.0962238357, 196.825587132, 0.621085245479, 0.0
0.868342644552, 0.83562229396, 2.09950504071, 0.48115080017, 1.5393948843, 42.9620879091, 2.96006018919, 3.85545031188, 37.0962238357, 196.825587132, 0.621085245479, 0.0
0.868342644552, 0.83562229396, 2.09950504071, 0.48115080017, 1.5393948843, 42.9620879091, 2.96006018919, 3.85545031188, 37.0962238357, 196.825587132, 0.621085245479, 0.0
0.868342644552, 0.83562229396, 2.09950504071, 0.48115080017, 1.5393948843, 42.9620879091, 2.96006018919, 3.85545031188, 37.0962238357, 196.825587132, 0.621085245479, 0.0
0.868342644552, 0.83562229396, 2.09950504071, 0.48115080017, 1.5393948843, 42.9620879091, 2.96006018919, 3.85545031188, 37.0962238357, 196.825587132, 0.621085245479, 0.0
0.868342644552, 0.83562229396, 2.09950504071, 0.48115080017, 1.5393948843, 42.9620879091, 2.96006018919, 3.85545031188, 37.0962238357, 196.825587132, 0.621085245479, 0.0
0.868342644552, 0.83562229396, 2.09950504071, 0.48115080017, 1.5393948843, 42.9620879091, 2.96006018919, 3.85545031188, 37.0962238357, 196.825587132, 0.621085245479, 0.0
0.868342644552, 0.83562229396, 2.09950504071, 0.48115080017, 1.5393948843, 42.9620879091, 2.96006018919, 3.85545031188, 37.0962238357, 196.825587132, 0.621085245479, 0.0
0.868342644552, 0.83562229396, 2.09950504071, 0.48115080017, 1.5393948843, 42.9620879091, 2.96006018919, 3.85545031188, 37.0962238357, 196.825587132, 0.621085245479, 0.0
0.868342644552, 0.83562229396, 2.09950504071, 0.48115080017, 1.5393948843, 42.9620879091, 2.96006018919, 3.85545031188, 37.0962238357, 196.825587132, 0.621085245479, 0.0
0.870052026674, 0.83562229396, 2.09904060611, 0.48115080017, 1.5393948843, 42.9604211251, 2.98480672491, 3.85545031188, 35.6671922824, 219.504312062, 0.547937324931, 0.333333333333
0.870052026674, 0.83562229396, 2.09904060611, 0.48115080017, 1.5393948843, 42.9604211251, 2.98480672491, 3.85545031188, 35.6671922824, 219.504312062, 0.547937324931, 0.333333333333
0.870052026674, 0.83562229396, 2.09904060611, 0.48115080017, 1.5393948843, 42.9604211251, 2.98480672491, 3.85545031188, 35.6671922824, 219.504312062, 0.547937324931, 0.333333333333
0.870052026674, 0.83562229396, 2.09904060611, 0.48115080017, 1.5393948843, 42.9604211251, 2.98480672491, 3.85545031188, 35.6671922824, 219.504312062, 0.547937324931, 0.333333333333
0.870052026674, 0.83562229396, 2.09904060611, 0.48115080017, 1.5393948843, 42.9604211251, 2.98480672491, 3.85545031188, 35.6671922824, 219.504312062, 0.547937324931, 0.333333333333
0.870052026674, 0.83562229396, 2.09904060611, 0.48115080017, 1.5393948843, 42.9604211251, 2.98480672491, 3.85545031188, 35.6671922824, 219.504312062, 0.547937324931, 0.333333333333
0.870052026674, 0.83562229396, 2.09904060611, 0.48115080017, 1.5393948843, 42.9604211251, 2.98480672491, 3.85545031188, 35.6671922824, 219.504312062, 0.547937324931, 0.333333333333
0.870052026674, 0.83562229396, 2.09904060611, 0.48115080017, 1.5393948843, 42.9604211251, 2.98480672491, 3.85545031188, 35.6671922824, 219.504312062, 0.547937324931, 0.333333333333
0.870052026674, 0.83562229396, 2.09904060611, 0.48115080017, 1.5393948843, 42.9604211251, 2.98480672491, 3.85545031188, 35.6671922824, 219.504312062, 0.547937324931, 0.333333333333
0.870052026674, 0.83562229396, 2.09904060611, 0.48115080017, 1.5393948843, 42.9604211251, 2.98480672491, 3.85545031188, 35.6671922824, 219.504312062, 0.547937324931, 0.333333333333
0.870052026674, 0.83562229396, 2.09904060611, 0.48115080017, 1.5393948843, 42.9604211251, 2.98480672491, 3.85545031188, 35.6671922824, 219.504312062, 0.547937324931, 0.333333333333
