0.00311457096978, 6.63771269241e-06, 0.00139248865574, 0.985245834005, 0.991304348932, 0.994808695999, 0.972664648731, 0.0, 0.00663026709446, 0.00937273184605, 0.0, 0.997126128882, 0.983296260341, 0.00040497059695, 0.977868999697, 1.0, 1.0, 0.00159435620935, 0.977973084311, 1.0, 0.00262732119415, 0.990984421801, 0.00400889949848, 0.999774441789, 0.0043379687165, 0.0, 0.988857520955, 0.0, 11.0, 1.0, 11.7263086659
0.0, 0.00166826902637, 0.0, 0.0, 0.0, 0.00306793469862, 0.00659529166992, 0.0, 0.0, 2.73226424623e-05, 0.0, 0.0, 4.19215515395e-07, 0.0, 2.74919599321e-05, 1.0, 0.00336050505151, 0.00637595312396, 0.0053223157744, 0.0, 0.102142390168, 0.978337843986, 0.0, 0.992424879531, 0.0, 0.00886895844857, 0.0, 1.672904781e-05, 37.0, 1.0, 2.26722665961
0.0, 0.00165341677426, 0.0, 0.0, 3.40731814243e-10, 0.0, 0.00670303858466, 6.09178790488e-05, 0.00428292893985, 0.0, 0.0, 0.0, 0.00308400325816, 1.28395986362e-05, 0.000988685661505, 1.0, 0.00402201516968, 0.00635461588623, 0.0, 3.5621118977e-07, 0.105741850592, 0.978354141589, 0.0, 0.990061039, 0.0, 0.00848316263484, 0.0, 0.0, 37.0, 1.0, 2.26722665961
2.18433742214e-05, 0.00767254775184, 0.0, 0.0, 0.99107295124, 0.0, 0.998939891895, 0.0081091844052, 0.0036326077519, 0.00915650880572, 0.0, 0.976498729687, 0.00585050785044, 0.0, 0.977988627801, 1.0, 0.0118495272221, 0.00313324058775, 0.00541099989189, 0.991906316846, 0.102142390168, 0.97236651881, 0.995572353418, 0.987327920406, 0.00219604725304, 0.00534749511487, 0.00208403277555, 0.984447335474, 18.0, 1.0, 6.93116377085
0.00415538921612, 0.0, 0.0, 0.00417157879086, 0.980083685445, 0.950561873665, 0.00811394175843, 0.00430692356767, 0.00525876593035, 0.0140970604233, 0.0, 0.00982029793509, 0.014222047246, 0.010070286737, 0.999984976189, 1.0, 0.02295176363, 4.23645508532e-06, 4.98328583539e-05, 0.957741073734, 0.0, 0.993760388848, 0.0140967681953, 0.98669513725, 0.0, 0.0, 0.0, 0.982613467459, 23.0, 0.0, 5.0708367816
0.0, 0.0, 0.0014369618638, 0.0, 0.00450264270919, 0.0, 0.0020714702142, 0.0, 0.0036326077519, 0.00916689967688, 0.0, 5.35471892235e-05, 0.0, 0.0, 0.977621722973, 1.0, 0.0011043782076, 0.0, 0.0255397156739, 0.999692909645, 0.000686277207058, 0.993995775792, 0.00440393301512, 0.987327920406, 9.03361943778e-06, 0.992435292549, 0.00206543474677, 0.00790744390344, 25.0, 1.0, 4.43758136312
0.0, 0.0840922842448, 0.00149390447078, 0.00433027100128, 0.00449961144569, 0.0, 0.00328094688049, 0.0, 0.0036326077519, 7.9796495163e-05, 0.0, 5.35471892235e-05, 0.0101474637043, 0.0092136819169, 0.99998384295, 0.999994951881, 0.0839278564882, 8.82566304124e-05, 0.0247243591512, 0.988087963795, 0.102142390168, 0.993995775792, 0.00440393301512, 0.999846674038, 0.00272803476661, 0.990149585321, 0.00209463406984, 0.011007595058, 25.0, 1.0, 4.43758136312
0.0, 0.00422484387396, 0.0, 2.32029693465e-07, 1.0, 1.49182962131e-08, 0.00429651970543, 0.0, 0.00936479114185, 0.00876794646001, 0.0, 0.0, 0.0, 1.9380946229e-10, 0.0, 1.0, 0.0033659158546, 0.00829312750686, 0.0, 0.00989665120205, 0.108129129379, 0.0110156472354, 3.64558567834e-05, 0.00211006612524, 0.0, 0.0, 0.0, 0.0, 44.0, 1.0, 1.8140914611
0.0, 0.00264756146898, 0.0, 0.0093605582793, 0.986705056326, 0.0, 0.0, 0.001645078195, 0.00878784192958, 0.0, 0.0, 0.000165257312793, 0.0, 1.93909473352e-05, 0.00617818121616, 1.0, 0.0033125627768, 8.91810483065e-06, 0.0, 0.0, 0.108593421358, 0.00553758314675, 0.0, 0.0118919706376, 0.0, 0.00944517799516, 0.0, 0.0, 44.0, 1.0, 1.8140914611
0.990255567557, 0.973620247185, 0.0, 0.979185576666, 0.0, 0.045527500879, 0.991702201225, 0.944481474615, 1.83848847166e-05, 0.0, 0.0, 0.949612038086, 0.97930801354, 1.0, 1.0, 1.0, 0.985838507988, 0.991817276062, 1.0, 1.0, 0.0, 0.980150200753, 0.0, 0.987321147056, 0.0, 0.0359129861125, 1.0, 0.0, 6.0, 0.0, 15.8061091224
0.990255567557, 0.973620247185, 1.62223075253e-05, 0.941976882045, 0.0, 0.045527500879, 0.991702201225, 0.944481474615, 0.00347620761009, 0.0, 0.0, 0.949612038086, 0.996332423761, 1.0, 1.0, 1.0, 0.966104669614, 0.990774652496, 0.998334055965, 1.0, 0.0, 0.993358603402, 0.0, 0.987320937813, 8.74108272216e-06, 0.0359129861125, 0.978795777571, 0.00783494946237, 6.0, 0.0, 15.8061091224
0.990255567557, 0.973620247185, 0.0, 0.976622681006, 0.0, 0.0520796799964, 0.95998067822, 0.000778679670744, 1.83848847166e-05, 0.0, 0.0, 0.949612038086, 0.97930801354, 0.997885648802, 1.0, 1.0, 0.99976539075, 0.991817276062, 1.0, 1.0, 0.008801739841, 0.980150200753, 0.0, 0.98737167195, 0.0, 0.0359129861125, 0.997007235526, 0.0, 8.0, 0.0, 14.0989897802
0.0, 0.011165451244, 3.80992281745e-05, 2.40737618669e-07, 0.994110277182, 0.00306793469862, 0.00817770862539, 0.0, 0.000101751953879, 6.39066538926e-05, 0.0, 0.00420219680174, 0.00108132568737, 0.00740757449727, 0.0, 0.999999999274, 0.0122284160464, 0.000323465707512, 0.00536267866575, 0.00643530569083, 0.00486105907078, 0.979194577949, 0.00184546953528, 0.970088866221, 9.83201449433e-05, 0.0355382620097, 0.0132693252435, 0.000101037307312, 36.0, 2.0, 2.47765974766
0.0, 0.00166826902637, 0.0, 0.0, 0.999343752514, 2.43905808669e-05, 4.36301768939e-05, 0.0, 0.0, 2.36082227094e-07, 0.0, 0.0, 4.19215515395e-07, 0.0, 2.0958401422e-07, 1.0, 0.00336050505151, 0.00637595312396, 4.76527140361e-05, 0.0, 0.102142390168, 0.978337843986, 0.0, 0.993109756327, 0.0, 0.00886895844857, 0.0, 1.63892852386e-05, 36.0, 2.0, 2.47765974766
7.54864028926e-11, 0.00422527695894, 0.000452398649167, 0.0, 0.999142564723, 0.00307819762351, 0.00987535425506, 2.71244840458e-07, 0.00366356592962, 0.00893174861583, 0.00187922402821, 5.28179960541e-07, 0.000181088081699, 1.53683398274e-05, 0.000343244787084, 0.999597803352, 0.00325782249314, 0.00829468389673, 0.00591311543204, 4.24941913203e-05, 0.00882543931376, 0.958404008363, 0.00383862301599, 0.942698984179, 0.0129489241361, 0.0189114635666, 0.000122003405748, 0.0101638588232, 36.0, 2.0, 2.47765974766
0.0, 4.08924337746e-05, 2.56517459731e-06, 0.01854957085, 0.00724351509696, 5.74832671231e-05, 0.0740235040919, 4.45391205017e-07, 0.00364253196829, 3.90107810223e-05, 0.238744085374, 0.0060111761426, 0.0353838873157, 0.00146708763559, 0.995389761841, 1.0, 0.00709696920023, 7.00609485025e-05, 0.00586273342888, 0.994522044644, 0.109518910226, 0.990833828318, 0.00585264990629, 0.987232619799, 0.0134813993321, 0.00132002646058, 0.00204851869039, 0.0197687281179, 29.0, 0.0, 3.52002126448
6.93012584375e-05, 0.00290223258406, 0.0, 0.00813078092939, 0.0171829131793, 2.72046074566e-05, 0.000278962856783, 8.76266802231e-05, 0.00947196690534, 0.000890437118376, 0.0, 0.0831148590518, 5.28226853723e-05, 0.00145231407156, 0.99598828892, 1.0, 0.0157047457316, 9.95153187828e-05, 0.00864663729972, 0.0107878996975, 0.986431999786, 0.00270836967205, 0.923842366016, 0.967763238375, 0.00420136165229, 0.0055024647114, 0.00754802274093, 0.000458154509979, 32.0, 0.0, 3.23099783545
2.19325097644e-05, 0.0, 6.7111790116e-08, 8.83298126315e-06, 0.969913722658, 0.0, 0.0170437969516, 6.41877860109e-05, 0.0025657774429, 7.58177430837e-05, 0.0, 3.78453725636e-05, 0.0128790115556, 0.00308824264803, 0.983650797644, 1.0, 0.0213293704343, 0.000105355735343, 3.30415045258e-07, 0.996696042521, 0.100107657933, 0.978387369011, 0.00440393771609, 0.995942755073, 0.00955426122201, 0.0171007024331, 9.16376024348e-06, 4.2890959384e-05, 28.0, 0.0, 3.73045435253
0.990255567557, 0.973620247185, 0.0, 0.979185576666, 0.001980058299, 0.000946953680024, 0.0164158297943, 0.00746071473651, 1.83868073689e-05, 0.0, 0.0, 0.982250151872, 0.97930801354, 0.997905943222, 0.999857411469, 1.0, 0.99974233174, 0.991817276062, 0.00813691154439, 1.0, 0.0, 0.980150200753, 0.00602928030864, 0.989396765614, 0.0, 0.0359129861125, 0.996980567077, 0.0, 10.0, 0.0, 12.798610802
0.00416551684842, 9.36913122593e-06, 0.0, 7.20719280141e-08, 0.94093618225, 0.00304148590942, 0.00123580947013, 2.54994970332e-05, 4.30079836499e-05, 0.00941785536851, 0.0, 6.37283037323e-05, 3.24942842884e-06, 0.00990009975277, 0.998052039196, 1.0, 0.00331408148792, 0.0065392012425, 0.00541110507702, 0.00333621868976, 0.103083233917, 0.993995775792, 0.00440393301512, 0.987327920406, 0.0, 2.2021271803e-05, 0.000125116697368, 9.07922667444e-05, 32.0, 1.0, 3.00258537078
2.19325097644e-05, 0.0, 0.115165644205, 0.0189147558129, 0.947743738873, 0.0, 0.00661071012659, 6.41877860109e-05, 0.00206482195301, 1.5182711546e-05, 0.0, 3.79886474519e-05, 0.0128790115556, 0.00308824264803, 0.983766520157, 1.0, 0.0212789373872, 0.000105355735343, 5.62554208158e-05, 0.00478225629695, 0.100107657933, 0.978387369011, 0.00440393771609, 0.995942755073, 0.00417679564755, 9.72351300221e-05, 0.00761119036342, 4.2890959384e-05, 32.0, 1.0, 3.00258537078
0.00822113731663, 4.22119733039e-05, 0.0, 0.0, 5.14760647133e-05, 0.00236144285457, 0.000444789229185, 0.0, 0.0, 0.0, 0.0, 0.0, 0.0, 0.0, 0.0, 1.0, 0.00438848071342, 0.00829312750686, 0.0, 0.0, 1.0, 0.00553758314675, 0.0, 0.00889407573672, 0.0, 0.00573939624895, 0.0, 0.00252615344232, 41.0, 0.0, 1.99972772488
3.0295410548e-05, 0.0, 0.0, 0.0, 4.99011304034e-05, 3.18291397194e-05, 3.0247436332e-06, 0.0, 0.0075220611245, 0.0, 0.0, 0.0, 0.0, 0.0, 0.0, 1.0, 0.0043412506677, 3.9000548629e-05, 0.0, 0.0, 0.969411713402, 0.00746839902337, 0.0, 0.00885291449997, 0.0, 0.0058364451539, 0.0, 0.0, 41.0, 0.0, 1.99972772488
0.0, 7.2386753356e-05, 0.00623081862526, 2.25462421155e-05, 0.995805520392, 0.00621967979912, 0.985260071723, 0.0, 0.00818809504666, 0.00786147498969, 0.0, 0.00208399514785, 0.993200027382, 0.00827644108919, 0.996941169123, 1.0, 0.0102278734802, 0.000369172178994, 0.00588318439229, 0.960830623678, 0.991982472636, 0.0, 0.00196995094231, 0.99998423547, 1.50062912082e-05, 0.0, 1.0, 0.0, 22.0, 0.0, 6.4237231635
0.0, 7.2386753356e-05, 0.00607467985407, 2.07305172079e-05, 0.995805520392, 0.00622578243907, 0.985260071723, 0.00319075281932, 0.00977429010225, 8.29889759248e-05, 0.0, 0.00208399514785, 0.961446933365, 0.00827644108919, 0.996941169123, 1.0, 0.0102278734802, 0.000369172178994, 0.00588318439229, 0.960830623678, 0.991982472636, 0.163145234886, 1.20501851899e-06, 0.99998423547, 1.50062912082e-05, 0.0235999243268, 0.999857655565, 0.0, 22.0, 0.0, 6.4237231635
7.27934019037e-05, 0.00974970858615, 0.0, 0.0, 0.992135379402, 6.00973949318e-08, 0.0239851245914, 1.67337504733e-10, 0.0, 0.0, 0.0, 0.967019940805, 0.999989388634, 1.70553338354e-05, 0.986079923596, 1.0, 0.0252230962082, 0.0149254549255, 0.0, 1.0, 0.0, 0.972373659426, 0.987069487646, 0.982877885219, 1.0, 0.0, 0.00708088893962, 0.979527703007, 17.0, 1.0, 7.65373032997
0.990255567557, 0.973620247185, 0.0, 0.979185576666, 0.977270928174, 0.000405358858424, 0.0164158297943, 0.944481474615, 1.87666907728e-05, 0.0, 0.0, 0.982250151872, 0.97930801354, 0.999791055699, 0.985820535538, 1.0, 0.985838507988, 0.991817276062, 0.00813691154439, 1.0, 0.0, 0.980150200753, 0.00602928030864, 0.989407988424, 0.0, 0.0359129861125, 1.0, 0.0, 7.0, 0.0, 14.7161632323
0.990255567557, 0.973620247185, 0.0, 0.979185576666, 0.97740571298, 0.000405358858424, 0.0164158297943, 0.925672473794, 2.02090776119e-05, 4.25687183134e-09, 0.0, 0.982250151872, 0.986536273305, 0.998386327015, 0.987893607315, 1.0, 0.985774269812, 0.991892819963, 0.00813691154439, 1.0, 0.0, 0.980150200753, 0.00602928030864, 0.988231259704, 0.0, 0.0359129861125, 1.0, 0.00744197659094, 7.0, 0.0, 14.7161632323
0.990197557868, 0.973620247185, 0.0, 0.979185576666, 0.97740571298, 0.000405358858424, 0.00790661305391, 0.925672473794, 2.02090776119e-05, 4.25687183134e-09, 0.0, 0.981875022829, 0.986536273305, 0.988732991321, 0.992333888483, 0.956315732796, 0.985774269812, 0.991892819963, 0.00817166590295, 1.0, 0.0, 0.980150200753, 0.0059407628386, 0.988231259704, 0.0, 0.0359129861125, 1.0, 0.00744197659094, 7.0, 0.0, 14.7161632323
0.0, 0.0, 0.0, 0.0, 0.0580009956047, 0.0, 0.0, 3.18346995522e-07, 0.00359876648004, 0.00903487822176, 0.0, 0.0, 0.0278930429031, 0.00446853704285, 0.999818442146, 1.0, 0.0, 0.0, 0.00557813849349, 1.10359945069e-06, 0.000739102978938, 0.987959588558, 0.0, 0.996464744753, 0.0, 0.0, 5.30294645799e-06, 0.0, 33.0, 0.0, 2.79215228273
0.0744197364569, 0.00411180851902, 5.6872366945e-05, 0.0, 0.00626777143637, 0.0, 0.0, 0.00559264449315, 7.04793011563e-06, 0.0, 0.0, 0.0, 0.00302723021419, 5.02099576046e-05, 0.968871461769, 0.999424716879, 5.61424215388e-05, 0.00409270293879, 0.00945502116896, 0.000202864569472, 3.28211104227e-05, 0.984790621282, 0.0130147317039, 0.990633534361, 0.0360331042358, 0.00861760185501, 0.0, 0.0, 33.0, 0.0, 2.79215228273
0.0747065996987, 0.00166826902637, 0.0, 0.0, 0.0, 0.00306793469862, 0.00659529166992, 0.0, 5.71447034564e-08, 2.73226424623e-05, 0.0, 0.0, 4.19215515395e-07, 2.80314322536e-07, 0.957142819008, 1.0, 0.00336050505151, 0.00635759755345, 0.00956788766154, 9.0271364677e-07, 6.89336387404e-05, 0.978337843986, 0.0, 0.992424879531, 0.0, 0.00886895844857, 0.0, 1.672904781e-05, 33.0, 0.0, 2.79215228273
0.0101844130846, 0.000209325007614, 0.0, 0.964777227947, 4.77487295716e-06, 0.0106056730637, 0.0142314912166, 0.00599643404913, 1.85900216757e-05, 0.0, 0.000184378982147, 2.6099214355e-07, 0.00763513372089, 2.16358466965e-06, 0.993017681587, 0.999999046786, 0.00796777498059, 0.00842225044177, 0.0102459754989, 0.98646254261, 0.103893473019, 0.971334890393, 0.00393319650803, 0.94336840139, 0.00300660545332, 0.0091545296187, 0.0691198356695, 0.990019097568, 21.0, 0.0, 6.52282769567
6.50873258199e-07, 3.98360692169e-05, 0.0, 0.982182411084, 0.977130074208, 0.0, 0.0118983751136, 2.24056906675e-08, 0.00360309759463, 0.0, 0.0, 1.40766840174e-05, 0.0103883600159, 7.15980735841e-06, 0.999928737048, 1.0, 0.00335483921005, 0.00987105371999, 0.0088330408104, 1.0, 0.999977714498, 0.00270836967205, 0.00958996188397, 0.987853289631, 0.00445296486791, 0.0, 0.0100511332614, 0.913043000438, 20.0, 0.0, 6.70500543274
2.13140920476e-05, 0.00771645225163, 0.0, 0.0, 0.997646445811, 6.14083901809e-07, 0.998941954449, 0.00828472548129, 0.00469059542637, 0.0, 0.0, 0.982256627044, 0.999708177687, 0.999659528341, 0.997284183319, 0.999254268795, 0.988759538632, 0.998428743967, 1.69920738466e-05, 1.0, 0.999661657351, 0.0, 0.979559818416, 0.985610370096, 0.00256807486131, 0.00387254963634, 0.00870759169332, 0.977683641253, 14.0, 0.0, 9.94195959381
0.0, 0.994184470088, 0.0, 0.0, 0.998186948638, 0.00153193748372, 0.00642876829223, 0.00507091445872, 0.0, 0.185357983396, 0.0, 0.0, 0.0, 0.999729700339, 0.0104685964604, 1.0, 0.0, 0.0, 0.0, 0.980769518251, 0.0, 0.997820391481, 0.0, 0.968561011435, 0.981082407128, 0.0135331283792, 0.00986366111526, 1.0, 22.0, 1.0, 6.20566889416
0.986967671121, 0.0236351686391, 0.0102618228666, 0.00431646907486, 0.995925352443, 0.975637669807, 0.0, 1.32654033794e-05, 2.01869435172e-05, 5.44005126038e-05, 0.0, 0.0, 0.00323726048375, 0.978476378586, 0.999222208532, 0.999994955688, 0.0856703843945, 7.00459466932e-05, 0.0, 0.984763888032, 0.0, 0.997418570129, 7.26607193847e-05, 0.987182688218, 0.0145201420264, 0.0, 0.0257496185873, 0.988652741131, 19.0, 0.0, 7.21086073509
0.0, 0.0, 0.0, 0.00988236294612, 0.969913722658, 0.0513023825287, 0.999253342162, 0.0, 0.0036326077519, 0.00898527113039, 0.0, 0.959870511243, 0.00915774124193, 0.0, 0.996200206603, 1.0, 0.00331408148792, 0.0, 0.0146406582968, 0.996262197908, 0.102142390168, 0.994445247816, 0.00440393301512, 0.987327244388, 0.0, 0.985804910344, 0.00206543474677, 0.0110133102603, 19.0, 2.0, 6.51727150315
0.0, 0.00979343393785, 0.0, 0.0, 3.46404571764e-05, 0.00306793469862, 0.00817770862539, 0.0, 0.0, 0.0, 0.0, 0.00419375840037, 4.19215515395e-07, 0.00740757449727, 0.0, 0.999960242185, 0.0113842022696, 0.00222969949743, 0.0053223157744, 0.00643530569083, 0.000305641307772, 0.994124231112, 0.96818367403, 0.0, 0.0, 0.0102964181412, 0.0, 0.000100171780459, 37.0, 0.0, 2.72650118457
0.0, 0.00988823495933, 0.0434733622287, 0.0, 3.46404571764e-05, 0.00306793469862, 0.00597006348224, 3.38864317586e-07, 0.0, 0.0, 1.27645545626e-06, 0.00425997008752, 0.00909326432387, 0.00710408908195, 0.0, 0.999960242185, 0.0106299563836, 0.00222969949743, 0.0053223157744, 0.00643530569083, 0.000305641307772, 0.994124231112, 0.96012851121, 0.0060398437615, 0.0373869294254, 0.0102863114797, 0.0, 0.000100171780459, 37.0, 0.0, 2.72650118457
0.0, 8.54561309892e-05, 0.0, 0.0, 3.46404571764e-05, 0.0131196400195, 0.0101687319925, 0.0, 0.00362579502, 0.00902480499732, 0.0, 0.00419375840037, 4.23887115323e-07, 0.00738765414032, 0.00168887537733, 0.999960294394, 0.00822596594392, 0.00222969949743, 0.0053223157744, 0.00643530569083, 0.104217133975, 0.991216222297, 0.975117723326, 0.0, 8.69556661397e-06, 0.00044620273395, 0.0, 0.000100117928323, 37.0, 0.0, 2.72650118457
0.00277776332609, 0.0161511239938, 0.0, 9.34653748906e-10, 0.97007477541, 0.00401572450283, 0.970319345101, 0.0, 1.0, 0.0, 0.0, 0.970228466845, 0.98689615356, 0.0220660327688, 0.994760952801, 0.999996759128, 0.00735512473955, 1.0, 0.00857491974374, 1.0, 0.949222229891, 0.0, 0.985194154389, 0.974122082006, 0.99965964785, 0.0, 2.36613691001e-07, 1.0, 14.0, 1.0, 9.65675827301
0.064069051907, 0.000134493960287, 0.0, 8.87438269282e-06, 0.993980591189, 4.75969090591e-08, 0.0254968632994, 7.95622372998e-08, 0.00580508042425, 0.0260351680038, 2.54537690977e-07, 0.984051450039, 0.0190211522538, 0.952643340412, 0.98366324157, 0.999605165504, 0.964090078268, 0.00866175018715, 0.00529315670696, 0.999993792585, 0.000714973116333, 0.945600697156, 0.000779240401916, 0.985705576727, 0.00961960876626, 0.017594338854, 0.0, 0.974120901608, 18.0, 0.0, 7.2542131351
0.00421990324516, 0.0, 0.0434630022433, 1.50990178557e-07, 0.0, 0.00397621171694, 0.0, 6.28324184968e-05, 0.0188921382663, 0.0109033526517, 0.000120344859027, 9.33175509375e-10, 0.0101116197304, 0.0174390887024, 0.999554575627, 0.999189501438, 1.1478099421e-05, 0.00919249280235, 1.53704608835e-07, 0.024470294143, 0.0, 0.0, 0.00452139812245, 0.974298515082, 0.976644503309, 5.24493023274e-05, 2.35175829192e-07, 0.0555823172589, 36.0, 0.0, 2.779279326
0.00409665233568, 0.00270694181392, 0.0, 8.9721622033e-10, 0.999997701052, 0.00321853418904, 1.09160586519e-05, 2.46126149532e-05, 0.0, 0.184424771694, 0.000114994390293, 9.70013198742e-12, 0.0, 0.0, 0.0, 0.999978281346, 2.2311778028e-08, 0.0202345251579, 1.54517039262e-07, 2.11548361435e-05, 0.0101400186594, 0.00866395658406, 0.0, 0.961062911192, 0.0, 2.33678970751e-05, 1.90528046476e-09, 0.0102499300254, 40.0, 2.0, 2.05333504485
0.00277776332609, 0.0161511239938, 0.0, 0.0, 0.992007652278, 0.0, 0.987143181459, 0.0, 1.0, 0.0, 0.0, 0.982256627044, 0.999723483915, 1.0, 0.994888211218, 1.0, 1.0, 1.0, 0.00854051637288, 1.0, 1.0, 0.0, 1.0, 1.0, 1.0, 0.0, 0.0, 1.0, 12.0, 0.0, 11.1168475829
0.00277776332609, 0.0161511239938, 0.0, 0.0, 0.991947373273, 0.0, 0.987143181459, 0.0124145818203, 1.0, 0.0, 0.0, 0.978745337669, 0.999723483915, 1.0, 0.994858805869, 1.0, 1.0, 1.0, 0.00590328201578, 1.0, 1.0, 0.0, 0.986578007557, 1.0, 0.986489999493, 0.0, 0.00745034020602, 1.0, 12.0, 0.0, 11.1168475829
0.0124350647149, 0.0, 0.0, 0.00417157879086, 0.980083685445, 0.950561873665, 8.61557711477e-05, 0.00439721690563, 0.00525827154122, 0.0140970604233, 0.0, 0.948363590298, 0.98611989544, 0.985540521658, 1.0, 1.0, 0.0207037470487, 5.98979879582e-05, 0.0, 0.984763888032, 0.0, 1.0, 0.0140946576416, 1.0, 0.0, 0.0, 0.0, 0.999996844541, 17.0, 0.0, 7.88121168628
0.0, 0.0840922842448, 0.00149804842895, 0.0148203203518, 0.979020765839, 4.60707390962e-06, 0.00328094688049, 0.00434917175417, 0.0036326077519, 0.000186096960981, 0.0, 0.00601561504846, 0.0101474637043, 0.0092136819169, 0.999984910552, 0.999999914313, 0.10702958843, 8.82566304124e-05, 0.0247243591512, 0.984727496472, 0.102142390168, 0.993995775792, 0.00440393301512, 0.999846674038, 0.956295016544, 0.0052250990432, 0.00209463406984, 0.011007595058, 27.0, 0.0, 4.14190609861
0.0, 0.00422484387396, 0.0, 0.0, 1.0, 0.0, 0.0, 0.0, 0.0, 0.0, 0.0, 0.0, 0.0, 0.0, 0.0, 1.0, 0.0033659158546, 0.00829312750686, 0.0, 0.0, 1.0, 0.00553758314675, 0.0, 0.00211006612524, 0.0, 0.0, 0.0, 0.0, 40.0, 1.0, 2.21016081293
0.0, 0.00268663186903, 0.0, 0.0, 0.986581973401, 0.0, 0.0, 0.001645078195, 0.00878784192958, 0.0, 0.0, 0.000160769076039, 0.0, 2.06982956806e-05, 0.0, 1.0, 0.0033644302777, 8.91810483065e-06, 0.0, 0.0, 0.999537233623, 0.00553758314675, 0.0, 0.00211006612524, 0.0, 0.0, 0.0, 0.0, 40.0, 1.0, 2.21016081293
0.0, 0.00422484387396, 0.0, 0.0, 1.0, 0.00321853418904, 0.0, 0.0, 0.0, 0.0, 0.0, 0.0, 0.0, 0.0, 0.0, 0.999978281346, 0.00344786598541, 0.00828005520575, 0.0, 0.0, 1.0, 0.00553758314675, 0.0, 0.00211006612524, 0.0, 0.0, 0.0, 6.02126943307e-07, 40.0, 1.0, 2.21016081293
0.00409665233568, 0.00422484387396, 0.0, 8.9721622033e-10, 1.0, 0.00321853418904, 0.0, 0.0, 0.0, 7.79843239964e-05, 0.000116065006667, 9.70013198742e-12, 0.0, 0.0, 0.0, 0.999978281346, 2.45742686631e-05, 0.0571961790789, 1.54517039262e-07, 2.11548361435e-05, 1.0, 0.00565834455444, 0.0, 0.00211006612524, 0.0, 5.32557747183e-05, 1.90528046476e-09, 6.02126943307e-07, 40.0, 1.0, 2.21016081293
6.93012584375e-05, 0.00290223258406, 0.0, 0.0185211011018, 0.999813287912, 2.72046074566e-05, 0.00666828746719, 9.38093951521e-07, 0.00754730705825, 1.53333930727e-05, 0.000118272400756, 9.94534797978e-12, 6.65784251084e-06, 0.00145231407156, 0.99598828892, 1.0, 0.0157047457316, 9.94480792362e-05, 0.00864663729972, 0.0104244571181, 0.986431999786, 0.00270836967205, 0.00794522726216, 0.00214772643977, 0.00434200758113, 5.35447872857e-05, 0.00754802274093, 5.94714867093e-05, 36.0, 1.0, 2.73508643606
0.995610507161, 0.0150824257614, 0.0, 0.00901056724693, 0.954368550601, 0.00253960376557, 0.00819246982077, 2.89822035944e-05, 0.00375796401282, 0.0109576469058, 0.0, 0.987675001305, 0.992277304109, 0.986114034214, 0.99943584646, 0.999837945376, 0.972342717845, 7.71443579939e-05, 0.00166900717583, 1.0, 0.0, 0.972557938102, 0.0101212167705, 0.968194179631, 0.983962607782, 0.0, 8.29030051195e-08, 0.982103271215, 13.0, 0.0, 10.15673965
2.13140920476e-05, 0.000159461961765, 0.0, 0.0, 0.992007652278, 6.14083901809e-07, 0.998730828484, 0.0, 0.00469059542637, 0.0, 0.0, 0.982256627044, 0.999708177687, 0.957765037631, 0.997284183319, 1.0, 0.00533888202839, 1.0, 0.00854051637288, 1.0, 1.0, 0.0, 0.979559818416, 0.999966544292, 0.00256807486131, 0.00399281471527, 1.66422803953e-05, 0.99588869066, 15.0, 0.0, 9.11187332359
0.0027536204361, 0.00974970858615, 0.0, 0.0385914912041, 0.977711893653, 0.0, 0.00836266199922, 0.00566377625941, 0.0, 0.0141186376786, 0.0, 0.951102329223, 0.985643299441, 0.00207938559752, 0.977631303319, 1.0, 0.0307295436999, 0.9918189914, 0.0, 0.999756649232, 0.0, 0.972373659426, 0.983295465114, 0.963852737231, 0.999981653263, 0.0, 0.0, 0.979527703007, 16.0, 1.0, 8.25163833904
0.0, 4.08924337746e-05, 2.56517459731e-06, 3.47465769423e-05, 0.999848059248, 5.74832671231e-05, 0.000575468756966, 3.00279493704e-07, 0.00364253196829, 3.90107810223e-05, 0.245173509211, 0.00598687674157, 0.0353838873157, 0.00146708763559, 0.995418007216, 1.0, 0.00709696920023, 7.00609485025e-05, 0.00586166214485, 0.915234304554, 0.99762194236, 0.00272354238593, 0.00585238781349, 0.999349101332, 0.00924433355334, 0.0, 0.00728761098785, 0.906583946475, 24.0, 0.0, 4.5665504642
0.0639755061531, 0.0191987099336, 0.0, 0.0, 0.993352095829, 1.55641889701e-05, 0.969330341837, 0.0, 0.00580508042425, 0.0262984686884, 2.54537690977e-07, 0.984051450039, 0.0190211522538, 0.986615340939, 0.987705974666, 0.999610994486, 0.977970846623, 0.00866175018715, 0.00529315670696, 1.0, 0.000714973116333, 0.945600697156, 0.985960818837, 0.985705576727, 0.0225246858448, 2.5574917805e-05, 0.0, 0.979426331568, 16.0, 0.0, 8.39125308074
0.0, 0.970981751755, 0.0, 0.0, 0.997546182611, 0.0179951833773, 1.0, 0.955976353389, 0.994060347546, 0.0, 0.0, 0.98180578064, 0.0, 1.0, 0.99645660002, 0.970890469804, 0.981667957845, 0.970168309568, 0.0, 1.0, 0.974618000675, 0.0, 0.0, 0.985569621928, 0.959932549476, 1.11313723092e-07, 0.973728797273, 0.0, 11.0, 0.0, 12.4382797814
0.990255567557, 0.01042617964, 0.0, 0.979185576666, 0.0, 0.969041563834, 0.991702201225, 0.00225900488644, 1.83848847166e-05, 0.00925577668496, 0.0, 0.999979585386, 0.987744826794, 1.0, 1.0, 1.0, 0.990412663499, 0.991817276062, 0.010848503067, 0.999992396317, 0.00747547760333, 0.970193041315, 0.0, 0.987415650366, 0.0, 0.0354425033436, 1.0, 0.0, 9.0, 0.0, 13.0882929978
0.00416551684842, 0.0, 0.0, 1.82107334723e-05, 0.939722079334, 0.0108379669655, 0.00123580947013, 2.54994970332e-05, 0.0198045571501, 0.0110811531982, 0.0, 0.00555060034499, 0.00822998732383, 0.0100494764516, 0.998093243493, 1.0, 0.00331408148792, 0.0, 0.00541131189376, 0.0, 0.103083233917, 0.993995775792, 0.00440393301512, 0.987327920406, 0.0, 0.985804910344, 0.00012377906836, 0.0109939341689, 28.0, 2.0, 3.92014546942
7.54864028926e-11, 0.00422527695894, 0.000452398649167, 0.0, 0.999851019158, 2.17690185072e-07, 0.00051815294726, 4.48491542251e-05, 0.00366356592962, 0.00893174861583, 0.00183141106804, 5.28179960541e-07, 0.0, 0.00178719450498, 0.000343244787084, 1.0, 0.00325747962956, 0.00829468389673, 0.00591311543204, 4.52620152764e-05, 0.00874733039506, 0.958709861641, 0.00388643783064, 0.942452891175, 0.977227871024, 0.0189114635666, 0.000119933135738, 0.0101638588232, 35.0, 2.0, 2.88911149374
0.0, 0.00993084625665, 0.0, 0.0259887874247, 0.990712568417, 0.0, 0.00688906023721, 6.09178790488e-05, 0.00428292893985, 0.0, 0.0, 0.0106652926287, 0.00747497042316, 1.28596705272e-05, 0.0103217386111, 1.0, 0.00402201516968, 0.00635461588623, 0.0, 0.900406296043, 0.000872937389899, 0.978354141589, 0.0103163058747, 0.990053778374, 0.981229996159, 8.83556557709e-05, 0.00710161114062, 0.0, 31.0, 1.0, 3.61698047548
0.0, 0.000102196378949, 0.0015073628286, 0.00432940733727, 0.0044870950941, 0.0, 1.0, 0.0, 0.0036326077519, 0.00916983209747, 0.0, 5.35471892235e-05, 0.0, 0.0, 0.977063644582, 0.999994951881, 0.0839278564882, 0.0, 0.0244881132788, 0.988087963795, 0.102142390168, 0.993995775792, 0.00440393301512, 0.999846674038, 0.00273961651533, 0.990149585321, 0.00206543474677, 0.011007595058, 24.0, 1.0, 5.10752040506
0.990255567557, 0.991578834278, 0.0, 0.00385686575369, 0.00200287106244, 0.000721623774469, 0.984665697417, 0.00228306302572, 0.996168743459, 0.00936195140369, 0.0, 0.962613759501, 0.987716431783, 0.00691604082795, 0.999998870514, 1.0, 0.990497723132, 0.991817276062, 0.0107927850903, 0.999992394041, 0.0177160948218, 0.970193041315, 0.991154429499, 0.99977440272, 0.0, 0.0354425033436, 0.0626859526744, 0.941699707421, 11.0, 1.0, 12.2595237866
0.995610507161, 0.00995452880618, 0.0, 0.0, 0.992060500958, 0.00253960376557, 0.00819246982077, 0.0, 0.00375796401282, 0.0169174247831, 0.0, 0.987675001305, 0.992277304109, 0.986114034214, 0.00389261503039, 0.956389159181, 0.999720351319, 0.00873726214706, 0.00166236968722, 1.0, 0.0, 0.972557938102, 0.0101212167705, 0.96788806941, 0.0185450291837, 0.0, 8.29030051195e-08, 0.982174134236, 15.0, 1.0, 9.45840838454
0.00301573041171, 0.0, 0.0, 0.0, 0.98667243047, 0.965843345901, 0.968941607682, 0.00163853912421, 0.00364800469633, 0.00898527113039, 0.0, 0.00555060034499, 0.0, 0.934289551268, 0.00202526406609, 1.0, 0.0031587154256, 0.0, 0.0054167932165, 0.951174638542, 0.0909789062925, 0.99021709282, 0.017847193184, 0.999992463854, 0.0, 0.00706983461292, 0.991682370519, 0.0110704398891, 22.0, 1.0, 6.2900791462
6.89566069775e-05, 3.97916791316e-05, 0.0, 0.982182411084, 1.0, 0.0, 0.0118983751136, 2.24056906675e-08, 0.0092395347273, 0.0, 0.0, 0.0, 1.0, 0.00146453486137, 1.0, 1.0, 0.0157047457316, 0.00987105371999, 0.0088330408104, 1.0, 0.999977714498, 0.00270836967205, 0.999969658748, 0.987853289631, 0.00420136165229, 0.0, 0.00728761098785, 0.906583946475, 18.0, 0.0, 8.15316019142
0.00416551684842, 0.0, 0.0, 1.8207745853e-05, 0.939722079334, 0.00879809102802, 0.00123580947013, 2.54994970332e-05, 0.0198045571501, 0.0110811531982, 0.0, 1.40902715558e-06, 7.17502072095e-05, 0.00990168574511, 0.998093243493, 1.0, 0.00331408148792, 0.0, 0.00541131189376, 0.00351651233954, 0.103083233917, 0.993995775792, 0.00440393301512, 0.987327920406, 0.0, 0.985804910344, 0.00012377906836, 0.0109939341689, 28.0, 2.0, 3.92014546942
1.87158751707e-08, 0.00142614409361, 0.000426871812477, 3.48393651738e-05, 0.973624991163, 0.00141254649931, 1.01817452056e-06, 0.0044287511139, 0.00366832702317, 0.00896498956875, 0.00185322414384, 3.73658254472e-05, 0.983407047729, 0.00227113442133, 0.964750706052, 1.0, 0.000195258945512, 0.00983853433584, 0.0, 0.997499644834, 7.06897883013e-05, 0.991822908157, 0.00394204174314, 0.998494014813, 0.990054524701, 0.0, 7.7862400508e-07, 0.00118641639557, 26.0, 0.0, 5.12295995359
0.0, 0.000102196378949, 1.70123253475e-07, 0.00432940733727, 0.0044870950941, 0.0, 0.966238214095, 2.09918831215e-07, 8.04209953806e-05, 0.0108992933827, 0.0, 5.35471892235e-05, 0.0, 0.0, 0.999651985835, 0.999994951881, 0.0793565704553, 3.03526960091e-05, 0.0243817098446, 0.988789147062, 0.104160390361, 0.993995775792, 0.0084215024729, 0.999846674038, 0.00960746603749, 0.991928021516, 5.44183657558e-06, 0.011007595058, 24.0, 1.0, 5.10752040506
0.00547519782548, 0.00995452880618, 0.0, 2.90181479758e-07, 0.994022170907, 0.00901584766398, 0.00819246982077, 0.0, 0.00375796401282, 0.0169174247831, 0.0, 0.962405322006, 0.980494307221, 0.970366242113, 0.995816542873, 0.956389159181, 0.976310335897, 4.39692572657e-05, 0.00166236968722, 1.0, 0.0, 0.993823302704, 0.0101212167705, 0.96788806941, 0.0185450291837, 0.0, 8.29030051195e-08, 0.982174134236, 17.0, 0.0, 8.23526699009
0.00416551684842, 0.0, 0.0, 1.80374564053e-05, 0.939722079334, 0.00880519580775, 0.00123580947013, 2.54994970332e-05, 0.0198045571501, 0.0109034069817, 0.0, 6.56089873016e-05, 3.10827900397e-06, 0.00990009975277, 0.998052039196, 1.0, 0.00331408148792, 0.0, 0.00541131189376, 0.00349183325786, 0.103083233917, 0.993995775792, 0.00440393301512, 0.987327920406, 0.0, 0.985804910344, 0.000125116697368, 0.0109939341689, 28.0, 2.0, 3.92014546942
0.0, 0.0, 0.0, 0.0, 0.0, 0.00306793469862, 0.00650323305158, 0.0, 0.0, 0.0, 0.0, 0.0, 4.19215515395e-07, 0.0, 0.0, 1.0, 0.00331408148792, 0.00554250665783, 0.0053223157744, 0.0, 0.102142390168, 0.993995775792, 0.0, 0.0, 0.0, 0.0101033041448, 0.0, 0.0110991073116, 41.0, 0.0, 2.02798307586
0.00893189302537, 1.73044678869e-06, 0.0, 1.56243421635e-08, 0.00757150271465, 9.9348620048e-06, 0.00430352160356, 6.15493621541e-05, 0.0036326077519, 0.00898527113039, 0.0, 0.00555060034499, 0.0, 7.06933106009e-08, 0.977066765638, 1.0, 0.00327805174503, 7.63422053335e-05, 0.00558877118947, 0.000135143811916, 0.000585549399512, 0.993860454161, 0.00440393301512, 0.987327920406, 0.0110417587782, 0.00646625349056, 0.00206543474677, 0.983320895049, 29.0, 0.0, 3.65650374538
0.990255567557, 0.000139997620859, 0.0, 0.00385686575369, 0.0, 0.00685864686046, 0.991702201225, 0.00225900488644, 0.991310273337, 0.00946955847007, 0.0, 0.962613759501, 0.987744826794, 0.00691604082795, 1.0, 1.0, 0.990497723132, 0.991817276062, 0.0107927850903, 0.999992394041, 0.0177160948218, 0.970193041315, 0.991154429499, 0.99977440272, 0.0, 0.0354425033436, 0.0570999342071, 0.923166035796, 12.0, 1.0, 11.4032359739
2.78832742458e-06, 0.153360108887, 0.0597915159946, 0.0042962760178, 0.980168106485, 0.00134811028836, 0.974063955578, 0.00439721690563, 0.00526181233045, 0.0140970604233, 0.0, 0.982948364909, 0.986050627295, 0.00687519680017, 0.998843849374, 1.0, 0.0207037470487, 0.0252291047709, 0.0, 0.984763888032, 0.0164559470663, 0.991822908157, 0.0225075971193, 0.999962768792, 0.984849926764, 0.0, 0.000353322209311, 0.999870709039, 17.0, 1.0, 7.85656846822
2.78832742458e-06, 0.00143845107498, 0.0, 3.48393651738e-05, 0.973624991163, 0.00130257437851, 1.01817452056e-06, 0.00439721690563, 0.00526181233045, 0.0138477334738, 0.0, 0.00374714053593, 0.983407047729, 0.00227113442133, 0.964750706052, 1.0, 0.000195258945512, 0.00983853433584, 0.0, 0.997499644834, 1.30565951287e-05, 0.991822908157, 0.0140967681953, 0.999965947238, 0.989837223476, 0.0, 0.0, 0.00123587012204, 26.0, 0.0, 5.12295995359
0.0, 0.0, 0.0, 2.89501960966e-07, 0.997473050521, 0.00879317485178, 1.0, 0.0, 0.00526787639981, 0.010903848299, 0.0, 0.00555060034499, 0.0, 0.0, 0.996200206603, 1.0, 0.00025747170638, 0.0, 0.00541131189376, 0.0034136825209, 0.102142390168, 0.993995775792, 9.49838059935e-05, 0.985964093969, 4.01652963599e-05, 0.00422425416716, 1.9312903444e-05, 0.953078951517, 27.0, 1.0, 4.53687587537
0.995610507161, 0.00995452880618, 0.0, 3.18421843722e-07, 0.992060500958, 0.00253960376557, 0.00819246982077, 0.0, 0.00375796401282, 0.0169174247831, 0.0, 0.987005165495, 0.992279488386, 0.98864379535, 0.00389261503039, 0.956356173367, 0.999717595048, 0.00873439924492, 0.00166236968722, 1.0, 0.0, 0.993117268337, 0.00278760452821, 0.9992702045, 0.0185450291837, 0.0, 0.00725496438528, 0.906622364037, 15.0, 1.0, 9.45840838454
2.13140920476e-05, 0.0152640666714, 0.0, 0.0, 0.992007652278, 9.90052298398e-05, 0.987143181459, 0.0, 0.00464881375755, 0.0, 0.0, 0.982256627044, 0.999708177687, 0.986215949592, 0.961848015004, 1.0, 1.0, 1.0, 0.00854051637288, 1.0, 1.0, 0.0, 0.981347526644, 0.999966544292, 0.97556324857, 0.0, 0.0, 0.997799103002, 13.0, 0.0, 10.3534113399
0.0, 1.1514859017e-08, 2.17600643726e-06, 3.47465769423e-05, 0.999848059248, 5.74832671231e-05, 0.000575468756966, 3.00279493704e-07, 0.00364253196829, 0.00921074900513, 0.0022875508306, 0.00598687674157, 0.0357565731846, 0.00146708763559, 0.996609853433, 0.999181265112, 0.00709696920023, 7.00609485025e-05, 0.00587643115552, 0.915259234599, 0.102479028968, 0.00272354238593, 2.47251624962e-05, 0.999453031334, 0.00924433355334, 0.0, 0.00728761098785, 0.906583946475, 28.0, 0.0, 4.17048111236
0.0102298270114, 0.979354281038, 0.00286374359605, 0.0, 0.00823543241383, 0.990201620085, 0.00704345054218, 0.0044062274732, 4.54909276906e-05, 0.0115001195627, 0.0, 0.990461229174, 1.59017493283e-09, 0.993890680646, 0.993086319114, 0.999999997332, 0.0117798736344, 0.95991710969, 0.00535993674181, 0.986535628034, 0.997572658403, 0.0, 0.0, 0.940857932117, 0.970115202186, 0.00985344817139, 0.901627122023, 0.0, 16.0, 0.0, 8.73329676241
0.986967671121, 0.0236351686391, 0.0102618228666, 0.00431646907486, 0.97903797959, 0.00957442857015, 0.00319181096155, 3.53689182078e-05, 5.72256383407e-05, 0.000179619510635, 0.0, 6.05611036599e-05, 0.0101936611283, 0.978476378586, 0.999225847241, 0.999994955688, 0.107183677308, 6.99240932975e-05, 0.0248291580425, 0.984763888032, 0.103687913994, 0.99399548573, 1.61010137974e-05, 0.987182688218, 0.0145201420264, 0.0, 0.0257496185873, 0.988652741131, 20.0, 0.0, 6.73482976868
0.0, 0.0, 0.0, 0.0, 0.941811863688, 0.965843345901, 0.968941607682, 0.0, 0.0036326077519, 0.00898527113039, 0.0, 0.00555060034499, 0.0, 0.934289551268, 0.99605138242, 1.0, 0.00819002841227, 0.0, 0.0054167932165, 0.951174638542, 0.102142390168, 0.991184565909, 0.017847193184, 0.999992463854, 0.0, 0.00706983461292, 0.991682370519, 0.0109939341689, 21.0, 0.0, 6.57695866558
0.0, 0.0, 0.0, 0.0, 0.0, 2.72675515852e-05, 0.0, 0.0, 0.00755041642367, 0.0, 0.0, 0.0, 0.0, 0.0, 0.0, 1.0, 0.0, 3.9000548629e-05, 0.0, 0.0, 0.0, 0.993838975775, 0.0, 0.0, 0.0, 0.0, 0.0, 0.0, 41.0, 0.0, 2.02798307586
3.75621212045e-05, 1.73044678869e-06, 0.0, 2.28923757979e-07, 0.993622940843, 9.9348620048e-06, 0.00430352160356, 6.15493621541e-05, 0.00926275834514, 0.00898527113039, 0.0, 3.69550531922e-05, 0.0, 7.06933106009e-08, 0.977066765638, 1.0, 0.00327805174503, 7.63422053335e-05, 0.00558877118947, 0.991432573709, 0.000585549399512, 0.011061897412, 0.00440393301512, 0.987327920406, 0.0110417587782, 0.00646625349056, 0.00206543474677, 0.0191776208527, 32.0, 0.0, 3.30612964972
0.0030597635187, 6.63771269241e-06, 0.0, 0.97659411772, 1.0, 0.994808695999, 0.959707597666, 0.0, 0.00663749974462, 0.0, 0.0, 0.997126128882, 0.983296260341, 0.997871138614, 1.0, 1.0, 1.0, 1.0, 0.977973084311, 1.0, 0.999564924815, 0.990984421801, 0.00402194393457, 1.0, 0.0, 0.0, 0.997006556093, 0.0, 11.0, 0.0, 13.0744270171
1.0, 0.977153529666, 0.00289083578897, 0.00921527696715, 0.954017613698, 0.980334562913, 0.0, 0.00439721690563, 0.00525876593035, 0.0109146850571, 0.0, 0.0, 0.986046162903, 0.986951016222, 1.0, 1.0, 0.027178735553, 0.0, 0.0, 0.984763888032, 0.0, 0.986751850823, 0.926413133422, 1.0, 0.998843048044, 0.0, 0.0, 1.0, 15.0, 0.0, 9.92675505248
0.00893189302537, 0.0112492754688, 0.010038238946, 0.00810971753043, 0.00757150271465, 4.18631193117e-08, 0.00027843421799, 6.15493621541e-05, 0.00947498909669, 0.000919346848535, 0.0, 0.0902113556378, 0.0, 7.06933106009e-08, 0.100217627387, 1.0, 0.003590945645, 7.63422053335e-05, 2.47313628438e-05, 0.000135143811916, 0.000585549399512, 0.99363624013, 0.00441205166818, 0.98259710012, 0.0109275907456, 0.0056356079656, 0.00206543474677, 0.970692222091, 33.0, 1.0, 3.13157812226
1.36551012689e-10, 0.0, 0.000180856520056, 1.93191763439e-05, 0.0116349640292, 5.45930303355e-05, 0.967712447761, 1.84242212182e-07, 0.0437101434259, 0.00898527113039, 0.0, 0.00555060034499, 7.45841144744e-05, 0.0156180247054, 0.996597780302, 0.999197465208, 0.00315978350972, 0.0, 0.00524910711402, 0.950968282403, 0.102142390168, 0.991184565909, 8.91356491556e-06, 0.987327920406, 0.0, 0.00706983461292, 0.991682370519, 0.0174638629939, 24.0, 0.0, 5.26049157145
