0.0275003110971, 0.0680939813586, 0.189299349942, 0.290704223751, 0.0941126294134, 0.79135740547, 0.258036394072, 0.0963293561034, 0.102475364927, 0.800404955477, 0.0733537217938, 0.10755479682, 0.0439258749157, 0.717409703565, 0.062256181242, 0.175572191999, 0.0926357582365, 0.272556721451, 0.644514421885, 0.730844522569, 0.437339317575, 0.216631948709, 0.0275003110971, 0.0680939813586, 14.3386716212
0.0275003110971, 0.0680939813586, 0.189299349942, 0.290704223751, 0.0941126294134, 0.79135740547, 0.258036394072, 0.0963293561034, 0.102475364927, 0.800404955477, 0.0733537217938, 0.10755479682, 0.0439258749157, 0.717409703565, 0.062256181242, 0.175572191999, 0.0926357582365, 0.272556721451, 0.644514421885, 0.730844522569, 0.437339317575, 0.216631948709, 0.0275003110971, 0.0680939813586, 14.3386716212
0.0028393359456, 0.139124546049, 0.106107515148, 0.27727631093, 0.0546216494073, 0.0623570623696, 0.113510573894, 0.177635915139, 0.390770630189, 0.400351470858, 0.597902794101, 0.0337613560807, 0.297104669167, 0.775336289523, 0.455296159389, 0.00552620097889, 0.234447028253, 0.226693774709, 0.00611512625929, 0.900155508221, 0.202094922627, 0.104616963402, 0.0028393359456, 0.139124546049, 13.2690406225
0.0028393359456, 0.139124546049, 0.106107515148, 0.27727631093, 0.0546216494073, 0.0623570623696, 0.113510573894, 0.177635915139, 0.390770630189, 0.400351470858, 0.597902794101, 0.0337613560807, 0.297104669167, 0.775336289523, 0.455296159389, 0.00552620097889, 0.234447028253, 0.226693774709, 0.00611512625929, 0.900155508221, 0.202094922627, 0.104616963402, 0.0028393359456, 0.139124546049, 13.2690406225
5.63605150938e-06, 0.0492884619599, 0.689793799106, 0.301314236619, 0.329254050483, 0.346886483512, 0.00217717032541, 0.0159850700165, 0.921035123683, 0.368483421666, 0.975884861727, 0.609228581881, 0.594481740835, 0.864828178523, 0.747348151088, 0.21731790339, 0.796138641579, 0.959955615359, 0.0230415482269, 0.756871234112, 0.939948081037, 0.639983329592, 5.63605150938e-06, 0.0492884619599, 20.9664473001
5.63605150938e-06, 0.0492884619599, 0.689793799106, 0.301314236619, 0.329254050483, 0.346886483512, 0.00217717032541, 0.0159850700165, 0.921035123683, 0.368483421666, 0.975884861727, 0.609228581881, 0.594481740835, 0.864828178523, 0.747348151088, 0.21731790339, 0.796138641579, 0.959955615359, 0.0230415482269, 0.756871234112, 0.939948081037, 0.639983329592, 5.63605150938e-06, 0.0492884619599, 20.9664473001
0.000883339633087, 0.25957328614, 0.106107515148, 0.27727631093, 0.0546216494073, 0.0623570623696, 0.113510573894, 0.670215197152, 0.390770630189, 0.400351470858, 0.597902794101, 0.00700187617885, 0.297104669167, 0.775336289523, 0.455296159389, 0.00552620097889, 0.234447028253, 0.226693774709, 0.00611512625929, 0.900155508221, 0.202094922627, 0.104616963402, 0.000883339633087, 0.25957328614, 13.8676382299
0.000883339633087, 0.25957328614, 0.106107515148, 0.27727631093, 0.0546216494073, 0.0623570623696, 0.113510573894, 0.670215197152, 0.390770630189, 0.400351470858, 0.597902794101, 0.00700187617885, 0.297104669167, 0.775336289523, 0.455296159389, 0.00552620097889, 0.234447028253, 0.226693774709, 0.00611512625929, 0.900155508221, 0.202094922627, 0.104616963402, 0.000883339633087, 0.25957328614, 13.8676382299
0.0270365093788, 0.024626214309, 0.189299349942, 0.554852976206, 0.0941126294134, 0.79135740547, 0.258036394072, 0.123716482585, 0.281234370912, 0.261232390924, 0.0733537217938, 0.10755479682, 0.175209786175, 0.278882741401, 0.470279159581, 0.219229932619, 0.0861573195565, 0.272556721451, 0.465913698043, 0.206234819404, 0.411688769014, 0.93606250652, 0.0270365093788, 0.024626214309, 14.4344568619
0.0270365093788, 0.024626214309, 0.189299349942, 0.554852976206, 0.0941126294134, 0.79135740547, 0.258036394072, 0.123716482585, 0.281234370912, 0.261232390924, 0.0733537217938, 0.10755479682, 0.175209786175, 0.278882741401, 0.470279159581, 0.219229932619, 0.0861573195565, 0.272556721451, 0.465913698043, 0.206234819404, 0.411688769014, 0.93606250652, 0.0270365093788, 0.024626214309, 14.4344568619
0.535324057215, 0.000684855110018, 0.0419765670459, 0.429335736557, 0.44586584811, 0.913015900565, 0.754091585818, 0.000196994950034, 0.0536266630174, 0.162278111186, 0.0667431356595, 0.200867694248, 0.114687204194, 0.405605368817, 0.121858164315, 0.851709071101, 0.195744313308, 0.02536157313, 0.680841461697, 0.734768915543, 0.367115470116, 0.17983876374, 0.535324057215, 0.000684855110018, 15.1004128117
0.535324057215, 0.000684855110018, 0.0419765670459, 0.429335736557, 0.44586584811, 0.913015900565, 0.754091585818, 0.000196994950034, 0.0536266630174, 0.162278111186, 0.0667431356595, 0.200867694248, 0.114687204194, 0.405605368817, 0.121858164315, 0.851709071101, 0.195744313308, 0.02536157313, 0.680841461697, 0.734768915543, 0.367115470116, 0.17983876374, 0.535324057215, 0.000684855110018, 15.1004128117
0.149161530965, 0.500364633151, 0.459863827244, 0.0446293330443, 0.319795023855, 0.0776981490549, 0.306540753519, 0.479843693282, 0.0353557978238, 0.157988911729, 0.264005027302, 0.577279984556, 0.121718501635, 0.342093871414, 0.72287845515, 0.344468493015, 0.00916059574836, 0.0378690584915, 0.454004018882, 0.391478644627, 0.0538047405707, 0.00251413127203, 0.149161530965, 0.500364633151, 12.9711918404
0.149161530965, 0.500364633151, 0.459863827244, 0.0446293330443, 0.319795023855, 0.0776981490549, 0.306540753519, 0.479843693282, 0.0353557978238, 0.157988911729, 0.264005027302, 0.577279984556, 0.121718501635, 0.342093871414, 0.72287845515, 0.344468493015, 0.00916059574836, 0.0378690584915, 0.454004018882, 0.391478644627, 0.0538047405707, 0.00251413127203, 0.149161530965, 0.500364633151, 12.9711918404
0.0303501081378, 0.826563675998, 0.189299349942, 0.290704223751, 0.0941126294134, 0.79135740547, 0.258036394072, 0.0963293561034, 0.102475364927, 0.101045619342, 0.456889998852, 0.10755479682, 0.199935900463, 0.278882741401, 0.062256181242, 0.175572191999, 0.0926357582365, 0.1408910078, 0.644514421885, 0.730844522569, 0.437339317575, 0.216631948709, 0.0303501081378, 0.826563675998, 13.0726334103
0.0303501081378, 0.826563675998, 0.189299349942, 0.290704223751, 0.0941126294134, 0.79135740547, 0.258036394072, 0.0963293561034, 0.102475364927, 0.101045619342, 0.456889998852, 0.10755479682, 0.199935900463, 0.278882741401, 0.062256181242, 0.175572191999, 0.0926357582365, 0.1408910078, 0.644514421885, 0.730844522569, 0.437339317575, 0.216631948709, 0.0303501081378, 0.826563675998, 13.0726334103
0.0303501081378, 0.0680939813586, 0.189299349942, 0.290704223751, 0.0941126294134, 0.79135740547, 0.258036394072, 0.0963293561034, 0.102475364927, 0.101045619342, 0.0733537217938, 0.10755479682, 0.199935900463, 0.717409703565, 0.062256181242, 0.175572191999, 0.0926357582365, 0.272556721451, 0.644514421885, 0.730844522569, 0.437339317575, 0.216631948709, 0.0303501081378, 0.0680939813586, 13.6054944482
0.0303501081378, 0.0680939813586, 0.189299349942, 0.290704223751, 0.0941126294134, 0.79135740547, 0.258036394072, 0.0963293561034, 0.102475364927, 0.101045619342, 0.0733537217938, 0.10755479682, 0.199935900463, 0.717409703565, 0.062256181242, 0.175572191999, 0.0926357582365, 0.272556721451, 0.644514421885, 0.730844522569, 0.437339317575, 0.216631948709, 0.0303501081378, 0.0680939813586, 13.6054944482
0.0354706223259, 0.0415489868269, 0.847845009273, 0.102617507877, 0.151831355379, 0.882466489532, 0.00485874744358, 0.666482992669, 0.00749878189592, 0.220038660372, 0.258411069643, 0.14620149366, 0.0113046968168, 0.0543604454985, 0.0151927278451, 0.499182360656, 0.514110915083, 0.308041123701, 0.0684207541225, 0.0619109253023, 0.217890370567, 0.209500494918, 0.0354706223259, 0.0415489868269, 13.0663130723
0.0354706223259, 0.0415489868269, 0.847845009273, 0.102617507877, 0.151831355379, 0.882466489532, 0.00485874744358, 0.666482992669, 0.00749878189592, 0.220038660372, 0.258411069643, 0.14620149366, 0.0113046968168, 0.0543604454985, 0.0151927278451, 0.499182360656, 0.514110915083, 0.308041123701, 0.0684207541225, 0.0619109253023, 0.217890370567, 0.209500494918, 0.0354706223259, 0.0415489868269, 13.0663130723
0.000484452812833, 0.00173041014028, 0.246984257645, 0.532085102158, 0.0170939414263, 0.348390232522, 0.757447077056, 0.97486663661, 0.123343425668, 0.0898680166522, 0.112527845246, 0.264376951634, 0.801768182357, 0.409865764979, 0.454274946825, 0.156789806019, 0.0272114409001, 0.0267797619426, 0.932579826915, 0.52699004639, 0.0368190061466, 0.275799429416, 0.000484452812833, 0.00173041014028, 15.6059498271
0.000484452812833, 0.00173041014028, 0.246984257645, 0.532085102158, 0.0170939414263, 0.348390232522, 0.757447077056, 0.97486663661, 0.123343425668, 0.0898680166522, 0.112527845246, 0.264376951634, 0.801768182357, 0.409865764979, 0.454274946825, 0.156789806019, 0.0272114409001, 0.0267797619426, 0.932579826915, 0.52699004639, 0.0368190061466, 0.275799429416, 0.000484452812833, 0.00173041014028, 15.6059498271
0.854410441301, 0.175787630978, 0.110004218669, 0.291645861901, 0.00653447246709, 0.0433634563111, 0.0761558936779, 0.0164765854858, 0.810593823519, 0.822981751736, 0.106413908163, 0.0093171874771, 0.235717117103, 0.122068894759, 0.103924331955, 0.637851424546, 0.35998089043, 0.11380514556, 0.0890462832949, 0.0764278199004, 0.161287756555, 0.123992351019, 0.854410441301, 0.175787630978, 11.492313621
0.854410441301, 0.175787630978, 0.110004218669, 0.291645861901, 0.00653447246709, 0.0433634563111, 0.0761558936779, 0.0164765854858, 0.810593823519, 0.822981751736, 0.106413908163, 0.0093171874771, 0.235717117103, 0.122068894759, 0.103924331955, 0.637851424546, 0.35998089043, 0.11380514556, 0.0890462832949, 0.0764278199004, 0.161287756555, 0.123992351019, 0.854410441301, 0.175787630978, 11.492313621
0.0014254652925, 0.139124546049, 0.106107515148, 0.27727631093, 0.0546216494073, 0.0623570623696, 0.113510573894, 0.670215197152, 0.390770630189, 0.400351470858, 0.597902794101, 0.0337613560807, 0.297104669167, 0.78287969431, 0.455296159389, 0.00552620097889, 0.0913309385844, 0.226693774709, 0.00548334421369, 0.900155508221, 0.202094922627, 0.104616963402, 0.0014254652925, 0.139124546049, 13.7489465553
0.0014254652925, 0.139124546049, 0.106107515148, 0.27727631093, 0.0546216494073, 0.0623570623696, 0.113510573894, 0.670215197152, 0.390770630189, 0.400351470858, 0.597902794101, 0.0337613560807, 0.297104669167, 0.78287969431, 0.455296159389, 0.00552620097889, 0.0913309385844, 0.226693774709, 0.00548334421369, 0.900155508221, 0.202094922627, 0.104616963402, 0.0014254652925, 0.139124546049, 13.7489465553
0.000218253206846, 0.0439158878965, 0.680255823752, 0.164766670142, 0.894329295728, 0.521818290823, 0.00485874744358, 0.666482992669, 0.704352488763, 0.220038660372, 0.34816361029, 0.084900411317, 0.20360134125, 0.433619079762, 0.0151927278451, 0.430927630974, 0.514110915083, 0.372159809857, 0.104919041917, 0.0619109253023, 0.0522585409706, 0.209500494918, 0.000218253206846, 0.0439158878965, 15.0166476552
0.000218253206846, 0.0439158878965, 0.680255823752, 0.164766670142, 0.894329295728, 0.521818290823, 0.00485874744358, 0.666482992669, 0.704352488763, 0.220038660372, 0.34816361029, 0.084900411317, 0.20360134125, 0.433619079762, 0.0151927278451, 0.430927630974, 0.514110915083, 0.372159809857, 0.104919041917, 0.0619109253023, 0.0522585409706, 0.209500494918, 0.000218253206846, 0.0439158878965, 15.0166476552
6.19395489865e-06, 0.0313106586049, 0.689793799106, 0.301314236619, 0.20601008627, 0.346886483512, 0.00217717032541, 0.0159850700165, 0.921035123683, 0.368483421666, 0.975884861727, 0.609228581881, 0.594481740835, 0.864828178523, 0.437880300152, 0.21731790339, 0.868050267704, 0.979359031452, 0.0230415482269, 0.756871234112, 0.939948081037, 0.639983329592, 6.19395489865e-06, 0.0313106586049, 20.5137535541
6.19395489865e-06, 0.0313106586049, 0.689793799106, 0.301314236619, 0.20601008627, 0.346886483512, 0.00217717032541, 0.0159850700165, 0.921035123683, 0.368483421666, 0.975884861727, 0.609228581881, 0.594481740835, 0.864828178523, 0.437880300152, 0.21731790339, 0.868050267704, 0.979359031452, 0.0230415482269, 0.756871234112, 0.939948081037, 0.639983329592, 6.19395489865e-06, 0.0313106586049, 20.5137535541
5.74903489337e-05, 0.418092779911, 0.98043844418, 0.235466457502, 0.0934794536027, 0.341796934321, 0.554307574477, 0.917634136575, 0.561896720224, 0.733618936382, 0.149349760763, 0.402884559131, 0.693080203547, 0.77850372694, 0.000545134083893, 0.0524972119048, 0.425348658234, 0.123254897223, 0.440116306996, 0.899477772712, 0.703517625118, 0.80692486228, 5.74903489337e-05, 0.418092779911, 19.3281667637
5.74903489337e-05, 0.418092779911, 0.98043844418, 0.235466457502, 0.0934794536027, 0.341796934321, 0.554307574477, 0.917634136575, 0.561896720224, 0.733618936382, 0.149349760763, 0.402884559131, 0.693080203547, 0.77850372694, 0.000545134083893, 0.0524972119048, 0.425348658234, 0.123254897223, 0.440116306996, 0.899477772712, 0.703517625118, 0.80692486228, 5.74903489337e-05, 0.418092779911, 19.3281667637
0.000484452812833, 0.608723079986, 0.979228019241, 0.181431238291, 0.0686379871175, 0.0902549983065, 0.0815204817631, 0.917634136575, 0.561896720224, 0.0898680166522, 0.112527845246, 0.172387320494, 0.505680733258, 0.760657361111, 0.0285559314679, 0.156789806019, 0.00330723927716, 0.0267797619426, 0.440116306996, 0.369167869244, 0.904635256897, 0.0682681853352, 0.000484452812833, 0.608723079986, 14.7431271108
0.000484452812833, 0.608723079986, 0.979228019241, 0.181431238291, 0.0686379871175, 0.0902549983065, 0.0815204817631, 0.917634136575, 0.561896720224, 0.0898680166522, 0.112527845246, 0.172387320494, 0.505680733258, 0.760657361111, 0.0285559314679, 0.156789806019, 0.00330723927716, 0.0267797619426, 0.440116306996, 0.369167869244, 0.904635256897, 0.0682681853352, 0.000484452812833, 0.608723079986, 14.7431271108
0.0346061376954, 0.00732944109048, 0.0419765670459, 0.190361318265, 0.44586584811, 0.913015900565, 0.754091585818, 0.000196994950034, 0.0536266630174, 0.162278111186, 0.0667431356595, 0.458555221435, 0.114687204194, 0.401530937691, 0.121858164315, 0.851709071101, 0.170095960933, 0.02536157313, 0.680841461697, 0.819442210744, 0.392008952648, 0.17983876374, 0.0346061376954, 0.00732944109048, 15.2286734188
0.0346061376954, 0.00732944109048, 0.0419765670459, 0.190361318265, 0.44586584811, 0.913015900565, 0.754091585818, 0.000196994950034, 0.0536266630174, 0.162278111186, 0.0667431356595, 0.458555221435, 0.114687204194, 0.401530937691, 0.121858164315, 0.851709071101, 0.170095960933, 0.02536157313, 0.680841461697, 0.819442210744, 0.392008952648, 0.17983876374, 0.0346061376954, 0.00732944109048, 15.2286734188
0.853140058307, 0.00388091337487, 0.683266254121, 0.47119376766, 0.319795023855, 0.153436458297, 0.331057951577, 0.479843693282, 0.0353557978238, 0.0225726989068, 0.264005027302, 0.0424205103367, 0.121718501635, 0.604418725708, 0.767911337545, 0.270180564067, 0.0151970132728, 0.0378690584915, 0.936637047601, 0.00520903543202, 0.282999073941, 0.00251413127203, 0.853140058307, 0.00388091337487, 13.5754626486
0.853140058307, 0.00388091337487, 0.683266254121, 0.47119376766, 0.319795023855, 0.153436458297, 0.331057951577, 0.479843693282, 0.0353557978238, 0.0225726989068, 0.264005027302, 0.0424205103367, 0.121718501635, 0.604418725708, 0.767911337545, 0.270180564067, 0.0151970132728, 0.0378690584915, 0.936637047601, 0.00520903543202, 0.282999073941, 0.00251413127203, 0.853140058307, 0.00388091337487, 13.5754626486
0.193074068472, 0.00333028434762, 0.0389193179094, 0.429335736557, 0.726158113667, 0.913015900565, 0.754091585818, 0.000196994950034, 0.0536266630174, 0.162278111186, 0.0667431356595, 0.200867694248, 0.114687204194, 0.405605368817, 0.121858164315, 0.851709071101, 0.195744313308, 0.02536157313, 0.649004141584, 0.734768915543, 0.392008952648, 0.17983876374, 0.193074068472, 0.00333028434762, 15.3927130503
0.193074068472, 0.00333028434762, 0.0389193179094, 0.429335736557, 0.726158113667, 0.913015900565, 0.754091585818, 0.000196994950034, 0.0536266630174, 0.162278111186, 0.0667431356595, 0.200867694248, 0.114687204194, 0.405605368817, 0.121858164315, 0.851709071101, 0.195744313308, 0.02536157313, 0.649004141584, 0.734768915543, 0.392008952648, 0.17983876374, 0.193074068472, 0.00333028434762, 15.3927130503
0.193074068472, 0.00333028434762, 0.0389193179094, 0.429335736557, 0.726158113667, 0.913015900565, 0.754091585818, 0.000196994950034, 0.0536266630174, 0.162278111186, 0.0667431356595, 0.200867694248, 0.114687204194, 0.405605368817, 0.121858164315, 0.851709071101, 0.195744313308, 0.02536157313, 0.649004141584, 0.734768915543, 0.392008952648, 0.17983876374, 0.193074068472, 0.00333028434762, 15.3927130503
0.193074068472, 0.00333028434762, 0.0389193179094, 0.429335736557, 0.726158113667, 0.913015900565, 0.754091585818, 0.000196994950034, 0.0536266630174, 0.162278111186, 0.0667431356595, 0.200867694248, 0.114687204194, 0.405605368817, 0.121858164315, 0.851709071101, 0.195744313308, 0.02536157313, 0.649004141584, 0.734768915543, 0.392008952648, 0.17983876374, 0.193074068472, 0.00333028434762, 15.3927130503
0.23750671471, 0.8794155945, 0.0406898463455, 0.015057585069, 0.0032196632074, 0.0623570623696, 0.127799676551, 0.734947227019, 0.582506994832, 0.262984355772, 0.522016273686, 0.110836903347, 0.297104669167, 0.409865764979, 0.455296159389, 0.403403913081, 0.234447028253, 0.628133375578, 0.187849506695, 0.129836606552, 0.0276508396217, 0.0365485027142, 0.23750671471, 0.8794155945, 12.7409729625
0.23750671471, 0.8794155945, 0.0406898463455, 0.015057585069, 0.0032196632074, 0.0623570623696, 0.127799676551, 0.734947227019, 0.582506994832, 0.262984355772, 0.522016273686, 0.110836903347, 0.297104669167, 0.409865764979, 0.455296159389, 0.403403913081, 0.234447028253, 0.628133375578, 0.187849506695, 0.129836606552, 0.0276508396217, 0.0365485027142, 0.23750671471, 0.8794155945, 12.7409729625
0.853140058307, 0.702080270266, 0.683266254121, 0.0446293330443, 0.195807143285, 0.0751296778589, 0.306540753519, 0.479843693282, 0.0353557978238, 0.0225726989068, 0.264005027302, 0.300363096286, 0.121718501635, 0.604418725708, 0.452350830927, 0.344468493015, 0.0151970132728, 0.0378690584915, 0.936637047601, 0.239671814116, 0.0538047405707, 0.00251413127203, 0.853140058307, 0.702080270266, 12.5733803722
0.853140058307, 0.702080270266, 0.683266254121, 0.0446293330443, 0.195807143285, 0.0751296778589, 0.306540753519, 0.479843693282, 0.0353557978238, 0.0225726989068, 0.264005027302, 0.300363096286, 0.121718501635, 0.604418725708, 0.452350830927, 0.344468493015, 0.0151970132728, 0.0378690584915, 0.936637047601, 0.239671814116, 0.0538047405707, 0.00251413127203, 0.853140058307, 0.702080270266, 12.5733803722
0.303000955045, 0.00173041014028, 0.246984257645, 0.532085102158, 0.0170939414263, 0.138915387484, 0.757447077056, 0.97486663661, 0.123343425668, 0.0551637206483, 0.557775689662, 0.264376951634, 0.801768182357, 0.409865764979, 0.454274946825, 0.156789806019, 0.03583269646, 0.859093734388, 0.932579826915, 0.416599305628, 0.0368190061466, 0.275799429416, 0.303000955045, 0.00173041014028, 16.7784795169
0.857647651069, 0.175787630978, 0.110004218669, 0.291645861901, 0.00653447246709, 0.0433634563111, 0.127799676551, 0.0164765854858, 0.810593823519, 0.822981751736, 0.106413908163, 0.0093171874771, 0.235717117103, 0.219927863366, 0.103924331955, 0.637851424546, 0.35998089043, 0.11380514556, 0.0890462832949, 0.0764278199004, 0.646528345279, 0.123992351019, 0.857647651069, 0.175787630978, 12.3289492901
0.857647651069, 0.175787630978, 0.110004218669, 0.291645861901, 0.00653447246709, 0.0433634563111, 0.127799676551, 0.0164765854858, 0.810593823519, 0.822981751736, 0.106413908163, 0.0093171874771, 0.235717117103, 0.219927863366, 0.103924331955, 0.637851424546, 0.35998089043, 0.11380514556, 0.0890462832949, 0.0764278199004, 0.646528345279, 0.123992351019, 0.857647651069, 0.175787630978, 12.3289492901
0.00097270859575, 0.0492884619599, 0.689793799106, 0.301314236619, 0.0470005795149, 0.346886483512, 0.00217717032541, 0.244538162274, 0.76469231818, 0.368483421666, 0.871405533088, 0.609228581881, 0.594481740835, 0.864828178523, 0.747348151088, 0.21731790339, 0.796138641579, 0.959955615359, 0.518524333704, 0.975833939172, 0.939948081037, 0.150647009633, 0.00097270859575, 0.0492884619599, 20.8455664037
5.74903489337e-05, 0.418092779911, 0.98043844418, 0.149746410437, 0.0934794536027, 0.341796934321, 0.549631427447, 0.917634136575, 0.561896720224, 0.733618936382, 0.149349760763, 0.402884559131, 0.693080203547, 0.77850372694, 0.000545134083893, 0.0494830413333, 0.425348658234, 0.123254897223, 0.440116306996, 0.899477772712, 0.703517625118, 0.999451459208, 5.74903489337e-05, 0.418092779911, 19.4618227765
0.853140058307, 0.702080270266, 0.689793799106, 0.0446293330443, 0.319795023855, 0.153436458297, 0.306540753519, 0.479843693282, 0.0353557978238, 0.0225726989068, 0.264005027302, 0.0424205103367, 0.121718501635, 0.604418725708, 0.767911337545, 0.344468493015, 0.0151970132728, 0.0378690584915, 0.936637047601, 0.0642828703327, 0.0538047405707, 0.00251413127203, 0.853140058307, 0.702080270266, 12.6926788299
0.853140058307, 0.702080270266, 0.689793799106, 0.0446293330443, 0.319795023855, 0.153436458297, 0.306540753519, 0.479843693282, 0.0353557978238, 0.0225726989068, 0.264005027302, 0.0424205103367, 0.121718501635, 0.604418725708, 0.767911337545, 0.344468493015, 0.0151970132728, 0.0378690584915, 0.936637047601, 0.0642828703327, 0.0538047405707, 0.00251413127203, 0.853140058307, 0.702080270266, 12.6926788299
0.512321700323, 0.00388091337487, 0.0419765670459, 0.429335736557, 0.68575340912, 0.191639897856, 0.727742292693, 0.000196994950034, 0.0206847595031, 0.0998926440534, 0.0733537217938, 0.200867694248, 0.175209786175, 0.630962117865, 0.121858164315, 0.851709071101, 0.0998265523691, 0.686365790707, 0.746473409465, 0.734768915543, 0.282999073941, 0.220514111655, 0.512321700323, 0.00388091337487, 15.4783437402
0.0028393359456, 0.241984381728, 0.106107515148, 0.209586880125, 0.0546216494073, 0.316540442969, 0.113510573894, 0.670215197152, 0.390770630189, 0.166032842835, 0.795108754925, 0.0202710152245, 0.297104669167, 0.812526852757, 0.0327436717225, 0.438843698485, 0.234447028253, 0.226693774709, 0.00611512625929, 0.941179255826, 0.0578966491644, 0.104616963402, 0.0028393359456, 0.241984381728, 14.0116678338
0.149161530965, 0.500364633151, 0.459863827244, 0.0446293330443, 0.319795023855, 0.0776981490549, 0.306540753519, 0.479843693282, 0.0353557978238, 0.451437734528, 0.264005027302, 0.577279984556, 0.121718501635, 0.342093871414, 0.72287845515, 0.344468493015, 0.00916059574836, 0.0378690584915, 0.440116306996, 0.391478644627, 0.0538047405707, 0.00251413127203, 0.149161530965, 0.500364633151, 13.3473475721
0.000484452812833, 0.608723079986, 0.979228019241, 0.0701277103632, 0.596363140527, 0.0902549983065, 0.0815204817631, 0.799425102777, 0.561896720224, 0.0898680166522, 0.112527845246, 0.172387320494, 0.505680733258, 0.778693877017, 0.0285559314679, 0.156789806019, 0.00330723927716, 0.0267797619426, 0.440116306996, 0.369167869244, 0.904635256897, 0.0682681853352, 0.000484452812833, 0.608723079986, 15.168729316
0.00802557252489, 0.0492884619599, 0.372129259146, 0.301314236619, 0.0470005795149, 0.256093845936, 0.0252777846998, 0.0159850700165, 0.2843434341, 0.224404003525, 0.975884861727, 0.609228581881, 0.30943247794, 0.372773799164, 0.747348151088, 0.00550383370292, 0.946329030149, 0.959955615359, 0.0230415482269, 0.823461799752, 0.412653582125, 0.880625412438, 0.00802557252489, 0.0492884619599, 17.5821173343
0.0028393359456, 0.0555038269807, 0.689793799106, 0.178338143139, 0.129713323021, 0.463254633602, 0.989237098125, 0.0159850700165, 0.307532622368, 0.305711824683, 0.975884861727, 0.859177291823, 0.30943247794, 0.414567307764, 0.999825232178, 0.21731790339, 0.892070750777, 0.11380514556, 0.423887902307, 0.900155508221, 0.132983670414, 0.580723341575, 0.0028393359456, 0.0555038269807, 19.3431678906
0.398001300031, 0.00953657986332, 0.811905032654, 0.429335736557, 0.68575340912, 0.191639897856, 0.754091585818, 0.000196994950034, 0.0553890922119, 0.338960106749, 0.118400526474, 0.200867694248, 0.0417462545427, 0.15755228574, 0.121858164315, 0.344468493015, 0.195744313308, 0.686365790707, 0.0440233066033, 0.443515723556, 0.577140930392, 0.880625412438, 0.398001300031, 0.00953657986332, 15.5202560956
0.00115741998623, 0.382779793643, 0.711718808608, 0.235466457502, 0.0934794536027, 0.341796934321, 0.0815204817631, 0.000974046067443, 0.561896720224, 0.579684382586, 0.149349760763, 0.314285305008, 0.693080203547, 0.555160937612, 0.0631516870808, 0.138385582094, 0.425348658234, 0.477637511024, 0.670109690605, 0.523116694335, 0.904635256897, 0.058671130093, 0.00115741998623, 0.382779793643, 16.1871525223
0.0373483734516, 0.10427340951, 0.140832498099, 0.0112517608674, 0.4669186871, 0.28640336774, 0.298943595105, 0.479843693282, 0.285663043757, 0.314157030839, 0.02308545649, 0.235621543858, 0.0506818380858, 0.359552238738, 0.612232407678, 0.0185223532033, 0.0474854424777, 0.992108499151, 0.00611512625929, 0.01434779985, 0.34666356274, 0.626376958971, 0.0373483734516, 0.10427340951, 13.5381554897
0.23750671471, 0.426723654098, 0.298318852398, 0.015057585069, 0.0032196632074, 0.0623570623696, 0.127799676551, 0.734947227019, 0.582506994832, 0.262984355772, 0.522016273686, 0.110836903347, 0.297104669167, 0.409865764979, 0.455296159389, 0.241232017175, 0.234447028253, 0.628133375578, 0.187849506695, 0.129836606552, 0.0276508396217, 0.0365485027142, 0.23750671471, 0.426723654098, 13.1524443796
0.149161530965, 0.500364633151, 0.459863827244, 0.0446293330443, 0.319795023855, 0.0776981490549, 0.306540753519, 0.479843693282, 0.0353557978238, 0.451437734528, 0.264005027302, 0.577279984556, 0.121718501635, 0.342093871414, 0.72287845515, 0.344468493015, 0.00916059574836, 0.0378690584915, 0.440116306996, 0.391478644627, 0.0538047405707, 0.00251413127203, 0.149161530965, 0.500364633151, 13.3473475721
0.511321852442, 0.0415489868269, 0.847845009273, 0.102617507877, 0.151831355379, 0.882466489532, 0.00485874744358, 0.666482992669, 0.00749878189592, 0.220038660372, 0.258411069643, 0.254237963353, 0.0113046968168, 0.0543604454985, 0.0151927278451, 0.499182360656, 0.514110915083, 0.308041123701, 0.0684207541225, 0.0547922243309, 0.217890370567, 0.209500494918, 0.511321852442, 0.0415489868269, 13.2103735457
0.00097270859575, 0.0492884619599, 0.689793799106, 0.301314236619, 0.0470005795149, 0.346886483512, 0.00217717032541, 0.244538162274, 0.76469231818, 0.368483421666, 0.871405533088, 0.609228581881, 0.594481740835, 0.864828178523, 0.747348151088, 0.21731790339, 0.796138641579, 0.959955615359, 0.518524333704, 0.975833939172, 0.939948081037, 0.150647009633, 0.00097270859575, 0.0492884619599, 20.8455664037
0.23750671471, 0.426723654098, 0.298318852398, 0.015057585069, 0.0032196632074, 0.0623570623696, 0.127799676551, 0.734947227019, 0.582506994832, 0.262984355772, 0.522016273686, 0.110836903347, 0.297104669167, 0.409865764979, 0.455296159389, 0.241232017175, 0.234447028253, 0.628133375578, 0.187849506695, 0.129836606552, 0.0276508396217, 0.0365485027142, 0.23750671471, 0.426723654098, 13.1524443796
5.74903489337e-05, 0.418092779911, 0.98043844418, 0.149746410437, 0.0934794536027, 0.341796934321, 0.549631427447, 0.917634136575, 0.561896720224, 0.733618936382, 0.149349760763, 0.402884559131, 0.693080203547, 0.77850372694, 0.000545134083893, 0.0494830413333, 0.425348658234, 0.123254897223, 0.440116306996, 0.899477772712, 0.703517625118, 0.999451459208, 5.74903489337e-05, 0.418092779911, 19.4618227765
0.000484452812833, 0.608723079986, 0.979228019241, 0.0701277103632, 0.596363140527, 0.0902549983065, 0.0815204817631, 0.799425102777, 0.561896720224, 0.0898680166522, 0.112527845246, 0.172387320494, 0.505680733258, 0.778693877017, 0.0285559314679, 0.156789806019, 0.00330723927716, 0.0267797619426, 0.440116306996, 0.369167869244, 0.904635256897, 0.0682681853352, 0.000484452812833, 0.608723079986, 15.168729316
0.303000955045, 0.00173041014028, 0.246984257645, 0.532085102158, 0.0170939414263, 0.138915387484, 0.757447077056, 0.97486663661, 0.123343425668, 0.0551637206483, 0.557775689662, 0.264376951634, 0.801768182357, 0.409865764979, 0.454274946825, 0.156789806019, 0.03583269646, 0.859093734388, 0.932579826915, 0.416599305628, 0.0368190061466, 0.275799429416, 0.303000955045, 0.00173041014028, 16.7784795169
0.0028393359456, 0.241984381728, 0.106107515148, 0.209586880125, 0.0546216494073, 0.316540442969, 0.113510573894, 0.670215197152, 0.390770630189, 0.166032842835, 0.795108754925, 0.0202710152245, 0.297104669167, 0.812526852757, 0.0327436717225, 0.438843698485, 0.234447028253, 0.226693774709, 0.00611512625929, 0.941179255826, 0.0578966491644, 0.104616963402, 0.0028393359456, 0.241984381728, 14.0116678338
0.398001300031, 0.00953657986332, 0.811905032654, 0.429335736557, 0.68575340912, 0.191639897856, 0.754091585818, 0.000196994950034, 0.0553890922119, 0.338960106749, 0.118400526474, 0.200867694248, 0.0417462545427, 0.15755228574, 0.121858164315, 0.344468493015, 0.195744313308, 0.686365790707, 0.0440233066033, 0.443515723556, 0.577140930392, 0.880625412438, 0.398001300031, 0.00953657986332, 15.5202560956
0.0106517322787, 0.550929554288, 0.282966536064, 0.933066695121, 0.0424209301491, 0.411166186492, 0.0324219517734, 0.0135444782793, 0.0679884533073, 0.253633339524, 0.00950297925208, 0.0897861453087, 0.0492719328129, 0.309757207325, 0.098882757657, 0.787501730147, 0.161557296199, 0.143075049886, 0.973032010623, 0.503939418195, 0.170716144323, 0.188620776019, 0.0106517322787, 0.550929554288, 13.4422989021
0.0222824371565, 0.143087950455, 0.459863827244, 0.476615498099, 0.0941126294134, 0.98692831996, 0.0994763728142, 0.128483149226, 0.127054357347, 0.0268158449281, 0.168558958671, 0.883082442491, 0.0730828433876, 0.499830351024, 0.215673054009, 0.0513894938711, 0.0475650555609, 0.314390591506, 0.436883495348, 0.177618118098, 0.378272746629, 0.102955170532, 0.0222824371565, 0.143087950455, 13.7029249424
0.0373483734516, 0.10427340951, 0.140832498099, 0.0112517608674, 0.4669186871, 0.28640336774, 0.298943595105, 0.479843693282, 0.285663043757, 0.314157030839, 0.02308545649, 0.235621543858, 0.0506818380858, 0.359552238738, 0.612232407678, 0.0185223532033, 0.0474854424777, 0.992108499151, 0.00611512625929, 0.01434779985, 0.34666356274, 0.626376958971, 0.0373483734516, 0.10427340951, 13.5381554897
0.0106517322787, 0.550929554288, 0.282966536064, 0.933066695121, 0.0424209301491, 0.411166186492, 0.0324219517734, 0.0135444782793, 0.0679884533073, 0.253633339524, 0.00950297925208, 0.0897861453087, 0.0492719328129, 0.309757207325, 0.098882757657, 0.787501730147, 0.161557296199, 0.143075049886, 0.973032010623, 0.503939418195, 0.170716144323, 0.188620776019, 0.0106517322787, 0.550929554288, 13.4422989021
0.00303583892265, 0.0576508406972, 0.541886830651, 0.535761034776, 0.0941126294134, 0.215662814905, 0.135498386011, 0.0774537138239, 0.448967393139, 0.253633339524, 0.547314838068, 0.0782906748198, 0.999144285996, 0.350710126421, 0.344141648031, 0.00813315261241, 0.565207341133, 0.02536157313, 0.456406782744, 0.33711304346, 0.691619858637, 0.758435462434, 0.00303583892265, 0.0576508406972, 16.0584119509
0.00115741998623, 0.143087950455, 0.691815784033, 0.235466457502, 0.0934794536027, 0.438205244087, 0.0815204817631, 0.968596785729, 0.0215693704697, 0.733618936382, 0.149349760763, 0.314285305008, 0.0679510321945, 0.828502488567, 0.0368814373214, 0.138385582094, 0.425348658234, 0.198892121645, 0.670109690605, 0.523116694335, 0.940328898362, 0.198661379203, 0.00115741998623, 0.143087950455, 16.4095830902
0.00115741998623, 0.382779793643, 0.711718808608, 0.235466457502, 0.0934794536027, 0.341796934321, 0.0815204817631, 0.000974046067443, 0.561896720224, 0.579684382586, 0.149349760763, 0.314285305008, 0.693080203547, 0.555160937612, 0.0631516870808, 0.138385582094, 0.425348658234, 0.477637511024, 0.670109690605, 0.523116694335, 0.904635256897, 0.058671130093, 0.00115741998623, 0.382779793643, 16.1871525223
0.00802557252489, 0.0492884619599, 0.372129259146, 0.301314236619, 0.0470005795149, 0.256093845936, 0.0252777846998, 0.0159850700165, 0.2843434341, 0.224404003525, 0.975884861727, 0.609228581881, 0.30943247794, 0.372773799164, 0.747348151088, 0.00550383370292, 0.946329030149, 0.959955615359, 0.0230415482269, 0.823461799752, 0.412653582125, 0.880625412438, 0.00802557252489, 0.0492884619599, 17.5821173343
0.000669406130791, 0.418092779911, 0.98043844418, 0.235466457502, 0.0934794536027, 0.341796934321, 0.119685655951, 0.698475735782, 0.561896720224, 0.733618936382, 0.149349760763, 0.402884559131, 0.0145491424543, 0.523100114931, 0.0274022977159, 0.138385582094, 0.425348658234, 0.375726764062, 0.440116306996, 0.839475466591, 0.919428316586, 0.188620776019, 0.000669406130791, 0.418092779911, 17.0560696176
0.00115741998623, 0.143087950455, 0.691815784033, 0.235466457502, 0.0934794536027, 0.438205244087, 0.0815204817631, 0.968596785729, 0.0215693704697, 0.733618936382, 0.149349760763, 0.314285305008, 0.0679510321945, 0.828502488567, 0.0368814373214, 0.138385582094, 0.425348658234, 0.198892121645, 0.670109690605, 0.523116694335, 0.940328898362, 0.198661379203, 0.00115741998623, 0.143087950455, 16.4095830902
0.0175857637112, 0.00388091337487, 0.0188645101467, 0.429335736557, 0.54755624702, 0.191639897856, 0.754091585818, 0.0112501512307, 0.0553890922119, 0.338960106749, 0.0695590205664, 0.200867694248, 0.302687011067, 0.630962117865, 0.121858164315, 0.851709071101, 0.195744313308, 0.686365790707, 0.386375399322, 0.405309192411, 0.170716144323, 0.880625412438, 0.0175857637112, 0.00388091337487, 15.782214298
0.0175857637112, 0.00388091337487, 0.0188645101467, 0.429335736557, 0.54755624702, 0.191639897856, 0.754091585818, 0.0112501512307, 0.0553890922119, 0.338960106749, 0.0695590205664, 0.200867694248, 0.302687011067, 0.630962117865, 0.121858164315, 0.851709071101, 0.195744313308, 0.686365790707, 0.386375399322, 0.405309192411, 0.170716144323, 0.880625412438, 0.0175857637112, 0.00388091337487, 15.782214298
0.00303583892265, 0.0576508406972, 0.541886830651, 0.535761034776, 0.0941126294134, 0.215662814905, 0.135498386011, 0.0774537138239, 0.448967393139, 0.253633339524, 0.547314838068, 0.0782906748198, 0.999144285996, 0.350710126421, 0.344141648031, 0.00813315261241, 0.565207341133, 0.02536157313, 0.456406782744, 0.33711304346, 0.691619858637, 0.758435462434, 0.00303583892265, 0.0576508406972, 16.0584119509
0.000669406130791, 0.418092779911, 0.98043844418, 0.235466457502, 0.0934794536027, 0.341796934321, 0.119685655951, 0.698475735782, 0.561896720224, 0.733618936382, 0.149349760763, 0.402884559131, 0.0145491424543, 0.523100114931, 0.0274022977159, 0.138385582094, 0.425348658234, 0.375726764062, 0.440116306996, 0.839475466591, 0.919428316586, 0.188620776019, 0.000669406130791, 0.418092779911, 17.0560696176
0.00805039205428, 0.0439158878965, 0.440643270888, 0.164766670142, 0.668118743651, 0.604742335057, 0.00485874744358, 0.666482992669, 0.677165738246, 0.220038660372, 0.258411069643, 0.314285305008, 0.314339874966, 0.433619079762, 0.0090193132128, 0.430927630974, 0.514110915083, 0.372159809857, 0.251778267613, 0.0619109253023, 0.321489267623, 0.209500494918, 0.00805039205428, 0.0439158878965, 15.3524771039
0.00805039205428, 0.0439158878965, 0.440643270888, 0.164766670142, 0.668118743651, 0.604742335057, 0.00485874744358, 0.666482992669, 0.677165738246, 0.220038660372, 0.258411069643, 0.314285305008, 0.314339874966, 0.433619079762, 0.0090193132128, 0.430927630974, 0.514110915083, 0.372159809857, 0.251778267613, 0.0619109253023, 0.321489267623, 0.209500494918, 0.00805039205428, 0.0439158878965, 15.3524771039
0.0222824371565, 0.143087950455, 0.459863827244, 0.476615498099, 0.0941126294134, 0.98692831996, 0.0994763728142, 0.128483149226, 0.127054357347, 0.0268158449281, 0.168558958671, 0.883082442491, 0.0730828433876, 0.499830351024, 0.215673054009, 0.0513894938711, 0.0475650555609, 0.314390591506, 0.436883495348, 0.177618118098, 0.378272746629, 0.102955170532, 0.0222824371565, 0.143087950455, 13.7029249424
0.511321852442, 0.0415489868269, 0.847845009273, 0.102617507877, 0.151831355379, 0.882466489532, 0.00485874744358, 0.666482992669, 0.00749878189592, 0.220038660372, 0.258411069643, 0.254237963353, 0.0113046968168, 0.0543604454985, 0.0151927278451, 0.499182360656, 0.514110915083, 0.308041123701, 0.0684207541225, 0.0547922243309, 0.217890370567, 0.209500494918, 0.511321852442, 0.0415489868269, 13.2103735457
0.00115741998623, 0.418092779911, 0.711718808608, 0.235466457502, 0.0934794536027, 0.341796934321, 0.0815204817631, 0.011983005537, 0.561896720224, 0.374243140643, 0.149349760763, 0.314285305008, 0.693080203547, 0.828502488567, 0.470279159581, 0.138385582094, 0.425348658234, 0.198892121645, 0.670109690605, 0.523116694335, 0.647985240277, 0.058671130093, 0.00115741998623, 0.418092779911, 16.1402486581
0.0028393359456, 0.0555038269807, 0.689793799106, 0.178338143139, 0.129713323021, 0.463254633602, 0.989237098125, 0.0159850700165, 0.307532622368, 0.305711824683, 0.975884861727, 0.859177291823, 0.30943247794, 0.414567307764, 0.999825232178, 0.21731790339, 0.892070750777, 0.11380514556, 0.423887902307, 0.900155508221, 0.132983670414, 0.580723341575, 0.0028393359456, 0.0555038269807, 19.3431678906
