0.0028393359456, 0.139124546049, 0.106107515148, 0.27727631093, 0.122867690169, 0.0623570623696, 0.113510573894, 0.177635915139, 0.390770630189, 0.400351470858, 0.597902794101, 0.0337613560807, 0.297104669167, 0.775336289523, 0.455296159389, 0.00552620097889, 0.234447028253, 0.00918849905544, 0.00611512625929, 0.900155508221, 0.202094922627, 0.104616963402, 0.0028393359456, 0.139124546049, 13.0681642262
0.0028393359456, 0.139124546049, 0.106107515148, 0.27727631093, 0.122867690169, 0.0623570623696, 0.113510573894, 0.177635915139, 0.390770630189, 0.400351470858, 0.597902794101, 0.0337613560807, 0.297104669167, 0.775336289523, 0.455296159389, 0.00552620097889, 0.234447028253, 0.00918849905544, 0.00611512625929, 0.900155508221, 0.202094922627, 0.104616963402, 0.0028393359456, 0.139124546049, 13.0681642262
0.000218253206846, 0.0439158878965, 0.680255823752, 0.00429777982745, 0.748305053386, 0.1169459657, 0.00485874744358, 0.608556197076, 0.704352488763, 0.220038660372, 0.0379793916096, 0.0661103082688, 0.697271323661, 0.0905136082595, 0.0151927278451, 0.430927630974, 0.514110915083, 0.372159809857, 0.0789609098922, 0.0619109253023, 0.0522585409706, 0.209500494918, 0.000218253206846, 0.0439158878965, 13.7030875916
0.000218253206846, 0.0439158878965, 0.680255823752, 0.00429777982745, 0.748305053386, 0.1169459657, 0.00485874744358, 0.608556197076, 0.704352488763, 0.220038660372, 0.0379793916096, 0.0661103082688, 0.697271323661, 0.0905136082595, 0.0151927278451, 0.430927630974, 0.514110915083, 0.372159809857, 0.0789609098922, 0.0619109253023, 0.0522585409706, 0.209500494918, 0.000218253206846, 0.0439158878965, 13.7030875916
0.0354706223259, 0.0415489868269, 0.847845009273, 0.102617507877, 0.151831355379, 0.882466489532, 0.00196111038616, 0.666482992669, 0.00749878189592, 0.0431610532624, 0.258411069643, 0.14620149366, 0.0113046968168, 0.0148807062137, 0.0151927278451, 0.499182360656, 0.514110915083, 0.308041123701, 0.0396453432747, 0.0619109253023, 0.0735077870932, 0.209500494918, 0.0354706223259, 0.0415489868269, 12.5371820383
0.0354706223259, 0.0415489868269, 0.847845009273, 0.102617507877, 0.151831355379, 0.882466489532, 0.00196111038616, 0.666482992669, 0.00749878189592, 0.0431610532624, 0.258411069643, 0.14620149366, 0.0113046968168, 0.0148807062137, 0.0151927278451, 0.499182360656, 0.514110915083, 0.308041123701, 0.0396453432747, 0.0619109253023, 0.0735077870932, 0.209500494918, 0.0354706223259, 0.0415489868269, 12.5371820383
5.63605150938e-06, 0.000684855110018, 0.0419765670459, 0.634464574244, 0.44586584811, 0.913015900565, 0.754091585818, 0.000196994950034, 0.0536266630174, 0.495881754545, 0.0667431356595, 0.91485165718, 0.72281771237, 0.924450823208, 0.0106610457605, 0.851709071101, 0.195744313308, 0.02536157313, 0.0230415482269, 0.734768915543, 0.00893596790308, 0.485091870311, 5.63605150938e-06, 0.000684855110018, 17.2092967636
5.63605150938e-06, 0.000684855110018, 0.0419765670459, 0.634464574244, 0.44586584811, 0.913015900565, 0.754091585818, 0.000196994950034, 0.0536266630174, 0.495881754545, 0.0667431356595, 0.91485165718, 0.72281771237, 0.924450823208, 0.0106610457605, 0.851709071101, 0.195744313308, 0.02536157313, 0.0230415482269, 0.734768915543, 0.00893596790308, 0.485091870311, 5.63605150938e-06, 0.000684855110018, 17.2092967636
0.00278459489849, 0.241984381728, 0.106107515148, 0.209586880125, 0.0546216494073, 0.316540442969, 0.113510573894, 0.670215197152, 0.32621254267, 0.166032842835, 0.795108754925, 0.0202710152245, 0.297104669167, 0.15755228574, 0.01149693827, 0.68221334576, 0.234447028253, 0.226693774709, 0.00611512625929, 0.941179255826, 0.0578966491644, 0.0296417788811, 0.00278459489849, 0.241984381728, 13.2426150644
0.00278459489849, 0.241984381728, 0.106107515148, 0.209586880125, 0.0546216494073, 0.316540442969, 0.113510573894, 0.670215197152, 0.32621254267, 0.166032842835, 0.795108754925, 0.0202710152245, 0.297104669167, 0.15755228574, 0.01149693827, 0.68221334576, 0.234447028253, 0.226693774709, 0.00611512625929, 0.941179255826, 0.0578966491644, 0.0296417788811, 0.00278459489849, 0.241984381728, 13.2426150644
4.61037588451e-06, 0.0492884619599, 0.689793799106, 0.301314236619, 0.329254050483, 0.142089135401, 0.00217717032541, 0.0159850700165, 0.921035123683, 0.368483421666, 0.975884861727, 0.609228581881, 0.594481740835, 0.864828178523, 0.162693624367, 0.710374218392, 0.796138641579, 0.222380764168, 0.0230415482269, 0.896159758941, 0.98604485122, 0.639983329592, 4.61037588451e-06, 0.0492884619599, 19.8216164161
4.61037588451e-06, 0.0492884619599, 0.689793799106, 0.301314236619, 0.329254050483, 0.142089135401, 0.00217717032541, 0.0159850700165, 0.921035123683, 0.368483421666, 0.975884861727, 0.609228581881, 0.594481740835, 0.864828178523, 0.162693624367, 0.710374218392, 0.796138641579, 0.222380764168, 0.0230415482269, 0.896159758941, 0.98604485122, 0.639983329592, 4.61037588451e-06, 0.0492884619599, 19.8216164161
0.00243876805378, 0.25957328614, 0.106107515148, 0.27727631093, 0.0546216494073, 0.0623570623696, 0.113510573894, 0.670215197152, 0.16534776801, 0.400351470858, 0.597902794101, 0.0988101279169, 0.297104669167, 0.0899817188621, 0.00809138396854, 0.14487843884, 0.234447028253, 0.226693774709, 0.00611512625929, 0.900155508221, 0.357589182224, 0.033801651197, 0.00243876805378, 0.25957328614, 12.4671831984
0.00243876805378, 0.25957328614, 0.106107515148, 0.27727631093, 0.0546216494073, 0.0623570623696, 0.113510573894, 0.670215197152, 0.16534776801, 0.400351470858, 0.597902794101, 0.0988101279169, 0.297104669167, 0.0899817188621, 0.00809138396854, 0.14487843884, 0.234447028253, 0.226693774709, 0.00611512625929, 0.900155508221, 0.357589182224, 0.033801651197, 0.00243876805378, 0.25957328614, 12.4671831984
0.0222824371565, 0.143087950455, 0.541886830651, 0.476615498099, 0.0941126294134, 0.98692831996, 0.0994763728142, 0.128483149226, 0.127054357347, 0.0268158449281, 0.0446207759381, 0.883082442491, 0.0730828433876, 0.499830351024, 0.215673054009, 0.0513894938711, 0.0475650555609, 0.314390591506, 0.0128234952207, 0.03468518784, 0.263156790874, 0.0237771956798, 0.0222824371565, 0.143087950455, 12.6223594504
0.0222824371565, 0.143087950455, 0.541886830651, 0.476615498099, 0.0941126294134, 0.98692831996, 0.0994763728142, 0.128483149226, 0.127054357347, 0.0268158449281, 0.0446207759381, 0.883082442491, 0.0730828433876, 0.499830351024, 0.215673054009, 0.0513894938711, 0.0475650555609, 0.314390591506, 0.0128234952207, 0.03468518784, 0.263156790874, 0.0237771956798, 0.0222824371565, 0.143087950455, 12.6223594504
0.000484452812833, 0.00173041014028, 0.246984257645, 0.83917955292, 0.0170939414263, 0.348390232522, 0.757447077056, 0.494792537927, 0.123343425668, 0.162278111186, 0.112527845246, 0.249102724948, 0.541499733719, 0.409865764979, 0.454274946825, 0.156789806019, 0.0272114409001, 0.0267797619426, 0.723985601881, 0.52699004639, 0.0368190061466, 0.275799429416, 0.000484452812833, 0.00173041014028, 14.8166149136
0.000484452812833, 0.00173041014028, 0.246984257645, 0.83917955292, 0.0170939414263, 0.348390232522, 0.757447077056, 0.494792537927, 0.123343425668, 0.162278111186, 0.112527845246, 0.249102724948, 0.541499733719, 0.409865764979, 0.454274946825, 0.156789806019, 0.0272114409001, 0.0267797619426, 0.723985601881, 0.52699004639, 0.0368190061466, 0.275799429416, 0.000484452812833, 0.00173041014028, 14.8166149136
0.0303501081378, 0.0671144707872, 0.189299349942, 0.290704223751, 0.0941126294134, 0.79135740547, 0.258036394072, 0.0963293561034, 0.102475364927, 0.101045619342, 0.0733537217938, 0.10755479682, 0.199935900463, 0.717409703565, 0.062256181242, 0.175572191999, 0.0926357582365, 0.272556721451, 0.164059909059, 0.561402471419, 0.0355228675091, 0.216631948709, 0.0303501081378, 0.0671144707872, 12.188398379
0.0303501081378, 0.0671144707872, 0.189299349942, 0.290704223751, 0.0941126294134, 0.79135740547, 0.258036394072, 0.0963293561034, 0.102475364927, 0.101045619342, 0.0733537217938, 0.10755479682, 0.199935900463, 0.717409703565, 0.062256181242, 0.175572191999, 0.0926357582365, 0.272556721451, 0.164059909059, 0.561402471419, 0.0355228675091, 0.216631948709, 0.0303501081378, 0.0671144707872, 12.188398379
5.63605150938e-06, 0.263096282473, 0.0419765670459, 0.634464574244, 0.44586584811, 0.913015900565, 0.754091585818, 0.000196994950034, 0.0536266630174, 0.495881754545, 0.00502179842375, 0.200867694248, 0.72281771237, 0.924450823208, 0.0106610457605, 0.851709071101, 0.195744313308, 0.02536157313, 0.0230415482269, 0.734768915543, 0.00893596790308, 0.485091870311, 5.63605150938e-06, 0.263096282473, 16.0720993352
5.63605150938e-06, 0.263096282473, 0.0419765670459, 0.634464574244, 0.44586584811, 0.913015900565, 0.754091585818, 0.000196994950034, 0.0536266630174, 0.495881754545, 0.00502179842375, 0.200867694248, 0.72281771237, 0.924450823208, 0.0106610457605, 0.851709071101, 0.195744313308, 0.02536157313, 0.0230415482269, 0.734768915543, 0.00893596790308, 0.485091870311, 5.63605150938e-06, 0.263096282473, 16.0720993352
0.854410441301, 0.872682602609, 0.110004218669, 0.37191193154, 0.00653447246709, 0.0433634563111, 0.410215333463, 0.0164765854858, 0.294440075145, 0.874344675619, 0.0967537997813, 0.126721262673, 0.235717117103, 0.122068894759, 0.103924331955, 0.637851424546, 0.222926579322, 0.10587506984, 0.048449935046, 0.0244260265811, 0.25638191184, 0.0387532478788, 0.854410441301, 0.872682602609, 11.0514104799
0.854410441301, 0.872682602609, 0.110004218669, 0.37191193154, 0.00653447246709, 0.0433634563111, 0.410215333463, 0.0164765854858, 0.294440075145, 0.874344675619, 0.0967537997813, 0.126721262673, 0.235717117103, 0.122068894759, 0.103924331955, 0.637851424546, 0.222926579322, 0.10587506984, 0.048449935046, 0.0244260265811, 0.25638191184, 0.0387532478788, 0.854410441301, 0.872682602609, 11.0514104799
0.895163649378, 0.175787630978, 0.169325780148, 0.0634173489707, 0.00653447246709, 0.0433634563111, 0.0532436062469, 0.100761791102, 0.810593823519, 0.646418191388, 0.106413908163, 0.00291166273737, 0.235717117103, 0.0651426252672, 0.22667028654, 0.637851424546, 0.0460392915997, 0.0267797619426, 0.0890462832949, 0.0764278199004, 0.161287756555, 0.123992351019, 0.895163649378, 0.175787630978, 10.6756397885
0.895163649378, 0.175787630978, 0.169325780148, 0.0634173489707, 0.00653447246709, 0.0433634563111, 0.0532436062469, 0.100761791102, 0.810593823519, 0.646418191388, 0.106413908163, 0.00291166273737, 0.235717117103, 0.0651426252672, 0.22667028654, 0.637851424546, 0.0460392915997, 0.0267797619426, 0.0890462832949, 0.0764278199004, 0.161287756555, 0.123992351019, 0.895163649378, 0.175787630978, 10.6756397885
0.193074068472, 0.00333028434762, 0.0389193179094, 0.203221379414, 0.719103814722, 0.435250311293, 0.26018287491, 0.000196994950034, 0.0536266630174, 0.162278111186, 0.0667431356595, 0.0298197217678, 0.114687204194, 0.224434329999, 0.121858164315, 0.124913421559, 0.195744313308, 0.02536157313, 0.649004141584, 0.68088613469, 0.392008952648, 0.17983876374, 0.193074068472, 0.00333028434762, 12.2500737354
0.193074068472, 0.00333028434762, 0.0389193179094, 0.203221379414, 0.719103814722, 0.435250311293, 0.26018287491, 0.000196994950034, 0.0536266630174, 0.162278111186, 0.0667431356595, 0.0298197217678, 0.114687204194, 0.224434329999, 0.121858164315, 0.124913421559, 0.195744313308, 0.02536157313, 0.649004141584, 0.68088613469, 0.392008952648, 0.17983876374, 0.193074068472, 0.00333028434762, 12.2500737354
0.0270365093788, 0.00333028434762, 0.168619266381, 0.554852976206, 0.0941126294134, 0.806355949193, 0.00145182675572, 0.402309707211, 0.281234370912, 0.261232390924, 0.0733537217938, 0.10755479682, 0.175209786175, 0.278882741401, 0.496002881438, 0.219229932619, 0.0861573195565, 0.272556721451, 0.465913698043, 0.206234819404, 0.411688769014, 0.93606250652, 0.0270365093788, 0.00333028434762, 14.4964141594
0.0270365093788, 0.00333028434762, 0.168619266381, 0.554852976206, 0.0941126294134, 0.806355949193, 0.00145182675572, 0.402309707211, 0.281234370912, 0.261232390924, 0.0733537217938, 0.10755479682, 0.175209786175, 0.278882741401, 0.496002881438, 0.219229932619, 0.0861573195565, 0.272556721451, 0.465913698043, 0.206234819404, 0.411688769014, 0.93606250652, 0.0270365093788, 0.00333028434762, 14.4964141594
0.149161530965, 0.500364633151, 0.322933943302, 0.0446293330443, 0.319795023855, 0.0776981490549, 0.391560982203, 0.479843693282, 0.0353557978238, 0.451437734528, 0.264005027302, 0.110836903347, 0.0595824130316, 0.342093871414, 0.72287845515, 0.0247273149192, 0.00916059574836, 0.0333870821211, 0.290528009106, 0.140035262184, 0.0538047405707, 0.000315587382678, 0.149161530965, 0.500364633151, 11.5875955628
0.149161530965, 0.500364633151, 0.322933943302, 0.0446293330443, 0.319795023855, 0.0776981490549, 0.391560982203, 0.479843693282, 0.0353557978238, 0.451437734528, 0.264005027302, 0.110836903347, 0.0595824130316, 0.342093871414, 0.72287845515, 0.0247273149192, 0.00916059574836, 0.0333870821211, 0.290528009106, 0.140035262184, 0.0538047405707, 0.000315587382678, 0.149161530965, 0.500364633151, 11.5875955628
0.7161272347, 0.00173041014028, 0.110004218669, 0.532085102158, 0.00653447246709, 0.138915387484, 0.757447077056, 0.97486663661, 0.123343425668, 0.0551637206483, 0.557775689662, 0.264376951634, 0.801768182357, 0.191533841484, 0.239019088993, 0.156789806019, 0.03583269646, 0.169429296829, 0.932579826915, 0.0764278199004, 0.0368190061466, 0.181691558175, 0.7161272347, 0.00173041014028, 14.3591781161
0.7161272347, 0.00173041014028, 0.110004218669, 0.532085102158, 0.00653447246709, 0.138915387484, 0.757447077056, 0.97486663661, 0.123343425668, 0.0551637206483, 0.557775689662, 0.264376951634, 0.801768182357, 0.191533841484, 0.239019088993, 0.156789806019, 0.03583269646, 0.169429296829, 0.932579826915, 0.0764278199004, 0.0368190061466, 0.181691558175, 0.7161272347, 0.00173041014028, 14.3591781161
0.0014254652925, 0.76490401644, 0.0178557702838, 0.27727631093, 0.0546216494073, 0.0623570623696, 0.113510573894, 0.670215197152, 0.2766811595, 0.400351470858, 0.592062737953, 0.0337613560807, 0.297104669167, 0.608552314009, 0.455296159389, 0.00552620097889, 0.154382511922, 0.226693774709, 0.00548334421369, 0.900155508221, 0.202094922627, 0.104616963402, 0.0014254652925, 0.76490401644, 13.1180844805
0.0014254652925, 0.76490401644, 0.0178557702838, 0.27727631093, 0.0546216494073, 0.0623570623696, 0.113510573894, 0.670215197152, 0.2766811595, 0.400351470858, 0.592062737953, 0.0337613560807, 0.297104669167, 0.608552314009, 0.455296159389, 0.00552620097889, 0.154382511922, 0.226693774709, 0.00548334421369, 0.900155508221, 0.202094922627, 0.104616963402, 0.0014254652925, 0.76490401644, 13.1180844805
0.00278459489849, 0.116610157217, 0.106107515148, 0.209586880125, 0.0546216494073, 0.845360706975, 0.113510573894, 0.670215197152, 0.32621254267, 0.166032842835, 0.795108754925, 0.0202710152245, 0.297104669167, 0.15755228574, 0.0327436717225, 0.438843698485, 0.0562409740665, 0.226693774709, 0.00611512625929, 0.941179255826, 0.0578966491644, 0.104616963402, 0.00278459489849, 0.116610157217, 13.5538626291
0.00278459489849, 0.116610157217, 0.106107515148, 0.209586880125, 0.0546216494073, 0.845360706975, 0.113510573894, 0.670215197152, 0.32621254267, 0.166032842835, 0.795108754925, 0.0202710152245, 0.297104669167, 0.15755228574, 0.0327436717225, 0.438843698485, 0.0562409740665, 0.226693774709, 0.00611512625929, 0.941179255826, 0.0578966491644, 0.104616963402, 0.00278459489849, 0.116610157217, 13.5538626291
0.000218253206846, 0.00388091337487, 0.680255823752, 0.164766670142, 0.54755624702, 0.578466694836, 0.00485874744358, 0.666482992669, 0.704352488763, 0.220038660372, 0.54520103242, 0.360726817972, 0.20360134125, 0.00377342387322, 0.0151927278451, 0.430927630974, 0.166461237059, 0.372159809857, 0.104919041917, 0.303247200422, 0.00548116103141, 0.0103939944648, 0.000218253206846, 0.00388091337487, 14.2191534095
0.000218253206846, 0.00388091337487, 0.680255823752, 0.164766670142, 0.54755624702, 0.578466694836, 0.00485874744358, 0.666482992669, 0.704352488763, 0.220038660372, 0.54520103242, 0.360726817972, 0.20360134125, 0.00377342387322, 0.0151927278451, 0.430927630974, 0.166461237059, 0.372159809857, 0.104919041917, 0.303247200422, 0.00548116103141, 0.0103939944648, 0.000218253206846, 0.00388091337487, 14.2191534095
0.00117300328433, 0.128983068664, 0.106107515148, 0.27727631093, 0.0546216494073, 0.522417093486, 0.113510573894, 0.221165390132, 0.390770630189, 0.400351470858, 0.597902794101, 0.0337613560807, 0.297104669167, 0.39516762279, 0.969867986662, 0.00378488464512, 0.0913309385844, 0.226693774709, 0.536684759688, 0.0965621961507, 0.202094922627, 0.104616963402, 0.00117300328433, 0.128983068664, 13.5699762088
0.00117300328433, 0.128983068664, 0.106107515148, 0.27727631093, 0.0546216494073, 0.522417093486, 0.113510573894, 0.221165390132, 0.390770630189, 0.400351470858, 0.597902794101, 0.0337613560807, 0.297104669167, 0.39516762279, 0.969867986662, 0.00378488464512, 0.0913309385844, 0.226693774709, 0.536684759688, 0.0965621961507, 0.202094922627, 0.104616963402, 0.00117300328433, 0.128983068664, 13.5699762088
2.27953570586e-06, 0.418092779911, 0.98043844418, 0.302346443153, 0.468996692813, 0.341796934321, 0.554307574477, 0.236953493567, 0.561896720224, 0.00477874995816, 0.149349760763, 0.402884559131, 0.430267749148, 0.77850372694, 0.000545134083893, 0.0524972119048, 0.0470229424782, 0.123254897223, 0.440116306996, 0.899477772712, 0.53327192411, 0.189156391726, 2.27953570586e-06, 0.418092779911, 16.097015631
2.27953570586e-06, 0.418092779911, 0.98043844418, 0.302346443153, 0.468996692813, 0.341796934321, 0.554307574477, 0.236953493567, 0.561896720224, 0.00477874995816, 0.149349760763, 0.402884559131, 0.430267749148, 0.77850372694, 0.000545134083893, 0.0524972119048, 0.0470229424782, 0.123254897223, 0.440116306996, 0.899477772712, 0.53327192411, 0.189156391726, 2.27953570586e-06, 0.418092779911, 16.097015631
0.854410441301, 0.175787630978, 0.483779750179, 0.291645861901, 0.00653447246709, 0.0433634563111, 0.0761558936779, 0.100670459527, 0.810593823519, 0.646418191388, 0.0639676534217, 0.0093171874771, 0.235717117103, 0.197870667139, 0.0446648999904, 0.637851424546, 0.0999323620763, 0.00908773113023, 0.0890462832949, 0.0764278199004, 0.161287756555, 0.123992351019, 0.854410441301, 0.175787630978, 11.3483188852
0.854410441301, 0.175787630978, 0.483779750179, 0.291645861901, 0.00653447246709, 0.0433634563111, 0.0761558936779, 0.100670459527, 0.810593823519, 0.646418191388, 0.0639676534217, 0.0093171874771, 0.235717117103, 0.197870667139, 0.0446648999904, 0.637851424546, 0.0999323620763, 0.00908773113023, 0.0890462832949, 0.0764278199004, 0.161287756555, 0.123992351019, 0.854410441301, 0.175787630978, 11.3483188852
0.000484452812833, 0.000378552742927, 0.246984257645, 0.532085102158, 0.0170939414263, 0.348390232522, 0.24565449692, 0.97486663661, 0.214200145929, 0.0898680166522, 0.112527845246, 0.264376951634, 0.432763523551, 0.409865764979, 0.454274946825, 0.156789806019, 0.0272114409001, 0.0267797619426, 0.932579826915, 0.759953841356, 0.0368190061466, 0.275799429416, 0.000484452812833, 0.000378552742927, 14.8543227499
0.000484452812833, 0.000378552742927, 0.246984257645, 0.532085102158, 0.0170939414263, 0.348390232522, 0.24565449692, 0.97486663661, 0.214200145929, 0.0898680166522, 0.112527845246, 0.264376951634, 0.432763523551, 0.409865764979, 0.454274946825, 0.156789806019, 0.0272114409001, 0.0267797619426, 0.932579826915, 0.759953841356, 0.0368190061466, 0.275799429416, 0.000484452812833, 0.000378552742927, 14.8543227499
0.860246772828, 0.000684855110018, 0.0419765670459, 0.616682782588, 0.44586584811, 0.913015900565, 0.754091585818, 0.0877612061737, 0.0109374212698, 0.405965802655, 0.0667431356595, 0.200867694248, 0.114687204194, 0.950781090494, 0.0106610457605, 0.344468493015, 0.195744313308, 0.02536157313, 0.680841461697, 0.185133564595, 0.367115470116, 0.17983876374, 0.860246772828, 0.000684855110018, 14.5709624292
0.860246772828, 0.000684855110018, 0.0419765670459, 0.616682782588, 0.44586584811, 0.913015900565, 0.754091585818, 0.0877612061737, 0.0109374212698, 0.405965802655, 0.0667431356595, 0.200867694248, 0.114687204194, 0.950781090494, 0.0106610457605, 0.344468493015, 0.195744313308, 0.02536157313, 0.680841461697, 0.185133564595, 0.367115470116, 0.17983876374, 0.860246772828, 0.000684855110018, 14.5709624292
4.61037588451e-06, 0.0492884619599, 0.689793799106, 0.28687666105, 0.329254050483, 0.346886483512, 0.00217717032541, 0.0159850700165, 0.676485844405, 0.368483421666, 0.975884861727, 0.609228581881, 0.594481740835, 0.864828178523, 0.0920079244199, 0.21731790339, 0.796138641579, 0.959955615359, 0.0230415482269, 0.896159758941, 0.939948081037, 0.639983329592, 4.61037588451e-06, 0.0492884619599, 19.9208376492
4.61037588451e-06, 0.0492884619599, 0.689793799106, 0.28687666105, 0.329254050483, 0.346886483512, 0.00217717032541, 0.0159850700165, 0.676485844405, 0.368483421666, 0.975884861727, 0.609228581881, 0.594481740835, 0.864828178523, 0.0920079244199, 0.21731790339, 0.796138641579, 0.959955615359, 0.0230415482269, 0.896159758941, 0.939948081037, 0.639983329592, 4.61037588451e-06, 0.0492884619599, 19.9208376492
0.0925117144445, 0.934749747479, 0.0406898463455, 0.0128842307943, 0.0991845472058, 0.0623570623696, 0.127799676551, 0.645672899093, 0.0447181791752, 0.262984355772, 0.522016273686, 0.110836903347, 0.872968449547, 0.409865764979, 0.092077575992, 0.403403913081, 0.0874087354996, 0.687617844851, 0.187849506695, 0.129836606552, 0.0276508396217, 0.0365485027142, 0.0925117144445, 0.934749747479, 12.2833469345
0.854410441301, 0.872682602609, 0.110004218669, 0.37191193154, 0.00653447246709, 0.0433634563111, 0.410215333463, 0.0164765854858, 0.294440075145, 0.874344675619, 0.0967537997813, 0.126721262673, 0.235717117103, 0.122068894759, 0.103924331955, 0.815804536282, 0.222926579322, 0.10587506984, 0.048449935046, 0.0244260265811, 0.161287756555, 0.123992351019, 0.854410441301, 0.872682602609, 11.2693988833
0.854410441301, 0.175787630978, 0.483779750179, 0.291645861901, 0.00653447246709, 0.0433634563111, 0.0761558936779, 0.100761791102, 0.810593823519, 0.646418191388, 0.106413908163, 0.0093171874771, 0.235717117103, 0.109697194537, 0.0446648999904, 0.637851424546, 0.35998089043, 0.11380514556, 0.0890462832949, 0.0764278199004, 0.161287756555, 0.123992351019, 0.854410441301, 0.175787630978, 11.7689281086
0.000484452812833, 0.000378552742927, 0.246984257645, 0.532085102158, 0.0170939414263, 0.348390232522, 0.757447077056, 0.97486663661, 0.123343425668, 0.0863693738173, 0.112527845246, 0.264376951634, 0.801768182357, 0.409865764979, 0.454274946825, 0.156789806019, 0.0272114409001, 0.0267797619426, 0.932579826915, 0.52699004639, 0.0368190061466, 0.275799429416, 0.000484452812833, 0.000378552742927, 15.6015112941
0.0014254652925, 0.817675259513, 0.0299848454078, 0.27727631093, 0.0546216494073, 0.0623570623696, 0.113510573894, 0.670215197152, 0.2766811595, 0.400351470858, 0.597902794101, 0.0337613560807, 0.297104669167, 0.608552314009, 0.455296159389, 0.00552620097889, 0.195744313308, 0.226693774709, 0.232286340615, 0.956179396513, 0.392008952648, 0.104616963402, 0.0014254652925, 0.817675259513, 13.7778667971
0.535324057215, 0.000684855110018, 0.0171813846853, 0.616682782588, 0.44586584811, 0.784095935162, 0.754091585818, 0.000196994950034, 0.0109374212698, 0.405965802655, 0.0667431356595, 0.200867694248, 0.271243780626, 0.924450823208, 0.0106610457605, 0.344468493015, 0.195744313308, 0.02536157313, 0.680841461697, 0.509145613232, 0.367115470116, 0.17983876374, 0.535324057215, 0.000684855110018, 15.1894457108
0.303000955045, 0.00173041014028, 0.110004218669, 0.532085102158, 0.00653447246709, 0.352851833342, 0.731541397041, 0.997111050659, 0.123343425668, 0.0551637206483, 0.557775689662, 0.264376951634, 0.801768182357, 0.191533841484, 0.0112619116089, 0.156789806019, 0.03583269646, 0.169429296829, 0.965991433117, 0.0764278199004, 0.570332601723, 0.134800177667, 0.303000955045, 0.00173041014028, 15.1616504603
0.000484452812833, 0.608723079986, 0.169325780148, 0.0634173489707, 0.0686379871175, 0.546692257175, 0.0776663155923, 0.917634136575, 0.561896720224, 0.0898680166522, 0.110702777278, 0.172387320494, 0.505680733258, 0.806778814519, 0.0285559314679, 0.156789806019, 0.00330723927716, 0.0267797619426, 0.440116306996, 0.757274704133, 0.904635256897, 0.207222640734, 0.000484452812833, 0.608723079986, 14.8723536897
0.535324057215, 0.000684855110018, 0.0171813846853, 0.616682782588, 0.44586584811, 0.784095935162, 0.754091585818, 0.000196994950034, 0.0109374212698, 0.405965802655, 0.0667431356595, 0.200867694248, 0.271243780626, 0.924450823208, 0.0106610457605, 0.344468493015, 0.195744313308, 0.02536157313, 0.680841461697, 0.509145613232, 0.367115470116, 0.17983876374, 0.535324057215, 0.000684855110018, 15.1894457108
0.7161272347, 0.00173041014028, 0.110004218669, 0.532085102158, 0.00653447246709, 0.138915387484, 0.757447077056, 0.97486663661, 0.123343425668, 0.409406505848, 0.557775689662, 0.0877374384224, 0.801768182357, 0.191533841484, 0.0723954868654, 0.156789806019, 0.238468471806, 0.169429296829, 0.932579826915, 0.0764278199004, 0.0368190061466, 0.181691558175, 0.7161272347, 0.00173041014028, 14.6443354254
0.149161530965, 0.500364633151, 0.459863827244, 0.0446293330443, 0.55772000041, 0.0776981490549, 0.306540753519, 0.479843693282, 0.00597860253647, 0.451437734528, 0.264005027302, 0.110836903347, 0.121718501635, 0.0743013204604, 0.72287845515, 0.439860900672, 0.00916059574836, 0.0378690584915, 0.1117843454, 0.391478644627, 0.0185296719887, 0.00251413127203, 0.149161530965, 0.500364633151, 12.2791681512
5.74903489337e-05, 0.332195626529, 0.98043844418, 0.235466457502, 0.468996692813, 0.341796934321, 0.554307574477, 0.510786315605, 0.841930529878, 0.00477874995816, 0.149349760763, 0.402884559131, 0.833914442592, 0.77850372694, 0.000545134083893, 0.0524972119048, 0.366204546429, 0.123254897223, 0.440116306996, 0.956158247818, 0.703517625118, 0.220514111655, 5.74903489337e-05, 0.332195626529, 18.0262091441
0.7161272347, 0.00173041014028, 0.110004218669, 0.532085102158, 0.00653447246709, 0.138915387484, 0.757447077056, 0.97486663661, 0.123343425668, 0.409406505848, 0.557775689662, 0.0877374384224, 0.801768182357, 0.191533841484, 0.0723954868654, 0.156789806019, 0.238468471806, 0.169429296829, 0.932579826915, 0.0764278199004, 0.0368190061466, 0.181691558175, 0.7161272347, 0.00173041014028, 14.6443354254
0.000218253206846, 0.00388091337487, 0.739031647209, 0.164766670142, 0.54755624702, 0.578466694836, 0.00485874744358, 0.666482992669, 0.704352488763, 0.220038660372, 0.54520103242, 0.360726817972, 0.20360134125, 0.433619079762, 0.0151927278451, 0.551725879254, 0.489665097999, 0.372159809857, 0.831623113156, 0.303247200422, 0.00548116103141, 0.0103939944648, 0.000218253206846, 0.00388091337487, 16.4591452922
0.303000955045, 0.00173041014028, 0.110004218669, 0.532085102158, 0.00653447246709, 0.352851833342, 0.731541397041, 0.997111050659, 0.123343425668, 0.0551637206483, 0.557775689662, 0.264376951634, 0.801768182357, 0.191533841484, 0.0112619116089, 0.156789806019, 0.03583269646, 0.169429296829, 0.965991433117, 0.0764278199004, 0.570332601723, 0.134800177667, 0.303000955045, 0.00173041014028, 15.1616504603
5.74903489337e-05, 0.418092779911, 0.98043844418, 0.302346443153, 0.468996692813, 0.341796934321, 0.554307574477, 0.54429068651, 0.561896720224, 0.00371734329118, 0.149349760763, 0.402884559131, 0.121718501635, 0.77850372694, 0.000545134083893, 0.0524972119048, 0.0470229424782, 0.123254897223, 0.440116306996, 0.899477772712, 0.53327192411, 0.189156391726, 5.74903489337e-05, 0.418092779911, 16.0939385266
0.000484452812833, 0.608723079986, 0.169325780148, 0.0634173489707, 0.0686379871175, 0.546692257175, 0.0776663155923, 0.917634136575, 0.561896720224, 0.0898680166522, 0.110702777278, 0.172387320494, 0.505680733258, 0.806778814519, 0.0285559314679, 0.156789806019, 0.00330723927716, 0.0267797619426, 0.440116306996, 0.757274704133, 0.904635256897, 0.207222640734, 0.000484452812833, 0.608723079986, 14.8723536897
0.193074068472, 0.00333028434762, 0.0389193179094, 0.429335736557, 0.719103814722, 0.435250311293, 0.26018287491, 0.000196994950034, 0.0785787084742, 0.162278111186, 0.0667431356595, 0.0298197217678, 0.114687204194, 0.224434329999, 0.121858164315, 0.124913421559, 0.195744313308, 0.02536157313, 0.649004141584, 0.68088613469, 0.392008952648, 0.17983876374, 0.193074068472, 0.00333028434762, 12.5875284756
0.0925117144445, 0.934749747479, 0.0406898463455, 0.0128842307943, 0.0991845472058, 0.0623570623696, 0.127799676551, 0.645672899093, 0.0447181791752, 0.262984355772, 0.522016273686, 0.110836903347, 0.872968449547, 0.409865764979, 0.092077575992, 0.403403913081, 0.0874087354996, 0.687617844851, 0.187849506695, 0.129836606552, 0.0276508396217, 0.0365485027142, 0.0925117144445, 0.934749747479, 12.2833469345
5.74903489337e-05, 0.418092779911, 0.98043844418, 0.302346443153, 0.468996692813, 0.341796934321, 0.554307574477, 0.54429068651, 0.561896720224, 0.00371734329118, 0.149349760763, 0.402884559131, 0.121718501635, 0.77850372694, 0.000545134083893, 0.0524972119048, 0.0470229424782, 0.123254897223, 0.440116306996, 0.899477772712, 0.53327192411, 0.189156391726, 5.74903489337e-05, 0.418092779911, 16.0939385266
0.854410441301, 0.872682602609, 0.110004218669, 0.37191193154, 0.00653447246709, 0.0433634563111, 0.410215333463, 0.0164765854858, 0.294440075145, 0.874344675619, 0.0967537997813, 0.126721262673, 0.235717117103, 0.122068894759, 0.103924331955, 0.815804536282, 0.222926579322, 0.10587506984, 0.048449935046, 0.0244260265811, 0.161287756555, 0.123992351019, 0.854410441301, 0.872682602609, 11.2693988833
0.149161530965, 0.817675259513, 0.459863827244, 0.0446293330443, 0.319795023855, 0.0776981490549, 0.306540753519, 0.479843693282, 0.0353557978238, 0.451437734528, 0.264005027302, 0.110836903347, 0.0707305063109, 0.0743013204604, 0.72287845515, 0.00552620097889, 0.00916059574836, 0.0378690584915, 0.113827232754, 0.391478644627, 0.492253629014, 0.00251413127203, 0.149161530965, 0.817675259513, 11.7139932304
0.149161530965, 0.500364633151, 0.459863827244, 0.0446293330443, 0.55772000041, 0.0776981490549, 0.306540753519, 0.479843693282, 0.00597860253647, 0.451437734528, 0.264005027302, 0.110836903347, 0.121718501635, 0.0743013204604, 0.72287845515, 0.439860900672, 0.00916059574836, 0.0378690584915, 0.1117843454, 0.391478644627, 0.0185296719887, 0.00251413127203, 0.149161530965, 0.500364633151, 12.2791681512
0.00117300328433, 0.139124546049, 0.106107515148, 0.27727631093, 0.0546216494073, 0.522417093486, 0.217780153224, 0.221165390132, 0.390770630189, 0.400351470858, 0.597902794101, 0.0337613560807, 0.297104669167, 0.39516762279, 0.969867986662, 0.00378488464512, 0.0913309385844, 0.226693774709, 0.000338288505995, 0.900155508221, 0.202094922627, 0.104616963402, 0.00117300328433, 0.139124546049, 14.0656294978
5.74903489337e-05, 0.332195626529, 0.98043844418, 0.235466457502, 0.468996692813, 0.341796934321, 0.554307574477, 0.510786315605, 0.841930529878, 0.00477874995816, 0.149349760763, 0.402884559131, 0.833914442592, 0.77850372694, 0.000545134083893, 0.0524972119048, 0.366204546429, 0.123254897223, 0.440116306996, 0.956158247818, 0.703517625118, 0.220514111655, 5.74903489337e-05, 0.332195626529, 18.0262091441
0.000883339633087, 0.25957328614, 0.461633686682, 0.396951933963, 0.0546216494073, 0.0623570623696, 0.0207824490991, 0.670215197152, 0.390770630189, 0.400351470858, 0.597902794101, 0.0988101279169, 0.297104669167, 0.775336289523, 0.00809138396854, 0.114610638843, 0.868050267704, 0.368664571305, 0.00611512625929, 0.900155508221, 0.357589182224, 0.104616963402, 0.000883339633087, 0.25957328614, 15.3017816333
0.0028393359456, 0.139124546049, 0.106107515148, 0.27727631093, 0.0409725216442, 0.0623570623696, 0.113510573894, 0.267929518106, 0.390770630189, 0.400351470858, 0.597902794101, 0.0337613560807, 0.297104669167, 0.775336289523, 0.062256181242, 0.175572191999, 0.234447028253, 0.226693774709, 0.00611512625929, 0.900155508221, 0.202094922627, 0.104616963402, 0.0028393359456, 0.139124546049, 13.0720801632
5.63605150938e-06, 0.0492884619599, 0.883729162394, 0.301314236619, 0.329254050483, 0.20719977609, 0.00217717032541, 0.00148671797301, 0.936107744559, 0.368483421666, 0.975884861727, 0.609228581881, 0.350607687862, 0.864828178523, 0.162693624367, 0.21731790339, 0.796138641579, 0.959955615359, 0.0230415482269, 0.896159758941, 0.939948081037, 0.0149509460189, 5.63605150938e-06, 0.0492884619599, 19.2673244796
6.19395489865e-06, 0.0313106586049, 0.689793799106, 0.301314236619, 0.20601008627, 0.346886483512, 0.00217717032541, 0.00653900503217, 0.921035123683, 0.368483421666, 0.49370184592, 0.609228581881, 0.594481740835, 0.864828178523, 0.437880300152, 0.21731790339, 0.170095960933, 0.989874483739, 0.0105277279159, 0.399829029454, 0.745531174808, 0.639983329592, 6.19395489865e-06, 0.0313106586049, 18.1615550558
0.0354706223259, 0.0415489868269, 0.847845009273, 0.102617507877, 0.151831355379, 0.882466489532, 0.00485874744358, 0.666482992669, 0.00749878189592, 0.0431610532624, 0.258411069643, 0.14620149366, 0.0113046968168, 0.0148807062137, 0.0151927278451, 0.499182360656, 0.514110915083, 0.308041123701, 0.0396453432747, 0.0619109253023, 0.0735077870932, 0.209500494918, 0.0354706223259, 0.0415489868269, 12.5410891888
0.0158530343963, 0.024626214309, 0.189299349942, 0.554852976206, 0.0941126294134, 0.806355949193, 0.00145182675572, 0.123716482585, 0.281234370912, 0.261232390924, 0.0733537217938, 0.10755479682, 0.175209786175, 0.926401283262, 0.470279159581, 0.219229932619, 0.0861573195565, 0.272556721451, 0.15529515401, 0.206234819404, 0.411688769014, 0.93606250652, 0.0158530343963, 0.024626214309, 14.5660980505
0.0303501081378, 0.0680939813586, 0.189299349942, 0.290704223751, 0.0941126294134, 0.79135740547, 0.258036394072, 0.0963293561034, 0.0112237836105, 0.101045619342, 0.0149308649498, 0.10755479682, 0.199935900463, 0.717409703565, 0.062256181242, 0.172559369471, 0.0562409740665, 0.200290998451, 0.279314782672, 0.735445401076, 0.437339317575, 0.194771544141, 0.0303501081378, 0.0680939813586, 12.7377933555
6.19395489865e-06, 0.00173041014028, 0.689793799106, 0.301314236619, 0.0658994156127, 0.0316921478208, 0.00217717032541, 0.0159850700165, 0.921035123683, 0.617781187029, 0.975884861727, 0.609228581881, 0.298340347192, 0.501689956685, 0.69612277163, 0.00722699677134, 0.868050267704, 0.979359031452, 0.0230415482269, 0.320705542804, 0.939948081037, 0.639983329592, 6.19395489865e-06, 0.00173041014028, 18.8316786838
0.0106517322787, 0.305247764362, 0.16562915515, 0.476615498099, 0.0116223783337, 0.98692831996, 0.0162106716836, 0.128483149226, 0.127054357347, 0.190434134424, 0.168558958671, 0.883082442491, 0.0334742901971, 0.137197066627, 0.098882757657, 0.304097549939, 0.0475650555609, 0.19370060677, 0.436883495348, 0.177618118098, 0.378272746629, 0.102955170532, 0.0106517322787, 0.305247764362, 12.7681662862
0.0106517322787, 0.305247764362, 0.16562915515, 0.476615498099, 0.0116223783337, 0.98692831996, 0.0162106716836, 0.128483149226, 0.127054357347, 0.190434134424, 0.168558958671, 0.883082442491, 0.0334742901971, 0.137197066627, 0.098882757657, 0.304097549939, 0.0475650555609, 0.19370060677, 0.436883495348, 0.177618118098, 0.378272746629, 0.102955170532, 0.0106517322787, 0.305247764362, 12.7681662862
0.193074068472, 0.00333028434762, 0.0389193179094, 0.429335736557, 0.719103814722, 0.435250311293, 0.26018287491, 0.000196994950034, 0.0785787084742, 0.162278111186, 0.0667431356595, 0.0298197217678, 0.114687204194, 0.224434329999, 0.121858164315, 0.124913421559, 0.195744313308, 0.02536157313, 0.649004141584, 0.68088613469, 0.392008952648, 0.17983876374, 0.193074068472, 0.00333028434762, 12.5875284756
0.00117300328433, 0.139124546049, 0.106107515148, 0.27727631093, 0.0546216494073, 0.522417093486, 0.217780153224, 0.221165390132, 0.390770630189, 0.400351470858, 0.597902794101, 0.0337613560807, 0.297104669167, 0.39516762279, 0.969867986662, 0.00378488464512, 0.0913309385844, 0.226693774709, 0.000338288505995, 0.900155508221, 0.202094922627, 0.104616963402, 0.00117300328433, 0.139124546049, 14.0656294978
0.000484452812833, 0.000378552742927, 0.246984257645, 0.532085102158, 0.0170939414263, 0.348390232522, 0.757447077056, 0.97486663661, 0.123343425668, 0.0863693738173, 0.112527845246, 0.264376951634, 0.801768182357, 0.409865764979, 0.454274946825, 0.156789806019, 0.0272114409001, 0.0267797619426, 0.932579826915, 0.52699004639, 0.0368190061466, 0.275799429416, 0.000484452812833, 0.000378552742927, 15.6015112941
0.0222824371565, 0.143087950455, 0.541886830651, 0.476615498099, 0.0941126294134, 0.98692831996, 0.0806899391211, 0.128483149226, 0.0084998372181, 0.0268158449281, 0.0446207759381, 0.883082442491, 0.0730828433876, 0.499830351024, 0.215673054009, 0.0513894938711, 0.0475650555609, 0.314390591506, 0.0128234952207, 0.177618118098, 0.263156790874, 0.0237771956798, 0.0222824371565, 0.143087950455, 12.6298820726
0.00243876805378, 0.25957328614, 0.106107515148, 0.27727631093, 0.0546216494073, 0.0623570623696, 0.113510573894, 0.670215197152, 0.270277982665, 0.400351470858, 0.597902794101, 0.0988101279169, 0.297104669167, 0.0899817188621, 0.243176830027, 0.14487843884, 0.234447028253, 0.226693774709, 0.00611512625929, 0.900155508221, 0.357589182224, 0.104616963402, 0.00243876805378, 0.25957328614, 13.0191168938
