9.81231587094e-07, 0.00044821844799, 0.0419765670459, 0.634464574244, 0.521731871108, 0.725570455058, 0.754091585818, 0.000196994950034, 0.0536266630174, 0.495881754545, 0.0667431356595, 0.964284646964, 0.72281771237, 0.952603432872, 0.165798746056, 0.851709071101, 0.195744313308, 0.02536157313, 0.0184077388791, 0.734768915543, 0.00893596790308, 0.485091870311, 9.81231587094e-07, 0.00044821844799, 17.3666389881
9.81231587094e-07, 0.00044821844799, 0.0419765670459, 0.634464574244, 0.521731871108, 0.725570455058, 0.754091585818, 0.000196994950034, 0.0536266630174, 0.495881754545, 0.0667431356595, 0.964284646964, 0.72281771237, 0.952603432872, 0.165798746056, 0.851709071101, 0.195744313308, 0.02536157313, 0.0184077388791, 0.734768915543, 0.00893596790308, 0.485091870311, 9.81231587094e-07, 0.00044821844799, 17.3666389881
4.61037588451e-06, 0.00059414527899, 0.689793799106, 0.28687666105, 0.173002464343, 0.346886483512, 0.00192048582085, 0.00421172774098, 0.676485844405, 0.368483421666, 0.857737741316, 0.609228581881, 0.426452907147, 0.941930067727, 0.454274946825, 0.00119852908237, 0.169821120235, 0.959955615359, 0.0230415482269, 0.392933088558, 0.266963695925, 0.639983329592, 4.61037588451e-06, 0.00059414527899, 17.1929616794
4.61037588451e-06, 0.00059414527899, 0.689793799106, 0.28687666105, 0.173002464343, 0.346886483512, 0.00192048582085, 0.00421172774098, 0.676485844405, 0.368483421666, 0.857737741316, 0.609228581881, 0.426452907147, 0.941930067727, 0.454274946825, 0.00119852908237, 0.169821120235, 0.959955615359, 0.0230415482269, 0.392933088558, 0.266963695925, 0.639983329592, 4.61037588451e-06, 0.00059414527899, 17.1929616794
0.00278459489849, 0.241984381728, 0.106107515148, 0.209586880125, 0.0546216494073, 0.552788906065, 0.0513591180993, 0.276880441015, 0.119516459752, 0.166032842835, 0.630240085872, 0.0202710152245, 0.297104669167, 0.0468945600505, 0.01149693827, 0.68221334576, 0.0672726710286, 0.136388164645, 0.00611512625929, 0.605223751873, 0.00532473952759, 0.0296417788811, 0.00278459489849, 0.241984381728, 11.4324522601
0.00278459489849, 0.241984381728, 0.106107515148, 0.209586880125, 0.0546216494073, 0.552788906065, 0.0513591180993, 0.276880441015, 0.119516459752, 0.166032842835, 0.630240085872, 0.0202710152245, 0.297104669167, 0.0468945600505, 0.01149693827, 0.68221334576, 0.0672726710286, 0.136388164645, 0.00611512625929, 0.605223751873, 0.00532473952759, 0.0296417788811, 0.00278459489849, 0.241984381728, 11.4324522601
0.000180327991277, 0.00173041014028, 0.110004218669, 0.532085102158, 0.00653447246709, 0.0707215386696, 0.46510575206, 0.868738520367, 0.0328389536109, 0.409406505848, 0.557775689662, 0.0877374384224, 0.801768182357, 0.191533841484, 0.0337388733989, 0.156789806019, 0.0951226846409, 0.0265427961652, 0.932579826915, 0.0764278199004, 0.0249615643398, 0.181691558175, 0.000180327991277, 0.00173041014028, 13.6434826627
0.000180327991277, 0.00173041014028, 0.110004218669, 0.532085102158, 0.00653447246709, 0.0707215386696, 0.46510575206, 0.868738520367, 0.0328389536109, 0.409406505848, 0.557775689662, 0.0877374384224, 0.801768182357, 0.191533841484, 0.0337388733989, 0.156789806019, 0.0951226846409, 0.0265427961652, 0.932579826915, 0.0764278199004, 0.0249615643398, 0.181691558175, 0.000180327991277, 0.00173041014028, 13.6434826627
0.466030142783, 0.000149092800008, 0.0419765670459, 0.634464574244, 0.399085420922, 0.155619518341, 0.503125590473, 0.000196994950034, 0.327936318199, 0.495881754545, 0.000115110567212, 0.922518411285, 0.72281771237, 0.997050631275, 0.0106610457605, 0.851709071101, 0.723679863412, 0.02536157313, 0.0230415482269, 0.734768915543, 0.00893596790308, 0.720252753595, 0.466030142783, 0.000149092800008, 17.1986088204
0.466030142783, 0.000149092800008, 0.0419765670459, 0.634464574244, 0.399085420922, 0.155619518341, 0.503125590473, 0.000196994950034, 0.327936318199, 0.495881754545, 0.000115110567212, 0.922518411285, 0.72281771237, 0.997050631275, 0.0106610457605, 0.851709071101, 0.723679863412, 0.02536157313, 0.0230415482269, 0.734768915543, 0.00893596790308, 0.720252753595, 0.466030142783, 0.000149092800008, 17.1986088204
0.854410441301, 0.872682602609, 0.110004218669, 0.37191193154, 0.00653447246709, 0.0228597019518, 0.410215333463, 0.0164765854858, 0.385022883678, 0.444006639804, 0.0967537997813, 0.126721262673, 0.235717117103, 0.122068894759, 0.103924331955, 0.637851424546, 0.222926579322, 0.10587506984, 0.0311375957518, 0.0878087108492, 0.313083396972, 0.0387532478788, 0.854410441301, 0.872682602609, 10.7176133912
0.854410441301, 0.872682602609, 0.110004218669, 0.37191193154, 0.00653447246709, 0.0228597019518, 0.410215333463, 0.0164765854858, 0.385022883678, 0.444006639804, 0.0967537997813, 0.126721262673, 0.235717117103, 0.122068894759, 0.103924331955, 0.637851424546, 0.222926579322, 0.10587506984, 0.0311375957518, 0.0878087108492, 0.313083396972, 0.0387532478788, 0.854410441301, 0.872682602609, 10.7176133912
0.000218253206846, 0.753947331956, 0.680255823752, 0.164766670142, 0.54755624702, 0.578466694836, 0.00485874744358, 0.666482992669, 0.704352488763, 0.0640536346127, 0.54520103242, 0.360726817972, 0.0697902729292, 0.00205463557877, 0.0151927278451, 0.147496746834, 0.0366792574173, 0.372159809857, 0.104919041917, 0.168440928782, 0.00548116103141, 0.00830718036617, 0.000218253206846, 0.753947331956, 12.8498382889
0.000218253206846, 0.753947331956, 0.680255823752, 0.164766670142, 0.54755624702, 0.578466694836, 0.00485874744358, 0.666482992669, 0.704352488763, 0.0640536346127, 0.54520103242, 0.360726817972, 0.0697902729292, 0.00205463557877, 0.0151927278451, 0.147496746834, 0.0366792574173, 0.372159809857, 0.104919041917, 0.168440928782, 0.00548116103141, 0.00830718036617, 0.000218253206846, 0.753947331956, 12.8498382889
0.895163649378, 0.175787630978, 0.0916457798445, 0.0634173489707, 0.00101974071075, 0.0433634563111, 0.0532436062469, 0.100761791102, 0.336929198168, 0.138299911732, 0.582005031207, 0.00024908525715, 0.0551677651458, 0.0651426252672, 0.22667028654, 0.637851424546, 0.0357044955038, 0.252160899146, 0.0890462832949, 0.0764278199004, 0.161287756555, 0.123992351019, 0.895163649378, 0.175787630978, 9.94100360402
0.895163649378, 0.175787630978, 0.0916457798445, 0.0634173489707, 0.00101974071075, 0.0433634563111, 0.0532436062469, 0.100761791102, 0.336929198168, 0.138299911732, 0.582005031207, 0.00024908525715, 0.0551677651458, 0.0651426252672, 0.22667028654, 0.637851424546, 0.0357044955038, 0.252160899146, 0.0890462832949, 0.0764278199004, 0.161287756555, 0.123992351019, 0.895163649378, 0.175787630978, 9.94100360402
0.226219017298, 0.0311280538947, 0.483779750179, 0.291645861901, 0.00653447246709, 0.0433634563111, 0.0761558936779, 0.083144711707, 0.810593823519, 0.384352290572, 0.0639676534217, 0.0068993120181, 0.1767235747, 0.0158048669524, 0.0446648999904, 0.521511000985, 0.0999323620763, 0.00908773113023, 0.0890462832949, 0.0764278199004, 0.161287756555, 0.204452087299, 0.226219017298, 0.0311280538947, 10.8561208802
0.226219017298, 0.0311280538947, 0.483779750179, 0.291645861901, 0.00653447246709, 0.0433634563111, 0.0761558936779, 0.083144711707, 0.810593823519, 0.384352290572, 0.0639676534217, 0.0068993120181, 0.1767235747, 0.0158048669524, 0.0446648999904, 0.521511000985, 0.0999323620763, 0.00908773113023, 0.0890462832949, 0.0764278199004, 0.161287756555, 0.204452087299, 0.226219017298, 0.0311280538947, 10.8561208802
0.0303501081378, 0.0680939813586, 0.189299349942, 0.290704223751, 0.0941126294134, 0.79135740547, 0.258036394072, 0.0963293561034, 0.0112237836105, 0.101045619342, 0.00659278535646, 0.10755479682, 0.199935900463, 0.717409703565, 0.062256181242, 0.172559369471, 0.0562409740665, 0.200290998451, 0.279314782672, 0.131926563611, 0.0883438425632, 0.194771544141, 0.0303501081378, 0.0680939813586, 11.4428542399
0.0303501081378, 0.0680939813586, 0.189299349942, 0.290704223751, 0.0941126294134, 0.79135740547, 0.258036394072, 0.0963293561034, 0.0112237836105, 0.101045619342, 0.00659278535646, 0.10755479682, 0.199935900463, 0.717409703565, 0.062256181242, 0.172559369471, 0.0562409740665, 0.200290998451, 0.279314782672, 0.131926563611, 0.0883438425632, 0.194771544141, 0.0303501081378, 0.0680939813586, 11.4428542399
0.000252732996516, 0.00173041014028, 0.246984257645, 0.209586880125, 0.0115585427385, 0.348390232522, 0.757447077056, 0.494792537927, 0.00621302872627, 0.162278111186, 0.112527845246, 0.249102724948, 0.541499733719, 0.15755228574, 0.454274946825, 0.0204963877579, 0.0272114409001, 0.0267797619426, 0.392987281465, 0.642404444011, 0.00163980212505, 0.0224096718544, 0.000252732996516, 0.00173041014028, 12.5959358437
0.000252732996516, 0.00173041014028, 0.246984257645, 0.209586880125, 0.0115585427385, 0.348390232522, 0.757447077056, 0.494792537927, 0.00621302872627, 0.162278111186, 0.112527845246, 0.249102724948, 0.541499733719, 0.15755228574, 0.454274946825, 0.0204963877579, 0.0272114409001, 0.0267797619426, 0.392987281465, 0.642404444011, 0.00163980212505, 0.0224096718544, 0.000252732996516, 0.00173041014028, 12.5959358437
0.000484452812833, 0.000378552742927, 0.246984257645, 0.532085102158, 0.0170939414263, 0.348390232522, 0.761793607135, 0.97486663661, 0.214200145929, 0.0898680166522, 0.112527845246, 0.0510544219882, 0.491194666389, 0.409865764979, 0.0293670384265, 0.156789806019, 0.0272114409001, 0.183764469709, 0.9989756681, 0.0554113792253, 0.0368190061466, 0.275799429416, 0.000484452812833, 0.000378552742927, 14.1188198102
0.000484452812833, 0.000378552742927, 0.246984257645, 0.532085102158, 0.0170939414263, 0.348390232522, 0.761793607135, 0.97486663661, 0.214200145929, 0.0898680166522, 0.112527845246, 0.0510544219882, 0.491194666389, 0.409865764979, 0.0293670384265, 0.156789806019, 0.0272114409001, 0.183764469709, 0.9989756681, 0.0554113792253, 0.0368190061466, 0.275799429416, 0.000484452812833, 0.000378552742927, 14.1188198102
0.0303501081378, 0.0671144707872, 0.0646975653186, 0.290704223751, 0.146227733367, 0.79135740547, 0.258036394072, 0.0963293561034, 0.102475364927, 0.101045619342, 0.440726312786, 0.10755479682, 0.199935900463, 0.717409703565, 0.062256181242, 0.0513894938711, 0.0475650555609, 0.62851433988, 0.0463384130747, 0.250131232374, 0.0355228675091, 0.216631948709, 0.0303501081378, 0.0671144707872, 12.2592859359
0.0303501081378, 0.0671144707872, 0.0646975653186, 0.290704223751, 0.146227733367, 0.79135740547, 0.258036394072, 0.0963293561034, 0.102475364927, 0.101045619342, 0.440726312786, 0.10755479682, 0.199935900463, 0.717409703565, 0.062256181242, 0.0513894938711, 0.0475650555609, 0.62851433988, 0.0463384130747, 0.250131232374, 0.0355228675091, 0.216631948709, 0.0303501081378, 0.0671144707872, 12.2592859359
0.798137739106, 0.000684855110018, 0.0389193179094, 0.255834641507, 0.719103814722, 0.759510007485, 0.141550670394, 0.000196994950034, 0.0536266630174, 0.162278111186, 0.0667431356595, 0.0298197217678, 0.114687204194, 0.216613561392, 0.121858164315, 0.017728114696, 0.195744313308, 0.02536157313, 0.649004141584, 0.68088613469, 0.392008952648, 0.489819366948, 0.798137739106, 0.000684855110018, 12.6518786929
0.798137739106, 0.000684855110018, 0.0389193179094, 0.255834641507, 0.719103814722, 0.759510007485, 0.141550670394, 0.000196994950034, 0.0536266630174, 0.162278111186, 0.0667431356595, 0.0298197217678, 0.114687204194, 0.216613561392, 0.121858164315, 0.017728114696, 0.195744313308, 0.02536157313, 0.649004141584, 0.68088613469, 0.392008952648, 0.489819366948, 0.798137739106, 0.000684855110018, 12.6518786929
0.133939652826, 0.500364633151, 0.0178557702838, 0.0446293330443, 0.55772000041, 0.0671824309623, 0.0331997915713, 0.479843693282, 0.00597860253647, 0.451437734528, 0.264005027302, 0.0933080298593, 0.0812613589198, 0.245243044401, 0.72287845515, 0.434453190177, 0.154382511922, 0.155723864969, 0.1117843454, 0.0561621360218, 0.0185296719887, 0.00251413127203, 0.133939652826, 0.500364633151, 11.3556717663
0.133939652826, 0.500364633151, 0.0178557702838, 0.0446293330443, 0.55772000041, 0.0671824309623, 0.0331997915713, 0.479843693282, 0.00597860253647, 0.451437734528, 0.264005027302, 0.0933080298593, 0.0812613589198, 0.245243044401, 0.72287845515, 0.434453190177, 0.154382511922, 0.155723864969, 0.1117843454, 0.0561621360218, 0.0185296719887, 0.00251413127203, 0.133939652826, 0.500364633151, 11.3556717663
0.0014254652925, 0.500364633151, 0.467542616047, 0.0446293330443, 0.319795023855, 0.0776981490549, 0.391560982203, 0.479843693282, 0.0353557978238, 0.451437734528, 0.211296878461, 0.0039113118436, 0.0595824130316, 0.342093871414, 0.858004676732, 0.0080507696658, 0.00916059574836, 0.0333870821211, 0.290528009106, 0.140035262184, 0.0538047405707, 0.000315587382678, 0.0014254652925, 0.500364633151, 11.7751091269
0.0014254652925, 0.500364633151, 0.467542616047, 0.0446293330443, 0.319795023855, 0.0776981490549, 0.391560982203, 0.479843693282, 0.0353557978238, 0.451437734528, 0.211296878461, 0.0039113118436, 0.0595824130316, 0.342093871414, 0.858004676732, 0.0080507696658, 0.00916059574836, 0.0333870821211, 0.290528009106, 0.140035262184, 0.0538047405707, 0.000315587382678, 0.0014254652925, 0.500364633151, 11.7751091269
0.000115880512471, 0.00113376630965, 0.110004218669, 0.532085102158, 0.00653447246709, 0.0707215386696, 0.46510575206, 0.868738520367, 0.0328389536109, 0.409406505848, 0.557775689662, 0.0877374384224, 0.801768182357, 0.191533841484, 0.0337388733989, 0.156789806019, 0.455820609591, 0.0265427961652, 0.932579826915, 0.0764278199004, 0.0249615643398, 0.181691558175, 0.000115880512471, 0.00113376630965, 14.1305436042
0.000115880512471, 0.00113376630965, 0.110004218669, 0.532085102158, 0.00653447246709, 0.0707215386696, 0.46510575206, 0.868738520367, 0.0328389536109, 0.409406505848, 0.557775689662, 0.0877374384224, 0.801768182357, 0.191533841484, 0.0337388733989, 0.156789806019, 0.455820609591, 0.0265427961652, 0.932579826915, 0.0764278199004, 0.0249615643398, 0.181691558175, 0.000115880512471, 0.00113376630965, 14.1305436042
4.42641898847e-05, 0.000378552742927, 0.246984257645, 0.532085102158, 0.0170939414263, 0.348390232522, 0.757447077056, 0.97486663661, 0.123343425668, 0.0364324760678, 0.078222832126, 0.155537963139, 0.931420253098, 0.378783871614, 0.475003367602, 0.156789806019, 0.0272114409001, 0.0113554945808, 0.932579826915, 0.52699004639, 0.0368190061466, 0.169656343147, 4.42641898847e-05, 0.000378552742927, 15.3378817316
4.42641898847e-05, 0.000378552742927, 0.246984257645, 0.532085102158, 0.0170939414263, 0.348390232522, 0.757447077056, 0.97486663661, 0.123343425668, 0.0364324760678, 0.078222832126, 0.155537963139, 0.931420253098, 0.378783871614, 0.475003367602, 0.156789806019, 0.0272114409001, 0.0113554945808, 0.932579826915, 0.52699004639, 0.0368190061466, 0.169656343147, 4.42641898847e-05, 0.000378552742927, 15.3378817316
4.42641898847e-05, 0.000323157966816, 0.246984257645, 0.532085102158, 0.0170939414263, 0.348390232522, 0.757447077056, 0.97486663661, 0.123343425668, 0.0364324760678, 0.078222832126, 0.155537963139, 0.931420253098, 0.378783871614, 0.92715484994, 0.187695555334, 0.0272114409001, 0.00480221325701, 0.932579826915, 0.52699004639, 0.0368190061466, 0.169656343147, 4.42641898847e-05, 0.000323157966816, 15.9811709327
4.42641898847e-05, 0.000323157966816, 0.246984257645, 0.532085102158, 0.0170939414263, 0.348390232522, 0.757447077056, 0.97486663661, 0.123343425668, 0.0364324760678, 0.078222832126, 0.155537963139, 0.931420253098, 0.378783871614, 0.92715484994, 0.187695555334, 0.0272114409001, 0.00480221325701, 0.932579826915, 0.52699004639, 0.0368190061466, 0.169656343147, 4.42641898847e-05, 0.000323157966816, 15.9811709327
0.149161530965, 0.500364633151, 0.467542616047, 0.0446293330443, 0.319795023855, 0.0776981490549, 0.391560982203, 0.479843693282, 0.0353557978238, 0.451437734528, 0.242126526034, 0.0910485367669, 0.0595824130316, 0.0190643129746, 0.72287845515, 0.0080507696658, 0.00916059574836, 0.0333870821211, 0.290528009106, 0.140035262184, 0.0538047405707, 0.000315587382678, 0.149161530965, 0.500364633151, 11.2690760457
0.149161530965, 0.500364633151, 0.467542616047, 0.0446293330443, 0.319795023855, 0.0776981490549, 0.391560982203, 0.479843693282, 0.0353557978238, 0.451437734528, 0.242126526034, 0.0910485367669, 0.0595824130316, 0.0190643129746, 0.72287845515, 0.0080507696658, 0.00916059574836, 0.0333870821211, 0.290528009106, 0.140035262184, 0.0538047405707, 0.000315587382678, 0.149161530965, 0.500364633151, 11.2690760457
0.000142886476197, 0.0962112473002, 0.680255823752, 0.144557511946, 0.61055348629, 0.183785636615, 0.00433180087026, 0.608556197076, 0.704352488763, 0.220038660372, 0.0379793916096, 0.0661103082688, 0.697271323661, 0.0905136082595, 0.0086698797193, 0.205384577951, 0.514110915083, 0.221221264046, 0.0789609098922, 0.0619109253023, 0.0522585409706, 0.209500494918, 0.000142886476197, 0.0962112473002, 13.2592245141
0.000142886476197, 0.0962112473002, 0.680255823752, 0.144557511946, 0.61055348629, 0.183785636615, 0.00433180087026, 0.608556197076, 0.704352488763, 0.220038660372, 0.0379793916096, 0.0661103082688, 0.697271323661, 0.0905136082595, 0.0086698797193, 0.205384577951, 0.514110915083, 0.221221264046, 0.0789609098922, 0.0619109253023, 0.0522585409706, 0.209500494918, 0.000142886476197, 0.0962112473002, 13.2592245141
1.09285366867e-07, 0.0455344328642, 0.398507396776, 0.302346443153, 0.468996692813, 0.341796934321, 0.554307574477, 0.125470664016, 0.3142333517, 0.422983952547, 0.366243094758, 0.402884559131, 0.430267749148, 0.77850372694, 0.000545134083893, 0.0343535317495, 0.0470229424782, 0.123254897223, 0.0396453432747, 0.899477772712, 0.53327192411, 0.189156391726, 1.09285366867e-07, 0.0455344328642, 15.1309195271
1.09285366867e-07, 0.0455344328642, 0.398507396776, 0.302346443153, 0.468996692813, 0.341796934321, 0.554307574477, 0.125470664016, 0.3142333517, 0.422983952547, 0.366243094758, 0.402884559131, 0.430267749148, 0.77850372694, 0.000545134083893, 0.0343535317495, 0.0470229424782, 0.123254897223, 0.0396453432747, 0.899477772712, 0.53327192411, 0.189156391726, 1.09285366867e-07, 0.0455344328642, 15.1309195271
0.000218253206846, 0.000630256990948, 0.680255823752, 0.77772600252, 0.54755624702, 0.578466694836, 0.00485874744358, 0.666482992669, 0.704352488763, 0.0640536346127, 0.54520103242, 0.360726817972, 0.0697902729292, 0.00267564514264, 0.0151927278451, 0.430927630974, 0.369355794996, 0.372159809857, 0.104919041917, 0.168440928782, 0.00548116103141, 0.0103939944648, 0.000218253206846, 0.000630256990948, 14.7465053828
0.000218253206846, 0.000630256990948, 0.680255823752, 0.77772600252, 0.54755624702, 0.578466694836, 0.00485874744358, 0.666482992669, 0.704352488763, 0.0640536346127, 0.54520103242, 0.360726817972, 0.0697902729292, 0.00267564514264, 0.0151927278451, 0.430927630974, 0.369355794996, 0.372159809857, 0.104919041917, 0.168440928782, 0.00548116103141, 0.0103939944648, 0.000218253206846, 0.000630256990948, 14.7465053828
5.63605150938e-06, 0.000684855110018, 0.0419765670459, 0.634464574244, 0.399085420922, 0.886401420336, 0.503125590473, 0.000196994950034, 0.0536266630174, 0.0863693738173, 0.00386330044548, 0.91485165718, 0.72281771237, 0.924450823208, 0.0106610457605, 0.851709071101, 0.195744313308, 0.02536157313, 0.460374174449, 0.52699004639, 0.00893596790308, 0.261228779279, 5.63605150938e-06, 0.000684855110018, 16.1413700267
5.63605150938e-06, 0.000684855110018, 0.0419765670459, 0.634464574244, 0.399085420922, 0.886401420336, 0.503125590473, 0.000196994950034, 0.0536266630174, 0.0863693738173, 0.00386330044548, 0.91485165718, 0.72281771237, 0.924450823208, 0.0106610457605, 0.851709071101, 0.195744313308, 0.02536157313, 0.460374174449, 0.52699004639, 0.00893596790308, 0.261228779279, 5.63605150938e-06, 0.000684855110018, 16.1413700267
9.87526992735e-07, 0.000684855110018, 0.0419765670459, 0.634464574244, 0.561807599852, 0.913015900565, 0.754091585818, 0.000196994950034, 0.0536266630174, 0.495881754545, 0.0667431356595, 0.250794236208, 0.698029311214, 0.924450823208, 0.186429026118, 0.851709071101, 0.195744313308, 0.0185271861703, 0.0230415482269, 0.734768915543, 0.00893596790308, 0.485091870311, 9.87526992735e-07, 0.000684855110018, 16.6639414717
9.87526992735e-07, 0.000684855110018, 0.0419765670459, 0.634464574244, 0.561807599852, 0.913015900565, 0.754091585818, 0.000196994950034, 0.0536266630174, 0.495881754545, 0.0667431356595, 0.250794236208, 0.698029311214, 0.924450823208, 0.186429026118, 0.851709071101, 0.195744313308, 0.0185271861703, 0.0230415482269, 0.734768915543, 0.00893596790308, 0.485091870311, 9.87526992735e-07, 0.000684855110018, 16.6639414717
3.8698301903e-06, 0.000684855110018, 0.0419765670459, 0.634464574244, 0.44586584811, 0.50123972322, 0.754091585818, 4.71359177182e-05, 0.0536266630174, 0.495881754545, 0.0667431356595, 0.91485165718, 0.72281771237, 0.924450823208, 0.0106610457605, 0.670124306414, 0.195744313308, 0.02536157313, 0.0230415482269, 0.855915993661, 0.00186425722889, 0.49842123869, 3.8698301903e-06, 0.000684855110018, 16.5800583952
3.8698301903e-06, 0.000684855110018, 0.0419765670459, 0.634464574244, 0.44586584811, 0.50123972322, 0.754091585818, 4.71359177182e-05, 0.0536266630174, 0.495881754545, 0.0667431356595, 0.91485165718, 0.72281771237, 0.924450823208, 0.0106610457605, 0.670124306414, 0.195744313308, 0.02536157313, 0.0230415482269, 0.855915993661, 0.00186425722889, 0.49842123869, 3.8698301903e-06, 0.000684855110018, 16.5800583952
0.457240390617, 0.00333028434762, 0.0198714878502, 0.203221379414, 0.719103814722, 0.759510007485, 0.26018287491, 0.000196994950034, 0.0536266630174, 0.162278111186, 0.0667431356595, 0.0298197217678, 0.114687204194, 0.224434329999, 0.121858164315, 0.017728114696, 0.195744313308, 0.02536157313, 0.649004141584, 0.68088613469, 0.392008952648, 0.17983876374, 0.457240390617, 0.00333028434762, 12.5757973967
0.457240390617, 0.00333028434762, 0.0198714878502, 0.203221379414, 0.719103814722, 0.759510007485, 0.26018287491, 0.000196994950034, 0.0536266630174, 0.162278111186, 0.0667431356595, 0.0298197217678, 0.114687204194, 0.224434329999, 0.121858164315, 0.017728114696, 0.195744313308, 0.02536157313, 0.649004141584, 0.68088613469, 0.392008952648, 0.17983876374, 0.457240390617, 0.00333028434762, 12.5757973967
0.000112599746043, 0.0329472513679, 0.867617036519, 0.00429777982745, 0.944649664894, 0.183785636615, 0.00485874744358, 0.608556197076, 0.704352488763, 0.086965442996, 0.0379793916096, 0.0661103082688, 0.697271323661, 0.0905136082595, 0.80651842547, 0.578456846775, 0.0351131176642, 0.372159809857, 0.0789609098922, 0.0619109253023, 0.0522585409706, 0.209500494918, 0.000112599746043, 0.0329472513679, 14.7554630292
0.000112599746043, 0.0329472513679, 0.867617036519, 0.00429777982745, 0.944649664894, 0.183785636615, 0.00485874744358, 0.608556197076, 0.704352488763, 0.086965442996, 0.0379793916096, 0.0661103082688, 0.697271323661, 0.0905136082595, 0.80651842547, 0.578456846775, 0.0351131176642, 0.372159809857, 0.0789609098922, 0.0619109253023, 0.0522585409706, 0.209500494918, 0.000112599746043, 0.0329472513679, 14.7554630292
1.96194421598e-07, 0.231540368564, 0.0837422758683, 0.302346443153, 0.167013895835, 0.161896553096, 0.554307574477, 0.236953493567, 0.0389347659027, 0.581819814006, 0.149349760763, 0.402884559131, 0.430267749148, 0.716339355505, 0.000545134083893, 0.0524972119048, 0.22789358935, 0.307363965909, 0.440116306996, 0.899477772712, 0.53327192411, 0.189156391726, 1.96194421598e-07, 0.231540368564, 14.6597734625
1.96194421598e-07, 0.231540368564, 0.0837422758683, 0.302346443153, 0.167013895835, 0.161896553096, 0.554307574477, 0.236953493567, 0.0389347659027, 0.581819814006, 0.149349760763, 0.402884559131, 0.430267749148, 0.716339355505, 0.000545134083893, 0.0524972119048, 0.22789358935, 0.307363965909, 0.440116306996, 0.899477772712, 0.53327192411, 0.189156391726, 1.96194421598e-07, 0.231540368564, 14.6597734625
2.27953570586e-06, 0.231540368564, 0.0837422758683, 0.302346443153, 0.428308238509, 0.161896553096, 0.554307574477, 0.236953493567, 0.0389347659027, 0.581819814006, 0.149349760763, 0.402884559131, 0.430267749148, 0.529502174964, 0.000545134083893, 0.0524972119048, 0.0470229424782, 0.307363965909, 0.440116306996, 0.899477772712, 0.53327192411, 0.259105401179, 2.27953570586e-06, 0.231540368564, 14.6107688144
2.27953570586e-06, 0.231540368564, 0.0837422758683, 0.302346443153, 0.428308238509, 0.161896553096, 0.554307574477, 0.236953493567, 0.0389347659027, 0.581819814006, 0.149349760763, 0.402884559131, 0.430267749148, 0.529502174964, 0.000545134083893, 0.0524972119048, 0.0470229424782, 0.307363965909, 0.440116306996, 0.899477772712, 0.53327192411, 0.259105401179, 2.27953570586e-06, 0.231540368564, 14.6107688144
9.81231587094e-07, 0.000684855110018, 0.0204107387571, 0.634464574244, 0.548028423281, 0.913015900565, 0.754091585818, 0.000196994950034, 0.0536266630174, 0.495881754545, 0.0667431356595, 0.91485165718, 0.72281771237, 0.887722409207, 0.165798746056, 0.851709071101, 0.195744313308, 0.02536157313, 0.0230415482269, 0.734768915543, 0.00893596790308, 0.485091870311, 9.81231587094e-07, 0.000684855110018, 17.477954086
0.895163649378, 0.175787630978, 0.169325780148, 0.501595622189, 0.00101974071075, 0.0433634563111, 0.00515282241223, 0.100761791102, 0.336929198168, 0.138299911732, 0.106413908163, 0.00024908525715, 0.0551677651458, 0.0651426252672, 0.22667028654, 0.637851424546, 0.0460392915997, 0.252160899146, 0.0890462832949, 0.0764278199004, 0.161287756555, 0.123992351019, 0.895163649378, 0.175787630978, 9.94431146922
0.895163649378, 0.175787630978, 0.169325780148, 0.501595622189, 0.00101974071075, 0.0433634563111, 0.00515282241223, 0.100761791102, 0.336929198168, 0.138299911732, 0.106413908163, 0.00024908525715, 0.0551677651458, 0.0651426252672, 0.22667028654, 0.637851424546, 0.0460392915997, 0.252160899146, 0.0890462832949, 0.0764278199004, 0.161287756555, 0.123992351019, 0.895163649378, 0.175787630978, 9.94431146922
0.854410441301, 0.872682602609, 0.110004218669, 0.867401135705, 0.00653447246709, 0.0228597019518, 0.410215333463, 0.0164765854858, 0.332528472067, 0.462774265165, 0.0967537997813, 0.126721262673, 0.235717117103, 0.122068894759, 0.103924331955, 0.637851424546, 0.222926579322, 0.10587506984, 0.0311375957518, 0.0878087108492, 0.25638191184, 0.0387532478788, 0.854410441301, 0.872682602609, 11.2427801107
0.0159052587663, 0.000378552742927, 0.246984257645, 0.532085102158, 0.0170939414263, 0.348390232522, 0.761793607135, 0.97486663661, 0.214200145929, 0.0898680166522, 0.112527845246, 0.264376951634, 0.491194666389, 0.409865764979, 0.454274946825, 0.156789806019, 0.0272114409001, 0.183764469709, 0.9989756681, 0.0554113792253, 0.0368190061466, 0.275799429416, 0.0159052587663, 0.000378552742927, 14.9768677387
1.09285366867e-07, 0.418092779911, 0.0419765670459, 0.302346443153, 0.468996692813, 0.341796934321, 0.554307574477, 0.236953493567, 0.561896720224, 0.581819814006, 0.149349760763, 0.402884559131, 0.92899223658, 0.77850372694, 0.000545134083893, 0.114366443763, 0.0470229424782, 0.123254897223, 0.0230415482269, 0.899477772712, 0.53327192411, 0.189156391726, 1.09285366867e-07, 0.418092779911, 15.8032109664
0.149161530965, 0.500364633151, 0.467542616047, 0.0363042445183, 0.128801426852, 0.0776981490549, 0.391560982203, 0.479843693282, 0.0353557978238, 0.451437734528, 0.242126526034, 0.0910485367669, 0.0595824130316, 0.436625651253, 0.72287845515, 0.0080507696658, 0.00916059574836, 0.0333870821211, 0.290528009106, 0.140035262184, 0.0538047405707, 0.000315587382678, 0.149161530965, 0.500364633151, 11.5626779948
0.193074068472, 0.00333028434762, 0.00665450188251, 0.639689262592, 0.205062809921, 0.435250311293, 0.00310030046122, 4.43862746907e-05, 0.0536266630174, 0.162278111186, 0.0667431356595, 0.0298197217678, 0.467798693922, 0.224434329999, 0.0848451146557, 0.83399324815, 0.195744313308, 0.000430724888175, 0.757405813261, 0.49378341464, 0.392008952648, 0.17983876374, 0.193074068472, 0.00333028434762, 12.995351638
0.535324057215, 0.000684855110018, 0.0171813846853, 0.238865297564, 0.44586584811, 0.784095935162, 0.754091585818, 0.000196994950034, 0.00522367224725, 0.762379315893, 0.0667431356595, 0.155542329326, 0.121718501635, 0.924450823208, 0.00141919808535, 0.246355835667, 0.195744313308, 0.02536157313, 0.680841461697, 0.509145613232, 0.367115470116, 0.17983876374, 0.535324057215, 0.000684855110018, 14.745002601
0.854410441301, 0.846778909222, 0.110004218669, 0.37191193154, 0.291245117484, 0.0228597019518, 0.410215333463, 0.0164765854858, 0.332528472067, 0.145486300785, 0.0967537997813, 0.126721262673, 0.235717117103, 0.892012821131, 0.036265164909, 0.637851424546, 0.111338992954, 0.125432377585, 0.048449935046, 0.0244260265811, 0.25638191184, 0.0387532478788, 0.854410441301, 0.846778909222, 11.2895026046
0.854410441301, 0.872682602609, 0.110004218669, 0.867401135705, 0.00653447246709, 0.0228597019518, 0.410215333463, 0.0164765854858, 0.332528472067, 0.462774265165, 0.0967537997813, 0.126721262673, 0.235717117103, 0.122068894759, 0.103924331955, 0.637851424546, 0.222926579322, 0.10587506984, 0.0311375957518, 0.0878087108492, 0.25638191184, 0.0387532478788, 0.854410441301, 0.872682602609, 11.2427801107
0.7161272347, 0.000728186627921, 0.110004218669, 0.532085102158, 0.00653447246709, 0.0466884879719, 0.757447077056, 0.97486663661, 0.123343425668, 0.141290489098, 0.00369094669085, 0.264376951634, 0.9603645438, 0.191533841484, 0.036265164909, 0.156789806019, 0.0254263087887, 0.308041123701, 0.965991433117, 0.686126694115, 0.0368190061466, 0.181691558175, 0.7161272347, 0.000728186627921, 14.5822732605
0.535324057215, 0.000684855110018, 0.0171813846853, 0.238865297564, 0.44586584811, 0.784095935162, 0.754091585818, 0.000196994950034, 0.00522367224725, 0.762379315893, 0.0667431356595, 0.155542329326, 0.121718501635, 0.924450823208, 0.00141919808535, 0.246355835667, 0.195744313308, 0.02536157313, 0.680841461697, 0.509145613232, 0.367115470116, 0.17983876374, 0.535324057215, 0.000684855110018, 14.745002601
0.7161272347, 0.000728186627921, 0.110004218669, 0.532085102158, 0.00653447246709, 0.0466884879719, 0.757447077056, 0.97486663661, 0.123343425668, 0.141290489098, 0.00369094669085, 0.264376951634, 0.9603645438, 0.191533841484, 0.036265164909, 0.156789806019, 0.0254263087887, 0.308041123701, 0.965991433117, 0.686126694115, 0.0368190061466, 0.181691558175, 0.7161272347, 0.000728186627921, 14.5822732605
0.000218253206846, 0.283890683164, 0.678212620446, 0.164766670142, 0.54755624702, 0.578466694836, 0.00485874744358, 0.351165151185, 0.814505050711, 0.220038660372, 0.54520103242, 0.360726817972, 0.0697902729292, 0.500792096286, 0.0247953500025, 0.430927630974, 0.337822157245, 0.116513112833, 0.104919041917, 0.168440928782, 0.00548116103141, 0.0103939944648, 0.000218253206846, 0.283890683164, 14.0692069101
0.149161530965, 0.500364633151, 0.467542616047, 0.0363042445183, 0.128801426852, 0.0776981490549, 0.391560982203, 0.479843693282, 0.0353557978238, 0.451437734528, 0.242126526034, 0.0910485367669, 0.0595824130316, 0.436625651253, 0.72287845515, 0.0080507696658, 0.00916059574836, 0.0333870821211, 0.290528009106, 0.140035262184, 0.0538047405707, 0.000315587382678, 0.149161530965, 0.500364633151, 11.5626779948
0.000218253206846, 0.283890683164, 0.678212620446, 0.164766670142, 0.54755624702, 0.578466694836, 0.00485874744358, 0.351165151185, 0.814505050711, 0.220038660372, 0.54520103242, 0.360726817972, 0.0697902729292, 0.500792096286, 0.0247953500025, 0.430927630974, 0.337822157245, 0.116513112833, 0.104919041917, 0.168440928782, 0.00548116103141, 0.0103939944648, 0.000218253206846, 0.283890683164, 14.0692069101
9.87526992735e-07, 0.114100252692, 0.0419765670459, 0.634464574244, 0.561807599852, 0.913015900565, 0.754091585818, 0.000196994950034, 0.0536266630174, 0.495881754545, 0.011446499672, 0.250794236208, 0.72281771237, 0.924450823208, 0.186429026118, 0.851709071101, 0.195744313308, 0.0185271861703, 0.0230415482269, 0.734768915543, 0.00893596790308, 0.485091870311, 9.87526992735e-07, 0.114100252692, 16.5763745755
0.0354706223259, 0.0415489868269, 0.847845009273, 0.102617507877, 0.151831355379, 0.882466489532, 0.00196111038616, 0.666482992669, 0.00749878189592, 0.0431610532624, 0.258411069643, 0.14620149366, 0.00825580305333, 0.0148807062137, 0.0151927278451, 0.648517715535, 0.514110915083, 0.294949002379, 0.0396453432747, 0.0619109253023, 0.0368190061466, 0.209500494918, 0.0354706223259, 0.0415489868269, 12.6673096252
0.0303501081378, 0.0680939813586, 0.35088021584, 0.290704223751, 0.0941126294134, 0.79135740547, 0.258036394072, 0.0963293561034, 0.0112237836105, 0.101045619342, 0.00659278535646, 0.0114707843542, 0.199935900463, 0.717409703565, 0.062256181242, 0.172559369471, 0.0562409740665, 0.237893941836, 0.279314782672, 0.131926563611, 0.0883438425632, 0.194771544141, 0.0303501081378, 0.0680939813586, 11.5817978211
0.000252732996516, 0.00173041014028, 0.246984257645, 0.209586880125, 0.367062050149, 0.348390232522, 0.757447077056, 0.494792537927, 0.00621302872627, 0.162278111186, 0.112527845246, 0.249102724948, 0.541499733719, 0.15755228574, 0.454274946825, 0.156789806019, 0.0272114409001, 0.0267797619426, 0.392987281465, 0.57017857882, 0.00163980212505, 0.0224096718544, 0.000252732996516, 0.00173041014028, 13.1623439015
1.09285366867e-07, 0.418092779911, 0.0419765670459, 0.302346443153, 0.468996692813, 0.341796934321, 0.554307574477, 0.236953493567, 0.561896720224, 0.581819814006, 0.149349760763, 0.402884559131, 0.92899223658, 0.77850372694, 0.000545134083893, 0.114366443763, 0.0470229424782, 0.123254897223, 0.0230415482269, 0.899477772712, 0.53327192411, 0.189156391726, 1.09285366867e-07, 0.418092779911, 15.8032109664
9.87526992735e-07, 0.114100252692, 0.0419765670459, 0.634464574244, 0.561807599852, 0.913015900565, 0.754091585818, 0.000196994950034, 0.0536266630174, 0.495881754545, 0.011446499672, 0.250794236208, 0.72281771237, 0.924450823208, 0.186429026118, 0.851709071101, 0.195744313308, 0.0185271861703, 0.0230415482269, 0.734768915543, 0.00893596790308, 0.485091870311, 9.87526992735e-07, 0.114100252692, 16.5763745755
0.854410441301, 0.846778909222, 0.110004218669, 0.37191193154, 0.291245117484, 0.0228597019518, 0.410215333463, 0.0164765854858, 0.332528472067, 0.145486300785, 0.0967537997813, 0.126721262673, 0.235717117103, 0.892012821131, 0.036265164909, 0.637851424546, 0.111338992954, 0.125432377585, 0.048449935046, 0.0244260265811, 0.25638191184, 0.0387532478788, 0.854410441301, 0.846778909222, 11.2895026046
0.0139937648125, 0.435540986713, 0.459863827244, 0.113839171841, 0.55772000041, 0.131852893974, 0.108298997791, 0.479843693282, 0.00597860253647, 0.451437734528, 0.264005027302, 0.110836903347, 0.121718501635, 0.0743013204604, 0.72287845515, 0.439860900672, 0.304905851164, 0.0378690584915, 0.1117843454, 0.064243190184, 0.0185296719887, 0.00251413127203, 0.0139937648125, 0.435540986713, 12.1702521512
5.74903489337e-05, 0.220244006299, 0.485853565928, 0.997708763751, 0.468996692813, 0.341796934321, 0.554307574477, 0.54429068651, 0.561896720224, 0.00371734329118, 0.149349760763, 0.402884559131, 0.0279345556559, 0.316141126174, 0.000545134083893, 0.0524972119048, 0.0470229424782, 0.123254897223, 0.440116306996, 0.810440483498, 0.53327192411, 0.0688214091837, 5.74903489337e-05, 0.220244006299, 15.2724700112
3.8698301903e-06, 0.000684855110018, 0.284687574769, 0.634464574244, 0.44586584811, 0.50123972322, 0.754091585818, 4.71359177182e-05, 0.0536266630174, 0.495881754545, 0.0667431356595, 0.91485165718, 0.72281771237, 0.924450823208, 0.0106610457605, 0.670124306414, 0.195744313308, 0.02536157313, 0.0230415482269, 0.855915993661, 0.249165764526, 0.49842123869, 3.8698301903e-06, 0.000684855110018, 17.2415706395
0.000142886476197, 0.0439158878965, 0.680255823752, 0.00429777982745, 0.748305053386, 0.183785636615, 0.00485874744358, 0.648184574819, 0.849328289553, 0.141305001106, 0.0379793916096, 0.0661103082688, 0.697271323661, 0.0905136082595, 0.0817084297156, 0.430927630974, 0.514110915083, 0.372159809857, 0.0789609098922, 0.142748445702, 0.0522585409706, 0.209500494918, 0.000142886476197, 0.0439158878965, 14.1348945095
0.00278459489849, 0.241984381728, 0.0577398669214, 0.209586880125, 0.0546216494073, 0.316540442969, 0.0513591180993, 0.670215197152, 0.32621254267, 0.121452196775, 0.55258514789, 0.0202710152245, 0.297104669167, 0.15755228574, 0.01149693827, 0.394373150032, 0.234447028253, 0.0592242788521, 0.294695515737, 0.941179255826, 0.0578966491644, 0.0296417788811, 0.00278459489849, 0.241984381728, 12.4844198235
0.0139937648125, 0.435540986713, 0.459863827244, 0.113839171841, 0.55772000041, 0.131852893974, 0.108298997791, 0.479843693282, 0.00597860253647, 0.451437734528, 0.264005027302, 0.110836903347, 0.121718501635, 0.0743013204604, 0.72287845515, 0.439860900672, 0.304905851164, 0.0378690584915, 0.1117843454, 0.064243190184, 0.0185296719887, 0.00251413127203, 0.0139937648125, 0.435540986713, 12.1702521512
0.0014254652925, 0.500364633151, 0.467542616047, 0.0446293330443, 0.319795023855, 0.0776981490549, 0.391560982203, 0.479843693282, 0.221551024561, 0.451437734528, 0.264005027302, 0.0910485367669, 0.0595824130316, 0.342093871414, 0.858004676732, 0.0080507696658, 0.00916059574836, 0.0333870821211, 0.290528009106, 0.140035262184, 0.0538047405707, 0.000315587382678, 0.0014254652925, 0.500364633151, 12.2152565621
5.74903489337e-05, 0.220244006299, 0.485853565928, 0.997708763751, 0.468996692813, 0.341796934321, 0.554307574477, 0.54429068651, 0.561896720224, 0.00371734329118, 0.149349760763, 0.402884559131, 0.0279345556559, 0.316141126174, 0.000545134083893, 0.0524972119048, 0.0470229424782, 0.123254897223, 0.440116306996, 0.810440483498, 0.53327192411, 0.0688214091837, 5.74903489337e-05, 0.220244006299, 15.2724700112
