0.193074068472, 0.00388091337487, 0.0419765670459, 0.429335736557, 0.68575340912, 0.191639897856, 0.754091585818, 0.000196994950034, 0.0206847595031, 0.338960106749, 0.135686310991, 0.200867694248, 0.122927957057, 0.630962117865, 0.121858164315, 0.851709071101, 0.195744313308, 0.686365790707, 0.746473409465, 0.734768915543, 0.282999073941, 0.880625412438, 0.193074068472, 0.00388091337487, 16.7880655884
0.193074068472, 0.00388091337487, 0.0419765670459, 0.429335736557, 0.68575340912, 0.191639897856, 0.754091585818, 0.000196994950034, 0.0206847595031, 0.338960106749, 0.135686310991, 0.200867694248, 0.122927957057, 0.630962117865, 0.121858164315, 0.851709071101, 0.195744313308, 0.686365790707, 0.746473409465, 0.734768915543, 0.282999073941, 0.880625412438, 0.193074068472, 0.00388091337487, 16.7880655884
0.904412782565, 0.367297413841, 0.0582203649364, 0.966765819801, 0.861345685795, 0.311810796443, 0.000296119294737, 0.0197429510187, 0.0691140038297, 0.520204449823, 0.00950297925208, 0.173470702103, 0.0568830771203, 0.40036578552, 0.098882757657, 0.465885892162, 0.260827977949, 0.318783597959, 0.00036338719336, 0.939407466477, 0.170716144323, 0.188620776019, 0.904412782565, 0.367297413841, 13.601239003
0.904412782565, 0.367297413841, 0.0582203649364, 0.966765819801, 0.861345685795, 0.311810796443, 0.000296119294737, 0.0197429510187, 0.0691140038297, 0.520204449823, 0.00950297925208, 0.173470702103, 0.0568830771203, 0.40036578552, 0.098882757657, 0.465885892162, 0.260827977949, 0.318783597959, 0.00036338719336, 0.939407466477, 0.170716144323, 0.188620776019, 0.904412782565, 0.367297413841, 13.601239003
0.04301658765, 0.041428810156, 0.682337061648, 0.102617507877, 0.897354715537, 0.0296816108718, 0.00312481934655, 0.815931636233, 0.019097832255, 0.475693385801, 0.266474864356, 0.314285305008, 0.314339874966, 0.889125733123, 0.0151927278451, 0.499182360656, 0.688688525598, 0.397928194599, 0.54183563202, 0.0619109253023, 0.712822930049, 0.16830390216, 0.04301658765, 0.041428810156, 16.6340396077
0.04301658765, 0.041428810156, 0.682337061648, 0.102617507877, 0.897354715537, 0.0296816108718, 0.00312481934655, 0.815931636233, 0.019097832255, 0.475693385801, 0.266474864356, 0.314285305008, 0.314339874966, 0.889125733123, 0.0151927278451, 0.499182360656, 0.688688525598, 0.397928194599, 0.54183563202, 0.0619109253023, 0.712822930049, 0.16830390216, 0.04301658765, 0.041428810156, 16.6340396077
0.854410441301, 0.675525643162, 0.110004218669, 0.291645861901, 0.410652171881, 0.81293673114, 0.312193315614, 0.0164765854858, 0.30203844859, 0.654086394021, 0.0454751948999, 0.0093171874771, 0.235717117103, 0.472647161926, 0.0315022177295, 0.637851424546, 0.35998089043, 0.11380514556, 0.22679203264, 0.097270839028, 0.161287756555, 0.123992351019, 0.854410441301, 0.675525643162, 12.8841876256
0.854410441301, 0.675525643162, 0.110004218669, 0.291645861901, 0.410652171881, 0.81293673114, 0.312193315614, 0.0164765854858, 0.30203844859, 0.654086394021, 0.0454751948999, 0.0093171874771, 0.235717117103, 0.472647161926, 0.0315022177295, 0.637851424546, 0.35998089043, 0.11380514556, 0.22679203264, 0.097270839028, 0.161287756555, 0.123992351019, 0.854410441301, 0.675525643162, 12.8841876256
0.00837680356163, 0.13452454426, 0.541886830651, 0.535761034776, 0.0941126294134, 0.215662814905, 0.135498386011, 0.0774537138239, 0.437563199159, 0.253633339524, 0.547314838068, 0.0947004500968, 0.999144285996, 0.350710126421, 0.344141648031, 0.0284115663, 0.565207341133, 0.32487262449, 0.456406782744, 0.33711304346, 0.834471768574, 0.758435462434, 0.00837680356163, 0.13452454426, 16.6496384517
0.00837680356163, 0.13452454426, 0.541886830651, 0.535761034776, 0.0941126294134, 0.215662814905, 0.135498386011, 0.0774537138239, 0.437563199159, 0.253633339524, 0.547314838068, 0.0947004500968, 0.999144285996, 0.350710126421, 0.344141648031, 0.0284115663, 0.565207341133, 0.32487262449, 0.456406782744, 0.33711304346, 0.834471768574, 0.758435462434, 0.00837680356163, 0.13452454426, 16.6496384517
0.193074068472, 0.00953657986332, 0.0419765670459, 0.429335736557, 0.68575340912, 0.191639897856, 0.754091585818, 0.000196994950034, 0.0553890922119, 0.338960106749, 0.118400526474, 0.200867694248, 0.122927957057, 0.630962117865, 0.121858164315, 0.851709071101, 0.195744313308, 0.686365790707, 0.0440233066033, 0.443515723556, 0.339338224441, 0.880625412438, 0.193074068472, 0.00953657986332, 15.5497471054
0.193074068472, 0.00953657986332, 0.0419765670459, 0.429335736557, 0.68575340912, 0.191639897856, 0.754091585818, 0.000196994950034, 0.0553890922119, 0.338960106749, 0.118400526474, 0.200867694248, 0.122927957057, 0.630962117865, 0.121858164315, 0.851709071101, 0.195744313308, 0.686365790707, 0.0440233066033, 0.443515723556, 0.339338224441, 0.880625412438, 0.193074068472, 0.00953657986332, 15.5497471054
0.0028393359456, 0.25957328614, 0.106107515148, 0.27727631093, 0.0546216494073, 0.0623570623696, 0.113510573894, 0.670215197152, 0.390770630189, 0.400351470858, 0.597902794101, 0.042377679477, 0.297104669167, 0.775336289523, 0.455296159389, 0.00552620097889, 0.234447028253, 0.226693774709, 0.00611512625929, 0.900155508221, 0.202094922627, 0.104616963402, 0.0028393359456, 0.25957328614, 13.9147891579
0.0028393359456, 0.25957328614, 0.106107515148, 0.27727631093, 0.0546216494073, 0.0623570623696, 0.113510573894, 0.670215197152, 0.390770630189, 0.400351470858, 0.597902794101, 0.042377679477, 0.297104669167, 0.775336289523, 0.455296159389, 0.00552620097889, 0.234447028253, 0.226693774709, 0.00611512625929, 0.900155508221, 0.202094922627, 0.104616963402, 0.0028393359456, 0.25957328614, 13.9147891579
0.0332927586074, 0.0291507258626, 0.897762518902, 0.0748677768386, 0.5338126978, 0.447412157677, 0.134431357889, 0.652197662635, 0.976202039536, 0.14372438474, 0.594957591833, 0.10755479682, 0.294225244191, 0.216208923162, 0.925574841631, 0.326488932076, 0.48937227669, 0.02536157313, 0.213959943455, 0.206234819404, 0.798032236432, 0.999925563882, 0.0332927586074, 0.0291507258626, 18.2099271445
0.0332927586074, 0.0291507258626, 0.897762518902, 0.0748677768386, 0.5338126978, 0.447412157677, 0.134431357889, 0.652197662635, 0.976202039536, 0.14372438474, 0.594957591833, 0.10755479682, 0.294225244191, 0.216208923162, 0.925574841631, 0.326488932076, 0.48937227669, 0.02536157313, 0.213959943455, 0.206234819404, 0.798032236432, 0.999925563882, 0.0332927586074, 0.0291507258626, 18.2099271445
0.00097270859575, 0.0492884619599, 0.689793799106, 0.301314236619, 0.0470005795149, 0.346886483512, 0.00217717032541, 0.0159850700165, 0.76469231818, 0.368483421666, 0.975884861727, 0.609228581881, 0.594481740835, 0.414567307764, 0.747348151088, 0.21731790339, 0.796138641579, 0.959955615359, 0.0230415482269, 0.823461799752, 0.939948081037, 0.150647009633, 0.00097270859575, 0.0492884619599, 19.1967286785
0.00097270859575, 0.0492884619599, 0.689793799106, 0.301314236619, 0.0470005795149, 0.346886483512, 0.00217717032541, 0.0159850700165, 0.76469231818, 0.368483421666, 0.975884861727, 0.609228581881, 0.594481740835, 0.414567307764, 0.747348151088, 0.21731790339, 0.796138641579, 0.959955615359, 0.0230415482269, 0.823461799752, 0.939948081037, 0.150647009633, 0.00097270859575, 0.0492884619599, 19.1967286785
0.00115741998623, 0.143087950455, 0.711718808608, 0.235466457502, 0.0934794536027, 0.341796934321, 0.0815204817631, 0.917634136575, 0.0215693704697, 0.733618936382, 0.149349760763, 0.314285305008, 0.0679510321945, 0.828502488567, 0.0407190253818, 0.138385582094, 0.425348658234, 0.198892121645, 0.670109690605, 0.523116694335, 0.904635256897, 0.999451459208, 0.00115741998623, 0.143087950455, 17.2730686835
0.00115741998623, 0.143087950455, 0.711718808608, 0.235466457502, 0.0934794536027, 0.341796934321, 0.0815204817631, 0.917634136575, 0.0215693704697, 0.733618936382, 0.149349760763, 0.314285305008, 0.0679510321945, 0.828502488567, 0.0407190253818, 0.138385582094, 0.425348658234, 0.198892121645, 0.670109690605, 0.523116694335, 0.904635256897, 0.999451459208, 0.00115741998623, 0.143087950455, 17.2730686835
0.0222824371565, 0.143087950455, 0.459863827244, 0.476615498099, 0.0941126294134, 0.98692831996, 0.25296836064, 0.128483149226, 0.205977298306, 0.0473784747553, 0.168558958671, 0.883082442491, 0.0730828433876, 0.499830351024, 0.0677547522982, 0.227758063157, 0.0475650555609, 0.314390591506, 0.530756644358, 0.177618118098, 0.378272746629, 0.102955170532, 0.0222824371565, 0.143087950455, 14.2078632646
0.0222824371565, 0.143087950455, 0.459863827244, 0.476615498099, 0.0941126294134, 0.98692831996, 0.25296836064, 0.128483149226, 0.205977298306, 0.0473784747553, 0.168558958671, 0.883082442491, 0.0730828433876, 0.499830351024, 0.0677547522982, 0.227758063157, 0.0475650555609, 0.314390591506, 0.530756644358, 0.177618118098, 0.378272746629, 0.102955170532, 0.0222824371565, 0.143087950455, 14.2078632646
0.174001424602, 0.500364633151, 0.683266254121, 0.0446293330443, 0.319795023855, 0.0776981490549, 0.306540753519, 0.479843693282, 0.0353557978238, 0.157988911729, 0.264005027302, 0.577279984556, 0.121718501635, 0.368055870037, 0.72287845515, 0.344468493015, 0.0151970132728, 0.0378690584915, 0.440116306996, 0.391478644627, 0.0538047405707, 0.00251413127203, 0.174001424602, 0.500364633151, 13.2868174403
0.174001424602, 0.500364633151, 0.683266254121, 0.0446293330443, 0.319795023855, 0.0776981490549, 0.306540753519, 0.479843693282, 0.0353557978238, 0.157988911729, 0.264005027302, 0.577279984556, 0.121718501635, 0.368055870037, 0.72287845515, 0.344468493015, 0.0151970132728, 0.0378690584915, 0.440116306996, 0.391478644627, 0.0538047405707, 0.00251413127203, 0.174001424602, 0.500364633151, 13.2868174403
0.511321852442, 0.0439158878965, 0.847845009273, 0.102617507877, 0.668118743651, 0.671692140902, 0.00485874744358, 0.666482992669, 0.00749878189592, 0.220038660372, 0.258411069643, 0.294606605562, 0.0113046968168, 0.329110192922, 0.0151927278451, 0.499182360656, 0.514110915083, 0.308041123701, 0.157224870455, 0.0619109253023, 0.321489267623, 0.209500494918, 0.511321852442, 0.0439158878965, 14.3160399137
0.511321852442, 0.0439158878965, 0.847845009273, 0.102617507877, 0.668118743651, 0.671692140902, 0.00485874744358, 0.666482992669, 0.00749878189592, 0.220038660372, 0.258411069643, 0.294606605562, 0.0113046968168, 0.329110192922, 0.0151927278451, 0.499182360656, 0.514110915083, 0.308041123701, 0.157224870455, 0.0619109253023, 0.321489267623, 0.209500494918, 0.511321852442, 0.0439158878965, 14.3160399137
0.00778341143554, 0.13452454426, 0.11475890365, 0.535761034776, 0.816906335154, 0.215662814905, 0.135498386011, 0.197482098518, 0.437563199159, 0.253633339524, 0.856812712906, 0.143957445937, 0.990140763634, 0.350710126421, 0.463350079761, 0.0284115663, 0.565207341133, 0.32487262449, 0.478526527615, 0.33711304346, 0.75521744645, 0.758435462434, 0.00778341143554, 0.13452454426, 17.7638926625
0.00778341143554, 0.13452454426, 0.11475890365, 0.535761034776, 0.816906335154, 0.215662814905, 0.135498386011, 0.197482098518, 0.437563199159, 0.253633339524, 0.856812712906, 0.143957445937, 0.990140763634, 0.350710126421, 0.463350079761, 0.0284115663, 0.565207341133, 0.32487262449, 0.478526527615, 0.33711304346, 0.75521744645, 0.758435462434, 0.00778341143554, 0.13452454426, 17.7638926625
0.00802557252489, 0.0492884619599, 0.689793799106, 0.301314236619, 0.0470005795149, 0.256093845936, 0.0324219517734, 0.0159850700165, 0.76469231818, 0.224404003525, 0.975884861727, 0.609228581881, 0.30943247794, 0.414567307764, 0.747348151088, 0.21731790339, 0.892070750777, 0.959955615359, 0.0230415482269, 0.823461799752, 0.412653582125, 0.220514111655, 0.00802557252489, 0.0492884619599, 18.0466829772
0.00802557252489, 0.0492884619599, 0.689793799106, 0.301314236619, 0.0470005795149, 0.256093845936, 0.0324219517734, 0.0159850700165, 0.76469231818, 0.224404003525, 0.975884861727, 0.609228581881, 0.30943247794, 0.414567307764, 0.747348151088, 0.21731790339, 0.892070750777, 0.959955615359, 0.0230415482269, 0.823461799752, 0.412653582125, 0.220514111655, 0.00802557252489, 0.0492884619599, 18.0466829772
0.615871685087, 0.8794155945, 0.298318852398, 0.0241232107057, 0.0032196632074, 0.0623570623696, 0.127799676551, 0.734947227019, 0.582506994832, 0.262984355772, 0.522016273686, 0.110836903347, 0.297104669167, 0.409865764979, 0.455296159389, 0.241232017175, 0.234447028253, 0.628133375578, 0.187849506695, 0.129836606552, 0.0276508396217, 0.0365485027142, 0.615871685087, 0.8794155945, 12.8953808915
0.615871685087, 0.8794155945, 0.298318852398, 0.0241232107057, 0.0032196632074, 0.0623570623696, 0.127799676551, 0.734947227019, 0.582506994832, 0.262984355772, 0.522016273686, 0.110836903347, 0.297104669167, 0.409865764979, 0.455296159389, 0.241232017175, 0.234447028253, 0.628133375578, 0.187849506695, 0.129836606552, 0.0276508396217, 0.0365485027142, 0.615871685087, 0.8794155945, 12.8953808915
0.000484452812833, 0.608723079986, 0.979228019241, 0.235466457502, 0.0686379871175, 0.0902549983065, 0.0815204817631, 0.917634136575, 0.561896720224, 0.644913891219, 0.112527845246, 0.172387320494, 0.505680733258, 0.760657361111, 0.0285559314679, 0.430927630974, 0.00330723927716, 0.0267797619426, 0.440116306996, 0.369167869244, 0.904635256897, 0.0682681853352, 0.000484452812833, 0.608723079986, 15.931784338
0.000484452812833, 0.608723079986, 0.979228019241, 0.235466457502, 0.0686379871175, 0.0902549983065, 0.0815204817631, 0.917634136575, 0.561896720224, 0.644913891219, 0.112527845246, 0.172387320494, 0.505680733258, 0.760657361111, 0.0285559314679, 0.430927630974, 0.00330723927716, 0.0267797619426, 0.440116306996, 0.369167869244, 0.904635256897, 0.0682681853352, 0.000484452812833, 0.608723079986, 15.931784338
0.00115741998623, 0.418092779911, 0.711718808608, 0.235466457502, 0.0934794536027, 0.341796934321, 0.0815204817631, 0.000974046067443, 0.561896720224, 0.579684382586, 0.149349760763, 0.314285305008, 0.693080203547, 0.828502488567, 0.245729022483, 0.138385582094, 0.425348658234, 0.198892121645, 0.670109690605, 0.523116694335, 0.904635256897, 0.058671130093, 0.00115741998623, 0.418092779911, 16.4456900457
0.00115741998623, 0.418092779911, 0.711718808608, 0.235466457502, 0.0934794536027, 0.341796934321, 0.0815204817631, 0.000974046067443, 0.561896720224, 0.579684382586, 0.149349760763, 0.314285305008, 0.693080203547, 0.828502488567, 0.245729022483, 0.138385582094, 0.425348658234, 0.198892121645, 0.670109690605, 0.523116694335, 0.904635256897, 0.058671130093, 0.00115741998623, 0.418092779911, 16.4456900457
0.303000955045, 0.00173041014028, 0.246984257645, 0.532085102158, 0.0170939414263, 0.348390232522, 0.757447077056, 0.97486663661, 0.123343425668, 0.0898680166522, 0.557775689662, 0.0919909047692, 0.801768182357, 0.873604678952, 0.454274946825, 0.156789806019, 0.0524992561659, 0.859093734388, 0.932579826915, 0.52699004639, 0.169465867609, 0.122638327763, 0.303000955045, 0.00173041014028, 17.6418842409
0.303000955045, 0.00173041014028, 0.246984257645, 0.532085102158, 0.0170939414263, 0.348390232522, 0.757447077056, 0.97486663661, 0.123343425668, 0.0898680166522, 0.557775689662, 0.0919909047692, 0.801768182357, 0.873604678952, 0.454274946825, 0.156789806019, 0.0524992561659, 0.859093734388, 0.932579826915, 0.52699004639, 0.169465867609, 0.122638327763, 0.303000955045, 0.00173041014028, 17.6418842409
0.0303501081378, 0.0680939813586, 0.189299349942, 0.554852976206, 0.0941126294134, 0.79135740547, 0.258036394072, 0.0963293561034, 0.102475364927, 0.101045619342, 0.0733537217938, 0.10755479682, 0.199935900463, 0.278882741401, 0.062256181242, 0.175572191999, 0.0926357582365, 0.272556721451, 0.644514421885, 0.730844522569, 0.411688769014, 0.87336853056, 0.0303501081378, 0.0680939813586, 14.2210501385
0.0303501081378, 0.0680939813586, 0.189299349942, 0.554852976206, 0.0941126294134, 0.79135740547, 0.258036394072, 0.0963293561034, 0.102475364927, 0.101045619342, 0.0733537217938, 0.10755479682, 0.199935900463, 0.278882741401, 0.062256181242, 0.175572191999, 0.0926357582365, 0.272556721451, 0.644514421885, 0.730844522569, 0.411688769014, 0.87336853056, 0.0303501081378, 0.0680939813586, 14.2210501385
0.853140058307, 0.702080270266, 0.683266254121, 0.0446293330443, 0.319795023855, 0.153436458297, 0.306540753519, 0.479843693282, 0.0353557978238, 0.151598067101, 0.264005027302, 0.0897861453087, 0.121718501635, 0.604418725708, 0.767911337545, 0.344468493015, 0.0151970132728, 0.0378690584915, 0.936637047601, 0.239671814116, 0.0538047405707, 0.00251413127203, 0.853140058307, 0.702080270266, 13.1451504773
0.853140058307, 0.702080270266, 0.683266254121, 0.0446293330443, 0.319795023855, 0.153436458297, 0.306540753519, 0.479843693282, 0.0353557978238, 0.151598067101, 0.264005027302, 0.0897861453087, 0.121718501635, 0.604418725708, 0.767911337545, 0.344468493015, 0.0151970132728, 0.0378690584915, 0.936637047601, 0.239671814116, 0.0538047405707, 0.00251413127203, 0.853140058307, 0.702080270266, 13.1451504773
0.000669406130791, 0.418092779911, 0.98043844418, 0.235466457502, 0.0934794536027, 0.341796934321, 0.119685655951, 0.917634136575, 0.561896720224, 0.733618936382, 0.149349760763, 0.402884559131, 0.0145491424543, 0.523100114931, 0.0274022977159, 0.138385582094, 0.425348658234, 0.198892121645, 0.440116306996, 0.839475466591, 0.904635256897, 0.999451459208, 0.000669406130791, 0.418092779911, 18.186515057
0.000669406130791, 0.418092779911, 0.98043844418, 0.235466457502, 0.0934794536027, 0.341796934321, 0.119685655951, 0.917634136575, 0.561896720224, 0.733618936382, 0.149349760763, 0.402884559131, 0.0145491424543, 0.523100114931, 0.0274022977159, 0.138385582094, 0.425348658234, 0.198892121645, 0.440116306996, 0.839475466591, 0.904635256897, 0.999451459208, 0.000669406130791, 0.418092779911, 18.186515057
0.165686785525, 0.00429225619299, 0.634694373957, 0.301314236619, 0.0470005795149, 0.256093845936, 0.989237098125, 0.0159850700165, 0.76469231818, 0.368483421666, 0.975884861727, 0.609228581881, 0.30943247794, 0.414567307764, 0.783613834797, 0.0391615817332, 0.110809638883, 0.959955615359, 0.0230415482269, 0.697520989064, 0.939948081037, 0.220514111655, 0.165686785525, 0.00429225619299, 18.6925589557
0.165686785525, 0.00429225619299, 0.634694373957, 0.301314236619, 0.0470005795149, 0.256093845936, 0.989237098125, 0.0159850700165, 0.76469231818, 0.368483421666, 0.975884861727, 0.609228581881, 0.30943247794, 0.414567307764, 0.783613834797, 0.0391615817332, 0.110809638883, 0.959955615359, 0.0230415482269, 0.697520989064, 0.939948081037, 0.220514111655, 0.165686785525, 0.00429225619299, 18.6925589557
0.0028393359456, 0.0555038269807, 0.689793799106, 0.178338143139, 0.147303296633, 0.463254633602, 0.989237098125, 0.0159850700165, 0.16980438539, 0.305711824683, 0.975884861727, 0.859177291823, 0.30943247794, 0.414567307764, 0.999715392245, 0.21731790339, 0.892070750777, 0.859093734388, 0.423887902307, 0.900155508221, 0.132983670414, 0.580723341575, 0.0028393359456, 0.0555038269807, 20.1862873826
0.853140058307, 0.500364633151, 0.683266254121, 0.0446293330443, 0.319795023855, 0.153436458297, 0.306540753519, 0.479843693282, 0.0353557978238, 0.151598067101, 0.264005027302, 0.0897861453087, 0.121718501635, 0.604418725708, 0.767911337545, 0.344468493015, 0.0151970132728, 0.0378690584915, 0.936637047601, 0.239671814116, 0.0538047405707, 0.00251413127203, 0.853140058307, 0.500364633151, 13.3177009754
0.854410441301, 0.0614286263325, 0.110004218669, 0.247834453396, 0.410652171881, 0.81293673114, 0.312193315614, 0.0164765854858, 0.30203844859, 0.654086394021, 0.0454751948999, 0.0093171874771, 0.452335377589, 0.472647161926, 0.711162249976, 0.38590707416, 0.35998089043, 0.11380514556, 0.22679203264, 0.097270839028, 0.472115381044, 0.764516429696, 0.854410441301, 0.0614286263325, 15.0543217603
0.00805039205428, 0.608723079986, 0.666180937904, 0.235466457502, 0.0934794536027, 0.341796934321, 0.0815204817631, 0.917634136575, 0.704352488763, 0.238816361072, 0.112527845246, 0.597383740087, 0.505680733258, 0.913588945392, 0.0285559314679, 0.430927630974, 0.425348658234, 0.0267797619426, 0.0662294132011, 0.268936940099, 0.904635256897, 0.318021233397, 0.00805039205428, 0.608723079986, 16.569726612
0.303000955045, 0.00301019568619, 0.246984257645, 0.532085102158, 0.0170939414263, 0.348390232522, 0.757447077056, 0.895312418184, 0.123343425668, 0.872944574722, 0.557775689662, 0.12365942544, 0.801768182357, 0.409865764979, 0.454274946825, 0.156789806019, 0.0524992561659, 0.859093734388, 0.999065741428, 0.400793532592, 0.169465867609, 0.122638327763, 0.303000955045, 0.00301019568619, 17.9263227344
0.00115741998623, 0.418092779911, 0.98043844418, 0.235466457502, 0.0934794536027, 0.341796934321, 0.549631427447, 0.917634136575, 0.561896720224, 0.733618936382, 0.149349760763, 0.402884559131, 0.693080203547, 0.523100114931, 0.000545134083893, 0.0524972119048, 0.425348658234, 0.198892121645, 0.440116306996, 0.839475466591, 0.373740970143, 0.999451459208, 0.00115741998623, 0.418092779911, 18.8131986775
0.716670838759, 0.143087950455, 0.189299349942, 0.837672479458, 0.0941126294134, 0.881145130677, 0.0324219517734, 0.128483149226, 0.370666522587, 0.731619624702, 0.0019879744574, 0.944260985545, 0.0636916566623, 0.264937174335, 0.254651999682, 0.175572191999, 0.0926357582365, 0.0849021511885, 0.465913698043, 0.356891908654, 0.185320380237, 0.12045093476, 0.716670838759, 0.143087950455, 14.216010582
0.366808093853, 0.367297413841, 0.0582203649364, 0.235115966661, 0.112409635097, 0.604613061364, 0.25296836064, 0.0181640072843, 0.000850202525812, 0.101045619342, 0.361975000014, 0.0897861453087, 0.0605908782137, 0.405605368817, 0.434200474104, 0.349509295667, 0.260827977949, 0.318783597959, 0.948581985117, 0.817763818201, 0.170716144323, 0.686551522392, 0.366808093853, 0.367297413841, 14.3910031704
0.615871685087, 0.496981641309, 0.328284713033, 0.0241232107057, 0.0546216494073, 0.0433634563111, 0.127799676551, 0.942860571747, 0.285663043757, 0.579684382586, 0.522016273686, 0.085402092533, 0.297104669167, 0.409865764979, 0.843143996194, 0.286839045061, 0.26903570106, 0.628133375578, 0.0890462832949, 0.162181892522, 0.0276508396217, 0.0236445314847, 0.615871685087, 0.496981641309, 14.077734334
0.366808093853, 0.367297413841, 0.0582203649364, 0.235115966661, 0.112409635097, 0.604613061364, 0.25296836064, 0.0181640072843, 0.000850202525812, 0.101045619342, 0.361975000014, 0.0897861453087, 0.0605908782137, 0.405605368817, 0.434200474104, 0.349509295667, 0.260827977949, 0.318783597959, 0.948581985117, 0.817763818201, 0.170716144323, 0.686551522392, 0.366808093853, 0.367297413841, 14.3910031704
0.193074068472, 0.00953657986332, 0.0419765670459, 0.429335736557, 0.726158113667, 0.913015900565, 0.754091585818, 0.000196994950034, 0.0536266630174, 0.162278111186, 0.0667431356595, 0.200867694248, 0.114687204194, 0.405605368817, 0.121858164315, 0.851709071101, 0.195744313308, 0.207539276554, 0.680841461697, 0.734768915543, 0.392008952648, 0.17983876374, 0.193074068472, 0.00953657986332, 15.6831332376
0.1345351687, 0.0291507258626, 0.897762518902, 0.0748677768386, 0.5338126978, 0.447412157677, 0.134431357889, 0.652197662635, 0.890809429047, 0.14372438474, 0.594957591833, 0.10755479682, 0.294225244191, 0.872363184525, 0.925574841631, 0.326488932076, 0.234447028253, 0.02536157313, 0.213959943455, 0.206234819404, 0.798032236432, 0.999925563882, 0.1345351687, 0.0291507258626, 18.5839394724
0.00115741998623, 0.418092779911, 0.98043844418, 0.235466457502, 0.0934794536027, 0.341796934321, 0.549631427447, 0.917634136575, 0.561896720224, 0.733618936382, 0.149349760763, 0.402884559131, 0.693080203547, 0.523100114931, 0.000545134083893, 0.0524972119048, 0.425348658234, 0.198892121645, 0.440116306996, 0.839475466591, 0.373740970143, 0.999451459208, 0.00115741998623, 0.418092779911, 18.8131986775
0.507142152256, 0.0439158878965, 0.847845009273, 0.164766670142, 0.668118743651, 0.671692140902, 0.00485874744358, 0.666482992669, 0.019097832255, 0.220038660372, 0.258411069643, 0.314285305008, 0.314339874966, 0.889125733123, 0.0151927278451, 0.499182360656, 0.514110915083, 0.372159809857, 0.104919041917, 0.0619109253023, 0.321489267623, 0.209500494918, 0.507142152256, 0.0439158878965, 15.6226961932
0.00805039205428, 0.608723079986, 0.666180937904, 0.235466457502, 0.0934794536027, 0.341796934321, 0.0815204817631, 0.917634136575, 0.704352488763, 0.238816361072, 0.112527845246, 0.597383740087, 0.505680733258, 0.913588945392, 0.0285559314679, 0.430927630974, 0.425348658234, 0.0267797619426, 0.0662294132011, 0.268936940099, 0.904635256897, 0.318021233397, 0.00805039205428, 0.608723079986, 16.569726612
0.507142152256, 0.0439158878965, 0.847845009273, 0.164766670142, 0.668118743651, 0.671692140902, 0.00485874744358, 0.666482992669, 0.019097832255, 0.220038660372, 0.258411069643, 0.314285305008, 0.314339874966, 0.889125733123, 0.0151927278451, 0.499182360656, 0.514110915083, 0.372159809857, 0.104919041917, 0.0619109253023, 0.321489267623, 0.209500494918, 0.507142152256, 0.0439158878965, 15.6226961932
0.015531658396, 0.550929554288, 0.282966536064, 0.946950228343, 0.861345685795, 0.411166186492, 0.0324219517734, 0.0197429510187, 0.0679884533073, 0.520204449823, 0.00950297925208, 0.0897861453087, 0.0492719328129, 0.360522991311, 0.098882757657, 0.787501730147, 0.161557296199, 0.276564795377, 0.54183563202, 0.956693224462, 0.170716144323, 0.188620776019, 0.015531658396, 0.550929554288, 15.2100242688
0.165686785525, 0.00429225619299, 0.634694373957, 0.301314236619, 0.0470005795149, 0.256093845936, 0.989237098125, 0.0159850700165, 0.76469231818, 0.368483421666, 0.975884861727, 0.609228581881, 0.30943247794, 0.414567307764, 0.783613834797, 0.0391615817332, 0.757119437999, 0.959955615359, 0.0230415482269, 0.697520989064, 0.939948081037, 0.220514111655, 0.165686785525, 0.00429225619299, 19.5622748884
0.0373483734516, 0.10427340951, 0.14266397913, 0.48497089261, 0.4669186871, 0.28640336774, 0.62666347145, 0.525006577272, 0.285663043757, 0.527801039039, 0.02308545649, 0.235621543858, 0.163554771972, 0.359552238738, 0.806879553643, 0.0749656705974, 0.0474854424777, 0.992108499151, 0.213959943455, 0.305727412049, 0.34666356274, 0.626376958971, 0.0373483734516, 0.10427340951, 16.1305518804
0.615871685087, 0.496981641309, 0.328284713033, 0.0241232107057, 0.0546216494073, 0.0433634563111, 0.127799676551, 0.942860571747, 0.285663043757, 0.579684382586, 0.522016273686, 0.085402092533, 0.297104669167, 0.409865764979, 0.843143996194, 0.286839045061, 0.26903570106, 0.628133375578, 0.0890462832949, 0.162181892522, 0.0276508396217, 0.0236445314847, 0.615871685087, 0.496981641309, 14.077734334
0.716670838759, 0.143087950455, 0.189299349942, 0.837672479458, 0.0941126294134, 0.881145130677, 0.0324219517734, 0.128483149226, 0.370666522587, 0.731619624702, 0.0019879744574, 0.944260985545, 0.0636916566623, 0.264937174335, 0.254651999682, 0.175572191999, 0.0926357582365, 0.0849021511885, 0.465913698043, 0.356891908654, 0.185320380237, 0.12045093476, 0.716670838759, 0.143087950455, 14.216010582
0.303000955045, 0.00301019568619, 0.246984257645, 0.532085102158, 0.0170939414263, 0.348390232522, 0.757447077056, 0.895312418184, 0.123343425668, 0.872944574722, 0.557775689662, 0.12365942544, 0.801768182357, 0.409865764979, 0.454274946825, 0.156789806019, 0.0524992561659, 0.859093734388, 0.999065741428, 0.400793532592, 0.169465867609, 0.122638327763, 0.303000955045, 0.00301019568619, 17.9263227344
0.174001424602, 0.500364633151, 0.527971443987, 0.0446293330443, 0.319795023855, 0.0776981490549, 0.306540753519, 0.479843693282, 0.0353557978238, 0.307741130775, 0.264005027302, 0.577279984556, 0.121718501635, 0.368055870037, 0.72287845515, 0.344468493015, 0.0151970132728, 0.0378690584915, 0.440116306996, 0.519558765294, 0.0538047405707, 0.00251413127203, 0.174001424602, 0.500364633151, 13.4516033083
0.0028393359456, 0.0555038269807, 0.689793799106, 0.178338143139, 0.147303296633, 0.463254633602, 0.989237098125, 0.0159850700165, 0.16980438539, 0.305711824683, 0.975884861727, 0.859177291823, 0.30943247794, 0.414567307764, 0.999715392245, 0.21731790339, 0.892070750777, 0.859093734388, 0.423887902307, 0.900155508221, 0.132983670414, 0.580723341575, 0.0028393359456, 0.0555038269807, 20.1862873826
0.0222824371565, 0.143087950455, 0.459863827244, 0.476615498099, 0.0941126294134, 0.987105928256, 0.25296836064, 0.128483149226, 0.205977298306, 0.182846220888, 0.168558958671, 0.883082442491, 0.0730828433876, 0.499830351024, 0.0677547522982, 0.227758063157, 0.610690375766, 0.0368642661773, 0.530756644358, 0.177618118098, 0.049351513341, 0.633041185383, 0.0222824371565, 0.143087950455, 15.045317518
0.04301658765, 0.0436530032015, 0.682337061648, 0.102617507877, 0.897354715537, 0.671692140902, 0.00312481934655, 0.815931636233, 0.019097832255, 0.475693385801, 0.0366963897974, 0.314285305008, 0.314339874966, 0.889125733123, 0.000832923495514, 0.499182360656, 0.688688525598, 0.629200520329, 0.695550095017, 0.0170562800166, 0.712822930049, 0.14864327485, 0.04301658765, 0.0436530032015, 17.601769295
0.165686785525, 0.00429225619299, 0.634694373957, 0.301314236619, 0.0470005795149, 0.256093845936, 0.989237098125, 0.0159850700165, 0.76469231818, 0.368483421666, 0.975884861727, 0.609228581881, 0.30943247794, 0.414567307764, 0.783613834797, 0.0391615817332, 0.757119437999, 0.959955615359, 0.0230415482269, 0.697520989064, 0.939948081037, 0.220514111655, 0.165686785525, 0.00429225619299, 19.5622748884
0.0567162934981, 0.0439158878965, 0.682337061648, 0.102617507877, 0.897354715537, 0.671692140902, 0.00312481934655, 0.815931636233, 0.019097832255, 0.475693385801, 0.148916268977, 0.314285305008, 0.314339874966, 0.889125733123, 0.0151927278451, 0.499182360656, 0.688688525598, 0.348193627218, 0.289981791398, 0.0619109253023, 0.712822930049, 0.209500494918, 0.0567162934981, 0.0439158878965, 16.9834661715
0.00837680356163, 0.13452454426, 0.541886830651, 0.535761034776, 0.0941126294134, 0.215662814905, 0.135498386011, 0.0774537138239, 0.437563199159, 0.253633339524, 0.856812712906, 0.0947004500968, 0.999144285996, 0.350710126421, 0.344141648031, 0.0284115663, 0.565207341133, 0.32487262449, 0.456406782744, 0.33711304346, 0.834471768574, 0.758435462434, 0.00837680356163, 0.13452454426, 17.0663081938
0.00778341143554, 0.13452454426, 0.11475890365, 0.535761034776, 0.824488953803, 0.215662814905, 0.135498386011, 0.197482098518, 0.474487607531, 0.253633339524, 0.856812712906, 0.0947004500968, 0.990140763634, 0.350710126421, 0.463350079761, 0.0284115663, 0.565207341133, 0.32487262449, 0.478526527615, 0.33711304346, 0.75521744645, 0.869743130221, 0.00778341143554, 0.13452454426, 17.9073596942
0.0303501081378, 0.143087950455, 0.189299349942, 0.554852976206, 0.0941126294134, 0.79135740547, 0.258036394072, 0.0963293561034, 0.281234370912, 0.261232390924, 0.0733537217938, 0.10755479682, 0.175209786175, 0.278882741401, 0.062256181242, 0.175572191999, 0.0861573195565, 0.272556721451, 0.465913698043, 0.730844522569, 0.411688769014, 0.93606250652, 0.0303501081378, 0.143087950455, 14.445768786
0.1345351687, 0.0291507258626, 0.897762518902, 0.0748677768386, 0.5338126978, 0.447412157677, 0.134431357889, 0.652197662635, 0.890809429047, 0.14372438474, 0.594957591833, 0.10755479682, 0.294225244191, 0.872363184525, 0.925574841631, 0.326488932076, 0.234447028253, 0.02536157313, 0.213959943455, 0.206234819404, 0.798032236432, 0.999925563882, 0.1345351687, 0.0291507258626, 18.5839394724
0.00328085922025, 0.453479171486, 0.979228019241, 0.401985338281, 0.0934794536027, 0.341796934321, 0.0376025088062, 0.917634136575, 0.561896720224, 0.598688204385, 0.146025907616, 0.791911209916, 0.738370883227, 0.523100114931, 0.185171395811, 0.430927630974, 0.425348658234, 0.198892121645, 0.440116306996, 0.462666778117, 0.904635256897, 0.318021233397, 0.00328085922025, 0.453479171486, 18.8105732075
0.00328085922025, 0.453479171486, 0.979228019241, 0.401985338281, 0.0934794536027, 0.341796934321, 0.0376025088062, 0.917634136575, 0.561896720224, 0.598688204385, 0.146025907616, 0.791911209916, 0.738370883227, 0.523100114931, 0.185171395811, 0.430927630974, 0.425348658234, 0.198892121645, 0.440116306996, 0.462666778117, 0.904635256897, 0.318021233397, 0.00328085922025, 0.453479171486, 18.8105732075
0.0373483734516, 0.10427340951, 0.14266397913, 0.48497089261, 0.4669186871, 0.28640336774, 0.62666347145, 0.525006577272, 0.285663043757, 0.527801039039, 0.02308545649, 0.235621543858, 0.163554771972, 0.359552238738, 0.806879553643, 0.0749656705974, 0.0474854424777, 0.992108499151, 0.213959943455, 0.305727412049, 0.34666356274, 0.626376958971, 0.0373483734516, 0.10427340951, 16.1305518804
0.328535267915, 0.500364633151, 0.683266254121, 0.0153820589095, 0.319795023855, 0.0776981490549, 0.306540753519, 0.479843693282, 0.132862212768, 0.307741130775, 0.264005027302, 0.577279984556, 0.0852317130189, 0.604418725708, 0.72287845515, 0.344468493015, 0.0151970132728, 0.0378690584915, 0.140429834172, 0.301590869714, 0.0538047405707, 0.00125738991732, 0.328535267915, 0.500364633151, 13.3239683302
0.015531658396, 0.532759155872, 0.892806233537, 0.99825147057, 0.861345685795, 0.411166186492, 0.0223005548472, 0.0197429510187, 0.0691140038297, 0.520204449823, 0.334901646473, 0.0897861453087, 0.0492719328129, 0.360522991311, 0.098882757657, 0.787501730147, 0.260827977949, 0.318783597959, 0.54183563202, 0.956693224462, 0.170716144323, 0.188620776019, 0.015531658396, 0.532759155872, 16.7275465491
0.170553159007, 0.10427340951, 0.14266397913, 0.48497089261, 0.71806771137, 0.28640336774, 0.62666347145, 0.525006577272, 0.0139364637272, 0.527801039039, 0.0710608657132, 0.235621543858, 0.163554771972, 0.359552238738, 0.53555979614, 0.0853275936739, 0.0474854424777, 0.0627659039189, 0.863421699335, 0.468101665337, 0.34666356274, 0.626376958971, 0.170553159007, 0.10427340951, 15.5974732639
0.015531658396, 0.550929554288, 0.282966536064, 0.946950228343, 0.861345685795, 0.411166186492, 0.0324219517734, 0.0197429510187, 0.0679884533073, 0.520204449823, 0.00950297925208, 0.0897861453087, 0.0492719328129, 0.360522991311, 0.098882757657, 0.787501730147, 0.161557296199, 0.276564795377, 0.54183563202, 0.956693224462, 0.170716144323, 0.188620776019, 0.015531658396, 0.550929554288, 15.2100242688
0.04301658765, 0.0436530032015, 0.682337061648, 0.102617507877, 0.897354715537, 0.671692140902, 0.00312481934655, 0.815931636233, 0.019097832255, 0.475693385801, 0.0366963897974, 0.314285305008, 0.314339874966, 0.889125733123, 0.000832923495514, 0.499182360656, 0.688688525598, 0.629200520329, 0.695550095017, 0.0170562800166, 0.712822930049, 0.14864327485, 0.04301658765, 0.0436530032015, 17.601769295
0.170553159007, 0.10427340951, 0.14266397913, 0.48497089261, 0.71806771137, 0.28640336774, 0.62666347145, 0.525006577272, 0.0139364637272, 0.527801039039, 0.0710608657132, 0.235621543858, 0.163554771972, 0.359552238738, 0.53555979614, 0.0853275936739, 0.0474854424777, 0.0627659039189, 0.863421699335, 0.468101665337, 0.34666356274, 0.626376958971, 0.170553159007, 0.10427340951, 15.5974732639
0.00805039205428, 0.50897047425, 0.979228019241, 0.235466457502, 0.0934794536027, 0.518620867047, 0.0815204817631, 0.917634136575, 0.561896720224, 0.0437827488326, 0.112527845246, 0.597383740087, 0.505680733258, 0.913588945392, 0.0285559314679, 0.430927630974, 0.425348658234, 0.0267797619426, 0.115965213171, 0.320416713648, 0.904635256897, 0.158019283236, 0.00805039205428, 0.50897047425, 16.7591810355
0.015531658396, 0.532759155872, 0.892806233537, 0.99825147057, 0.861345685795, 0.411166186492, 0.0223005548472, 0.0197429510187, 0.0691140038297, 0.520204449823, 0.334901646473, 0.0897861453087, 0.0492719328129, 0.360522991311, 0.098882757657, 0.787501730147, 0.260827977949, 0.318783597959, 0.54183563202, 0.956693224462, 0.170716144323, 0.188620776019, 0.015531658396, 0.532759155872, 16.7275465491
0.193074068472, 0.00388091337487, 0.0188645101467, 0.429335736557, 0.54755624702, 0.191639897856, 0.754091585818, 0.000196994950034, 0.0553890922119, 0.338960106749, 0.135686310991, 0.200867694248, 0.302687011067, 0.630962117865, 0.121858164315, 0.851709071101, 0.195744313308, 0.686365790707, 0.746473409465, 0.734768915543, 0.282999073941, 0.880625412438, 0.193074068472, 0.00388091337487, 16.8595440367
0.0567162934981, 0.0439158878965, 0.682337061648, 0.102617507877, 0.897354715537, 0.671692140902, 0.00312481934655, 0.815931636233, 0.019097832255, 0.475693385801, 0.148916268977, 0.314285305008, 0.314339874966, 0.889125733123, 0.0151927278451, 0.499182360656, 0.688688525598, 0.348193627218, 0.289981791398, 0.0619109253023, 0.712822930049, 0.209500494918, 0.0567162934981, 0.0439158878965, 16.9834661715
0.328535267915, 0.500364633151, 0.683266254121, 0.0153820589095, 0.319795023855, 0.0776981490549, 0.306540753519, 0.479843693282, 0.132862212768, 0.307741130775, 0.264005027302, 0.577279984556, 0.0852317130189, 0.604418725708, 0.72287845515, 0.344468493015, 0.0151970132728, 0.0378690584915, 0.140429834172, 0.301590869714, 0.0538047405707, 0.00125738991732, 0.328535267915, 0.500364633151, 13.3239683302
