0.0782457653074, 0.783428378083, 0.641140298111, 0.0837862547208, 0.368010264949, 0.16013690374, 0.314061219207, 0.626676361528, 0.876385465651, 0.0497722862362, 0.271812979261, 0.751721654841, 0.528133747652, 0.0574274709237, 258.629853383, 34.2364743971, 412.722834406, 1379.4693106, 180.76646909
0.59558212939, 0.198036581169, 0.0678228581414, 0.857123182613, 0.815342787538, 0.0759157621488, 0.764095611288, 0.858455064223, 0.294746809237, 0.19457736358, 0.987134944466, 0.00013252919235, 0.111201322843, 0.634926529884, 104.870769997, 459.403419202, 50.3927638262, 152.367763089, 675.258377038
0.0338493214587, 0.477421937179, 0.947389857754, 0.41056843305, 0.122209962054, 0.78135208271, 0.997816501244, 0.373422706552, 0.333938055102, 0.347647335984, 0.880650703636, 0.906250405107, 0.372075537285, 0.369461009112, 49.2094031265, 37.0162194791, 743.431872614, 694.856302425, 54.2564671879
0.139943306745, 0.709260090608, 0.00713872861334, 0.341604842881, 0.421887541987, 0.566684998527, 0.559685603916, 0.302540885, 0.349093498628, 0.203256909799, 0.080048418987, 0.0762961657192, 0.351550724983, 0.467479081252, 435.222912217, 258.873201049, 5.67867514384, 1030.70872474, 256.590872039
0.0198655821037, 0.0428408744506, 0.498642664185, 0.718443746215, 0.684952789178, 0.122545592607, 0.941472557308, 0.121705128591, 0.574864671172, 0.00821533353074, 0.465200335838, 0.468346660149, 0.653511610907, 0.646866123655, 387.540595088, 818.366935347, 901.637029534, 86.1210152605, 39.9779885554
0.00525693644639, 0.573725494754, 0.43031729722, 0.153512305421, 0.0588476535331, 0.683839086363, 0.251122413431, 0.103295502905, 0.539521701206, 0.9228558989, 0.773700763722, 0.95201768927, 0.382250609838, 0.198698136389, 548.053839788, 134.778314715, 452.618094027, 913.932680937, 9.62539488068
0.994357966066, 0.0152171298175, 0.945029860854, 0.799902254652, 0.215147264238, 0.225513069196, 0.0549951275766, 0.582522127188, 0.637367641767, 0.729420730578, 0.0338047348516, 0.671121943292, 0.495134813435, 0.709499710473, 0.251401717657, 0.773330896994, 9.39404805376, 0.225428666596, 1064.21881998
0.252827111414, 0.481696876081, 0.826827684593, 0.588013146295, 0.0721512237432, 0.592615837518, 0.328407576071, 8.43192040787e-05, 0.701159560055, 0.371869421268, 0.883611936747, 0.402357269506, 0.917785653739, 0.824710947317, 72.8701399225, 96.4256754178, 433.30724917, 424.697381228, 259.478927235
0.00244954551907, 0.710124247571, 0.686048091328, 0.122057781945, 0.453249118125, 0.628155983728, 0.176243343112, 0.0451310211803, 0.859881434372, 0.455577015146, 0.971054795484, 0.558642446327, 0.376527701215, 0.636951087145, 331.561001415, 64.3600555754, 628.433698248, 1457.04222929, 6.24235534901
0.0713473961798, 0.40659599467, 0.888886059219, 0.0513158540448, 0.886761418869, 0.731561782161, 0.469002081401, 0.985626291749, 0.136430670042, 0.988851188822, 0.464661943362, 0.229086410239, 0.0979549685866, 0.0012575111588, 131.82662421, 10.6491905929, 750.041865984, 565.492612041, 106.758728961
0.997092151468, 0.164963684493, 0.95200000242, 0.309719263381, 0.858206220035, 0.501324583219, 0.458231801823, 0.226575214991, 0.790277702962, 0.502477675771, 0.370099588544, 0.307246920391, 0.00544855889776, 0.639736685498, 0.262055785817, 0.138603472827, 3.92437173212, 1.04325269797, 891.369328226
0.175216727724, 0.0146926145949, 0.587696294971, 0.295568259363, 0.82243837757, 0.568251392282, 0.96323021777, 0.778632231671, 0.195764946288, 0.713614424048, 0.0636719306613, 0.96013522266, 0.507828144081, 0.970655604797, 575.897195903, 288.402207462, 851.394109931, 24.6429317299, 301.558523782
0.933632642325, 0.778794121377, 0.194870838704, 0.268412317201, 0.43471356759, 0.705554875117, 0.776596608571, 0.8254336167, 0.0746827446203, 0.390125338401, 0.713879227822, 0.207974543103, 0.398556985841, 0.972712240638, 22.1674400469, 9.94250310361, 7.67808913224, 70.3534497858, 715.148359157
0.914389495968, 0.990160129913, 0.129777940285, 0.774757686531, 0.971665052781, 0.885637405369, 0.425073455282, 0.0607269932032, 0.182105167234, 0.0247733205042, 0.636478328586, 0.635807571458, 0.994671235078, 0.971506319325, 0.83672597163, 2.26538924166, 0.49923861388, 159.534913653, 1179.3199981
0.394455306174, 0.709260090608, 0.0658479233721, 0.314936652659, 0.421887541987, 0.969229461996, 0.559685603916, 0.302540885, 0.360201447954, 0.203256909799, 0.080048418987, 0.0789255163816, 0.351550724983, 0.467479081252, 360.584431929, 194.514478734, 42.5289202058, 838.335065882, 666.283837009
0.259217323106, 0.42915595841, 0.903032357504, 0.957721927791, 0.215446672438, 0.472802369434, 0.202680576812, 0.742752529652, 0.933145660526, 0.0452696050319, 0.584698682149, 0.535647439407, 0.306822645253, 0.876094765525, 7.81643174906, 117.526112212, 767.30700396, 620.241327264, 428.539512618
0.0990530405082, 0.875715209366, 0.670904655274, 0.929783224567, 0.0584841430755, 0.656755655786, 0.864058672698, 0.411348460985, 0.895646133934, 0.583293917826, 0.28730634947, 0.743506935039, 0.367461335195, 0.617345651123, 11.5435472449, 104.234720891, 184.468738451, 1073.07690332, 171.582251488
0.700663472174, 0.272014178954, 0.652130330677, 0.11383761786, 0.596005791453, 0.46598102148, 0.591220040667, 0.0824690308948, 0.893265726936, 0.439762828941, 0.608431344929, 0.068923693033, 0.395468838968, 0.579467459368, 147.627615273, 26.6831435917, 246.65880761, 131.453285547, 624.180124494
0.0520536883291, 0.230315341949, 0.783678148975, 0.28144721723, 0.64695365089, 0.0206725228385, 0.331098025424, 0.604129177256, 0.313897591416, 0.803992839816, 0.633379922893, 0.130331758887, 0.861021220314, 0.962437875504, 329.858003927, 156.136279901, 1032.34951742, 414.369624177, 95.9403421926
0.0792274634722, 0.248136425618, 0.39038272843, 0.160320637649, 0.0262869611955, 0.0976901611564, 0.639031624006, 0.290676737743, 0.5793504033, 0.549740903919, 0.294137850415, 0.836710779617, 0.377583503175, 0.619652303102, 702.212804386, 180.674642194, 510.248754782, 364.214142317, 119.907123434
0.370180940346, 0.800919529807, 0.895692585015, 0.0326512584256, 0.985689689053, 0.0278645581994, 0.107089452733, 0.91982709578, 0.617491932704, 0.11819077407, 0.532346103406, 0.882268277233, 0.89628252504, 0.778322981551, 31.9557996579, 1.64040290593, 193.542028178, 606.727405291, 419.11878985
0.482692695, 0.432784662382, 0.792793764277, 0.0126176661323, 0.274056777284, 0.343453085998, 0.651921276758, 0.377611938824, 0.50078582181, 0.28489420968, 0.768229379268, 0.0316837242776, 0.778930211397, 0.0797391847876, 202.581408452, 4.01564550711, 600.392932044, 512.225437129, 771.661161155
0.336233811576, 0.382299379052, 0.204139736657, 0.104351812995, 0.886156536835, 0.872407162098, 0.265159682898, 0.614466565626, 0.212675436106, 0.219596961711, 0.785440471847, 0.962255123184, 0.254018987507, 0.404364763412, 630.914732703, 104.35294168, 212.388936011, 461.503600793, 476.510146368
0.117770926282, 0.381418017459, 0.0808919597748, 0.443126733028, 0.220499985258, 0.603772056992, 0.356816362274, 0.266775571198, 0.943184238797, 0.580747392449, 0.920441766659, 0.684587203494, 0.675106703146, 0.482471779816, 619.080238401, 517.290151881, 103.065103406, 555.376647685, 184.297325112
0.048558509535, 0.230315341949, 0.783678148975, 0.276814403027, 0.121485760296, 0.0256708814923, 0.331098025424, 0.66608100649, 0.313897591416, 0.39687886691, 0.926519756216, 0.361372516942, 0.872064308627, 0.962437875504, 334.95470889, 155.575288726, 1044.72956213, 419.338788582, 90.5453707616
0.0456224732289, 0.719717496762, 0.47256184241, 0.851526469219, 0.29546972596, 0.419215245237, 0.417212237833, 0.913809003346, 0.194086704394, 0.384175592684, 0.916799851809, 0.15591108158, 0.714005304827, 0.204015229402, 41.2209924498, 173.529750436, 163.610556837, 513.755232948, 40.7684763304
0.0669056058262, 0.329710246003, 0.0823321814106, 0.691068185045, 0.372684462451, 0.966342769675, 0.353577303906, 0.426259962515, 0.714468620534, 0.545360859027, 0.674778328049, 0.989322764669, 0.849657776902, 0.791490513127, 488.623856162, 926.606158467, 136.236439562, 601.904409625, 128.248491672
0.117770926282, 0.330177783467, 0.0822295090918, 0.48654451362, 0.213355687293, 0.604735570916, 0.356816362274, 0.266775571198, 0.943184238797, 0.580664274251, 0.920441766659, 0.684587203494, 0.855168611795, 0.787412698992, 643.933596224, 617.272980131, 115.861858414, 513.39875663, 193.814826629
0.877780396044, 0.150174004504, 0.437286911867, 0.816920333116, 0.368477216585, 0.423692541354, 0.104839121835, 0.480305633894, 0.616283270052, 0.114030768375, 0.527496428833, 0.942730103199, 0.896278943569, 0.781515518181, 33.9591661231, 114.812197073, 98.1921125409, 37.2195920939, 819.312317387
0.0773883545727, 0.273744908928, 0.610707401867, 0.765557596966, 0.528344883038, 0.757992288783, 0.581108380092, 0.0584660774767, 0.00208892412893, 0.649276032941, 0.501311733375, 0.848935071514, 0.82073462036, 0.601485059148, 207.072531025, 536.646131085, 820.379203967, 459.509173103, 134.659558675
0.0382624858487, 0.816247859491, 0.246173768015, 0.00156625685951, 0.449104161333, 0.133200609987, 0.13705888234, 0.291763723526, 0.0401737178477, 0.441394538226, 0.000873901266226, 0.228438392272, 0.215504282423, 0.389589824023, 310.403258387, 0.76367752729, 126.393342661, 1128.72279576, 70.851899979
0.0339748381718, 0.344699442536, 0.945738254521, 0.435701250994, 0.113642753051, 0.734179829423, 0.835164284611, 0.986975090304, 0.374327676552, 0.991510024686, 0.512256415369, 0.532022769929, 0.0941709923471, 0.12611776904, 50.5570555391, 41.2525986083, 763.704130988, 460.969606111, 47.7786006662
0.399537000145, 0.4787160333, 0.162628551589, 0.0369025769411, 0.973668817656, 0.78135208271, 0.997816501244, 0.388307395662, 0.837601265178, 0.0438138553793, 0.880650703636, 0.897952729773, 0.900672419811, 0.369461009112, 512.704509058, 29.7529830908, 134.124294797, 496.43640376, 527.219644949
0.0989846425052, 0.860187494442, 0.670904655274, 0.931617993223, 0.972783979576, 0.656755655786, 0.864058672698, 0.411348460985, 0.895646133934, 0.583293917826, 0.28730634947, 0.740794151825, 0.367461335195, 0.486456732491, 11.5021535725, 106.670090258, 188.719267486, 972.526470217, 156.195104268
0.999113535528, 0.169145218406, 0.761656332523, 0.457685901399, 0.315990634285, 0.099273336868, 0.36175452546, 0.878628946015, 0.74466785127, 0.948598056005, 0.2265646402, 0.719909545955, 0.100844535168, 0.264656302241, 0.416886226823, 0.364850042823, 1.40993636634, 0.412236036831, 1127.47416818
0.907119294054, 0.0492880169795, 0.730556945272, 0.171608476315, 0.300759424424, 0.88048893676, 0.680991680159, 0.0839336592983, 0.719818298168, 0.0941222222884, 0.724810360093, 0.714514916255, 0.255719373413, 0.0788708004545, 43.2016080276, 11.9360256502, 99.4976680754, 8.46566612497, 744.889143136
0.259217323106, 0.710715568696, 0.299837912134, 0.954132330673, 0.215446672438, 0.472802369434, 0.20307192358, 0.0325696738978, 0.936312997751, 0.0444055670557, 0.584698682149, 0.535647439407, 0.306822645253, 0.876094765525, 27.6481567937, 383.078029165, 195.572556524, 882.291182417, 423.489401577
0.00440299269385, 0.149470063588, 0.378052608622, 0.150561255067, 0.217193075652, 0.308284063753, 0.248709388739, 0.0472654903096, 0.545737984982, 0.512863922545, 0.775596331414, 0.428994758014, 0.988965533725, 0.196995743146, 798.13510814, 192.359650715, 554.279463234, 236.945147373, 7.04443106156
0.957728157478, 0.710550507509, 0.124977263161, 0.863183275162, 0.759458845498, 0.408280717764, 0.30581538761, 0.93511249984, 0.0491619886411, 0.988075425548, 0.213263963653, 0.897431908236, 0.616009208712, 0.695162196243, 4.74416324322, 21.7340830884, 4.42414700709, 46.4002223695, 776.670172899
0.112879812768, 0.265670577894, 0.06537635907, 0.0591493687821, 0.802478762742, 0.371017270505, 0.0619443027881, 0.0296907159178, 0.1680825606, 0.623818754682, 0.644171409371, 0.302117069078, 0.141979615874, 0.554312217193, 1181.61641208, 110.102890713, 122.299532778, 528.931676912, 233.849726836
0.293870083771, 0.987154768409, 0.129777940285, 0.774757686531, 0.971665052781, 0.845502073449, 0.425073455282, 0.0635848521931, 0.303151250889, 0.0247733205042, 0.636478328586, 0.635807571458, 0.994671235078, 0.86350743603, 8.00888013333, 21.6835995379, 4.7785563638, 1169.68078545, 581.982765579
0.0893002135468, 0.252991049552, 0.477691566763, 0.934054818712, 0.241132466327, 0.135409284931, 0.396897178281, 0.174976545828, 0.799616040828, 0.777615142617, 0.639679515719, 0.896567125261, 0.183878192818, 0.805114971024, 58.8279609642, 565.879032711, 530.390526339, 326.470726129, 119.109098401
0.553017947978, 0.932039130896, 0.904722850505, 0.0832865033081, 0.221717033168, 0.40326802527, 0.38006244187, 0.207434713219, 0.386798411616, 0.834614429364, 0.873584670247, 0.677198588175, 0.369059852057, 0.0500695218833, 9.69574341531, 1.27574325869, 64.8545058096, 612.053255592, 727.682289318
0.23793694543, 0.696359628193, 0.958390374745, 0.237947780025, 0.0685433387137, 0.139148197856, 0.810648035291, 0.00715213800739, 0.0884015662979, 0.3465189055, 0.876847117143, 0.16364177889, 0.918145253999, 0.224931197337, 29.0987553527, 11.4126423735, 477.541847009, 926.103968194, 408.830452764
0.182817484635, 0.395062806603, 0.0850880342953, 0.8079252906, 0.594478059414, 0.00737493239219, 0.893629323507, 0.37149402473, 0.429104717055, 0.59536469839, 0.335033701815, 0.663336360162, 0.885772110196, 0.418386754742, 175.664254059, 564.453612765, 79.4854460695, 426.337024825, 216.530557808
0.259217323106, 0.170567329908, 0.727342863658, 0.957721927791, 0.173771617301, 0.482195260803, 0.180545353334, 0.742752529652, 0.933145660526, 0.0448170198001, 0.584698682149, 0.540178585551, 0.306822645253, 0.871951793821, 29.3225467638, 440.88722731, 967.82331978, 292.074591879, 475.823150602
0.152865923229, 0.381086227306, 0.0677663930028, 0.056797078383, 0.750054803198, 0.899831686541, 0.0613083731205, 0.344123980353, 0.5778963354, 0.0330504316503, 0.241490137046, 0.403090923337, 0.137739129182, 0.122394845027, 1068.99020128, 95.6255649686, 114.678857711, 736.233190019, 319.902674949
0.240960916047, 0.0307337279032, 0.0149180484093, 0.85366169181, 0.395694907566, 0.608641913978, 0.805886861296, 0.578820380267, 0.781729897848, 0.596347466093, 0.72898776895, 0.47222554546, 0.983170204755, 0.356617988658, 147.977931953, 632.374084209, 15.2216531918, 31.386462796, 258.645144581
0.649424417047, 0.0721071713849, 0.564553088322, 0.223352474848, 0.38579899107, 0.393544973464, 0.00463596182399, 0.458239257924, 0.101325893255, 0.210380441908, 0.815682366706, 0.856794300519, 0.084418721731, 0.681042411679, 214.70886193, 78.5796061054, 280.433746242, 41.158578171, 593.049222573
0.214490974251, 0.705212179216, 0.469835779535, 0.851526469219, 0.29546972596, 0.396533397784, 0.420219336312, 0.913893259907, 0.193143866152, 0.384175592684, 0.600820706181, 0.15591108158, 0.712996748133, 0.204015229402, 32.8758250556, 138.398747294, 129.370386356, 385.134347236, 150.782052829
0.0339748381718, 0.77107777546, 0.945738254521, 0.411809967797, 0.119053596915, 0.616255227408, 0.873754619171, 0.624757887505, 0.373224926334, 0.343519303351, 0.27512282646, 0.532022769929, 0.520762729528, 0.0565265640956, 28.3865273501, 21.4396796983, 416.347728124, 1111.53421821, 63.4333672289
0.458618129788, 0.614106021659, 0.116799203003, 0.279930039329, 0.449307375979, 0.15765745897, 0.896308920008, 0.509339743409, 0.446576021419, 0.496274857563, 0.0105263629246, 0.484753855151, 0.131030387387, 0.00419752205473, 344.19423308, 161.919313817, 70.580835763, 558.078606837, 596.056255091
0.306515238481, 0.350548760266, 0.607482819999, 0.481635962173, 0.393340706734, 0.49170182407, 0.187234204177, 0.991213526453, 0.919262393213, 0.208149442768, 0.27935727025, 0.580297895956, 0.00633374125911, 0.544727579599, 184.115484403, 173.788464172, 357.23018667, 268.835463639, 268.450729327
0.231001958302, 0.675021497459, 0.566748126794, 0.288208821175, 0.365306306021, 0.0112945008936, 0.296668947654, 0.548350952074, 0.651358437981, 0.0119461827589, 0.975955680621, 0.917604686128, 0.108072853008, 0.137297622059, 275.745058048, 134.125404813, 378.761650641, 870.249769818, 378.683565531
0.467113063865, 0.782622322951, 0.93666389352, 0.402623434971, 0.505904856973, 0.00393735530486, 0.0354897621615, 0.146246856505, 0.567482997358, 0.517526397643, 0.0949775942595, 0.697099130292, 0.0601913399158, 0.626130494158, 19.2034899061, 14.073423881, 238.517920739, 674.505977784, 645.447792211
0.0198655821037, 0.0428408744506, 0.809346803392, 0.317439997275, 0.685181538969, 0.00228611400198, 0.724395924722, 0.884265199739, 0.245975163345, 0.0126959656038, 0.345933656771, 0.468346660149, 0.65178844016, 0.646866123655, 317.934764293, 173.124887238, 1172.46577226, 82.7004980009, 38.3901600859
0.0180488416072, 0.709736854323, 0.315060114806, 0.120137496034, 0.453249118125, 0.628155983728, 0.178283302716, 0.0451310211803, 0.863430243771, 0.0836548322113, 0.971054795484, 0.558642446327, 0.376527701215, 0.0465968994594, 576.21515992, 110.047904361, 316.599758031, 1359.29933711, 42.9337688446
0.621230849172, 0.00119807637322, 0.789763412336, 0.323704492083, 0.659476554663, 0.00169641773967, 0.59475325508, 0.883342333287, 0.259753309709, 0.0898774540486, 0.0281129019938, 0.557315639176, 0.64027754255, 0.960658177206, 193.96010947, 108.104973913, 647.775953166, 1.28870847926, 1011.82453504
0.0910525117393, 0.405073379915, 0.421376508392, 0.610788000939, 0.970554458421, 0.8140547265, 0.226074053147, 0.250012217051, 0.847160179737, 0.193891561047, 0.0361212395772, 0.30577522562, 0.314946611001, 0.491984106375, 359.603474172, 513.01261815, 488.133029576, 586.754541709, 142.200491533
0.389879354174, 0.0467113265012, 0.78929188723, 0.328271002298, 0.379908044829, 0.414340183694, 0.621697788274, 0.925442866317, 0.0171220692055, 0.0980888966887, 0.83230415219, 0.735432612784, 0.361066196039, 0.960213584304, 255.40621203, 144.763214354, 854.372344003, 66.4056428567, 636.380306751
0.407568075838, 0.51637549683, 0.524590137397, 0.399699225704, 0.490604581881, 0.894896964696, 0.228855056473, 0.347395758861, 0.792780961544, 0.335655922364, 0.063473148694, 0.428079363417, 0.0591782532746, 0.791584396789, 329.392183442, 239.079740392, 439.73422211, 630.832786284, 648.064229559
0.387839881654, 0.405119366612, 0.0642987846762, 0.98272291392, 0.568392551609, 0.97782409154, 0.747206658546, 0.61890288991, 0.360522730471, 0.124021276675, 0.920344895322, 0.598124049116, 0.244506301946, 0.0389124203476, 23.0335027183, 848.5217378, 86.0252305848, 630.417497168, 740.194498912
0.0372319015713, 0.486233180487, 0.469433145404, 0.855268650259, 0.444764487882, 0.63479164288, 0.166677429738, 0.978160251587, 0.193900284286, 0.970988943624, 0.424340314299, 0.295125478322, 0.0337407807249, 0.048567689828, 154.286074545, 666.915015801, 621.760112314, 885.596917745, 74.968595725
0.368217921916, 0.317161452539, 0.226150274341, 0.729791520054, 0.441295990535, 0.158860690066, 0.851979318894, 0.902544307154, 0.892141900986, 0.398548620989, 0.361893172887, 0.220818721301, 0.664308637094, 0.217401719741, 319.561485503, 707.132713476, 287.870792714, 450.217520786, 615.134457274
0.0372319015713, 0.491619106924, 0.343785515236, 0.192126171752, 0.444764487882, 0.63479164288, 0.17035102477, 0.682591573715, 0.0444455985379, 0.970988943624, 0.424753009955, 0.297116877915, 0.26726546815, 0.048567689828, 814.7912174, 253.644352351, 511.547921365, 969.080754926, 81.3202838191
0.128531263426, 0.625934333098, 0.177868950542, 0.612306232855, 0.10464004467, 0.16630399833, 0.735333033373, 0.32823055761, 0.953983860883, 0.856556042386, 0.569794854434, 0.887844823233, 0.102070820158, 0.293009573097, 328.715310665, 471.334886178, 164.864235674, 897.551958807, 220.736606109
0.120601311511, 0.445050698018, 0.929768947736, 0.524451367486, 0.428413746102, 0.983969124916, 0.5362507815, 0.207522208965, 0.488717305693, 0.0472092778285, 0.229415123102, 0.945264101247, 0.060185464583, 0.290425377565, 67.0347066969, 72.3924772883, 890.711332316, 753.422162869, 224.486173429
0.128476515163, 0.573725494754, 0.430615191661, 0.629801030342, 0.0588476535331, 0.684035595362, 0.54295350181, 0.103295502905, 0.903076799254, 0.9228558989, 0.106530649775, 0.95201768927, 0.382250609838, 0.118442018395, 250.385282772, 380.915669182, 365.919990382, 738.439895177, 192.687362369
0.728267982239, 0.985630159453, 0.910680002571, 0.707755360448, 0.938024441352, 0.329529098795, 0.233478158853, 0.566377873258, 0.121214953728, 0.795727258828, 0.458008248888, 0.848992208944, 0.4171725875, 0.0450774279221, 0.814271627208, 1.64740739179, 13.0116807926, 582.071676096, 1280.1765164
0.076189675147, 0.113867887689, 0.517811656379, 0.38798746187, 0.435772815914, 0.857797247729, 0.456588784492, 0.677954436068, 0.0534281518842, 0.529367563422, 0.179775037114, 0.358559296194, 0.515585660967, 0.866188267889, 806.444631004, 562.978543393, 1040.14668955, 258.809275021, 174.933604878
0.570462156653, 0.185059531484, 0.173838680891, 0.579899950855, 0.702454445561, 0.312220092918, 0.112981986764, 0.949020570217, 0.257617345921, 0.47791394613, 0.979252386926, 0.266052327614, 0.914778482403, 0.768586923687, 367.361125904, 473.445453875, 167.827474642, 186.173822555, 811.993968738
0.0669056058262, 0.33023063323, 0.0682118384144, 0.692358116733, 0.372684462451, 0.966342769675, 0.353577303906, 0.426259962515, 0.714351198787, 0.767542330485, 0.674778328049, 0.970752446256, 0.849657776902, 0.838408817173, 576.497927471, 1098.63649237, 133.448911372, 712.367433201, 151.56759025
0.45309782868, 0.259059109362, 0.727536799111, 0.645621992393, 0.328237316998, 0.331560469346, 0.180325114037, 0.289305280789, 0.575324192945, 0.643908556641, 0.3204171491, 0.20828930152, 0.95879347694, 0.0657537153401, 173.913554132, 279.468813972, 721.559892467, 341.811474978, 744.895955534
0.785512070573, 0.114372774352, 0.698646207994, 0.309719263381, 0.439992846146, 0.501324583219, 0.458247973271, 0.226523404407, 0.790277702962, 0.504629422746, 0.364752547524, 0.307246920391, 0.00544855889776, 0.639736685498, 118.658668158, 62.7595511256, 262.068925224, 53.4757619026, 854.374258099
0.126247432613, 0.45893038916, 0.409880746207, 0.87636251238, 0.0588287507665, 0.353220717031, 0.505194509059, 0.20114024724, 0.403414437339, 0.8532774733, 0.727177428511, 0.901450127842, 0.107001812971, 0.408534176259, 91.9467814534, 467.474345779, 357.574956682, 523.395073053, 159.34583608
0.639588387331, 0.184730951947, 0.761656332523, 0.851307227838, 0.315990634285, 0.738477228134, 0.316967120657, 0.878628946015, 0.834170636489, 0.973677722257, 0.910473929677, 0.723159348614, 0.091439954032, 0.523472784077, 40.322740552, 169.488736035, 443.394616879, 142.252671555, 782.310269042
0.735906844547, 0.462615338519, 0.409880746207, 0.874065800162, 0.0588287507665, 0.353220717031, 0.505194509059, 0.20114024724, 0.397871773782, 0.644041841303, 0.729716377745, 0.00739179184834, 0.0992510083583, 0.408534176259, 38.7078096258, 193.115822841, 147.821728926, 218.910665134, 748.176852997
0.252491082427, 0.480457189322, 0.82721540258, 0.588013146295, 0.785492282316, 0.592615837518, 0.328407576071, 0.342068493187, 0.701159560055, 0.371869421268, 0.68657604718, 0.402357269506, 0.971189789371, 0.824710947317, 86.1285646542, 113.969933753, 513.353603191, 501.108949989, 306.343857222
0.0792274634722, 0.259085033014, 0.39038272843, 0.645312073399, 0.0262869611955, 0.0976901611564, 0.639020088478, 0.287852535715, 0.575516497016, 0.549740903919, 0.346241094097, 0.842277424168, 0.377583503175, 0.0319634675977, 515.000801107, 826.678467554, 685.39472017, 513.344061532, 162.236059693
0.858571377576, 0.566140232145, 0.556107224913, 0.680743573162, 0.564015133284, 0.526946142933, 0.39484342179, 0.979780327258, 0.397113240867, 0.378066262136, 0.229511860643, 0.0305573363714, 0.527122088697, 0.296599671676, 37.4239088394, 68.262578589, 92.9392083837, 149.460389525, 851.979926027
0.247920389586, 0.0307337279032, 0.0149180484093, 0.85366169181, 0.395290674062, 0.386892931451, 0.316959834612, 0.575018482056, 0.800472253968, 0.596347466093, 0.348721941727, 0.47222554546, 0.983170204755, 0.854243563541, 170.581406654, 728.968565733, 17.5467448341, 36.1807122384, 307.687018248
0.175216727724, 0.0237900110924, 0.587696294971, 0.295568259363, 0.82243837757, 0.568251392282, 0.96323021777, 0.778632231671, 0.195764946288, 0.731201307479, 0.0214057479601, 0.96013522266, 0.507828144081, 0.970655604797, 586.291811825, 293.607702816, 866.76128802, 40.6332820953, 307.134150946
0.538430763488, 0.122696387456, 0.609661967253, 0.174525026669, 0.891527321283, 0.751835477163, 0.561717050325, 0.683948445711, 0.842690987091, 0.0412458666971, 0.497343290762, 0.579955908388, 0.267231514253, 0.601447957442, 394.170860168, 110.850269395, 581.947230975, 138.863804779, 818.25992906
0.255926070982, 0.446842245442, 0.56364618667, 0.953121612676, 0.510023403737, 0.89133833496, 0.737494496263, 0.918077314701, 0.186113900085, 0.0475696580296, 0.650006100022, 0.242501228866, 0.409382872794, 0.120972227694, 35.0665568928, 475.351238522, 582.928070726, 636.681757598, 419.244355179
0.473489115144, 0.621874164749, 0.829735604601, 0.624153384867, 0.312486750859, 0.849342835723, 0.426240357079, 0.453000417599, 0.468380523253, 0.682570198898, 0.919240060354, 0.858716542799, 0.0989039651879, 0.568802380335, 71.8523513497, 107.225680641, 471.046502566, 723.245233914, 802.895276215
0.908714934958, 0.462654431581, 0.412022395373, 0.902521617928, 0.0588287507665, 0.348307586798, 0.501928759157, 0.199867832498, 0.390032420602, 0.644041841303, 0.724785819231, 0.0131034862171, 0.0922747434908, 0.408534176259, 10.8474459338, 70.2888689248, 53.7532815954, 79.2588002271, 826.200332963
0.453451121022, 0.169070644559, 0.727536799111, 0.674802470083, 0.328237316998, 0.331560469346, 0.182742788934, 0.28924929581, 0.5519633778, 0.556052253222, 0.3204171491, 0.874707825098, 0.917551555978, 0.677448250327, 163.055690806, 290.945097057, 731.111365588, 218.577484315, 719.11240325
0.0215873685857, 0.207349752689, 0.43161021022, 0.839204321467, 0.439430254847, 0.606880092382, 0.942387946545, 0.96118167293, 0.33033344116, 0.956919401847, 0.728590613668, 0.614812617795, 0.651374357604, 0.347983972168, 279.455436772, 1082.78695185, 900.554771449, 484.915807971, 51.4084993669
0.399822247304, 0.806358939648, 0.89162722637, 0.0326512584256, 0.988763893848, 0.0251739908183, 0.333592216794, 0.939119775139, 0.856076916464, 0.575019862439, 0.532325314639, 0.882411164069, 0.896776833083, 0.989674518994, 45.3351401825, 2.32721122589, 264.084339444, 853.607289937, 649.639175958
0.621230849172, 0.00119807637322, 0.749142707194, 0.525390573863, 0.659476554663, 0.00142558201703, 0.723502124323, 0.882940264188, 0.246097353911, 0.472148320227, 0.0291470485743, 0.624199175045, 0.639006883406, 0.911956831595, 169.721051986, 183.829331908, 601.735403082, 1.22641603339, 962.915859349
0.785512070573, 0.16534219233, 0.698053613826, 0.309719263381, 0.846503562995, 0.501324583219, 0.458231801823, 0.226523404407, 0.790277702962, 0.504629422746, 0.370099588544, 0.307246920391, 0.00544855889776, 0.639736685498, 116.580189212, 61.6602264178, 256.888795709, 76.7305973719, 853.008693411
0.0198655821037, 0.0428408744506, 0.809346803392, 0.292034747503, 0.685181538969, 0.122545592607, 0.941472557308, 0.126080748375, 0.261289653674, 0.0304972644978, 0.345933656771, 0.468346660149, 0.651757695288, 0.646866123655, 408.637820151, 201.811680094, 1476.06491832, 104.115025543, 48.3309362645
