0.2, 0.82, 2.0, 0.95, 80.0, 1.4641, 0.0, 0.0, 10.0, 87.7053697114, 0.0294910975459, 0.181818181818
0.2, 0.82, 2.0, 0.95, 80.0, 1.0, 0.0, 0.0, 20.0, 58.5844430219, 0.029815845859, 0.363636363636
0.2, 0.902, 2.2, 0.95, 88.0, 1.1, 0.0, 0.0, 20.0, 125.809420543, 0.00509207881364, 0.0
0.2, 0.902, 2.2, 0.95, 88.0, 1.1, 0.0, 0.0, 20.0, 125.809420543, 0.00509207881364, 0.0
0.2, 0.9922, 2.0, 0.95, 96.8, 10.0, 0.0, 0.0, 12.1, 90.9101985621, 0.0925259155231, 0.0
0.2, 0.82, 2.42, 0.6, 100.0, 1.0, 0.0, 0.0, 20.0, 134.806298422, 0.0207607612736, 0.0344827586207
0.2, 0.9922, 2.42, 0.95, 96.8, 10.0, 0.0, 0.0, 12.1, 136.199005335, 0.117202432787, 0.0909090909091
0.2, 0.9922, 2.42, 0.95, 96.8, 10.0, 0.0, 0.0, 12.1, 136.199005335, 0.117202432787, 0.0909090909091
0.2, 1.09142, 2.662, 0.95, 100.0, 6.48816991793, 2.0, 0.0, 20.0, 344.41744402, 0.0891113642308, 0.173333333333
0.2, 0.902, 8.0, 0.66, 100.0, 1.1, 0.0, 0.0, 20.0, 425.004368478, 0.010097868547, 0.0
0.2, 0.902, 8.0, 0.66, 100.0, 1.1, 0.0, 0.0, 20.0, 425.004368478, 0.010097868547, 0.0
0.11, 1.26, 2.2, 0.95, 88.0, 10.0, 0.0, 0.0, 20.0, 223.565754757, 0.0228793326535, 0.0
0.1, 1.26, 2.0, 0.95, 88.0, 10.0, 0.0, 0.0, 20.0, 163.644278429, 0.0738468904795, 0.0
0.133487712827, 1.24918488536, 2.21555992715, 0.95, 99.6236114909, 2.06806498383, 0.261588568526, 3.57095983693, 20.0, 184.576241854, 0.0318323593744, 0.285714285714
0.133487712827, 1.24918488536, 2.21555992715, 0.95, 99.6236114909, 2.06806498383, 0.261588568526, 3.57095983693, 20.0, 184.576241854, 0.0318323593744, 0.285714285714
0.121352466206, 1.13562262306, 2.01414538832, 0.887955993686, 90.5669195372, 1.88005907621, 0.237807789569, 3.24632712448, 18.736538239, 132.992828818, 0.019649406405, 0.222222222222
0.121352466206, 1.13562262306, 2.01414538832, 0.887955993686, 90.5669195372, 1.88005907621, 0.237807789569, 3.24632712448, 18.736538239, 132.992828818, 0.019649406405, 0.222222222222
0.121352466206, 1.13562262306, 2.01414538832, 0.887955993686, 90.5669195372, 1.88005907621, 0.237807789569, 3.24632712448, 18.736538239, 132.992828818, 0.019649406405, 0.222222222222
0.2, 1.200562, 2.2, 0.87846, 100.0, 1.1, 0.0, 0.0, 20.0, 160.189797417, 0.0163835869813, 0.0
0.1331, 1.09142, 2.0, 0.7986, 100.0, 1.0, 0.0, 0.0, 13.31, 138.806616334, 0.0201591325393, 0.333333333333
0.1331, 1.09142, 2.0, 0.7986, 100.0, 1.0, 0.0, 0.0, 13.31, 138.806616334, 0.0201591325393, 0.333333333333
0.1331, 1.09142, 2.42, 0.7986, 100.0, 1.21, 0.0, 0.0, 13.31, 116.341739736, 0.0466718355124, 0.6
0.2, 0.82, 8.0, 0.6, 100.0, 1.0, 0.0, 5.0, 20.0, 301.399186101, 0.0244426222204, 0.586206896552
0.2, 0.82, 8.0, 0.6, 100.0, 1.0, 0.0, 5.0, 20.0, 301.399186101, 0.0244426222204, 0.586206896552
0.2, 1.09142, 2.662, 0.7986, 100.0, 1.331, 0.0, 5.0, 20.0, 182.915044929, 0.0089122764183, 0.0
0.2, 1.09142, 2.662, 0.7986, 100.0, 1.331, 0.0, 5.0, 20.0, 182.915044929, 0.0089122764183, 0.0
0.2, 1.09142, 2.662, 0.7986, 100.0, 1.331, 0.0, 5.0, 20.0, 182.915044929, 0.0089122764183, 0.0
