0.111915475711, 0.872104716142, 2.18736570585, 0.748827468972, 83.5342631927, 5.18041611161, 0.710964284236, 3.14782841237, 10.975387916, 84.9251183708, 0.069145646676, 0.555555555556
0.128957975989, 0.912704490404, 2.02715831952, 0.904505833222, 91.0402814589, 3.42031381037, 0.374936083742, 1.1776741157, 12.6320229172, 98.0483678936, 0.0473227356261, 0.475409836066
0.129002654803, 0.912704490404, 2.02423115629, 0.906425133619, 91.0402814589, 3.45848828203, 0.374936083742, 2.46814491444, 10.7550648541, 99.8544676656, 0.0261624059596, 0.157894736842
0.172938152135, 1.19423456864, 2.02425762501, 0.94031038689, 82.3325325011, 8.25750480691, 0.632849966089, 1.9503298782, 18.3651021766, 92.2387308895, 0.0643641009242, 0.0
0.105604988786, 0.91225649569, 2.44241872677, 0.771181421324, 87.88883012, 3.46847126186, 0.632075008184, 3.7694301687, 11.6564597772, 108.160370263, 0.0138115487486, 0.0
0.186808924364, 1.22158287864, 2.09527365308, 0.947805887788, 81.5522987325, 1.99333481806, 0.207185637211, 2.42181747555, 18.3922015419, 0.0, 1.0, 0.0
0.11952819986, 1.0425745889, 2.08050808002, 0.944896910629, 93.808814065, 9.88798070956, 0.075373129421, 4.66569462055, 18.3783587782, 74.0904571829, 0.0908612521717, 0.428571428571
0.108952297948, 1.2032174771, 2.02576414106, 0.944396575626, 82.3325325011, 1.99213972639, 0.619780372801, 2.17689592548, 10.9971310432, 118.372639624, 0.00750607978892, 0.0
0.186923356374, 1.2032174771, 2.02435518534, 0.946360530522, 82.3325325011, 2.02540710334, 0.619780372801, 2.17689592548, 18.3539154115, 125.591444104, 0.0, 0.0
0.116225686977, 0.828129611146, 2.16743915539, 0.773575228136, 96.5195197501, 6.01122839527, 0.22520063918, 2.20383933749, 19.4565853142, 95.9674784257, 0.0887457560037, 0.125
0.169473753797, 1.02154473284, 2.15450372823, 0.714756123926, 91.3721577876, 7.6153747588, 0.641207639554, 0.988751143533, 12.9820944158, 92.3578135808, 0.0838747674567, 0.461538461538
0.139431970283, 1.06364839487, 2.00502691874, 0.708613519495, 85.9690636493, 1.43889616841, 0.379015180878, 2.9573618195, 12.9251090958, 108.67054342, 0.0201904478799, 0.416666666667
0.189025469618, 0.905780907358, 2.21592430747, 0.733966310516, 90.9520901297, 4.8742359443, 0.13786490508, 1.05657112988, 11.304829799, 109.493999505, 0.0191854974361, 0.263157894737
0.187806034501, 1.00545531067, 2.02435518534, 0.946360530522, 82.3470641691, 2.06577951846, 0.355384529042, 2.17689592548, 18.3651021766, 108.621774571, 0.0248920411099, 0.28
0.162014026541, 1.00424105853, 2.1309180573, 0.771266938274, 89.6007568538, 3.1140575501, 0.645752839978, 3.72251669123, 19.3583342767, 109.011004141, 0.0482461519637, 0.0869565217391
0.144683538399, 0.912704490404, 2.63181119242, 0.904505833222, 86.1777767612, 1.67253227536, 0.378122377119, 1.1776741157, 12.6320229172, 119.729298874, 0.0150301625251, 0.153846153846
0.189144387729, 0.861442693225, 2.26517173337, 0.75371872679, 95.8222760613, 3.10739914609, 0.13361883491, 1.63154175712, 11.2871794863, 119.509198996, 0.021257939255, 0.0
0.139380797478, 1.06364839487, 2.00502691874, 0.706582199659, 86.058204971, 1.43889616841, 0.379015180878, 2.9573618195, 18.7230610934, 151.350924154, 0.00396099848739, 0.142857142857
0.147859036735, 1.23527417739, 3.09762860287, 0.881293674266, 99.5378569229, 1.82305222341, 0.00850478224598, 2.30883012631, 10.2269338294, 169.56833945, 0.00567137030758, 0.0
0.162014026541, 0.90706105141, 2.1309180573, 0.662761974932, 89.6007568538, 3.1140575501, 0.108311835504, 1.65296500281, 19.6731009749, 129.177325284, 0.016581704083, 0.0
0.101197463167, 1.10582668344, 2.38612441264, 0.904767426684, 90.8003533034, 2.29282114844, 0.375589432012, 1.74260839988, 15.5881778471, 125.631599919, 0.0103302335563, 0.363636363636
0.150525099929, 1.00664828291, 2.78317104504, 0.942196285789, 97.0605403691, 8.40940181956, 0.805089884796, 0.085491487524, 11.6521079515, 229.450117667, 0.0, 0.0
0.176946478624, 1.11097599121, 2.43079256174, 0.914475742585, 87.6658029196, 4.57713704756, 0.440927089183, 0.179828994928, 15.5913364903, 137.899074079, 0.00590338106656, 0.0
0.189025469618, 0.907620293075, 2.21592430747, 0.915809885912, 89.9032670724, 4.8742359443, 0.13786490508, 1.05657112988, 11.304829799, 98.6555998405, 0.0937147311146, 0.588235294118
0.19169233811, 1.19638216109, 2.02435518534, 0.942710329392, 89.1837746422, 8.25750480691, 0.45405885393, 1.96367189355, 18.3651021766, 94.3870792539, 0.163760828304, 0.529411764706
0.189025469618, 0.873006401462, 2.21592430747, 0.749274728227, 96.5006290715, 4.93104778781, 0.136244535231, 2.19862947344, 11.304829799, 116.32175329, 0.0890645635885, 0.333333333333
0.116830746299, 1.07308720489, 2.1286379524, 0.773850897304, 96.5195197501, 6.1527813212, 0.22520063918, 2.20687415795, 19.4565853142, 110.429414182, 0.0819431721095, 0.5
0.148352560838, 1.23411266911, 2.01722023344, 0.863295214474, 96.5006290715, 4.93104778781, 0.117466207727, 2.19862947344, 11.304829799, 116.611109535, 0.1084015818, 0.222222222222
0.182042777311, 1.06332597422, 2.00196935765, 0.71190447361, 90.2635894474, 1.46568268329, 0.701628955468, 3.51628810727, 12.9188200289, 127.74535206, 0.0173270971879, 0.333333333333
0.13558394838, 0.907830188491, 3.0896331873, 0.947495557971, 82.351066629, 4.81568637679, 0.117140103059, 3.64545803299, 15.2187337865, 125.055546615, 0.025405360875, 0.0
0.115948704432, 1.07308720489, 2.13122831207, 0.940296561923, 96.5195197501, 6.1527813212, 0.22520063918, 2.15181560902, 19.4565853142, 120.89844427, 0.0497614185754, 0.307692307692
0.186952998322, 0.894369614411, 2.02435518534, 0.945262620761, 89.6636810624, 3.13273097019, 0.619780372801, 2.17689592548, 19.674538881, 120.818174623, 0.047748989114, 0.473684210526
0.186808924364, 1.05921550149, 2.09527365308, 0.947005292891, 97.4251452798, 1.99333481806, 0.977465833481, 2.4317978352, 18.3922015419, 131.64686486, 0.0180988430777, 0.0
0.139357917316, 0.875700263035, 2.00502691874, 0.708613519495, 85.9690636493, 1.43889616841, 0.37957084227, 0.00119517867165, 12.9251090958, 125.787328197, 0.0223647902039, 0.388888888889
0.118088659888, 1.06804759689, 6.03248843374, 0.867218143295, 97.088243494, 2.4186109442, 0.635902079375, 4.61480196925, 13.6092399714, 238.183014936, 0.00435444642418, 0.0
0.169572314055, 1.16879554232, 2.02435518534, 0.821399898204, 95.244224788, 1.16901143688, 1.94612672151, 2.62096607361, 10.5247890176, 192.834148388, 0.00811103846392, 0.0
0.100980566301, 1.13709282403, 2.00824028255, 0.736919828531, 99.3840901551, 2.56478034498, 1.1026610441, 2.69217425086, 12.8195141193, 194.458561882, 0.0066639182852, 0.0
0.148169533451, 1.14161708057, 2.05064981768, 0.753709450349, 99.4900161645, 1.98100368363, 1.9101270193, 3.52852089824, 15.63870328, 186.487378686, 0.00870275327993, 0.0
0.105171958401, 0.861442693225, 2.26482804254, 0.643249544633, 81.5595438469, 1.46342767177, 1.84223536624, 3.51892372313, 10.1248812028, 145.083109098, 0.0104144931357, 0.0923076923077
0.11981251097, 1.13557708425, 3.33337140315, 0.784563165728, 83.5322050831, 1.88681607904, 0.126222273729, 2.13799080583, 11.3531024299, 156.614047214, 0.0106793560129, 0.0
0.161793951978, 0.90706105141, 2.13089363282, 0.666813812856, 89.627228548, 7.17120576164, 0.850253200624, 4.48954270699, 19.4126222594, 116.094277369, 0.146026045486, 0.588235294118
0.192258057094, 1.05837641097, 3.3152132858, 0.81713816127, 95.356884845, 9.07485054748, 0.136033191757, 0.331141178129, 11.2138620313, 116.729220035, 0.124538700254, 0.222222222222
0.161771135988, 0.912704490404, 2.43931526105, 0.904505833222, 91.0562376064, 3.42031381037, 0.426336665756, 1.1776741157, 19.4177999088, 128.762856807, 0.0663717682542, 0.304347826087
0.116830746299, 1.07308720489, 2.00486659926, 0.869395089001, 96.5195197501, 6.18943386764, 0.227870943918, 2.17328770028, 13.6027714878, 130.224229395, 0.0663451654305, 0.111111111111
0.139713259966, 1.06364839487, 2.00783479553, 0.708613519495, 96.4190637578, 4.88185984297, 0.379015180878, 0.999837127356, 11.2647737585, 125.11309433, 0.0892775582035, 0.333333333333
0.169585108585, 1.23103039001, 2.18829671694, 0.731745586171, 90.4498246086, 8.3662179904, 0.626621430671, 1.97535901251, 12.8963562018, 132.15424155, 0.109237661908, 0.0769230769231
0.169585108585, 1.18364426353, 2.22929716398, 0.731745586171, 90.4498246086, 8.3662179904, 0.636296495889, 1.70225974991, 12.9018912848, 141.086215994, 0.0370740245599, 0.0
0.148215254661, 1.23393464887, 2.01507670305, 0.867110403518, 97.3634272952, 1.44486920681, 0.950010107886, 4.70256006028, 12.866438506, 144.296519048, 0.0186439526554, 0.0
0.18741060282, 1.18659354354, 2.21591413835, 0.925041935134, 93.5504134056, 7.68949161969, 0.148095569055, 2.89819018786, 11.3434971912, 136.233037255, 0.0419450056191, 0.0
0.135050218512, 1.11154126487, 3.09763117454, 0.881447307516, 82.351066629, 1.895372424, 0.116636105782, 3.81376673497, 10.2597180536, 132.164672239, 0.0256463256677, 0.307692307692
0.105472008671, 1.00670731999, 2.79134290447, 0.770368944672, 87.9520128155, 1.37234133643, 0.629836369152, 3.7550395421, 11.6904829902, 140.165445252, 0.0184145400388, 0.625
0.139705273748, 1.18546398668, 3.07410952217, 0.656954450771, 86.7289890322, 1.55218728306, 0.379015180878, 2.96515072132, 11.2795401817, 129.205792476, 0.0406734334117, 0.555555555556
0.11592698382, 1.05840318084, 5.55021076063, 0.867218143295, 97.1182197752, 2.76156528473, 0.0417235094444, 4.61903168683, 13.6092399714, 401.656842137, 0.00461506330014, 0.0
0.135594281496, 1.15926034289, 3.15056697728, 0.691402477354, 81.5068285699, 1.99556671182, 1.74316235362, 3.83014172468, 17.544428734, 384.132180129, 0.00512248257898, 0.0322580645161
0.103993960923, 1.17718840583, 4.38256646715, 0.925041935134, 93.5504134056, 7.68949161969, 0.148335478043, 2.89819018786, 15.4184340629, 347.958212584, 0.00531444794447, 0.0
0.106045278244, 0.99564512045, 2.7921480799, 0.896694903639, 93.2481132985, 1.27846087755, 1.50311788632, 4.27943284655, 14.8829065822, 300.081628507, 0.0066951590795, 0.0645161290323
0.18211057413, 1.06332597422, 2.00196935765, 0.711884465874, 90.2618292892, 1.46568268329, 1.84103016871, 3.50066365104, 12.9188200289, 201.037640391, 0.00869380079714, 0.0
0.128717572207, 0.984038104737, 2.50968604837, 0.770368944672, 88.8853547734, 1.37234133643, 0.609377279007, 1.13133315109, 11.6904829902, 188.516156315, 0.00907234057603, 0.0
0.169585108585, 1.23103039001, 2.18829671694, 0.892756039538, 93.2444410502, 1.30517100771, 0.626621430671, 1.96596994169, 12.8963562018, 145.369665705, 0.0153214762721, 0.111111111111
0.137139817586, 0.92347749812, 3.2935989957, 0.929691591956, 89.892477688, 2.55866337256, 0.0288394260171, 4.80271745559, 11.2998420817, 158.32053831, 0.015111715468, 0.0
0.10542482907, 1.0069797918, 2.50968604837, 0.770368944672, 88.8853547734, 1.37234133643, 0.609377279007, 3.7550395421, 11.6904829902, 162.474684943, 0.0125418637854, 0.409090909091
0.150905067336, 0.87049565874, 2.79030975319, 0.74414809106, 83.6795780869, 7.46073816168, 0.800228864805, 0.0492531151467, 10.5440332737, 136.149758611, 0.0674239247694, 0.222222222222
0.199210020092, 0.904669257293, 2.22835558066, 0.734525819391, 91.0511698133, 7.87726813683, 0.378535967881, 1.68532197012, 11.2778997162, 125.958649162, 0.0937071221263, 0.416666666667
0.105857826078, 0.91225649569, 2.56856780771, 0.771181421324, 87.9052351678, 3.46847126186, 0.63631541745, 3.83093647771, 11.6564597772, 144.46054418, 0.0313084789721, 0.238095238095
0.186751088581, 1.19645252478, 2.02435518534, 0.946360530522, 82.3325325011, 2.06577951846, 0.219333013789, 2.17689592548, 18.3651021766, 145.727634479, 0.0241551839809, 0.0
0.189344726519, 1.00664828291, 2.78317104504, 0.942196285789, 96.8312153529, 8.40940181956, 0.124212624174, 1.09323779475, 11.6822658558, 143.451121095, 0.127322803547, 0.0
0.129178211513, 0.912704490404, 2.43931526105, 0.904505833222, 91.0402814589, 3.42031381037, 0.374936083742, 1.1776741157, 12.6320229172, 136.491611356, 0.0333846037139, 0.354838709677
0.129101138859, 0.912704490404, 2.43931526105, 0.904725945719, 91.0402814589, 5.57561911232, 0.374936083742, 1.1776741157, 12.6320229172, 133.274637351, 0.057359612088, 0.405405405405
0.115314010251, 0.871477857156, 2.1297587255, 0.936653565084, 96.9036073081, 6.13686889627, 0.22520063918, 2.15181560902, 10.570055499, 132.564691279, 0.0753094592584, 0.571428571429
0.101197463167, 1.10577869956, 6.98493494883, 0.912208391937, 89.892477688, 2.29214004901, 1.83019817407, 1.74359893287, 15.5881778471, 833.572619962, 0.00746836734652, 0.0
0.104485511741, 0.994409395199, 3.51996821531, 0.888677646271, 92.3244522197, 2.70236372279, 1.8899845626, 0.948238724578, 14.7734542182, 393.883868517, 0.00854272638112, 0.0
0.101197463167, 1.10582668344, 5.38762956867, 0.912593011379, 89.892477688, 2.29282114844, 0.445247744224, 1.74260839988, 15.5881778471, 457.262802732, 0.00744009515381, 0.4375
0.106290168543, 1.10344856391, 2.79773515893, 0.903999952393, 93.2108105006, 1.56185337576, 1.50311788632, 4.22246751446, 14.9299663843, 301.512544531, 0.00906043799, 0.0540540540541
0.106290168543, 1.00089447758, 2.7921480799, 0.747608199145, 93.239506831, 1.56185337576, 1.50311788632, 4.27835715327, 14.9299663843, 237.46598025, 0.00885199703842, 0.157894736842
0.101197463167, 1.10582668344, 6.97421892192, 0.912208391937, 89.892477688, 2.29214004901, 0.445247744224, 1.78451762853, 15.5881778471, 344.710356974, 0.00899479044205, 0.0
0.148215254661, 1.23527417739, 2.01507670305, 0.867110403518, 94.3923791928, 1.44486920681, 1.89129921918, 4.70256006028, 13.1122932242, 194.397723723, 0.00912079416274, 0.0
0.182542943066, 1.16896884307, 2.02435518534, 0.820104582956, 95.2175919135, 1.69459703353, 1.95662864056, 2.22309389212, 10.3426306532, 203.856029979, 0.0091095126404, 0.0
0.111521936659, 0.924570405277, 4.93681211884, 0.886172672574, 90.5590085183, 7.15550571075, 0.888292799501, 0.539860910617, 10.5276570114, 145.614401822, 0.0696663731025, 0.166666666667
0.135072240901, 1.11081889138, 2.90676718731, 0.881447307516, 82.3801431657, 1.9797620048, 0.116636105782, 1.15631574194, 10.0827902994, 151.383128898, 0.0215670217207, 0.235294117647
0.150579452303, 1.00664828291, 2.77219513691, 0.946667277235, 97.0605403691, 1.50985632001, 0.814637129474, 0.085491487524, 11.6521079515, 157.242809197, 0.0225476597715, 0.133333333333
0.105533262434, 1.10586387423, 2.79134290447, 0.913204662027, 89.9420580377, 2.29420639219, 0.43718150604, 3.7550395421, 11.6904829902, 173.8687463, 0.0212425641628, 0.0
0.169494582833, 0.972291665547, 2.14506404278, 0.825299180045, 98.5439758369, 1.49644310459, 1.81481713144, 4.85311135333, 10.3604192555, 181.510722762, 0.017988639727, 0.0588235294118
0.101197463167, 1.10582668344, 2.17027829765, 0.901104394209, 89.892477688, 2.43504186591, 0.445247744224, 1.78451762853, 15.5881778471, 161.258072203, 0.0198943704354, 0.538461538462
0.105017702627, 1.06332597422, 2.00196935765, 0.711884465874, 90.3057902588, 1.46568268329, 1.98092325378, 3.50066365104, 12.9188200289, 187.745504638, 0.0173071702484, 0.492537313433
0.133947223899, 1.22158287864, 2.09527365308, 0.945317940711, 96.2892357596, 1.99333481806, 0.135774557701, 2.42181747555, 15.2393545182, 161.20908091, 0.0235316744397, 0.269230769231
0.116830746299, 1.08790019493, 2.1286379524, 0.773850897304, 96.6808232143, 6.1527813212, 0.22520063918, 0.781929628958, 19.4565853142, 160.003241497, 0.0381996502793, 0.1
0.192342968654, 1.05723121319, 2.10318905171, 0.709154835618, 91.3524231457, 7.75320299858, 0.652026274081, 0.951276365501, 12.9957900151, 134.43716075, 0.200930007317, 0.578947368421
0.189025469618, 1.19510224259, 2.21545899221, 0.749274728227, 96.5006290715, 4.93104778781, 0.136244535231, 2.17684321124, 11.3125619577, 157.501460398, 0.0326246717365, 0.222222222222
0.18211057413, 1.06287614037, 2.00625457067, 0.711884465874, 90.2618292892, 1.46568268329, 1.84103016871, 3.50066365104, 12.9723614551, 186.292967207, 0.0223035118966, 0.121951219512
0.169473753797, 1.02154473284, 2.15450372823, 0.713392008956, 98.7677280977, 7.6153747588, 0.728869185353, 0.988751143533, 12.9971605921, 138.603149963, 0.14009371366, 0.272727272727
0.135050218512, 1.11156379419, 3.09763117454, 0.882427979301, 81.9329356037, 6.02191556631, 0.224423466007, 3.81376673497, 19.4507820591, 138.696042992, 0.0807453729003, 0.25
0.169473753797, 1.02154473284, 2.15450372823, 0.714756123926, 91.6797443952, 7.6153747588, 0.653999431507, 0.894105583297, 12.9820944158, 146.112947267, 0.0407826188325, 0.0
