0.0090913914508, 0.00540124615051, 0.375912993495, 0.0530689177199, 0.0198316971825, 0.00168607888652, 0.325254339968, 0.519638195202, 0.682477602428, 0.663828026481, 0.0753325806352, 0.0457627355101, 0.16360578293, 0.304830652682, 0.00427543104884, 0.163176282233, 0.121966579273, 0.260878152731, 0.00290512738798, 0.0216168117161, 0.57974188592, 0.736775052047, 0.0090913914508, 0.00540124615051, 12.9127090847
0.0090913914508, 0.00540124615051, 0.375912993495, 0.0530689177199, 0.0198316971825, 0.00168607888652, 0.325254339968, 0.519638195202, 0.682477602428, 0.663828026481, 0.0753325806352, 0.0457627355101, 0.16360578293, 0.304830652682, 0.00427543104884, 0.163176282233, 0.121966579273, 0.260878152731, 0.00290512738798, 0.0216168117161, 0.57974188592, 0.736775052047, 0.0090913914508, 0.00540124615051, 12.9127090847
0.356704228191, 7.80884860391e-05, 0.506622855373, 0.00420494079963, 0.474884792445, 0.693586452007, 0.00194733566626, 0.129537339004, 0.012151265165, 0.00872243808921, 0.00535265553142, 0.242513334138, 0.239179732327, 0.0012749337147, 0.0439553059881, 0.935557155845, 0.106481157179, 0.733796645035, 0.427097424941, 0.044361325157, 0.68156480514, 0.456432705682, 0.356704228191, 7.80884860391e-05, 13.7094296483
0.356704228191, 7.80884860391e-05, 0.506622855373, 0.00420494079963, 0.474884792445, 0.693586452007, 0.00194733566626, 0.129537339004, 0.012151265165, 0.00872243808921, 0.00535265553142, 0.242513334138, 0.239179732327, 0.0012749337147, 0.0439553059881, 0.935557155845, 0.106481157179, 0.733796645035, 0.427097424941, 0.044361325157, 0.68156480514, 0.456432705682, 0.356704228191, 7.80884860391e-05, 13.7094296483
3.37843996356e-06, 0.0209658635412, 0.777101089547, 0.00495906319042, 0.744897227926, 0.659282909117, 0.187350684804, 0.543707789026, 0.295766911441, 0.287470252016, 0.996515178632, 0.705890469051, 0.447941748417, 0.0717259989433, 0.719012578229, 0.993932000427, 0.102038220967, 0.310960507359, 0.125433950804, 0.154205768528, 0.0799815202422, 0.192403196979, 3.37843996356e-06, 0.0209658635412, 17.3351546289
3.37843996356e-06, 0.0209658635412, 0.777101089547, 0.00495906319042, 0.744897227926, 0.659282909117, 0.187350684804, 0.543707789026, 0.295766911441, 0.287470252016, 0.996515178632, 0.705890469051, 0.447941748417, 0.0717259989433, 0.719012578229, 0.993932000427, 0.102038220967, 0.310960507359, 0.125433950804, 0.154205768528, 0.0799815202422, 0.192403196979, 3.37843996356e-06, 0.0209658635412, 17.3351546289
0.986542585283, 1.43000667878e-05, 0.00428061555678, 0.260631919313, 0.514322028622, 0.762634807405, 0.0232444229979, 0.764054798355, 0.165137153039, 0.00872243808921, 0.00892350976209, 0.242513334138, 0.239179732327, 0.0012749337147, 0.00351072942093, 0.952714712956, 0.106481157179, 0.248671732194, 0.427097424941, 0.928181036589, 0.68156480514, 0.0700426882873, 0.986542585283, 1.43000667878e-05, 14.4396039585
0.986542585283, 1.43000667878e-05, 0.00428061555678, 0.260631919313, 0.514322028622, 0.762634807405, 0.0232444229979, 0.764054798355, 0.165137153039, 0.00872243808921, 0.00892350976209, 0.242513334138, 0.239179732327, 0.0012749337147, 0.00351072942093, 0.952714712956, 0.106481157179, 0.248671732194, 0.427097424941, 0.928181036589, 0.68156480514, 0.0700426882873, 0.986542585283, 1.43000667878e-05, 14.4396039585
0.00527470868115, 0.056140024978, 0.0561923326278, 0.27541850993, 0.686374898011, 0.459107259029, 0.237061768795, 0.120929089665, 0.53634783366, 0.00872243808921, 0.149406756557, 0.483505948352, 0.472533339859, 0.023920946304, 0.0187798109292, 0.0184581149842, 0.0702123463206, 0.178404851845, 0.463514211391, 0.00239437939677, 0.323178048509, 0.92496503492, 0.00527470868115, 0.056140024978, 13.4212567707
0.00527470868115, 0.056140024978, 0.0561923326278, 0.27541850993, 0.686374898011, 0.459107259029, 0.237061768795, 0.120929089665, 0.53634783366, 0.00872243808921, 0.149406756557, 0.483505948352, 0.472533339859, 0.023920946304, 0.0187798109292, 0.0184581149842, 0.0702123463206, 0.178404851845, 0.463514211391, 0.00239437939677, 0.323178048509, 0.92496503492, 0.00527470868115, 0.056140024978, 13.4212567707
0.21956415357, 0.737081552884, 0.0815676521892, 0.278576126347, 0.514322028622, 0.0555898740508, 0.108908052704, 0.255310956708, 0.537325004932, 0.0112929549589, 0.0390059637499, 0.0409719024009, 0.190463281603, 0.023920946304, 0.0276098292684, 0.292943605136, 0.0670592779302, 0.145215540814, 0.412329256148, 0.413873844538, 0.42014458595, 0.392821495813, 0.21956415357, 0.737081552884, 11.5536328808
0.21956415357, 0.737081552884, 0.0815676521892, 0.278576126347, 0.514322028622, 0.0555898740508, 0.108908052704, 0.255310956708, 0.537325004932, 0.0112929549589, 0.0390059637499, 0.0409719024009, 0.190463281603, 0.023920946304, 0.0276098292684, 0.292943605136, 0.0670592779302, 0.145215540814, 0.412329256148, 0.413873844538, 0.42014458595, 0.392821495813, 0.21956415357, 0.737081552884, 11.5536328808
1.52588219881e-05, 0.6430607413, 0.254562890477, 0.866449645449, 0.972921066012, 0.994994786701, 0.270557023878, 0.0897812208004, 0.286327455374, 0.0112929549589, 0.49924897715, 0.532208089788, 0.165333010162, 0.0944518673135, 0.00292856964471, 0.0128942835523, 0.231533393392, 0.617709577867, 0.102472305862, 0.0107788301498, 0.0452044861824, 0.493730452343, 1.52588219881e-05, 0.6430607413, 14.7503320057
1.52588219881e-05, 0.6430607413, 0.254562890477, 0.866449645449, 0.972921066012, 0.994994786701, 0.270557023878, 0.0897812208004, 0.286327455374, 0.0112929549589, 0.49924897715, 0.532208089788, 0.165333010162, 0.0944518673135, 0.00292856964471, 0.0128942835523, 0.231533393392, 0.617709577867, 0.102472305862, 0.0107788301498, 0.0452044861824, 0.493730452343, 1.52588219881e-05, 0.6430607413, 14.7503320057
0.000724843932043, 0.263639830957, 0.38959373914, 0.316039887365, 0.113644283939, 0.00141137787508, 0.190891602153, 0.601726477922, 0.295766911441, 0.281903714559, 0.00790952690933, 0.154461739106, 0.101258489976, 0.023920946304, 0.0294473175448, 0.0176988159038, 0.0600876142023, 0.0262236049549, 0.828264724261, 0.479672634965, 0.231773891196, 0.109362922044, 0.000724843932043, 0.263639830957, 11.6827619866
0.000724843932043, 0.263639830957, 0.38959373914, 0.316039887365, 0.113644283939, 0.00141137787508, 0.190891602153, 0.601726477922, 0.295766911441, 0.281903714559, 0.00790952690933, 0.154461739106, 0.101258489976, 0.023920946304, 0.0294473175448, 0.0176988159038, 0.0600876142023, 0.0262236049549, 0.828264724261, 0.479672634965, 0.231773891196, 0.109362922044, 0.000724843932043, 0.263639830957, 11.6827619866
0.00166493775046, 5.74380966689e-06, 0.340269576412, 0.657341926932, 0.978980298386, 0.992632066897, 0.768845273893, 0.120929089665, 0.0799229443525, 0.197091659825, 0.416543836413, 0.508651036029, 0.0239785659724, 0.745341862001, 0.0137598182447, 0.414227915027, 0.771039424784, 0.982829699782, 0.231732887015, 0.453714282852, 0.0632263256034, 0.192403196979, 0.00166493775046, 5.74380966689e-06, 18.0867802497
0.00166493775046, 5.74380966689e-06, 0.340269576412, 0.657341926932, 0.978980298386, 0.992632066897, 0.768845273893, 0.120929089665, 0.0799229443525, 0.197091659825, 0.416543836413, 0.508651036029, 0.0239785659724, 0.745341862001, 0.0137598182447, 0.414227915027, 0.771039424784, 0.982829699782, 0.231732887015, 0.453714282852, 0.0632263256034, 0.192403196979, 0.00166493775046, 5.74380966689e-06, 18.0867802497
0.000478365687339, 0.035646284304, 0.254562890477, 0.866449645449, 0.972921066012, 0.992632066897, 0.270557023878, 0.0897812208004, 0.286327455374, 0.0112929549589, 0.0924599108454, 0.532208089788, 0.165333010162, 0.0944518673135, 0.00292856964471, 0.0128942835523, 0.231533393392, 0.617709577867, 0.102472305862, 0.0107788301498, 0.0452044861824, 0.493730452343, 0.000478365687339, 0.035646284304, 14.2881958026
0.000478365687339, 0.035646284304, 0.254562890477, 0.866449645449, 0.972921066012, 0.992632066897, 0.270557023878, 0.0897812208004, 0.286327455374, 0.0112929549589, 0.0924599108454, 0.532208089788, 0.165333010162, 0.0944518673135, 0.00292856964471, 0.0128942835523, 0.231533393392, 0.617709577867, 0.102472305862, 0.0107788301498, 0.0452044861824, 0.493730452343, 0.000478365687339, 0.035646284304, 14.2881958026
0.0090913914508, 0.110753213682, 0.444255958731, 0.0530689177199, 0.0198316971825, 0.257483778425, 0.325254339968, 0.519638195202, 0.682477602428, 0.0148536619917, 0.0606980419097, 0.022930059838, 0.16360578293, 0.304830652682, 0.240476325345, 0.00274910284313, 0.121966579273, 0.228397331316, 0.00290512738798, 0.0431646131341, 0.57974188592, 0.736775052047, 0.0090913914508, 0.110753213682, 12.4765552599
0.0090913914508, 0.110753213682, 0.444255958731, 0.0530689177199, 0.0198316971825, 0.257483778425, 0.325254339968, 0.519638195202, 0.682477602428, 0.0148536619917, 0.0606980419097, 0.022930059838, 0.16360578293, 0.304830652682, 0.240476325345, 0.00274910284313, 0.121966579273, 0.228397331316, 0.00290512738798, 0.0431646131341, 0.57974188592, 0.736775052047, 0.0090913914508, 0.110753213682, 12.4765552599
0.434050296803, 0.968969553625, 0.304712786491, 0.00519722251444, 0.346015548864, 0.237303337857, 0.40926432409, 0.612339800205, 0.0744657469639, 0.125426732475, 0.109457283895, 0.126512546459, 0.190463281603, 0.023920946304, 0.173274042946, 0.0176988159038, 0.102038220967, 0.0923837077745, 0.00809522286976, 0.00582020646074, 0.145332108847, 0.167646335275, 0.434050296803, 0.968969553625, 10.2276492233
0.434050296803, 0.968969553625, 0.304712786491, 0.00519722251444, 0.346015548864, 0.237303337857, 0.40926432409, 0.612339800205, 0.0744657469639, 0.125426732475, 0.109457283895, 0.126512546459, 0.190463281603, 0.023920946304, 0.173274042946, 0.0176988159038, 0.102038220967, 0.0923837077745, 0.00809522286976, 0.00582020646074, 0.145332108847, 0.167646335275, 0.434050296803, 0.968969553625, 10.2276492233
0.297058174755, 0.52808477696, 0.0561923326278, 0.00597018946006, 0.680628627437, 0.0474980076205, 0.0277698828206, 0.120929089665, 0.0330953787721, 0.00872243808921, 0.145673028765, 0.235079951428, 0.0103061500393, 0.00143276881483, 0.201856146732, 0.379816767517, 0.106481157179, 0.178404851845, 0.551793180938, 0.214084480123, 0.191207129451, 0.847534332347, 0.297058174755, 0.52808477696, 11.3934820815
0.297058174755, 0.52808477696, 0.0561923326278, 0.00597018946006, 0.680628627437, 0.0474980076205, 0.0277698828206, 0.120929089665, 0.0330953787721, 0.00872243808921, 0.145673028765, 0.235079951428, 0.0103061500393, 0.00143276881483, 0.201856146732, 0.379816767517, 0.106481157179, 0.178404851845, 0.551793180938, 0.214084480123, 0.191207129451, 0.847534332347, 0.297058174755, 0.52808477696, 11.3934820815
2.26521859137e-06, 0.0378409940484, 0.261780943425, 0.00519722251444, 0.744897227926, 0.659282909117, 0.187350684804, 0.543707789026, 0.295766911441, 0.432491538743, 0.996515178632, 0.705890469051, 0.86372115816, 0.586588423838, 0.379544657653, 0.993932000427, 0.102038220967, 0.310960507359, 0.125433950804, 0.453714282852, 0.222515416393, 0.192403196979, 2.26521859137e-06, 0.0378409940484, 18.2241387908
2.26521859137e-06, 0.0378409940484, 0.261780943425, 0.00519722251444, 0.744897227926, 0.659282909117, 0.187350684804, 0.543707789026, 0.295766911441, 0.432491538743, 0.996515178632, 0.705890469051, 0.86372115816, 0.586588423838, 0.379544657653, 0.993932000427, 0.102038220967, 0.310960507359, 0.125433950804, 0.453714282852, 0.222515416393, 0.192403196979, 2.26521859137e-06, 0.0378409940484, 18.2241387908
0.107255189446, 0.0860609378115, 0.0808069790678, 0.0246991227792, 0.34024349603, 0.0310390840557, 0.0277698828206, 0.716569366847, 0.144762240146, 0.00872243808921, 0.145673028765, 0.0399241238093, 0.230435307799, 0.00633234439126, 0.201856146732, 0.199810429424, 0.106481157179, 0.343337368215, 0.16907440392, 0.27554051096, 0.68156480514, 0.388187686419, 0.107255189446, 0.0860609378115, 11.5635884955
0.107255189446, 0.0860609378115, 0.0808069790678, 0.0246991227792, 0.34024349603, 0.0310390840557, 0.0277698828206, 0.716569366847, 0.144762240146, 0.00872243808921, 0.145673028765, 0.0399241238093, 0.230435307799, 0.00633234439126, 0.201856146732, 0.199810429424, 0.106481157179, 0.343337368215, 0.16907440392, 0.27554051096, 0.68156480514, 0.388187686419, 0.107255189446, 0.0860609378115, 11.5635884955
0.00166493775046, 7.01270751469e-06, 0.340269576412, 0.765394568726, 0.978980298386, 0.992632066897, 0.768845273893, 0.0145545275382, 0.0799229443525, 0.197091659825, 0.416543836413, 0.532208089788, 0.0239785659724, 0.00801309853716, 0.0137598182447, 0.414227915027, 0.771039424784, 0.841941659099, 0.231732887015, 0.453714282852, 0.0516234619633, 0.192403196979, 0.00166493775046, 7.01270751469e-06, 16.9196106328
0.00166493775046, 7.01270751469e-06, 0.340269576412, 0.765394568726, 0.978980298386, 0.992632066897, 0.768845273893, 0.0145545275382, 0.0799229443525, 0.197091659825, 0.416543836413, 0.532208089788, 0.0239785659724, 0.00801309853716, 0.0137598182447, 0.414227915027, 0.771039424784, 0.841941659099, 0.231732887015, 0.453714282852, 0.0516234619633, 0.192403196979, 0.00166493775046, 7.01270751469e-06, 16.9196106328
0.000404211841613, 0.6430607413, 0.254562890477, 0.988492114143, 0.972921066012, 0.992632066897, 0.270557023878, 0.0897812208004, 0.286327455374, 0.0112929549589, 0.108258216012, 0.532208089788, 0.165333010162, 0.0944518673135, 0.00292856964471, 0.0128942835523, 0.231533393392, 0.617709577867, 0.102472305862, 0.0107788301498, 0.0452044861824, 0.119471163106, 0.000404211841613, 0.6430607413, 13.8834712661
0.000404211841613, 0.6430607413, 0.254562890477, 0.988492114143, 0.972921066012, 0.992632066897, 0.270557023878, 0.0897812208004, 0.286327455374, 0.0112929549589, 0.108258216012, 0.532208089788, 0.165333010162, 0.0944518673135, 0.00292856964471, 0.0128942835523, 0.231533393392, 0.617709577867, 0.102472305862, 0.0107788301498, 0.0452044861824, 0.119471163106, 0.000404211841613, 0.6430607413, 13.8834712661
0.522982228575, 0.00276709601687, 0.00825199136077, 0.004341685582, 0.134911182578, 0.255786580545, 0.101643043898, 0.21773037386, 0.111086721492, 0.000990586886944, 0.182199574704, 0.340277478885, 0.278742980109, 0.092884082201, 0.00929055139808, 0.0725434757643, 0.463027440802, 0.177338352553, 0.34625327117, 0.290887262335, 0.0466115653795, 0.992914529737, 0.522982228575, 0.00276709601687, 11.5699772223
0.522982228575, 0.00276709601687, 0.00825199136077, 0.004341685582, 0.134911182578, 0.255786580545, 0.101643043898, 0.21773037386, 0.111086721492, 0.000990586886944, 0.182199574704, 0.340277478885, 0.278742980109, 0.092884082201, 0.00929055139808, 0.0725434757643, 0.463027440802, 0.177338352553, 0.34625327117, 0.290887262335, 0.0466115653795, 0.992914529737, 0.522982228575, 0.00276709601687, 11.5699772223
9.8707425802e-05, 0.00276709601687, 0.00913883662379, 0.248039516576, 0.34876485923, 0.733631453496, 0.0631804068186, 0.543707789026, 0.566183472434, 0.526055767983, 0.465546887573, 0.00719576835804, 0.80457501905, 0.0259356054828, 0.719012578229, 0.853187407378, 0.0982500448383, 0.0352688510782, 0.00944916851897, 0.0633285086476, 0.0350110251054, 0.563186305542, 9.8707425802e-05, 0.00276709601687, 15.0695867098
9.8707425802e-05, 0.00276709601687, 0.00913883662379, 0.248039516576, 0.34876485923, 0.733631453496, 0.0631804068186, 0.543707789026, 0.566183472434, 0.526055767983, 0.465546887573, 0.00719576835804, 0.80457501905, 0.0259356054828, 0.719012578229, 0.853187407378, 0.0982500448383, 0.0352688510782, 0.00944916851897, 0.0633285086476, 0.0350110251054, 0.563186305542, 9.8707425802e-05, 0.00276709601687, 15.0695867098
0.00166493775046, 2.42136468971e-05, 0.320086335087, 0.756636654513, 0.0125923002858, 0.992632066897, 0.170921693231, 0.145660670848, 0.0799229443525, 0.879499977808, 0.416543836413, 0.416534494082, 0.146088079291, 0.920088677607, 0.0689424155419, 0.199512040859, 0.935030691444, 0.681367123085, 0.00938489939615, 0.0199047856939, 0.0452044861824, 0.353600331582, 0.00166493775046, 2.42136468971e-05, 16.2193435653
0.00166493775046, 2.42136468971e-05, 0.320086335087, 0.756636654513, 0.0125923002858, 0.992632066897, 0.170921693231, 0.145660670848, 0.0799229443525, 0.879499977808, 0.416543836413, 0.416534494082, 0.146088079291, 0.920088677607, 0.0689424155419, 0.199512040859, 0.935030691444, 0.681367123085, 0.00938489939615, 0.0199047856939, 0.0452044861824, 0.353600331582, 0.00166493775046, 2.42136468971e-05, 16.2193435653
0.000107856654684, 7.49432111147e-06, 0.35388100138, 0.952123611875, 0.694628301508, 0.658907106519, 0.304378192945, 0.145660670848, 0.0748956685125, 0.0956729238416, 0.459490783389, 0.712819515329, 0.899999163103, 0.920088677607, 0.281757713743, 0.498735323032, 0.935030691444, 0.681367123085, 0.00944916851897, 0.450364531411, 0.00438317921049, 0.556231740844, 0.000107856654684, 7.49432111147e-06, 19.0812900097
0.000107856654684, 7.49432111147e-06, 0.35388100138, 0.952123611875, 0.694628301508, 0.658907106519, 0.304378192945, 0.145660670848, 0.0748956685125, 0.0956729238416, 0.459490783389, 0.712819515329, 0.899999163103, 0.920088677607, 0.281757713743, 0.498735323032, 0.935030691444, 0.681367123085, 0.00944916851897, 0.450364531411, 0.00438317921049, 0.556231740844, 0.000107856654684, 7.49432111147e-06, 19.0812900097
0.000669193700462, 7.60445436629e-05, 0.340269576412, 0.451283786396, 0.34024349603, 0.473842552397, 0.220263588834, 0.750471786277, 0.00489461887781, 0.197091659825, 0.0517304679823, 0.698078324905, 0.186494496173, 0.431563616298, 0.0137598182447, 0.414227915027, 0.563319254488, 0.991858329254, 0.702769649915, 0.0199047856939, 0.0392080881354, 0.534478977265, 0.000669193700462, 7.60445436629e-05, 16.0246109793
0.000669193700462, 7.60445436629e-05, 0.340269576412, 0.451283786396, 0.34024349603, 0.473842552397, 0.220263588834, 0.750471786277, 0.00489461887781, 0.197091659825, 0.0517304679823, 0.698078324905, 0.186494496173, 0.431563616298, 0.0137598182447, 0.414227915027, 0.563319254488, 0.991858329254, 0.702769649915, 0.0199047856939, 0.0392080881354, 0.534478977265, 0.000669193700462, 7.60445436629e-05, 16.0246109793
0.522982228575, 0.000285243587199, 0.0232042927114, 0.004341685582, 0.134911182578, 0.255786580545, 0.101643043898, 0.618984048937, 0.111086721492, 0.000990586886944, 0.182199574704, 0.701123006481, 0.278742980109, 0.092884082201, 0.00929055139808, 0.107474162519, 0.463027440802, 0.201801827171, 0.34625327117, 0.290887262335, 0.0466115653795, 0.992914529737, 0.522982228575, 0.000285243587199, 12.699428858
0.522982228575, 0.000285243587199, 0.0232042927114, 0.004341685582, 0.134911182578, 0.255786580545, 0.101643043898, 0.618984048937, 0.111086721492, 0.000990586886944, 0.182199574704, 0.701123006481, 0.278742980109, 0.092884082201, 0.00929055139808, 0.107474162519, 0.463027440802, 0.201801827171, 0.34625327117, 0.290887262335, 0.0466115653795, 0.992914529737, 0.522982228575, 0.000285243587199, 12.699428858
1.14102789908e-05, 0.000963856016693, 0.252952633365, 0.248039516576, 0.312669809183, 0.0101529888833, 0.187350684804, 0.0494774429237, 0.977638507798, 0.366108106912, 0.341221246053, 0.00789703479408, 0.9488206511, 0.910474928992, 0.342507596969, 0.90976110864, 0.40459209959, 0.234552797581, 0.0162494515233, 0.397352678886, 0.159252042008, 0.192403196979, 1.14102789908e-05, 0.000963856016693, 15.8135853521
1.14102789908e-05, 0.000963856016693, 0.252952633365, 0.248039516576, 0.312669809183, 0.0101529888833, 0.187350684804, 0.0494774429237, 0.977638507798, 0.366108106912, 0.341221246053, 0.00789703479408, 0.9488206511, 0.910474928992, 0.342507596969, 0.90976110864, 0.40459209959, 0.234552797581, 0.0162494515233, 0.397352678886, 0.159252042008, 0.192403196979, 1.14102789908e-05, 0.000963856016693, 15.8135853521
0.00539764252753, 0.0471640321826, 0.0561923326278, 0.27541850993, 0.157964358744, 0.459107259029, 0.237061768795, 0.120929089665, 0.53634783366, 0.00872243808921, 0.149406756557, 0.483505948352, 0.472533339859, 0.023920946304, 0.0187798109292, 0.0184581149842, 0.0702123463206, 0.178404851845, 0.882841194133, 0.00440497110401, 0.337131981954, 0.891810535334, 0.00539764252753, 0.0471640321826, 13.2540182962
0.00539764252753, 0.0471640321826, 0.0561923326278, 0.27541850993, 0.157964358744, 0.459107259029, 0.237061768795, 0.120929089665, 0.53634783366, 0.00872243808921, 0.149406756557, 0.483505948352, 0.472533339859, 0.023920946304, 0.0187798109292, 0.0184581149842, 0.0702123463206, 0.178404851845, 0.882841194133, 0.00440497110401, 0.337131981954, 0.891810535334, 0.00539764252753, 0.0471640321826, 13.2540182962
7.38534109029e-05, 0.120436965481, 0.777101089547, 0.0538959752963, 0.0217230112018, 0.658907106519, 0.121232181943, 0.675675688789, 0.840452728047, 0.0423992980815, 0.903164083761, 0.0132014086062, 0.348602335561, 0.68585279566, 0.263189632754, 0.166499525088, 0.40459209959, 0.00560457434874, 0.00944916851897, 0.471783203853, 0.299708129281, 0.198871263818, 7.38534109029e-05, 0.120436965481, 15.3516616297
7.38534109029e-05, 0.120436965481, 0.777101089547, 0.0538959752963, 0.0217230112018, 0.658907106519, 0.121232181943, 0.675675688789, 0.840452728047, 0.0423992980815, 0.903164083761, 0.0132014086062, 0.348602335561, 0.68585279566, 0.263189632754, 0.166499525088, 0.40459209959, 0.00560457434874, 0.00944916851897, 0.471783203853, 0.299708129281, 0.198871263818, 7.38534109029e-05, 0.120436965481, 15.3516616297
2.83713186269e-05, 5.23868431724e-05, 0.991659177894, 0.0233245301637, 0.951281570243, 0.992632066897, 0.566253350149, 0.145660670848, 0.330695326562, 0.0271893265633, 0.416543836413, 0.712819515329, 0.146088079291, 0.920088677607, 0.0390351853743, 0.362508427925, 0.270782477928, 0.187228506283, 0.0049448834577, 0.0199047856939, 0.180510463143, 0.185361103656, 2.83713186269e-05, 5.23868431724e-05, 16.0905740632
2.83713186269e-05, 5.23868431724e-05, 0.991659177894, 0.0233245301637, 0.951281570243, 0.992632066897, 0.566253350149, 0.145660670848, 0.330695326562, 0.0271893265633, 0.416543836413, 0.712819515329, 0.146088079291, 0.920088677607, 0.0390351853743, 0.362508427925, 0.270782477928, 0.187228506283, 0.0049448834577, 0.0199047856939, 0.180510463143, 0.185361103656, 2.83713186269e-05, 5.23868431724e-05, 16.0905740632
0.191539385862, 0.00460147030856, 0.00428061555678, 0.00032967834537, 0.148167605511, 0.0903596465218, 0.344190563629, 0.716569366847, 0.0296168324514, 0.404618310257, 0.119788625192, 0.242513334138, 0.0027399581125, 0.00633234439126, 0.0409876606178, 0.571140820948, 0.145445588818, 0.733796645035, 0.698567398666, 0.044361325157, 0.129145035505, 0.545655358015, 0.191539385862, 0.00460147030856, 12.7079493455
0.191539385862, 0.00460147030856, 0.00428061555678, 0.00032967834537, 0.148167605511, 0.0903596465218, 0.344190563629, 0.716569366847, 0.0296168324514, 0.404618310257, 0.119788625192, 0.242513334138, 0.0027399581125, 0.00633234439126, 0.0409876606178, 0.571140820948, 0.145445588818, 0.733796645035, 0.698567398666, 0.044361325157, 0.129145035505, 0.545655358015, 0.191539385862, 0.00460147030856, 12.7079493455
0.000406826926915, 0.00214847298587, 0.718236920351, 0.108611088208, 0.350694216931, 0.279028677385, 0.140083013824, 0.328051503931, 0.00489461887781, 0.205658185116, 0.903164083761, 0.698078324905, 0.999773856294, 0.00617680853445, 0.147437312687, 0.993932000427, 0.125638130406, 0.207466442603, 0.00412310773209, 0.453714282852, 0.0452044861824, 0.0742768042209, 0.000406826926915, 0.00214847298587, 15.1717043797
0.000406826926915, 0.00214847298587, 0.718236920351, 0.108611088208, 0.350694216931, 0.279028677385, 0.140083013824, 0.328051503931, 0.00489461887781, 0.205658185116, 0.903164083761, 0.698078324905, 0.999773856294, 0.00617680853445, 0.147437312687, 0.993932000427, 0.125638130406, 0.207466442603, 0.00412310773209, 0.453714282852, 0.0452044861824, 0.0742768042209, 0.000406826926915, 0.00214847298587, 15.1717043797
1.0293750329e-05, 0.00578678764718, 0.59248962983, 0.054315171578, 0.744897227926, 0.658907106519, 0.130432793981, 0.543707789026, 0.324400650867, 0.0194177954181, 0.157161677393, 0.0132014086062, 0.94689878185, 0.68585279566, 0.719012578229, 0.993932000427, 0.40459209959, 0.0143445988338, 0.00944916851897, 0.713933389283, 0.0350110251054, 0.0275257863629, 1.0293750329e-05, 0.00578678764718, 16.5144833117
1.0293750329e-05, 0.00578678764718, 0.59248962983, 0.054315171578, 0.744897227926, 0.658907106519, 0.130432793981, 0.543707789026, 0.324400650867, 0.0194177954181, 0.157161677393, 0.0132014086062, 0.94689878185, 0.68585279566, 0.719012578229, 0.993932000427, 0.40459209959, 0.0143445988338, 0.00944916851897, 0.713933389283, 0.0350110251054, 0.0275257863629, 1.0293750329e-05, 0.00578678764718, 16.5144833117
0.191539385862, 0.000102206375611, 0.00428061555678, 0.00032967834537, 0.148167605511, 0.0903596465218, 0.344190563629, 0.731072960739, 0.0296168324514, 0.404618310257, 0.119788625192, 0.242513334138, 0.0443888850495, 0.00633234439126, 0.0409876606178, 0.571140820948, 0.145445588818, 0.733796645035, 0.698567398666, 0.044361325157, 0.337131981954, 0.545655358015, 0.191539385862, 0.000102206375611, 13.0638430993
0.191539385862, 0.000102206375611, 0.00428061555678, 0.00032967834537, 0.148167605511, 0.0903596465218, 0.344190563629, 0.731072960739, 0.0296168324514, 0.404618310257, 0.119788625192, 0.242513334138, 0.0443888850495, 0.00633234439126, 0.0409876606178, 0.571140820948, 0.145445588818, 0.733796645035, 0.698567398666, 0.044361325157, 0.337131981954, 0.545655358015, 0.191539385862, 0.000102206375611, 13.0638430993
0.000478365687339, 0.0297750472106, 0.00977943419343, 0.866449645449, 0.972921066012, 0.992632066897, 0.275919761858, 0.0897812208004, 0.00943498511354, 0.00239070125574, 0.108258216012, 0.532208089788, 0.165333010162, 0.106957903371, 0.00217087936027, 0.0760377400412, 0.231533393392, 0.917167823595, 0.0828841478761, 0.0107788301498, 0.554395821005, 0.158000372093, 0.000478365687339, 0.0297750472106, 14.315377668
0.000478365687339, 0.0297750472106, 0.00977943419343, 0.866449645449, 0.972921066012, 0.992632066897, 0.275919761858, 0.0897812208004, 0.00943498511354, 0.00239070125574, 0.108258216012, 0.532208089788, 0.165333010162, 0.106957903371, 0.00217087936027, 0.0760377400412, 0.231533393392, 0.917167823595, 0.0828841478761, 0.0107788301498, 0.554395821005, 0.158000372093, 0.000478365687339, 0.0297750472106, 14.315377668
9.8707425802e-05, 0.59759718512, 0.00913883662379, 0.248039516576, 0.65326230191, 0.733631453496, 0.0631804068186, 0.0611092835968, 0.566183472434, 0.275936130896, 0.903164083761, 0.00719576835804, 0.80457501905, 0.0259356054828, 0.719012578229, 0.853187407378, 0.0982500448383, 0.0352688510782, 0.00944916851897, 0.0633285086476, 0.0069209204665, 0.563186305542, 9.8707425802e-05, 0.59759718512, 14.9977113662
9.8707425802e-05, 0.59759718512, 0.00913883662379, 0.248039516576, 0.65326230191, 0.733631453496, 0.0631804068186, 0.0611092835968, 0.566183472434, 0.275936130896, 0.903164083761, 0.00719576835804, 0.80457501905, 0.0259356054828, 0.719012578229, 0.853187407378, 0.0982500448383, 0.0352688510782, 0.00944916851897, 0.0633285086476, 0.0069209204665, 0.563186305542, 9.8707425802e-05, 0.59759718512, 14.9977113662
0.00539764252753, 0.146910475631, 0.0647421723534, 0.27541850993, 0.157964358744, 0.0555898740508, 0.0442276879297, 0.783089105946, 0.590482184606, 0.520472915242, 0.175641035247, 0.221361723095, 0.190463281603, 0.023920946304, 0.0187798109292, 0.0184581149842, 0.0702123463206, 0.0262236049549, 0.759884393695, 0.00440497110401, 0.337131981954, 0.736775052047, 0.00539764252753, 0.146910475631, 12.7991945685
0.00539764252753, 0.146910475631, 0.0647421723534, 0.27541850993, 0.157964358744, 0.0555898740508, 0.0442276879297, 0.783089105946, 0.590482184606, 0.520472915242, 0.175641035247, 0.221361723095, 0.190463281603, 0.023920946304, 0.0187798109292, 0.0184581149842, 0.0702123463206, 0.0262236049549, 0.759884393695, 0.00440497110401, 0.337131981954, 0.736775052047, 0.00539764252753, 0.146910475631, 12.7991945685
0.124570641597, 0.0686334082471, 0.321268359757, 0.0246991227792, 0.34024349603, 0.0310390840557, 0.0277698828206, 0.716569366847, 0.144762240146, 0.375038393275, 0.145673028765, 0.0399241238093, 0.239179732327, 0.00633234439126, 0.201856146732, 0.335043886717, 0.106481157179, 0.343337368215, 0.16907440392, 0.101178442057, 0.731571186497, 0.301496544065, 0.124570641597, 0.0686334082471, 12.2887804878
0.124570641597, 0.0686334082471, 0.321268359757, 0.0246991227792, 0.34024349603, 0.0310390840557, 0.0277698828206, 0.716569366847, 0.144762240146, 0.375038393275, 0.145673028765, 0.0399241238093, 0.239179732327, 0.00633234439126, 0.201856146732, 0.335043886717, 0.106481157179, 0.343337368215, 0.16907440392, 0.101178442057, 0.731571186497, 0.301496544065, 0.124570641597, 0.0686334082471, 12.2887804878
0.986542585283, 4.76370299893e-05, 0.00428061555678, 0.004341685582, 0.514322028622, 0.693586452007, 0.0232444229979, 0.764054798355, 0.165137153039, 0.00872243808921, 0.00892350976209, 0.242513334138, 0.557407489694, 0.0012749337147, 0.00351072942093, 0.935557155845, 0.204000017932, 0.248671732194, 0.427097424941, 0.928181036589, 0.68156480514, 0.201351749035, 0.986542585283, 4.76370299893e-05, 14.7124611259
0.434050296803, 0.968969553625, 0.304712786491, 0.00519722251444, 0.445889592458, 0.237303337857, 0.155912268207, 0.612339800205, 0.0744657469639, 0.125426732475, 0.109457283895, 0.105053167152, 0.190463281603, 0.023920946304, 0.173274042946, 0.0176988159038, 0.322445349403, 0.0923837077745, 0.0106480354742, 0.00582020646074, 0.157226414015, 0.167646335275, 0.434050296803, 0.968969553625, 10.3072374677
0.434050296803, 0.968969553625, 0.304712786491, 0.00519722251444, 0.445889592458, 0.237303337857, 0.155912268207, 0.612339800205, 0.0744657469639, 0.125426732475, 0.109457283895, 0.105053167152, 0.190463281603, 0.023920946304, 0.173274042946, 0.0176988159038, 0.322445349403, 0.0923837077745, 0.0106480354742, 0.00582020646074, 0.157226414015, 0.167646335275, 0.434050296803, 0.968969553625, 10.3072374677
2.26521859137e-06, 0.0378409940484, 0.777101089547, 0.00519722251444, 0.30463888521, 0.659282909117, 0.187350684804, 0.543707789026, 0.295766911441, 0.432491538743, 0.996515178632, 0.705890469051, 0.86372115816, 0.586588423838, 0.257061168608, 0.993932000427, 0.186401945956, 0.310960507359, 0.125433950804, 0.453714282852, 0.222515416393, 0.192403196979, 2.26521859137e-06, 0.0378409940484, 18.2739856008
2.26521859137e-06, 0.0378409940484, 0.777101089547, 0.00519722251444, 0.30463888521, 0.659282909117, 0.187350684804, 0.543707789026, 0.295766911441, 0.432491538743, 0.996515178632, 0.705890469051, 0.86372115816, 0.586588423838, 0.257061168608, 0.993932000427, 0.186401945956, 0.310960507359, 0.125433950804, 0.453714282852, 0.222515416393, 0.192403196979, 2.26521859137e-06, 0.0378409940484, 18.2739856008
0.00166493775046, 7.01270751469e-06, 0.340269576412, 0.657341926932, 0.978980298386, 0.992632066897, 0.768845273893, 0.0145545275382, 0.0799229443525, 0.197091659825, 0.416543836413, 0.678022807906, 0.0239785659724, 0.00801309853716, 0.0137598182447, 0.414227915027, 0.771039424784, 0.982829699782, 0.231732887015, 0.453714282852, 0.222763184024, 0.192403196979, 0.00166493775046, 7.01270751469e-06, 17.3918188337
9.8707425802e-05, 0.59759718512, 0.00913883662379, 0.248039516576, 0.65326230191, 0.733631453496, 0.0631804068186, 0.0611092835968, 0.566183472434, 0.275936130896, 0.903164083761, 0.00719576835804, 0.80457501905, 0.0259356054828, 0.719012578229, 0.853187407378, 0.0982500448383, 0.0352688510782, 0.00375565752278, 0.0633285086476, 0.0350110251054, 0.563186305542, 9.8707425802e-05, 0.59759718512, 15.0278709121
0.297058174755, 0.52808477696, 0.0561923326278, 0.00597018946006, 0.34024349603, 0.0474980076205, 0.0277698828206, 0.120929089665, 0.0330953787721, 0.00872243808921, 0.145673028765, 0.235079951428, 0.0719021893861, 0.00143276881483, 0.201856146732, 0.69971980713, 0.106481157179, 0.178404851845, 0.551793180938, 0.214084480123, 0.191207129451, 0.847534332347, 0.297058174755, 0.52808477696, 11.4487154506
0.000724843932043, 0.263639830957, 0.0815676521892, 0.316039887365, 0.113644283939, 0.00141137787508, 0.190891602153, 0.601726477922, 0.295766911441, 0.729899606211, 0.00790952690933, 0.154461739106, 0.101258489976, 0.023920946304, 0.0294473175448, 0.0176988159038, 0.0600876142023, 0.0262236049549, 0.828264724261, 0.479672634965, 0.231773891196, 0.109362922044, 0.000724843932043, 0.263639830957, 11.8707869918
0.739756941539, 7.80884860391e-05, 0.506622855373, 0.00420494079963, 0.474884792445, 0.693586452007, 0.00194733566626, 0.129537339004, 0.012151265165, 0.00872243808921, 0.00535265553142, 0.242513334138, 0.239179732327, 0.0012749337147, 0.0439553059881, 0.935557155845, 0.106481157179, 0.733796645035, 0.576880489019, 0.044361325157, 0.68156480514, 0.456432705682, 0.739756941539, 7.80884860391e-05, 13.7352108096
0.986542585283, 4.76370299893e-05, 0.00428061555678, 0.004341685582, 0.514322028622, 0.693586452007, 0.0232444229979, 0.764054798355, 0.165137153039, 0.00872243808921, 0.00892350976209, 0.242513334138, 0.557407489694, 0.0012749337147, 0.00351072942093, 0.935557155845, 0.204000017932, 0.248671732194, 0.427097424941, 0.928181036589, 0.68156480514, 0.201351749035, 0.986542585283, 4.76370299893e-05, 14.7124611259
0.162781817665, 0.0686334082471, 0.321268359757, 0.0246991227792, 0.34024349603, 0.0310390840557, 0.0101835317825, 0.716569366847, 0.144762240146, 0.375038393275, 0.145673028765, 0.0399241238093, 0.239179732327, 0.00633234439126, 0.201856146732, 0.335043886717, 0.106481157179, 0.343337368215, 0.16907440392, 0.27554051096, 0.68156480514, 0.383638950089, 0.162781817665, 0.0686334082471, 12.5278661382
0.297058174755, 0.52808477696, 0.0561923326278, 0.00597018946006, 0.34024349603, 0.0474980076205, 0.0277698828206, 0.120929089665, 0.0330953787721, 0.00872243808921, 0.145673028765, 0.235079951428, 0.0719021893861, 0.00143276881483, 0.201856146732, 0.69971980713, 0.106481157179, 0.178404851845, 0.551793180938, 0.214084480123, 0.191207129451, 0.847534332347, 0.297058174755, 0.52808477696, 11.4487154506
0.594489192194, 0.00540124615051, 0.444255958731, 0.0530689177199, 0.0198316971825, 0.00570287553036, 0.146486843311, 0.023451869421, 0.24284233837, 0.0953084888508, 0.0753325806352, 0.00439175612225, 0.00404766699858, 0.763183477248, 0.784186684435, 0.00274910284313, 0.100443834842, 0.228397331316, 0.00290512738798, 0.0431646131341, 0.57974188592, 0.736775052047, 0.594489192194, 0.00540124615051, 11.8435681551
0.0090913914508, 0.110753213682, 0.444255958731, 0.0530689177199, 0.0198316971825, 0.0187155198151, 0.325254339968, 0.519638195202, 0.682477602428, 0.710521823746, 0.0606980419097, 0.022930059838, 0.16360578293, 0.304830652682, 0.00427543104884, 0.00274910284313, 0.121966579273, 0.228397331316, 0.00290512738798, 0.0431646131341, 0.57974188592, 0.736775052047, 0.0090913914508, 0.110753213682, 12.7737664011
0.162781817665, 0.0686334082471, 0.321268359757, 0.0246991227792, 0.34024349603, 0.0310390840557, 0.0101835317825, 0.716569366847, 0.144762240146, 0.375038393275, 0.145673028765, 0.0399241238093, 0.239179732327, 0.00633234439126, 0.201856146732, 0.335043886717, 0.106481157179, 0.343337368215, 0.16907440392, 0.27554051096, 0.68156480514, 0.383638950089, 0.162781817665, 0.0686334082471, 12.5278661382
0.402696183029, 0.00028174574717, 0.00428061555678, 0.004341685582, 0.514322028622, 0.187240314261, 0.073956716109, 0.716569366847, 0.1211522232, 0.00872243808921, 0.00892350976209, 0.242513334138, 0.16061839718, 0.0012749337147, 0.618537640241, 0.643399126858, 0.106481157179, 0.411306801227, 0.399950685006, 0.044361325157, 0.68156480514, 0.493501971654, 0.402696183029, 0.00028174574717, 13.3193082053
7.38534109029e-05, 0.120436965481, 0.777101089547, 0.0538959752963, 0.0217230112018, 0.658907106519, 0.121232181943, 0.675675688789, 0.840452728047, 0.0423992980815, 0.903164083761, 0.0132014086062, 0.851041391273, 0.68585279566, 0.263189632754, 0.166499525088, 0.40459209959, 0.00560457434874, 0.00944916851897, 0.471783203853, 0.299708129281, 0.198871263818, 7.38534109029e-05, 0.120436965481, 16.0283246625
0.000724843932043, 0.263639830957, 0.0815676521892, 0.316039887365, 0.113644283939, 0.00141137787508, 0.190891602153, 0.601726477922, 0.295766911441, 0.729899606211, 0.00790952690933, 0.154461739106, 0.101258489976, 0.023920946304, 0.0294473175448, 0.0176988159038, 0.0600876142023, 0.0262236049549, 0.828264724261, 0.479672634965, 0.231773891196, 0.109362922044, 0.000724843932043, 0.263639830957, 11.8707869918
0.700094363598, 0.000851000199299, 0.0730355848334, 0.0863265958597, 0.34024349603, 0.231131010205, 0.187350684804, 0.543707789026, 0.144762240146, 0.314879960892, 0.182199574704, 0.00719576835804, 0.80457501905, 0.228020461539, 0.572962329811, 0.440083517298, 0.40459209959, 0.260878152731, 0.00944916851897, 0.0216489970263, 0.299708129281, 0.00762686554765, 0.700094363598, 0.000851000199299, 12.8033967912
0.594489192194, 0.00540124615051, 0.444255958731, 0.0530689177199, 0.0198316971825, 0.00570287553036, 0.146486843311, 0.023451869421, 0.24284233837, 0.0953084888508, 0.0753325806352, 0.00439175612225, 0.00404766699858, 0.763183477248, 0.784186684435, 0.00274910284313, 0.100443834842, 0.228397331316, 0.00290512738798, 0.0431646131341, 0.57974188592, 0.736775052047, 0.594489192194, 0.00540124615051, 11.8435681551
0.246119688061, 0.00294603576441, 0.00428061555678, 0.004341685582, 0.34024349603, 0.827286496617, 0.141306757998, 0.716569366847, 0.051887936734, 0.00872243808921, 0.0609682623902, 0.239200955079, 0.987562693349, 0.00371442719517, 0.109013627363, 0.69971980713, 0.00171110421048, 0.000980076947301, 0.949150328392, 0.044361325157, 0.984483279804, 0.496275827161, 0.246119688061, 0.00294603576441, 14.9209866259
