0.0105458955576, 0.549640933512, 0.972361314939, 0.338542196923, 0.0300433089192, 0.497732547865, 0.0419716160449, 0.157992989875, 0.736246883801, 0.322194486567, 0.0373650887924, 0.327624240173, 0.515811774543, 0.528457511995, 0.0552767242297, 0.0568466851385, 0.711277760387, 0.259649909757, 0.326001302917, 0.200130109302, 0.475555322074, 0.905526640853, 0.446996772713, 0.950566113723, 0.232713102253, 0.052348765204, 0.105270528072, 0.0105458955576, 0.549640933512, 0.972361314939, 0.338542196923, 0.0300433089192, 0.497732547865, 0.0419716160449, 42.3529194968
0.775438575759, 0.980695658743, 0.687318227841, 0.645605993481, 0.786089879536, 0.0199753909842, 0.00242419655255, 0.816624665165, 0.38591559732, 0.246072059129, 0.375384901063, 0.00359891927906, 0.0326958591365, 0.899694946228, 0.151257507571, 0.419765209694, 0.956212015811, 0.382652641799, 0.771664849543, 0.48831807404, 0.368457363554, 0.377386201034, 0.854520688025, 0.775019737208, 0.942295549784, 0.162091355205, 0.806258311269, 0.775438575759, 0.980695658743, 0.687318227841, 0.645605993481, 0.786089879536, 0.0199753909842, 0.00242419655255, 51.6378909458
0.0612063049206, 0.11184155399, 0.233849833148, 0.999699093244, 0.480313674194, 0.496150695111, 0.16796027537, 0.0345031361933, 0.00101917233584, 0.999663893837, 0.0407037218523, 0.637481245546, 0.931001482608, 0.879734421229, 0.4241473868, 0.679839867694, 0.634053459974, 0.837075632421, 0.369501250679, 0.214419447337, 0.00450170207301, 0.0756180800872, 0.0414092515886, 0.00066171324311, 0.955233597278, 0.0967130100077, 0.00221732480876, 0.0612063049206, 0.11184155399, 0.233849833148, 0.999699093244, 0.480313674194, 0.496150695111, 0.16796027537, 43.918320858
0.938173284478, 0.096388893275, 0.128738757464, 0.304552148291, 0.717983119709, 0.8782981939, 0.991552808726, 0.379115718951, 0.110369305195, 0.51207844806, 0.183800925643, 0.878897837048, 0.98981462152, 0.703549465694, 0.0020814291164, 0.414067608546, 0.212260524754, 0.777024488741, 0.355692580391, 0.124553866183, 0.019850336035, 0.000767772973259, 0.642192826411, 0.771254596283, 0.131161169229, 0.98094371819, 0.759361772215, 0.938173284478, 0.096388893275, 0.128738757464, 0.304552148291, 0.717983119709, 0.8782981939, 0.991552808726, 47.0379903149
0.0105458955576, 0.587354441516, 0.756162005018, 0.145502048788, 0.317449237201, 0.0173608197881, 0.678173305816, 0.157992989875, 0.0366030719014, 0.324914790368, 0.201929576583, 0.620522661945, 0.0323272039853, 0.339638097505, 0.137645890596, 0.146673280468, 0.163460828025, 0.259649909757, 0.571217896907, 0.421731563722, 0.631336678319, 0.0370550279854, 0.446996772713, 0.342982646409, 0.232713102253, 0.052348765204, 0.118822633299, 0.0105458955576, 0.587354441516, 0.756162005018, 0.145502048788, 0.317449237201, 0.0173608197881, 0.678173305816, 34.557010138
0.111865375765, 0.11184155399, 0.539141284207, 0.211308015333, 0.00740019457029, 0.46680828442, 0.92458326855, 0.529690253618, 0.00190335240612, 0.998872884253, 0.00148398696781, 0.431054060055, 0.0630841107867, 0.939768038391, 0.4241473868, 0.679839867694, 0.985534460931, 0.217314444328, 0.137801777344, 0.754218797168, 0.943148095348, 0.109364156075, 0.903907290386, 0.00140496841021, 0.943568567661, 0.0669473261675, 0.00445996906675, 0.111865375765, 0.11184155399, 0.539141284207, 0.211308015333, 0.00740019457029, 0.46680828442, 0.92458326855, 48.4202222085
0.190787706982, 0.511124296874, 0.000387259389218, 0.478109020531, 0.919248287189, 0.0412042526573, 0.516282537193, 0.868216007211, 0.115916370522, 0.848943215892, 0.000724302653452, 0.114759704657, 0.845803771926, 0.655903462644, 0.796996350742, 0.355000083861, 0.58798080642, 0.21238408185, 0.159757677485, 0.0182996169488, 0.729432717465, 0.800438722112, 0.0491135219328, 0.408087964836, 0.863091051262, 0.545686767552, 0.854496026187, 0.190787706982, 0.511124296874, 0.000387259389218, 0.478109020531, 0.919248287189, 0.0412042526573, 0.516282537193, 50.9816064235
0.967084339045, 0.42031521161, 0.313423114638, 0.00202195240387, 0.158959855684, 0.0579140635728, 0.670018468343, 0.452266162943, 0.472396688393, 0.406281545781, 0.224667635555, 0.239898996475, 0.717948763089, 0.236715317185, 0.350751797557, 0.15263592238, 0.64650553501, 0.984662373535, 0.259344320864, 0.463600595441, 0.760114465845, 0.387216673787, 0.531139779815, 0.703105424926, 0.552403425566, 0.989616155926, 0.849306654895, 0.967084339045, 0.42031521161, 0.313423114638, 0.00202195240387, 0.158959855684, 0.0579140635728, 0.670018468343, 52.7706010432
0.984477813214, 0.878513117415, 0.0141650132723, 0.367165064222, 0.909759275732, 0.0103346747442, 0.0789049647875, 0.00146865868845, 0.237890726506, 0.132754293987, 0.538385911802, 0.159980548058, 0.390007985079, 0.692262312651, 0.335076430448, 0.15263592238, 0.357355602279, 0.157094701306, 0.0603812068061, 0.056405141967, 0.631336678319, 0.731836468113, 0.713815125355, 0.385749253104, 0.779894825008, 0.480780505389, 0.306580258214, 0.984477813214, 0.878513117415, 0.0141650132723, 0.367165064222, 0.909759275732, 0.0103346747442, 0.0789049647875, 41.4462763893
0.984477813214, 0.878513117415, 0.0141650132723, 0.367165064222, 0.909759275732, 0.0103346747442, 0.0789049647875, 0.00146865868845, 0.237890726506, 0.132754293987, 0.538385911802, 0.159980548058, 0.390007985079, 0.692262312651, 0.335076430448, 0.15263592238, 0.357355602279, 0.157094701306, 0.0603812068061, 0.056405141967, 0.631336678319, 0.731836468113, 0.713815125355, 0.385749253104, 0.779894825008, 0.480780505389, 0.306580258214, 0.984477813214, 0.878513117415, 0.0141650132723, 0.367165064222, 0.909759275732, 0.0103346747442, 0.0789049647875, 41.4462763893
0.821708092846, 0.000731692460238, 0.113686245631, 0.590913199606, 0.942269911433, 0.85575366793, 0.206169487514, 0.127842218973, 0.353953283208, 0.0101770887626, 0.404639398968, 0.364022367753, 0.571951069899, 0.989909778744, 0.952292539887, 0.0701552551569, 0.419597152321, 0.50869635989, 0.641316568037, 0.185458103421, 0.817393165546, 0.785346742532, 0.00382027629236, 0.14602086469, 0.351521089933, 0.327911883621, 0.285685061392, 0.821708092846, 0.000731692460238, 0.113686245631, 0.590913199606, 0.942269911433, 0.85575366793, 0.206169487514, 44.9018656396
0.967084339045, 0.473199633096, 0.627584615402, 0.00657909008359, 0.425017673979, 0.0497615623233, 0.670018468343, 0.985934878279, 0.472396688393, 0.0527397639963, 0.224667635555, 0.950942176867, 0.717948763089, 0.236715317185, 0.335076430448, 0.15263592238, 0.0323143664179, 0.984662373535, 0.805333203284, 0.98035073902, 0.631336678319, 0.363713493699, 0.531139779815, 0.998223312006, 0.905732629712, 0.740439320112, 0.665917903979, 0.967084339045, 0.473199633096, 0.627584615402, 0.00657909008359, 0.425017673979, 0.0497615623233, 0.670018468343, 57.7892862976
0.401825016225, 0.224615138521, 0.896949877158, 0.070431182337, 0.336907654488, 0.999063780858, 0.767148757423, 0.0223561154858, 0.845190987937, 0.279627386559, 0.482079153327, 0.0839710391774, 0.848296142072, 0.415930030969, 0.191916071969, 0.803157877809, 0.0281923103139, 0.0275023213768, 0.993554555971, 0.463600595441, 0.0221870225325, 0.0252036066583, 0.000813856199133, 0.435866674701, 0.356230009796, 0.304023223577, 0.744629106529, 0.401825016225, 0.224615138521, 0.896949877158, 0.070431182337, 0.336907654488, 0.999063780858, 0.767148757423, 41.6615054703
0.877465314674, 0.352596116413, 0.0376558329817, 0.204999204285, 0.9935578316, 0.621012163881, 0.181728126776, 0.648369825732, 0.155261436108, 0.894534925622, 0.172728747841, 0.876812965275, 0.326972719487, 0.0389692077076, 0.737700459043, 0.569306520449, 0.141011324722, 0.862477373415, 0.90544662623, 0.0796430251564, 0.023068441503, 0.529465543246, 0.306476645665, 0.496223826981, 0.182730772839, 0.351722017325, 0.506123816932, 0.877465314674, 0.352596116413, 0.0376558329817, 0.204999204285, 0.9935578316, 0.621012163881, 0.181728126776, 46.89054555
0.0821454860556, 0.999838270601, 0.994168004556, 0.0140084733149, 0.176040859266, 0.41745348519, 0.10862222521, 0.678935414194, 0.139211499391, 0.748500978393, 0.141741901733, 0.208751997147, 0.305759023423, 0.926073349361, 0.0037039454079, 0.758257178418, 0.998315302576, 0.23163607195, 0.897737678658, 0.790588587933, 0.168316703408, 0.261795618927, 0.232229347514, 0.0642290127096, 0.957670148265, 0.305536412072, 0.201543799956, 0.0821454860556, 0.999838270601, 0.994168004556, 0.0140084733149, 0.176040859266, 0.41745348519, 0.10862222521, 47.9123748183
0.491979141241, 0.8372547037, 0.91393872174, 0.243451161437, 0.788711261907, 0.892257146082, 0.166161984539, 0.35495470587, 0.89738715157, 0.257942695072, 0.880132014142, 0.0799256193358, 0.977542510267, 0.636340648648, 0.26330507211, 0.15263592238, 0.604442112949, 0.012564996274, 0.819647864759, 0.799587379395, 0.103005785799, 0.0139397164714, 0.403596246929, 0.583122558967, 0.00293206494313, 0.219375970738, 0.786304506713, 0.491979141241, 0.8372547037, 0.91393872174, 0.243451161437, 0.788711261907, 0.892257146082, 0.166161984539, 46.4710443412
0.375657374106, 0.688560549287, 0.234149419594, 0.172059044441, 0.549573347061, 0.292327444371, 0.876867544878, 0.351415307104, 0.0655620014318, 0.893927211963, 0.538385911802, 0.10389802812, 0.0693061288851, 0.799358704506, 0.541548122049, 0.309870810909, 0.923354273972, 0.457201810067, 0.787272234346, 0.124553866183, 0.196652019645, 0.000767772973259, 0.781294479093, 0.385749253104, 0.107678509149, 0.466980294631, 0.886502103265, 0.375657374106, 0.688560549287, 0.234149419594, 0.172059044441, 0.549573347061, 0.292327444371, 0.876867544878, 46.8851120158
0.0121508821254, 0.0759833201213, 0.71501000083, 0.915407759632, 0.275334372517, 0.980740995161, 0.585725773753, 0.0467393327951, 0.988092317523, 0.0649323227957, 0.486283950664, 0.186666006534, 0.406321700369, 0.778512513731, 0.421898163976, 0.0718745276936, 0.120181020249, 0.547840456274, 0.738711043642, 0.440881890542, 0.310974584396, 0.810890365355, 0.0515885300585, 0.0651518297404, 0.968437392996, 0.782034234145, 0.958109826929, 0.0121508821254, 0.0759833201213, 0.71501000083, 0.915407759632, 0.275334372517, 0.980740995161, 0.585725773753, 48.3970213276
0.490833784594, 0.922535521514, 0.220043666791, 0.782007758794, 0.211902306273, 0.135575724516, 0.394900323695, 0.716788487822, 0.223465973017, 0.362103866425, 0.0381177755939, 0.725371471668, 0.717948763089, 0.508480666601, 0.335076430448, 0.205810412102, 0.644697855296, 0.524788822085, 0.0753689536511, 0.778073303282, 0.884341412947, 0.810415706097, 0.188752294097, 0.00216818243278, 0.315823674717, 0.973856719998, 0.640841128669, 0.490833784594, 0.922535521514, 0.220043666791, 0.782007758794, 0.211902306273, 0.135575724516, 0.394900323695, 49.953992788
0.190787706982, 0.511124296874, 0.000387259389218, 0.478109020531, 0.919248287189, 0.0412042526573, 0.516282537193, 0.868216007211, 0.115916370522, 0.848943215892, 0.000724302653452, 0.114759704657, 0.845803771926, 0.655903462644, 0.796996350742, 0.355000083861, 0.58798080642, 0.21238408185, 0.159757677485, 0.0182996169488, 0.729432717465, 0.800438722112, 0.0491135219328, 0.408087964836, 0.863091051262, 0.545686767552, 0.854496026187, 0.190787706982, 0.511124296874, 0.000387259389218, 0.478109020531, 0.919248287189, 0.0412042526573, 0.516282537193, 50.9816064235
0.590545518089, 0.85386844042, 0.567446080076, 0.28652480149, 0.0475717595889, 0.282333820581, 0.253440631531, 0.101331435341, 0.403711478875, 0.32754719896, 0.183800925643, 0.99533625728, 0.993997078769, 0.724791658523, 0.260463917251, 0.000236393583721, 0.28238237363, 0.220002086688, 0.552132913538, 0.991360071215, 0.080765931107, 0.263532046985, 0.794757651321, 0.121199135221, 0.29987008333, 0.0965777189593, 0.187511872586, 0.590545518089, 0.85386844042, 0.567446080076, 0.28652480149, 0.0475717595889, 0.282333820581, 0.253440631531, 43.7695792464
0.694483216888, 0.434667450545, 0.483744735944, 0.514770527877, 0.597801021043, 0.714010616551, 0.0813353332149, 0.851998338945, 0.0366030719014, 0.0166311401019, 0.281786082727, 0.175493850065, 0.845803771926, 0.923870878306, 0.0469770417193, 0.744642485673, 0.0281923103139, 0.299795717587, 0.0753689536511, 0.221225540991, 0.421122124053, 0.643503390627, 0.0682729812715, 0.348508239984, 0.628149904364, 0.0168622802356, 0.44246501817, 0.694483216888, 0.434667450545, 0.483744735944, 0.514770527877, 0.597801021043, 0.714010616551, 0.0813353332149, 41.215419112
0.670951525253, 0.0518958563996, 0.847907206764, 0.0378137716465, 0.245177272712, 0.373232927039, 0.697507785571, 0.00372656756362, 0.671710538899, 0.663892631182, 0.559603281666, 0.199883238469, 0.772055782247, 0.954688862402, 0.0930955354811, 0.293717480325, 0.308123001445, 0.579253663195, 0.459240033855, 0.685708551295, 0.297469960864, 0.281190035478, 0.681756138111, 0.113555152713, 0.0106903880652, 0.581707360918, 0.16147882559, 0.670951525253, 0.0518958563996, 0.847907206764, 0.0378137716465, 0.245177272712, 0.373232927039, 0.697507785571, 45.3776577787
0.776892500826, 0.567448681815, 0.483744735944, 0.438949815276, 0.558960015775, 0.651871718789, 0.10272101366, 0.59323310209, 0.923231408514, 0.0345474599032, 0.114515212046, 0.898262621599, 0.455969835282, 0.870188870066, 0.800805760337, 0.578779777595, 0.00807696865439, 0.282044209224, 0.986765790268, 0.000856155968088, 0.984769341608, 0.146524718417, 0.0926051911649, 0.237785933588, 0.542298336305, 0.0886047506382, 0.158736398526, 0.776892500826, 0.567448681815, 0.483744735944, 0.438949815276, 0.558960015775, 0.651871718789, 0.10272101366, 47.2002205704
0.848172664916, 0.012796378614, 0.0829134077086, 0.750030498787, 0.347408495206, 0.947933086009, 0.804819920056, 0.388804848568, 0.678186157998, 0.0101770887626, 0.183800925643, 0.725371471668, 0.75708983333, 0.665285577971, 0.0020814291164, 0.748531746567, 0.68543489665, 0.828736416024, 0.333485979331, 0.124553866183, 0.886274297138, 0.810415706097, 0.996654014848, 0.0121757349591, 0.446534565147, 0.327911883621, 0.429575862488, 0.848172664916, 0.012796378614, 0.0829134077086, 0.750030498787, 0.347408495206, 0.947933086009, 0.804819920056, 50.8240522428
0.174138350362, 0.279686103916, 0.450095583727, 0.503977020404, 0.0669094777498, 0.874204875322, 0.861424807409, 0.195555013486, 0.820476517633, 0.0257407605617, 0.580735965984, 0.371762709225, 0.072520010064, 0.724791658523, 0.138444013721, 0.82821744522, 0.0248384383639, 0.305359442708, 0.70718971829, 0.705940344015, 0.231105725415, 0.907355578011, 0.80705741618, 0.563147071153, 0.223030227799, 0.321383792543, 0.137739885228, 0.174138350362, 0.279686103916, 0.450095583727, 0.503977020404, 0.0669094777498, 0.874204875322, 0.861424807409, 46.4710810429
0.0105458955576, 0.611402388648, 0.756162005018, 0.971465506225, 0.16147141544, 0.849432228648, 0.686870494991, 0.157992989875, 0.0366030719014, 0.526341246522, 0.232148391926, 0.129317905025, 0.572656490026, 0.489828857995, 0.137645890596, 0.0224456980357, 0.962166411626, 0.259649909757, 0.326001302917, 0.421731563722, 0.306331529259, 0.444021381996, 0.160981749406, 0.210717682998, 0.091880486431, 0.052348765204, 0.118822633299, 0.0105458955576, 0.611402388648, 0.756162005018, 0.971465506225, 0.16147141544, 0.849432228648, 0.686870494991, 35.4978347873
0.938173284478, 0.718291820993, 0.0939342891535, 0.00645725519515, 0.717983119709, 0.8782981939, 0.991552808726, 0.428528058086, 0.223863644972, 0.51207844806, 0.0235327734384, 0.687356238885, 0.998490851161, 0.148114142646, 0.0020814291164, 0.0818457673191, 0.68543489665, 0.777024488741, 0.11141449081, 0.58910314795, 0.039497359115, 0.000767772973259, 0.445435938081, 0.494045188251, 0.131161169229, 0.730688330938, 0.873241428608, 0.938173284478, 0.718291820993, 0.0939342891535, 0.00645725519515, 0.717983119709, 0.8782981939, 0.991552808726, 43.5561321452
0.891435081062, 0.012796378614, 0.0829134077086, 0.750030498787, 0.347408495206, 0.947933086009, 0.804819920056, 0.388804848568, 0.678186157998, 0.394702903472, 0.183800925643, 0.902422575228, 0.75708983333, 0.665285577971, 0.0020814291164, 0.748531746567, 0.68543489665, 0.828736416024, 0.333485979331, 0.124553866183, 0.231275282816, 0.639194862929, 0.437645829621, 0.0121757349591, 0.446534565147, 0.982968580516, 0.429575862488, 0.891435081062, 0.012796378614, 0.0829134077086, 0.750030498787, 0.347408495206, 0.947933086009, 0.804819920056, 50.2366454415
0.151662222191, 0.131602690829, 0.329386030391, 0.380833868998, 0.876198066954, 0.559396061192, 0.220842455633, 0.893995830658, 0.759988254127, 0.689753964332, 0.834482896348, 0.0664089442014, 0.0399615670831, 0.924305576851, 0.319653522339, 0.221254581871, 0.73795100216, 0.121921024585, 0.846174537948, 0.996018827549, 0.584659218997, 0.0167321590636, 0.722842318456, 0.668901641993, 0.10106117846, 0.74301710506, 0.786304506713, 0.151662222191, 0.131602690829, 0.329386030391, 0.380833868998, 0.876198066954, 0.559396061192, 0.220842455633, 55.1516333731
0.670951525253, 0.800290188029, 0.801222575999, 0.586226431975, 0.985885280901, 0.789651786425, 0.115728261507, 0.0278875086633, 0.404480760727, 0.663892631182, 0.103034149435, 0.665498099028, 0.386010585095, 0.0128450426381, 0.12159381301, 0.293717480325, 0.471833182981, 0.516064789373, 0.581697736426, 0.637754958325, 0.0836112715357, 0.487625231746, 0.472974690963, 0.102298412972, 0.0299576309222, 0.652287180846, 0.16147882559, 0.670951525253, 0.800290188029, 0.801222575999, 0.586226431975, 0.985885280901, 0.789651786425, 0.115728261507, 39.5946800598
0.0612063049206, 0.686288709965, 0.74006064331, 0.0654145840785, 0.660046687986, 0.271561323931, 0.0668383756043, 0.633612395202, 0.994777411076, 0.0175720172333, 0.0442532119394, 0.666015290735, 0.206664301891, 0.626770539005, 0.977101743087, 0.912893414527, 0.150308207172, 0.672421183014, 0.864370766585, 0.214419447337, 0.417515221133, 0.943269784697, 0.941024149782, 0.567587600693, 0.990913810619, 0.0699311621287, 0.62243148832, 0.0612063049206, 0.686288709965, 0.74006064331, 0.0654145840785, 0.660046687986, 0.271561323931, 0.0668383756043, 56.7694794107
0.289726823784, 0.747767146682, 0.172845966836, 0.115246602546, 0.0797426594851, 0.239114056059, 0.468639387979, 0.0117849383938, 0.832588749934, 0.394702903472, 0.134528707554, 0.997459245858, 0.314106993093, 0.000212872802458, 0.475531697625, 0.797414149704, 0.409850254064, 0.499509820523, 0.548479047835, 0.263652237682, 0.00039737636867, 0.385177532299, 0.313939957602, 0.254639533225, 0.000290521662874, 0.222013131236, 0.529212767139, 0.289726823784, 0.747767146682, 0.172845966836, 0.115246602546, 0.0797426594851, 0.239114056059, 0.468639387979, 42.0940205352
0.0532523917276, 0.472892087363, 0.362617741589, 0.204583000236, 0.478297078708, 0.0878780045239, 0.658295188423, 0.755042952847, 0.563228701231, 0.928678505528, 0.981459463695, 0.863970832775, 0.867638909144, 0.442835952821, 0.913212795648, 0.885068473555, 0.0627484937155, 0.0773017789206, 0.801403531832, 0.0593881833032, 0.231105725415, 0.25149060204, 0.585219211174, 0.16601824935, 0.956923718541, 0.226868526083, 0.173708222369, 0.0532523917276, 0.472892087363, 0.362617741589, 0.204583000236, 0.478297078708, 0.0878780045239, 0.658295188423, 54.5280540212
0.590545518089, 0.85386844042, 0.567446080076, 0.28652480149, 0.0475717595889, 0.282333820581, 0.253440631531, 0.101331435341, 0.403711478875, 0.32754719896, 0.183800925643, 0.99533625728, 0.993997078769, 0.724791658523, 0.260463917251, 0.000236393583721, 0.28238237363, 0.220002086688, 0.552132913538, 0.991360071215, 0.080765931107, 0.263532046985, 0.794757651321, 0.121199135221, 0.29987008333, 0.0965777189593, 0.187511872586, 0.590545518089, 0.85386844042, 0.567446080076, 0.28652480149, 0.0475717595889, 0.282333820581, 0.253440631531, 43.7695792464
0.345538672092, 0.329617390763, 0.146604588923, 0.738643206091, 0.62119201247, 0.296162017762, 0.328351799838, 0.0710671196159, 0.729943748259, 0.737820624503, 0.0105309941269, 0.999174664588, 0.845803771926, 0.0918922267477, 0.566913118163, 0.084641239942, 0.188375767598, 0.793704994272, 0.582486567634, 0.313359957547, 0.844245305555, 0.25149060204, 0.393387661996, 0.0669601940999, 0.327122541069, 0.581195500658, 0.339491643167, 0.345538672092, 0.329617390763, 0.146604588923, 0.738643206091, 0.62119201247, 0.296162017762, 0.328351799838, 47.1252769242
0.0297887152652, 0.659399194734, 0.313423114638, 0.567346966357, 0.478297078708, 0.534206656295, 0.328351799838, 0.755042952847, 0.169150401492, 0.928678505528, 0.183189218747, 0.833052859335, 0.818715600184, 0.299420171183, 0.368903797818, 0.504252898494, 0.0491379658353, 0.0773017789206, 0.924694292043, 0.316045612389, 0.216424686769, 0.25149060204, 0.74017702752, 0.944846233602, 0.956923718541, 0.984901792516, 0.263567157629, 0.0297887152652, 0.659399194734, 0.313423114638, 0.567346966357, 0.478297078708, 0.534206656295, 0.328351799838, 53.7864979761
0.012261466217, 0.659399194734, 0.313423114638, 0.358436032398, 0.131119685795, 0.534206656295, 0.943317614157, 0.755042952847, 0.0219538113499, 0.928678505528, 0.96781138871, 0.916256409224, 0.774331568004, 0.299420171183, 0.969335227729, 0.312548247351, 0.0491379658353, 0.0773017789206, 0.789626919964, 0.939475960501, 0.0295623864661, 0.344010831844, 0.74017702752, 0.944846233602, 0.956923718541, 0.444313402701, 0.415596847636, 0.012261466217, 0.659399194734, 0.313423114638, 0.358436032398, 0.131119685795, 0.534206656295, 0.943317614157, 57.3645498859
0.133852811942, 0.775237860182, 0.74006064331, 0.15479853574, 0.37080175264, 0.110514295772, 0.0882792590305, 0.395975959576, 0.998711989522, 0.299737209272, 0.00409730860125, 0.489689990864, 0.471102443945, 0.626770539005, 0.977101743087, 0.912893414527, 0.832591259778, 0.776371215081, 0.541560286505, 0.214419447337, 0.422473849139, 0.632459081552, 0.941024149782, 0.284898671647, 0.912956630544, 0.716759647725, 0.0696226095567, 0.133852811942, 0.775237860182, 0.74006064331, 0.15479853574, 0.37080175264, 0.110514295772, 0.0882792590305, 56.6233628921
0.248821447182, 0.802573854133, 0.940806515202, 0.0941488516315, 0.359259202794, 0.769340328064, 0.0244592507361, 0.59323310209, 0.923231408514, 0.0345474599032, 0.114515212046, 0.552896055846, 0.391577039555, 0.00378361442473, 0.800805760337, 0.997222524538, 0.102680536206, 0.312266719866, 0.986765790268, 0.000856155968088, 0.964568003654, 0.146524718417, 0.0631224766454, 0.237785933588, 0.589948723258, 0.73524354849, 0.069381127671, 0.248821447182, 0.802573854133, 0.940806515202, 0.0941488516315, 0.359259202794, 0.769340328064, 0.0244592507361, 46.0244727094
0.490833784594, 0.922535521514, 0.220043666791, 0.782007758794, 0.211902306273, 0.135575724516, 0.394900323695, 0.716788487822, 0.223465973017, 0.362103866425, 0.0381177755939, 0.725371471668, 0.717948763089, 0.508480666601, 0.335076430448, 0.205810412102, 0.644697855296, 0.524788822085, 0.0753689536511, 0.778073303282, 0.884341412947, 0.810415706097, 0.188752294097, 0.00216818243278, 0.315823674717, 0.973856719998, 0.640841128669, 0.490833784594, 0.922535521514, 0.220043666791, 0.782007758794, 0.211902306273, 0.135575724516, 0.394900323695, 49.953992788
0.289726823784, 0.747767146682, 0.733943039534, 0.325717174742, 0.0260857423807, 0.671728282449, 0.713427150322, 0.280233508244, 0.996014247186, 0.0159339980183, 0.465770601854, 0.997459245858, 0.971617342248, 0.00999604971185, 0.475531697625, 0.300399878518, 0.409850254064, 0.672421183014, 0.886320562008, 0.150861937377, 0.00101816227322, 0.0625359858597, 0.228097224622, 0.478293022978, 0.000290521662874, 0.088230054765, 0.529212767139, 0.289726823784, 0.747767146682, 0.733943039534, 0.325717174742, 0.0260857423807, 0.671728282449, 0.713427150322, 43.9666094706
0.133852811942, 0.775237860182, 0.74006064331, 0.15479853574, 0.37080175264, 0.110514295772, 0.0882792590305, 0.395975959576, 0.998711989522, 0.299737209272, 0.00409730860125, 0.489689990864, 0.471102443945, 0.626770539005, 0.977101743087, 0.912893414527, 0.832591259778, 0.776371215081, 0.541560286505, 0.214419447337, 0.422473849139, 0.632459081552, 0.941024149782, 0.284898671647, 0.912956630544, 0.716759647725, 0.0696226095567, 0.133852811942, 0.775237860182, 0.74006064331, 0.15479853574, 0.37080175264, 0.110514295772, 0.0882792590305, 56.6233628921
0.0105458955576, 0.549640933512, 0.972361314939, 0.338542196923, 0.0300433089192, 0.497732547865, 0.0419716160449, 0.157992989875, 0.736246883801, 0.322194486567, 0.0373650887924, 0.327624240173, 0.515811774543, 0.528457511995, 0.0552767242297, 0.0568466851385, 0.711277760387, 0.259649909757, 0.326001302917, 0.200130109302, 0.475555322074, 0.905526640853, 0.446996772713, 0.950566113723, 0.232713102253, 0.052348765204, 0.105270528072, 0.0105458955576, 0.549640933512, 0.972361314939, 0.338542196923, 0.0300433089192, 0.497732547865, 0.0419716160449, 42.3529194968
0.629127935055, 0.378724408126, 0.059480394191, 0.697042987772, 0.97564124713, 0.230968796461, 0.337112970668, 0.253140543086, 0.973413286986, 0.202815601995, 0.96781138871, 0.0964649274412, 0.251042972738, 0.118802087367, 0.292408012176, 0.869650680283, 0.258791107891, 0.00529900310146, 0.546563133815, 0.155484260445, 0.998459219465, 0.319273401349, 0.53064602174, 0.21171346332, 0.919414083573, 0.444313402701, 0.0390251417842, 0.629127935055, 0.378724408126, 0.059480394191, 0.697042987772, 0.97564124713, 0.230968796461, 0.337112970668, 45.7652486468
0.670951525253, 0.0518958563996, 0.600684989407, 0.0378137716465, 0.245177272712, 0.373232927039, 0.697507785571, 0.00372656756362, 0.671710538899, 0.663892631182, 0.559603281666, 0.199883238469, 0.772055782247, 0.954688862402, 0.446629697724, 0.293717480325, 0.308123001445, 0.731555428076, 0.459240033855, 0.309542315967, 0.297469960864, 0.281190035478, 0.681756138111, 0.113555152713, 0.0106903880652, 0.581707360918, 0.16147882559, 0.670951525253, 0.0518958563996, 0.600684989407, 0.0378137716465, 0.245177272712, 0.373232927039, 0.697507785571, 46.1098054132
0.115365431052, 0.39666526703, 0.388062191418, 0.532829001094, 0.122179812045, 0.122421283045, 0.607101096098, 0.301275186758, 0.854524092492, 0.346688222082, 0.888413138143, 0.00691255945674, 0.670376953917, 0.676182004086, 0.41926034512, 0.686041686283, 0.842048935878, 0.092059066091, 0.0282728576467, 0.878311507581, 0.0764990457035, 0.484622616548, 0.912515988736, 0.0992556622743, 0.765342889696, 0.0415732481864, 0.603266532572, 0.115365431052, 0.39666526703, 0.388062191418, 0.532829001094, 0.122179812045, 0.122421283045, 0.607101096098, 50.5477625612
0.982786758848, 0.82957956181, 0.0829134077086, 0.455199716401, 0.100916217073, 0.423243298953, 0.370484095431, 0.0660515114301, 0.36752844793, 0.112076951528, 0.0179100679938, 0.253829951945, 0.732200812232, 0.498683393476, 0.386401200242, 0.7100936181, 0.800239749674, 0.164296453514, 0.159914480007, 0.407250065479, 0.279680164673, 0.162534588565, 0.186930924628, 0.740786364377, 0.76742560645, 0.0169254742205, 0.151956745396, 0.982786758848, 0.82957956181, 0.0829134077086, 0.455199716401, 0.100916217073, 0.423243298953, 0.370484095431, 40.5383094101
0.877465314674, 0.352596116413, 0.0376558329817, 0.204999204285, 0.9935578316, 0.621012163881, 0.181728126776, 0.648369825732, 0.155261436108, 0.894534925622, 0.172728747841, 0.876812965275, 0.326972719487, 0.0389692077076, 0.737700459043, 0.569306520449, 0.141011324722, 0.862477373415, 0.90544662623, 0.0796430251564, 0.023068441503, 0.529465543246, 0.306476645665, 0.496223826981, 0.182730772839, 0.351722017325, 0.506123816932, 0.877465314674, 0.352596116413, 0.0376558329817, 0.204999204285, 0.9935578316, 0.621012163881, 0.181728126776, 46.89054555
0.111865375765, 0.11184155399, 0.539141284207, 0.211308015333, 0.00740019457029, 0.488800906339, 0.92458326855, 0.529690253618, 0.00190335240612, 0.998872884253, 0.0407037218523, 0.431054060055, 0.0630841107867, 0.92965875111, 0.4241473868, 0.0536084754414, 0.985534460931, 0.217314444328, 0.137801777344, 0.754218797168, 0.943148095348, 0.0834631653353, 0.238754080305, 0.00140496841021, 0.943568567661, 0.0669473261675, 0.00445996906675, 0.111865375765, 0.11184155399, 0.539141284207, 0.211308015333, 0.00740019457029, 0.488800906339, 0.92458326855, 43.8232785733
0.914544735849, 0.242499210699, 0.841612658186, 0.940874465844, 0.0475717595889, 0.192125787588, 0.296191896385, 0.101331435341, 0.854421463812, 0.227186139988, 0.0211741360388, 0.504764260221, 0.822841459387, 0.0462343110326, 0.852464010047, 0.135850200817, 0.0795776630026, 0.0921743349675, 0.842045843212, 0.442791351605, 0.023068441503, 0.60627541489, 0.91154820995, 0.341559791121, 0.159689942774, 0.088230054765, 0.149100659345, 0.914544735849, 0.242499210699, 0.841612658186, 0.940874465844, 0.0475717595889, 0.192125787588, 0.296191896385, 41.2475286144
0.0612063049206, 0.686288709965, 0.74006064331, 0.0654145840785, 0.660046687986, 0.271561323931, 0.0668383756043, 0.633612395202, 0.994777411076, 0.0175720172333, 0.0442532119394, 0.666015290735, 0.206664301891, 0.626770539005, 0.977101743087, 0.912893414527, 0.150308207172, 0.672421183014, 0.864370766585, 0.214419447337, 0.417515221133, 0.943269784697, 0.941024149782, 0.567587600693, 0.990913810619, 0.0699311621287, 0.62243148832, 0.0612063049206, 0.686288709965, 0.74006064331, 0.0654145840785, 0.660046687986, 0.271561323931, 0.0668383756043, 56.7694794107
0.0765016531122, 0.85386844042, 0.567446080076, 0.838905307602, 0.202755578095, 0.282333820581, 0.500836595077, 0.016264050132, 0.0407214058439, 0.32754719896, 0.00858564583502, 0.297067023511, 0.993997078769, 0.289349863411, 0.260463917251, 0.000729787577301, 0.490050951178, 0.220002086688, 0.63817066394, 0.775149596835, 0.080765931107, 0.919409221433, 0.259120313224, 0.121199135221, 0.29987008333, 0.0286486576886, 0.339491643167, 0.0765016531122, 0.85386844042, 0.567446080076, 0.838905307602, 0.202755578095, 0.282333820581, 0.500836595077, 38.3426651456
0.221089725369, 0.00719579729646, 0.865103419116, 0.115246602546, 0.607293515085, 0.0332266484956, 0.132904561948, 0.0744195791909, 0.731699642784, 0.636594861296, 0.834249701983, 0.406396722995, 0.867638909144, 0.789433725402, 0.0415515184435, 0.206788231668, 0.141011324722, 0.0596580939032, 0.91799442252, 0.262133597957, 0.918403375749, 0.835012712365, 0.903907290386, 0.540011297067, 0.614459240108, 0.797108215646, 0.413985722104, 0.221089725369, 0.00719579729646, 0.865103419116, 0.115246602546, 0.607293515085, 0.0332266484956, 0.132904561948, 54.9383747015
0.103799361658, 0.39666526703, 0.388062191418, 0.532829001094, 0.122179812045, 0.122421283045, 0.607101096098, 0.244251137789, 0.816764352878, 0.385497891424, 0.863044924128, 0.147379501951, 0.670376953917, 0.864848673267, 0.257798761541, 0.686041686283, 0.842048935878, 0.749815103773, 0.0282728576467, 0.878311507581, 0.290917219455, 0.133972831845, 0.974293264928, 0.0992556622743, 0.765342889696, 0.0459772117638, 0.603266532572, 0.103799361658, 0.39666526703, 0.388062191418, 0.532829001094, 0.122179812045, 0.122421283045, 0.607101096098, 52.9696634304
0.85570762119, 0.210324438494, 0.459491506832, 0.527010835822, 0.788711261907, 0.086059467896, 0.432931949699, 0.133328485527, 0.645299682784, 0.156801427738, 0.00792465644411, 0.606690785795, 0.717948763089, 0.547334150119, 0.00667011339236, 0.327504014769, 0.66097605711, 0.441909773325, 0.487259137674, 0.891340866243, 0.371316789025, 0.436160889361, 0.00960506296279, 0.94279026761, 0.531903770519, 0.628082142906, 0.713074399673, 0.85570762119, 0.210324438494, 0.459491506832, 0.527010835822, 0.788711261907, 0.086059467896, 0.432931949699, 48.5809353206
0.829093846752, 0.105906666722, 0.810002084097, 0.684541311519, 0.507009998489, 0.990794150565, 0.594158616491, 0.266666396361, 0.154352357048, 0.991970461405, 0.0373650887924, 0.10389802812, 0.282314382662, 0.0546768043056, 0.120802562695, 0.279509446926, 0.819770460728, 0.798243930749, 0.106385493385, 0.52197056255, 0.408976157472, 0.227677706968, 0.325788199429, 0.242865801314, 0.69054765025, 0.948556078444, 0.106475902472, 0.829093846752, 0.105906666722, 0.810002084097, 0.684541311519, 0.507009998489, 0.990794150565, 0.594158616491, 41.9785604591
0.629127935055, 0.378724408126, 0.059480394191, 0.697042987772, 0.97564124713, 0.230968796461, 0.337112970668, 0.253140543086, 0.973413286986, 0.202815601995, 0.96781138871, 0.0964649274412, 0.251042972738, 0.118802087367, 0.292408012176, 0.869650680283, 0.258791107891, 0.00529900310146, 0.546563133815, 0.155484260445, 0.998459219465, 0.319273401349, 0.53064602174, 0.21171346332, 0.919414083573, 0.444313402701, 0.0390251417842, 0.629127935055, 0.378724408126, 0.059480394191, 0.697042987772, 0.97564124713, 0.230968796461, 0.337112970668, 45.7652486468
0.139327011438, 0.186953416405, 0.156726642241, 0.705968491462, 0.892297570842, 0.34487632948, 0.0219855498638, 0.0273692437892, 0.369492177211, 0.9601055087, 0.583759689318, 0.202384502011, 0.155828524307, 0.113001617097, 0.62131217237, 0.724702988977, 0.0226418679686, 0.997426337009, 0.326001302917, 0.0182996169488, 0.842629451905, 0.0703269996298, 0.846381260767, 0.160596680963, 0.987976533216, 0.778739078015, 0.0128231190635, 0.139327011438, 0.186953416405, 0.156726642241, 0.705968491462, 0.892297570842, 0.34487632948, 0.0219855498638, 47.0061032644
0.43544415298, 0.85386844042, 0.567446080076, 0.838905307602, 0.0475717595889, 0.0947912232218, 0.500836595077, 0.101331435341, 0.0407214058439, 0.32754719896, 0.00858564583502, 0.297067023511, 0.993997078769, 0.208734476664, 0.260463917251, 0.135850200817, 0.490050951178, 0.220002086688, 0.752312631265, 0.775149596835, 0.080765931107, 0.277969926015, 0.259120313224, 0.113587525409, 0.0946806830934, 0.0965777189593, 0.339491643167, 0.43544415298, 0.85386844042, 0.567446080076, 0.838905307602, 0.0475717595889, 0.0947912232218, 0.500836595077, 36.5520926822
0.764467858274, 0.980315374956, 0.841612658186, 0.536371486827, 0.62119201247, 0.292327444371, 0.122505062471, 0.170018055522, 0.278428891271, 0.416427089185, 0.0211741360388, 0.77164313677, 0.224106733409, 0.835281642434, 0.335076430448, 0.0224456980357, 0.356216119563, 0.0164461571859, 0.119547778601, 0.705940344015, 0.631336678319, 0.338811248929, 0.590076188806, 0.492868399062, 0.0469509522225, 0.885853219332, 0.542372329871, 0.764467858274, 0.980315374956, 0.841612658186, 0.536371486827, 0.62119201247, 0.292327444371, 0.122505062471, 43.1360933348
0.375657374106, 0.688560549287, 0.234149419594, 0.172059044441, 0.549573347061, 0.292327444371, 0.876867544878, 0.351415307104, 0.0655620014318, 0.893927211963, 0.538385911802, 0.10389802812, 0.0693061288851, 0.799358704506, 0.541548122049, 0.309870810909, 0.923354273972, 0.457201810067, 0.787272234346, 0.124553866183, 0.196652019645, 0.000767772973259, 0.781294479093, 0.385749253104, 0.107678509149, 0.466980294631, 0.886502103265, 0.375657374106, 0.688560549287, 0.234149419594, 0.172059044441, 0.549573347061, 0.292327444371, 0.876867544878, 46.8851120158
0.140342099116, 0.962027900739, 0.687318227841, 0.645605993481, 0.822973558055, 0.0199753909842, 0.00242419655255, 0.157992989875, 0.930846799955, 0.583748619678, 0.772096892144, 0.00348643807984, 0.0326958591365, 0.339303914698, 0.151257507571, 0.419765209694, 0.956212015811, 0.259649909757, 0.771664849543, 0.421731563722, 0.368457363554, 0.067931962346, 0.486726699786, 0.341559791121, 0.942295549784, 0.000262277423072, 0.118822633299, 0.140342099116, 0.962027900739, 0.687318227841, 0.645605993481, 0.822973558055, 0.0199753909842, 0.00242419655255, 44.4099124963
0.670951525253, 0.800290188029, 0.801222575999, 0.586226431975, 0.985885280901, 0.789651786425, 0.115728261507, 0.0278875086633, 0.404480760727, 0.663892631182, 0.103034149435, 0.665498099028, 0.386010585095, 0.0128450426381, 0.12159381301, 0.293717480325, 0.471833182981, 0.516064789373, 0.581697736426, 0.637754958325, 0.0836112715357, 0.487625231746, 0.472974690963, 0.102298412972, 0.0299576309222, 0.652287180846, 0.16147882559, 0.670951525253, 0.800290188029, 0.801222575999, 0.586226431975, 0.985885280901, 0.789651786425, 0.115728261507, 39.5946800598
0.877465314674, 0.0888033579418, 0.928585135524, 0.700046774178, 0.586721159549, 0.892257146082, 0.487852514043, 0.157992989875, 0.00528272742408, 0.322194486567, 0.675822791925, 0.327624240173, 0.515811774543, 0.528457511995, 0.0552767242297, 0.0538592834687, 0.604442112949, 0.259649909757, 0.200938047361, 0.200130109302, 0.475555322074, 0.566446772034, 0.446996772713, 0.348508239984, 0.206066710159, 0.0486582361814, 0.306200699008, 0.877465314674, 0.0888033579418, 0.928585135524, 0.700046774178, 0.586721159549, 0.892257146082, 0.487852514043, 37.7126249001
0.0821454860556, 0.999838270601, 0.994168004556, 0.0140084733149, 0.176040859266, 0.41745348519, 0.10862222521, 0.678935414194, 0.139211499391, 0.748500978393, 0.141741901733, 0.208751997147, 0.305759023423, 0.926073349361, 0.0037039454079, 0.758257178418, 0.998315302576, 0.23163607195, 0.897737678658, 0.790588587933, 0.168316703408, 0.261795618927, 0.232229347514, 0.0642290127096, 0.957670148265, 0.305536412072, 0.201543799956, 0.0821454860556, 0.999838270601, 0.994168004556, 0.0140084733149, 0.176040859266, 0.41745348519, 0.10862222521, 47.9123748183
0.694483216888, 0.434667450545, 0.483744735944, 0.514770527877, 0.153662463458, 0.714010616551, 0.0865291785646, 0.771297554931, 0.0366030719014, 0.0166311401019, 0.281786082727, 0.175493850065, 0.845803771926, 0.646967329208, 0.0469770417193, 0.744642485673, 0.0281923103139, 0.299795717587, 0.667082834412, 0.221225540991, 0.421122124053, 0.643503390627, 0.0682729812715, 0.348508239984, 0.628149904364, 0.0168622802356, 0.628615060554, 0.694483216888, 0.434667450545, 0.483744735944, 0.514770527877, 0.153662463458, 0.714010616551, 0.0865291785646, 42.7017372033
0.829093846752, 0.105906666722, 0.810002084097, 0.684541311519, 0.507009998489, 0.990794150565, 0.594158616491, 0.266666396361, 0.154352357048, 0.991970461405, 0.0373650887924, 0.10389802812, 0.282314382662, 0.0546768043056, 0.120802562695, 0.279509446926, 0.819770460728, 0.798243930749, 0.106385493385, 0.52197056255, 0.408976157472, 0.227677706968, 0.325788199429, 0.242865801314, 0.69054765025, 0.948556078444, 0.106475902472, 0.829093846752, 0.105906666722, 0.810002084097, 0.684541311519, 0.507009998489, 0.990794150565, 0.594158616491, 41.9785604591
0.982786758848, 0.82957956181, 0.0829134077086, 0.455199716401, 0.100916217073, 0.423243298953, 0.370484095431, 0.0660515114301, 0.36752844793, 0.112076951528, 0.0179100679938, 0.253829951945, 0.732200812232, 0.498683393476, 0.386401200242, 0.7100936181, 0.800239749674, 0.164296453514, 0.159914480007, 0.407250065479, 0.279680164673, 0.162534588565, 0.186930924628, 0.740786364377, 0.76742560645, 0.0169254742205, 0.151956745396, 0.982786758848, 0.82957956181, 0.0829134077086, 0.455199716401, 0.100916217073, 0.423243298953, 0.370484095431, 40.5383094101
0.190787706982, 0.0810260338731, 0.00381955360086, 0.241180476873, 0.845703778838, 0.154097250018, 0.0419716160449, 0.868216007211, 0.736246883801, 0.0527397639963, 0.000724302653452, 0.114759704657, 0.845803771926, 0.113001617097, 0.796996350742, 0.355000083861, 0.0226418679686, 0.21238408185, 0.159757677485, 0.0182996169488, 0.729432717465, 0.800438722112, 0.0491135219328, 0.408087964836, 0.744879422719, 0.545686767552, 0.854496026187, 0.190787706982, 0.0810260338731, 0.00381955360086, 0.241180476873, 0.845703778838, 0.154097250018, 0.0419716160449, 45.7801170362
0.139327011438, 0.186953416405, 0.156726642241, 0.705968491462, 0.74305106235, 0.34487632948, 0.0219855498638, 0.1268137258, 0.222829055471, 0.9601055087, 0.583759689318, 0.424833968208, 0.155828524307, 0.374531868372, 0.62131217237, 0.724702988977, 0.593232918915, 0.998911225976, 0.326001302917, 0.0182996169488, 0.301858309309, 0.0703269996298, 0.997736722824, 0.160596680963, 0.987976533216, 0.778739078015, 0.0128231190635, 0.139327011438, 0.186953416405, 0.156726642241, 0.705968491462, 0.74305106235, 0.34487632948, 0.0219855498638, 49.2913728725
0.918182558458, 0.40590009729, 0.213648975746, 0.894762225893, 0.615776683342, 0.883948302492, 0.717045773153, 0.711249554097, 0.667275100677, 0.897901439931, 0.101368901672, 0.663311684776, 0.697130351864, 0.911753477814, 0.126664291795, 0.166691068343, 0.430379363169, 0.180348956093, 0.906447661492, 0.434122673311, 0.0257407930155, 0.0444377186781, 0.166296182214, 0.0517348506044, 0.446409275714, 0.657085191236, 0.376611405482, 0.918182558458, 0.40590009729, 0.213648975746, 0.894762225893, 0.615776683342, 0.883948302492, 0.717045773153, 45.8878776392
0.105484758865, 0.582951192388, 0.408667777461, 0.408497099415, 0.0475717595889, 0.862589826057, 0.0134353209545, 0.956471792814, 0.371702228575, 0.584530178219, 0.490047499718, 0.987450902479, 0.210995580337, 0.870188870066, 0.300888047216, 0.177860949346, 0.646146417342, 0.669703005412, 0.950657943088, 0.0698439572673, 0.638056007153, 0.60530401817, 0.992005738614, 0.0929199185873, 0.52234783113, 0.633639039873, 0.291629743539, 0.105484758865, 0.582951192388, 0.408667777461, 0.408497099415, 0.0475717595889, 0.862589826057, 0.0134353209545, 55.2956302405
0.080667231358, 0.485105828476, 0.329386030391, 0.204583000236, 0.876198066954, 0.559396061192, 0.220842455633, 0.893995830658, 0.759988254127, 0.689753964332, 0.0409593839494, 0.0664089442014, 0.0145257784103, 0.924305576851, 0.319653522339, 0.221254581871, 0.76415672649, 0.121921024585, 0.846174537948, 0.996018827549, 0.335645174872, 0.0167321590636, 0.722842318456, 0.668901641993, 0.191087733457, 0.74301710506, 0.0903621832697, 0.080667231358, 0.485105828476, 0.329386030391, 0.204583000236, 0.876198066954, 0.559396061192, 0.220842455633, 49.3283951139
0.345538672092, 0.329617390763, 0.146604588923, 0.738643206091, 0.62119201247, 0.296162017762, 0.328351799838, 0.0710671196159, 0.729943748259, 0.737820624503, 0.0105309941269, 0.999174664588, 0.845803771926, 0.0918922267477, 0.566913118163, 0.084641239942, 0.188375767598, 0.793704994272, 0.582486567634, 0.313359957547, 0.844245305555, 0.25149060204, 0.393387661996, 0.0669601940999, 0.327122541069, 0.581195500658, 0.339491643167, 0.345538672092, 0.329617390763, 0.146604588923, 0.738643206091, 0.62119201247, 0.296162017762, 0.328351799838, 47.1252769242
0.142805717038, 0.0477491445806, 0.928585135524, 0.00848796877748, 0.776129459881, 0.441941855324, 0.463315712372, 0.425594508728, 0.22337879015, 0.108608264122, 0.813561643544, 0.718090313472, 0.93389555943, 0.19445142102, 0.22660742078, 0.926580122644, 0.131082160838, 0.210990293877, 0.10092225586, 0.262133597957, 0.297469960864, 0.00345946841901, 0.165084405962, 0.385732393086, 0.614459240108, 0.206049168085, 0.306200699008, 0.142805717038, 0.0477491445806, 0.928585135524, 0.00848796877748, 0.776129459881, 0.441941855324, 0.463315712372, 41.5240205485
0.85570762119, 0.210324438494, 0.459491506832, 0.527010835822, 0.788711261907, 0.086059467896, 0.432931949699, 0.133328485527, 0.645299682784, 0.156801427738, 0.00792465644411, 0.606690785795, 0.717948763089, 0.547334150119, 0.00667011339236, 0.327504014769, 0.66097605711, 0.441909773325, 0.487259137674, 0.891340866243, 0.371316789025, 0.436160889361, 0.00960506296279, 0.94279026761, 0.531903770519, 0.628082142906, 0.713074399673, 0.85570762119, 0.210324438494, 0.459491506832, 0.527010835822, 0.788711261907, 0.086059467896, 0.432931949699, 48.5809353206
0.776892500826, 0.567448681815, 0.483744735944, 0.438949815276, 0.558960015775, 0.651871718789, 0.10272101366, 0.59323310209, 0.923231408514, 0.0345474599032, 0.114515212046, 0.898262621599, 0.455969835282, 0.870188870066, 0.800805760337, 0.578779777595, 0.00807696865439, 0.282044209224, 0.986765790268, 0.000856155968088, 0.984769341608, 0.146524718417, 0.0926051911649, 0.237785933588, 0.542298336305, 0.0886047506382, 0.158736398526, 0.776892500826, 0.567448681815, 0.483744735944, 0.438949815276, 0.558960015775, 0.651871718789, 0.10272101366, 47.2002205704
0.174303547549, 0.291647332448, 0.777612130918, 0.0137287448195, 0.0356030126144, 0.441941855324, 0.487852514043, 0.425594508728, 0.306218781265, 0.107017615054, 0.511117291702, 0.0160519865761, 0.974982349217, 0.0692970987187, 0.655665353738, 0.926580122644, 0.155212024176, 0.210990293877, 0.0605436955852, 0.999977676846, 0.0836112715357, 0.0385415425416, 0.507495869202, 0.000580019624084, 0.614459240108, 0.206049168085, 0.094179646317, 0.174303547549, 0.291647332448, 0.777612130918, 0.0137287448195, 0.0356030126144, 0.441941855324, 0.487852514043, 40.6736200487
0.902615573294, 0.372871432728, 0.613353714407, 0.620279024096, 0.127804274516, 0.338827060566, 0.152016835077, 0.498653179348, 0.217349341232, 0.0130049219906, 0.35011837335, 0.719904989846, 0.852089275849, 0.363274845135, 0.770943594911, 0.084641239942, 0.291693932637, 0.672421183014, 0.0236743691362, 0.729525241479, 0.882832605296, 0.787818741699, 0.313032759451, 0.635331910393, 0.0970868256525, 0.0258453001169, 0.137739885228, 0.902615573294, 0.372871432728, 0.613353714407, 0.620279024096, 0.127804274516, 0.338827060566, 0.152016835077, 45.839346218
0.967084339045, 0.473199633096, 0.627584615402, 0.00657909008359, 0.425017673979, 0.0497615623233, 0.670018468343, 0.985934878279, 0.472396688393, 0.0527397639963, 0.224667635555, 0.950942176867, 0.717948763089, 0.236715317185, 0.335076430448, 0.15263592238, 0.0323143664179, 0.984662373535, 0.805333203284, 0.98035073902, 0.631336678319, 0.363713493699, 0.531139779815, 0.998223312006, 0.905732629712, 0.740439320112, 0.665917903979, 0.967084339045, 0.473199633096, 0.627584615402, 0.00657909008359, 0.425017673979, 0.0497615623233, 0.670018468343, 57.7892862976
0.436964238437, 0.472892087363, 0.349844726925, 0.204583000236, 0.478297078708, 0.0878780045239, 0.320592668125, 0.755042952847, 0.563228701231, 0.928678505528, 0.981459463695, 0.863970832775, 0.867638909144, 0.442835952821, 0.92657608293, 0.885068473555, 0.0627484937155, 0.0773017789206, 0.801403531832, 0.0593881833032, 0.231105725415, 0.25149060204, 0.585219211174, 0.16601824935, 0.956923718541, 0.226868526083, 0.173708222369, 0.436964238437, 0.472892087363, 0.349844726925, 0.204583000236, 0.478297078708, 0.0878780045239, 0.320592668125, 54.6232342859
0.339575732607, 0.85386844042, 0.447965270989, 0.550366181627, 0.62119201247, 0.282333820581, 0.500836595077, 0.0578593188756, 0.00557824648356, 0.32754719896, 0.0235327734384, 0.99533625728, 0.993997078769, 0.118269965014, 0.260463917251, 0.135850200817, 0.490050951178, 0.220002086688, 0.63817066394, 0.775149596835, 0.080765931107, 0.278618597056, 0.136053224716, 0.467929171841, 0.29987008333, 0.14772251885, 0.117790838336, 0.339575732607, 0.85386844042, 0.447965270989, 0.550366181627, 0.62119201247, 0.282333820581, 0.500836595077, 39.1740050507
0.401825016225, 0.224615138521, 0.896949877158, 0.070431182337, 0.336907654488, 0.999063780858, 0.767148757423, 0.0223561154858, 0.845190987937, 0.279627386559, 0.482079153327, 0.0839710391774, 0.848296142072, 0.415930030969, 0.191916071969, 0.803157877809, 0.0281923103139, 0.0275023213768, 0.993554555971, 0.463600595441, 0.0221870225325, 0.0252036066583, 0.000813856199133, 0.435866674701, 0.356230009796, 0.304023223577, 0.744629106529, 0.401825016225, 0.224615138521, 0.896949877158, 0.070431182337, 0.336907654488, 0.999063780858, 0.767148757423, 41.6615054703
0.0115718218237, 0.481853647759, 0.19955106279, 0.8114093416, 0.808507968023, 0.463872743494, 0.208175670232, 0.884285661502, 0.134086234495, 0.958136046337, 0.758803907077, 0.99533625728, 0.202069962661, 0.118269965014, 0.249832763461, 0.154113501528, 0.381044909033, 0.664899915315, 0.541560286505, 0.914750169439, 0.909652998327, 0.745475329486, 0.228097224622, 0.397777165005, 0.618438366845, 0.271251036523, 0.398051844986, 0.0115718218237, 0.481853647759, 0.19955106279, 0.8114093416, 0.808507968023, 0.463872743494, 0.208175670232, 53.0363820398
0.105484758865, 0.71908328937, 0.657305244651, 0.408497099415, 0.62119201247, 0.223192275079, 0.225859717492, 0.92365574976, 0.996705119277, 0.398985517194, 0.490047499718, 0.987450902479, 0.421499105264, 0.000584869460543, 0.014949780407, 0.177860949346, 0.646146417342, 0.669703005412, 0.950657943088, 0.0698439572673, 0.627061924474, 0.60530401817, 0.992005738614, 0.0929199185873, 0.644071784386, 0.335911456593, 0.159558772191, 0.105484758865, 0.71908328937, 0.657305244651, 0.408497099415, 0.62119201247, 0.223192275079, 0.225859717492, 52.0716606497
0.0105458955576, 0.587354441516, 0.756162005018, 0.145502048788, 0.317449237201, 0.0173608197881, 0.678173305816, 0.157992989875, 0.0366030719014, 0.324914790368, 0.201929576583, 0.620522661945, 0.0323272039853, 0.339638097505, 0.137645890596, 0.146673280468, 0.163460828025, 0.259649909757, 0.571217896907, 0.421731563722, 0.631336678319, 0.0370550279854, 0.446996772713, 0.342982646409, 0.232713102253, 0.052348765204, 0.118822633299, 0.0105458955576, 0.587354441516, 0.756162005018, 0.145502048788, 0.317449237201, 0.0173608197881, 0.678173305816, 34.557010138
0.0105458955576, 0.611402388648, 0.756162005018, 0.971465506225, 0.16147141544, 0.849432228648, 0.686870494991, 0.157992989875, 0.0366030719014, 0.526341246522, 0.232148391926, 0.129317905025, 0.572656490026, 0.489828857995, 0.137645890596, 0.0224456980357, 0.962166411626, 0.259649909757, 0.326001302917, 0.421731563722, 0.306331529259, 0.444021381996, 0.160981749406, 0.210717682998, 0.091880486431, 0.052348765204, 0.118822633299, 0.0105458955576, 0.611402388648, 0.756162005018, 0.971465506225, 0.16147141544, 0.849432228648, 0.686870494991, 35.4978347873
0.43544415298, 0.85386844042, 0.567446080076, 0.838905307602, 0.0475717595889, 0.0947912232218, 0.500836595077, 0.101331435341, 0.0407214058439, 0.32754719896, 0.00858564583502, 0.297067023511, 0.993997078769, 0.208734476664, 0.260463917251, 0.135850200817, 0.490050951178, 0.220002086688, 0.752312631265, 0.775149596835, 0.080765931107, 0.277969926015, 0.259120313224, 0.113587525409, 0.0946806830934, 0.0965777189593, 0.339491643167, 0.43544415298, 0.85386844042, 0.567446080076, 0.838905307602, 0.0475717595889, 0.0947912232218, 0.500836595077, 36.5520926822
0.401825016225, 0.224615138521, 0.896949877158, 0.140478468869, 0.188135430685, 0.999063780858, 0.767148757423, 0.0223561154858, 0.820476517633, 0.279627386559, 0.482079153327, 0.0423662806833, 0.848296142072, 0.415930030969, 0.191916071969, 0.803157877809, 0.0281923103139, 0.0020947189495, 0.996673381964, 0.463600595441, 0.0221870225325, 0.0252036066583, 0.000813856199133, 0.435866674701, 0.524797576713, 0.304023223577, 0.267561445097, 0.401825016225, 0.224615138521, 0.896949877158, 0.140478468869, 0.188135430685, 0.999063780858, 0.767148757423, 40.2208428806
0.0121508821254, 0.0759833201213, 0.71501000083, 0.915407759632, 0.275334372517, 0.980740995161, 0.585725773753, 0.0467393327951, 0.988092317523, 0.0649323227957, 0.486283950664, 0.186666006534, 0.406321700369, 0.778512513731, 0.421898163976, 0.0718745276936, 0.120181020249, 0.547840456274, 0.738711043642, 0.440881890542, 0.310974584396, 0.810890365355, 0.0515885300585, 0.0651518297404, 0.968437392996, 0.782034234145, 0.958109826929, 0.0121508821254, 0.0759833201213, 0.71501000083, 0.915407759632, 0.275334372517, 0.980740995161, 0.585725773753, 48.3970213276
0.914544735849, 0.159390727809, 0.701535031631, 0.940874465844, 0.0805847761396, 0.34487632948, 0.296191896385, 0.79805434786, 0.854421463812, 0.227186139988, 0.0982320822422, 0.373848854899, 0.822841459387, 0.0462343110326, 0.706557362027, 0.000729787577301, 0.0795776630026, 0.0921743349675, 0.683163850995, 0.436824080302, 0.023068441503, 0.491889199692, 0.91154820995, 0.341559791121, 0.851567194612, 0.0925291285487, 0.149100659345, 0.914544735849, 0.159390727809, 0.701535031631, 0.940874465844, 0.0805847761396, 0.34487632948, 0.296191896385, 44.1536718467
