1.03277300107, 1.19300136012, 0.999415296575, 0.8, 3.12769418256, 1.13538080904, 5.90352011129, 1.1600606587, 1.04592499674, 1.65889706247, 4.11792208461, 0.833566159945, 1.93412931152, 1.106676646, 0.873965542061, 1.61247928321, 1.07652528906, 1.04726403138, 8.62330146774, 1.16330669524, 0.791707946956, 155.638675708, 0.968355895236, 2.34149182578, 1.00787328791, 5.26051956306, 1.04203420076, 1690.6645677, 25.0401721808, 2629.20938125
4.21995862898, 1.12995829466, 0.868366840811, 0.960334118812, 5.65558232151, 1.07148857217, 2.33427938731, 1.19879726304, 1.02990608506, 2.44628946776, 5.3067391907, 1.11648004166, 2.11522938587, 1.23808602097, 0.878282688206, 1.20290888639, 1.08799028217, 1.0832936884, 8.65726400835, 1.00137395107, 0.824981358355, 414.425683372, 0.962007276226, 1.53246769029, 1.07370272426, 5.03614924959, 1.27546377735, 149.890956481, 12.1684571041, 794.643445763
1.48066543819, 1.3277133746, 0.961972670819, 0.934180311849, 6.25266933159, 1.19, 2.72485362069, 1.16971005919, 1.04116750674, 4.39973594251, 7.8, 1.17802296423, 1.54072632713, 1.23760096554, 0.92888876874, 1.01295216255, 1.05172676283, 0.951342056793, 7.28326936018, 1.16344740932, 0.788353079131, 85.8879556895, 0.940175839425, 4.08899563117, 1.15583835638, 2.50286605594, 0.984452108722, 549.908428995, 25.3674251638, 2546.97444182
3.0549853992, 1.34032480312, 1.40804081924, 1.1686991359, 4.96449811923, 1.00697519492, 5.30701797973, 0.880583221414, 1.02632495592, 2.89619230509, 4.48517160559, 0.971463845659, 3.80021841022, 1.21008389942, 0.863173179536, 1.38901304421, 1.14593630792, 1.1828551831, 7.64903334826, 1.14372705496, 0.90855061864, 394.700915793, 0.946012797408, 3.82794228953, 0.965069457053, 3.24949718001, 1.17742735653, 2431.41504104, 32.5762989949, 16379.6732157
5.31396682057, 1.11834230647, 1.21562930714, 0.823113044445, 6.90880993383, 0.735840400968, 1.0, 1.22696428845, 0.919548872239, 3.22051750256, 6.57051944268, 0.999631914132, 3.0862477269, 0.81, 0.848800243697, 1.48343092205, 1.15809447271, 0.983558016992, 5.57365664361, 1.06947580495, 0.914213709057, 92.9354870445, 0.863461304907, 2.02394130289, 1.09197242446, 1.01, 1.14319597479, 838.249024926, 27.3194840061, 3435.10068433
6.0, 1.39668633058, 1.26043431176, 1.12288089178, 4.78551117361, 1.15694348336, 2.64202090417, 0.912972590477, 0.981360511713, 3.91389361507, 1.56, 1.11746374675, 2.47054422857, 1.16333525201, 1.00382876584, 1.03778530832, 1.13170002857, 1.07772916414, 4.04489488652, 0.993665980112, 0.82560140368, 188.917370531, 1.08152506233, 2.44916309598, 1.00910932923, 1.42133979765, 0.87, 226.814351029, 15.6316328349, 1142.28515124
1.46628098719, 1.4140595983, 1.07482608214, 0.848334625245, 4.14422780766, 1.1499653074, 3.77784405813, 1.26, 0.900463330947, 4.85184465611, 2.7600395099, 1.0115582223, 4.41478737402, 1.16876159534, 0.847111860664, 1.24525700269, 1.09756454733, 0.991053786284, 3.0, 0.938137915857, 0.978439777371, 189.689944944, 0.973417102733, 1.1392989285, 1.13955911809, 5.22428144435, 1.01268922905, 151.489090669, 13.7670145989, 346.48036935
2.76401143467, 1.30706153242, 1.74, 1.22, 2.03128979433, 0.741026131625, 5.24292601046, 0.887553902058, 1.05649071636, 6.01750278544, 2.03831407638, 1.07191731473, 2.67063627324, 1.05832075095, 0.998049096873, 1.55995279822, 1.06114192908, 0.903008959573, 7.96274385018, 1.05803844028, 0.929567540884, 162.396178174, 1.02935012577, 3.75197954301, 1.04011598059, 4.17848245265, 1.21429875583, 644.344089364, 18.1402429263, 4805.32029042
4.05249895551, 1.34249076182, 0.984099475735, 1.15255211166, 2.6201416166, 0.761429581521, 1.22925320489, 1.17573845804, 1.07858530068, 5.82818113476, 2.98321439623, 1.00569915514, 5.00151451353, 0.862104564607, 1.01835317607, 1.47401663943, 1.10957827404, 0.82395313554, 4.90886408143, 1.14701494291, 0.775580060502, 94.9032923048, 0.900617742728, 5.88460152965, 1.22618805909, 2.24066132017, 0.889280887071, 1254.73920373, 26.6717905037, 4230.06780359
3.5475146931, 1.20951888994, 1.42794457481, 0.864434702979, 2.6040862949, 0.995104224046, 4.62258810631, 1.14726762419, 0.923516153895, 4.51149699619, 6.53446527107, 0.963025340271, 3.38590519599, 0.830408018645, 0.800748559731, 1.30662499352, 1.16010188789, 0.927136383358, 3.26612116822, 1.18659463735, 0.969005378632, 194.775900995, 0.948758983536, 3.19305377087, 0.971888998001, 1.07606875677, 0.995624681151, 1030.47636598, 24.928403984, 3570.14370899
5.81116522491, 1.28316250263, 1.22352764503, 0.914577476067, 4.96001846147, 0.958809108315, 1.56615030394, 1.21043777683, 1.01695296125, 3.99402671387, 2.59679951069, 1.15684886466, 2.56790019133, 1.15524562484, 0.874048868204, 1.45709309953, 1.03386791268, 1.03222670542, 5.71189648489, 1.06823808918, 0.92103119494, 277.80665444, 0.917649793252, 1.44260278682, 1.14083476746, 2.54437263698, 0.935450136619, 769.032697857, 27.5259058148, 4089.84125294
2.47676915587, 1.36261293211, 0.749092057611, 0.874132955344, 7.07, 0.817338533721, 3.780782711, 1.10929562087, 0.959695025917, 2.73510587188, 5.92540382093, 0.959166091085, 1.44998967046, 0.953496974996, 0.955413363081, 1.47210594579, 1.15807148283, 1.0068507745, 7.14482309527, 1.17844761767, 0.812943821327, 393.441488694, 1.00961992175, 1.64699438149, 1.04442225417, 1.74430731327, 1.3, 2800.38121973, 28.0471598076, 8911.73036375
4.27305726031, 1.07671880548, 1.16405986774, 0.94976618515, 6.72732124991, 0.944156651344, 5.36693398397, 1.2132306645, 0.96785192306, 4.11655309459, 7.65654285758, 1.19011191453, 2.81087100022, 1.21738662886, 0.822202424197, 1.56479459453, 1.14211399619, 0.915735861787, 6.61386370421, 0.990156937567, 0.890616566018, 39.0127234171, 1.12890895032, 4.98754506469, 1.11379837436, 3.50811645282, 0.923058513715, 599.450295756, 36.8927450904, 1500.44047931
2.6466459169, 1.37744729042, 1.51915854288, 1.09152402018, 7.03398234076, 0.7856745767, 5.75549081388, 0.999788228817, 1.05289519569, 3.71500276031, 5.3888666575, 1.08797173163, 4.1113854599, 1.01354935752, 0.906409953927, 1.03852234347, 1.15116104225, 0.855335682628, 9.01589674822, 0.974203492325, 0.91102593371, 34.35495143, 1.01083346147, 3.33521050676, 1.21110618029, 5.36597087109, 0.914273598299, 1293.90604059, 21.4297836962, 9348.49772843
3.08171315101, 1.18279933565, 1.45309223044, 0.956420224891, 2.71423930098, 0.73210643199, 1.87185508911, 0.894572217191, 0.91732635432, 4.88806475522, 1.56, 0.997099914315, 4.6324615172, 1.21217625315, 0.993261793293, 1.46280023752, 1.06026472512, 0.937730940634, 5.43308982709, 0.934138194952, 0.949867144437, 78.9224718219, 1.19945616539, 4.89295978664, 1.21973213375, 2.84901405589, 1.16261370652, 2459.85404688, 28.2089929871, 12007.3012834
4.43983408036, 1.27735460065, 0.962906137762, 0.879310341031, 5.21659259988, 0.71, 3.2042447069, 1.16333881352, 1.13554882424, 1.91901706219, 4.05277916611, 0.813514299081, 1.74773595851, 1.21967643249, 0.85628521774, 1.21788072132, 1.0929133923, 0.9416013043, 7.0600901548, 1.07567794091, 0.819695993824, 64.7298905761, 0.972532095574, 2.02989510433, 1.1666031153, 2.57118007061, 1.15931507503, 3495.97838031, 32.1991156581, 17605.7863111
2.01293000354, 1.00345210182, 1.74, 1.22, 3.24516952417, 0.866260385944, 5.53418983611, 1.12565002222, 1.04467561107, 3.75215822927, 7.8, 0.892139634487, 3.52114898979, 1.13672577389, 0.98975917401, 1.0, 1.0, 1.15388680686, 7.14847428897, 1.01328017088, 0.848469119938, 147.098637748, 0.885054847796, 2.24734520418, 1.08386535351, 1.85215325543, 0.970358719048, 1637.33696078, 25.1076254581, 11399.8017851
5.78152276327, 1.02103519531, 0.829560351079, 1.04519584212, 6.51320929874, 0.71, 3.90014103176, 1.21855978068, 0.918108306349, 3.22181496026, 6.81802547609, 1.02703447838, 2.7872034875, 0.861639643488, 0.967339553248, 1.17334711266, 1.12036832003, 0.837297578319, 4.54946678328, 1.16933087716, 0.85995679673, 156.484473119, 1.17155700827, 4.99367442684, 1.02676564994, 5.01869097276, 1.03411334993, 1603.72173909, 36.4809483979, 17010.8570826
4.25398071447, 1.43, 1.25954566514, 0.819652381865, 1.41, 0.71, 1.27932638706, 1.14326981241, 0.901888388498, 3.70089293975, 3.54142511659, 1.1237045756, 1.70376214511, 1.21946156484, 0.883340746403, 1.41724666601, 1.01013724564, 0.865885579378, 3.0, 0.934744326798, 0.965571209935, 254.328974301, 1.10546165131, 3.01044544392, 1.02562702272, 2.72330079473, 0.87, 1669.48710549, 27.8676670189, 10066.838855
6.0, 1.0, 1.00273895227, 1.06174964615, 1.97918909159, 0.72149166104, 3.57211245582, 1.22886813224, 0.913644670546, 1.24, 2.80181188729, 0.81, 4.52860006397, 0.922874970637, 1.05949110446, 1.50744987824, 1.04015162306, 0.932701906417, 4.17026421651, 0.973716584069, 0.843299904777, 7.0, 1.18335958867, 3.92280972001, 0.978596088278, 4.18877206978, 1.17095737925, 1043.56153076, 41.8863289342, 4959.93167252
4.17456702582, 1.18232864154, 1.5430049262, 1.08951582073, 5.11292710768, 0.787047618256, 3.60535637164, 0.999745780868, 1.09390087025, 5.60720737756, 6.05024753455, 1.16442995444, 3.28675927909, 1.00783430578, 0.844516736724, 1.06479168472, 1.08421007445, 0.965370661127, 9.33280465002, 1.19, 0.975514545365, 254.828082552, 0.84, 4.426564527, 1.10561657719, 4.16054665111, 1.07167911189, 724.124729788, 28.1941195618, 11909.4357388
2.981735571, 1.43, 1.47916596074, 1.20556426843, 7.07, 1.19, 1.86187718528, 0.82, 1.02151119911, 5.29039221197, 5.59821325092, 0.988415448041, 5.07, 1.19129682703, 0.997920903728, 1.46052237676, 1.0, 1.22417784723, 8.48580906033, 1.02816904237, 0.863310414547, 338.068560319, 0.978765921325, 2.69476451225, 1.17005429055, 2.83463326506, 1.07012367847, 462.508692642, 19.5063123489, 2256.00201014
1.94284494771, 1.40683781654, 1.28120763794, 0.942671868395, 1.72075140166, 1.12852456552, 5.78663129002, 0.945159123579, 1.1013751067, 3.23434773866, 1.61433007418, 1.10113877213, 1.21166115969, 1.0972575368, 1.01297394499, 1.38965258403, 1.08658874367, 0.840591912624, 7.63376537256, 1.09543764324, 0.946380152432, 242.505951447, 1.02150147844, 2.87082754813, 1.22025237501, 4.72322765918, 1.12839402307, 2072.0168513, 25.6122937369, 11301.5376527
4.43250001307, 1.24829345533, 1.36622153306, 1.07336247299, 4.5256999382, 0.73765038052, 2.09994518774, 1.24004403993, 0.967783816916, 3.67809425634, 6.95254449387, 1.13575940719, 4.08777216356, 1.10444344699, 0.965897492771, 1.19747795003, 1.06346451798, 0.855708168105, 7.60802352677, 0.990016308788, 0.814712524048, 335.336458036, 1.09497888571, 4.07682224154, 0.972383484888, 1.70421245679, 1.06721796531, 769.440932003, 29.7392869808, 6725.6412021
4.92755447657, 1.14991131706, 1.34730741833, 1.19362136803, 2.7288698065, 1.19, 5.9109231497, 1.09765109635, 1.09890938755, 4.62847832239, 1.7690934577, 0.953074206787, 1.81505959777, 1.10933594279, 0.913687081449, 1.16445055482, 1.11636496693, 0.905981747775, 7.79677513471, 0.971660701901, 0.972242247165, 356.798131859, 1.02535953501, 3.41719610437, 1.11274299223, 1.01, 1.0969366921, 279.607612751, 14.8096775402, 740.49953773
5.49369620987, 1.42552810414, 0.854822243204, 0.854939194083, 1.41, 0.714073644621, 1.18981688486, 1.22296148423, 1.09975819671, 4.23932511152, 2.81365443043, 0.966960113779, 4.46875029248, 0.953945681729, 0.875202447372, 1.08675460748, 1.12139166319, 0.861911099207, 4.68901825674, 1.18806804852, 0.872860475323, 381.329736678, 0.864243355281, 5.18582736725, 0.997744222675, 4.02148517177, 1.04780451811, 1230.83525865, 21.4013008402, 4185.30836967
2.47810773453, 1.22882100706, 0.821278306656, 1.03793787491, 2.77807597596, 1.14694077889, 1.65923810174, 0.903187202583, 1.08412974384, 3.56127382303, 7.52893116892, 0.945300344279, 2.31869293244, 0.814288419139, 1.03396066174, 1.07617783834, 1.075140664, 1.08578233217, 4.8916318501, 0.937906775395, 0.956918948729, 395.148714348, 0.891487124728, 1.24745355908, 1.18196502242, 3.49629488664, 1.29603936561, 18.6407379805, 6.55947088184, 47.8787467009
5.29755404964, 1.08553209258, 1.29800392188, 0.988656456494, 4.46434368781, 0.859317763096, 3.88412015314, 1.10832994494, 1.07503092059, 3.8348958737, 3.80341555188, 1.06974246907, 3.04711508776, 0.95335647504, 0.800411091828, 1.28287509341, 1.13405703022, 0.918418910014, 8.3246668116, 0.984797319936, 0.780483374665, 395.875067294, 0.923594263632, 1.40913473421, 1.1367003151, 4.34124923325, 0.953319693086, 1033.70521486, 26.2792941694, 11822.8972095
3.9911487168, 1.16823554433, 1.08833309666, 1.16515088509, 3.84953355051, 0.919250146198, 5.1900426215, 1.21616317894, 1.08590303317, 4.2497049458, 7.5508000742, 0.955458850976, 2.97975733409, 1.07187996514, 0.976706517357, 1.57208766028, 1.00850116221, 0.821298155741, 5.42607325444, 1.00895270977, 0.920930719071, 303.321615166, 0.965399131032, 5.80566804406, 0.966073444103, 2.28859497138, 1.11741141057, 1020.15140701, 21.4850689092, 5817.4488565
2.81555483615, 1.38906434485, 1.17083393062, 0.888775382169, 5.30773840018, 0.906149402515, 5.4743525622, 1.10649960861, 1.04761250132, 2.1031732838, 6.22225786493, 0.81, 3.63802517076, 1.23785375283, 0.78, 1.63, 1.08837526441, 1.0812469009, 7.20254207212, 1.00135599167, 0.861592982108, 92.3136592168, 0.988040472356, 4.4133431546, 1.24, 4.25839424156, 0.972975797009, 611.381982679, 18.4279187699, 3669.15189603
3.93702038319, 1.25589002457, 0.847805289158, 1.09479750699, 2.32098571785, 0.741251555081, 5.22603725281, 1.10489256843, 0.999254804401, 3.90956150518, 4.61022345437, 0.81675121408, 1.9774895539, 0.87459495268, 1.04925109915, 1.09319482057, 1.13916706782, 0.997740966831, 9.04567994904, 1.13053472684, 0.97100473515, 296.862930766, 0.941440527201, 5.41035206706, 1.21013753822, 5.03037069547, 0.962191065408, 286.265131204, 28.6765431066, 2701.68788037
4.34006580297, 1.26193372459, 0.896111513538, 1.13374054963, 6.24578762104, 0.84325394904, 4.55964561214, 1.00809539342, 1.01797419956, 2.19994260005, 4.64371934587, 1.13213417405, 4.39222298425, 1.05909342271, 0.882350222074, 1.34555035922, 1.07401042064, 0.926513696114, 7.8353019998, 1.01677553641, 0.928302776882, 215.749255316, 1.0776864333, 3.60363622998, 0.992375026955, 3.70455647538, 1.02515786036, 234.043049681, 19.8833072032, 1327.43285963
2.81980619953, 1.34988982179, 1.59802929626, 0.831635442485, 3.13183959043, 0.957320301818, 6.0, 0.86394793939, 0.999519453054, 4.19964422358, 5.86263658569, 1.17730240638, 3.83910035384, 0.829654744473, 0.818670190182, 1.43294235634, 1.17, 1.06250961697, 10.0, 1.16883158389, 0.894803714251, 306.24806792, 0.847981967659, 2.22204946792, 1.02431573453, 2.7961211219, 1.3, 2239.60847333, 32.4847253013, 6496.14460355
5.44327580558, 1.08935544193, 0.962317481494, 1.21957969923, 3.97870165279, 0.91284949542, 4.08943120771, 1.15124261625, 1.03746483741, 5.9719371077, 3.03741147254, 1.13315395926, 3.7566110267, 0.859952288821, 0.818938187486, 1.40254961048, 1.02525263219, 1.00861280994, 9.76972754062, 1.11393373543, 1.0, 222.416592857, 1.08012836683, 5.10335261289, 0.988546971396, 2.97536023042, 0.93443768299, 641.236701416, 21.6909420366, 1849.83651785
3.71905268598, 1.06844132379, 1.48665793068, 0.837637111388, 4.01876152911, 0.800092566412, 3.36541304168, 1.06096288263, 1.00491812067, 4.80316969957, 6.1978517085, 1.05614632291, 2.23142879483, 0.836687993533, 0.936255629538, 1.45411757268, 1.12678060553, 0.824782414178, 7.20232205802, 1.01209453777, 0.830642909383, 132.286301071, 0.880984705549, 1.60892683371, 1.23857872817, 2.40147383294, 1.18103309491, 3108.59670304, 36.0983732029, 35718.2997892
2.2186241622, 1.17813589661, 1.40674702145, 1.14805484405, 3.57313812944, 1.1698673312, 4.62532371735, 1.14138296233, 1.10683925445, 2.11153571741, 3.6712191243, 0.874301670342, 1.826756476, 1.05036443409, 0.981034259107, 1.43921342916, 1.03256679386, 0.994081492017, 6.61757802142, 1.0077391975, 0.895821441075, 255.683895451, 1.15323621623, 4.94544091094, 1.15620773795, 2.43899259479, 0.978523538628, 613.761832981, 25.7969902192, 6729.37788077
2.61425009534, 1.42106297069, 1.70782103472, 1.14309558527, 5.92086618194, 0.714770049547, 1.16906417886, 1.23940333822, 1.12628890376, 1.86536974501, 1.91291729587, 1.18747450521, 4.85405155619, 1.26722767491, 0.781691457657, 1.44282644481, 1.15362629438, 1.05692004537, 3.29361122432, 1.05151306395, 0.793677660847, 389.393242069, 0.918173955668, 5.62820751785, 1.13182997632, 3.06608747239, 0.939968417853, 749.949316096, 22.317259826, 3680.48667655
2.42470660747, 1.21968686456, 0.779909120766, 0.964819712978, 3.41012099525, 0.918334910066, 1.44233131953, 1.02101569437, 1.0051755232, 3.8391564137, 4.31656868155, 1.22, 1.56070870665, 1.16182301763, 0.78, 1.26529820672, 1.10154891678, 0.948005212483, 5.97680300219, 1.07285487127, 0.894308670917, 207.512822676, 1.2, 1.61483889951, 0.968062149603, 4.31297763431, 0.971217663056, 727.850026245, 23.8109899873, 3496.06967827
4.29540192535, 1.21804122782, 0.939760929728, 1.12906632697, 2.07557547629, 1.148129226, 1.29754986774, 0.895086985159, 1.03779901605, 5.12098720366, 3.34240917027, 0.987654119724, 2.75069110451, 1.29, 0.95258921272, 1.11102141801, 1.0857200413, 1.19282529557, 6.72619925867, 1.07949870949, 0.772936128509, 265.460246051, 0.84, 6.0, 1.11144138801, 5.48, 1.25515342348, 659.22051964, 35.9832767024, 4297.00809029
3.9559204101, 1.36549881265, 1.5994754979, 1.17378006641, 6.7822011417, 0.829804547143, 4.0688494558, 1.13814946128, 1.11940812308, 5.37936946407, 6.78873887115, 0.956813451605, 1.99163841099, 0.856933767078, 0.936810939622, 1.08732239818, 1.01833469779, 0.913285341355, 3.22010840462, 0.926653497764, 0.853094307751, 223.680985975, 0.895596444602, 2.86728304245, 1.04348828289, 1.33982254645, 1.01070524645, 1337.82364605, 32.7161730117, 4846.40495781
5.72641638019, 1.3275115085, 1.33399419339, 0.938738334547, 5.7028642315, 0.967231806852, 2.64997370021, 1.05795848687, 0.956317265902, 6.18002705133, 5.88375558808, 0.950895032036, 2.91827865956, 1.06493587896, 0.863890131214, 1.17349068395, 1.03245847044, 0.904058401263, 6.15899244642, 1.08447143619, 0.879514553386, 134.241367622, 0.8981929979, 3.62723251223, 1.15319200299, 2.78428775355, 1.02165307119, 3400.06105739, 29.8834825345, 4834.41328695
3.43459318083, 1.20568633198, 0.826658210167, 0.934444376225, 3.33853627897, 1.19, 2.50904443704, 1.15649587507, 1.10769515423, 4.64070398972, 3.33023911622, 1.22, 2.5659296268, 1.02220796523, 1.0182134408, 1.0, 1.09702086954, 0.976136827658, 8.36877410253, 1.16227029263, 0.854392885872, 147.681295263, 0.981407832107, 4.1636247665, 1.02066254742, 4.98072050666, 0.998704386327, 101.385358744, 15.4927287173, 590.385789351
5.34518845093, 1.05016962289, 1.07283618424, 1.11776368483, 7.01895343531, 0.859991455312, 4.53691627634, 1.16428211128, 1.13321479981, 5.57839942572, 2.36129104351, 1.14055963754, 4.65915760731, 1.25286989955, 0.869165591817, 1.20845742627, 1.02140756309, 0.879044825698, 3.91200081001, 1.16933913035, 0.809154702304, 391.256373587, 0.937277537014, 4.45315570807, 1.17381581039, 1.45278582754, 1.02713230711, 929.128334123, 25.327034247, 3621.08436509
4.27838416384, 1.41816917198, 1.41382940511, 0.907592494702, 1.41, 0.840966993412, 5.58637033267, 0.835013233362, 1.08739360754, 4.05025436304, 3.02137104759, 1.22, 4.21245702226, 1.25980978748, 0.889128405633, 1.40676184037, 1.1156348442, 1.21847321858, 7.69777614522, 1.0402381287, 0.946283432486, 28.7973840318, 1.16067958964, 3.26739689015, 1.05258791095, 1.81782128724, 1.16460535853, 477.584078211, 25.0082618313, 2956.47824508
2.07097797678, 1.32947317379, 0.975935547637, 0.927097816439, 4.33998593994, 1.00922472603, 3.98524294338, 0.8861507993, 1.01593082406, 5.69380741158, 6.17377099996, 0.946600729589, 4.52537462937, 1.14237381725, 0.8786472097, 1.43914764071, 1.05101935344, 1.11556017104, 5.35392375362, 1.08171661462, 0.83608154762, 180.681442513, 1.17011875934, 4.87321976127, 1.07228092563, 5.40738533472, 1.24185987599, 199.945433213, 24.3153988804, 298.91065256
1.39630068832, 1.1073800097, 0.73, 0.944376532558, 4.99827094273, 1.11240953147, 6.0, 0.842963746336, 1.11137985202, 3.92575698115, 6.01927883256, 0.978024100226, 2.71266394415, 1.29, 0.78, 1.50501171062, 1.09060030629, 1.22791554623, 4.05518180603, 1.16802276956, 0.79285873672, 297.982793224, 0.86884172392, 4.1094435765, 1.0940659165, 5.48, 1.29593208393, 76.9611955826, 13.9442174247, 633.599477099
3.97190343709, 1.24828429331, 1.04151263436, 0.8, 1.41, 1.04547746908, 6.0, 0.82, 1.03292051894, 5.54276473174, 2.53575553421, 0.86217925863, 1.01, 1.10820104242, 0.99861137929, 1.44218920998, 1.09824505438, 1.07184491591, 5.75749788433, 1.14061391986, 0.910480419621, 7.0, 1.2, 4.61120695078, 1.21511143734, 5.02788177147, 1.08327112186, 1645.89917139, 24.6731244937, 14949.0224589
4.38091772514, 1.10931310668, 1.74, 0.883080068119, 4.57827325625, 1.0261224183, 2.0579975099, 0.915526860116, 1.00042315137, 3.89508292574, 1.84169099245, 1.14479033974, 4.77373615552, 1.07236063365, 1.03810821524, 1.25227997673, 1.03911334192, 0.900339776382, 7.96484141826, 1.01820458551, 0.76, 276.253608882, 0.984322850433, 4.71453008749, 1.06507964837, 5.01705898193, 1.04593131727, 376.710508425, 17.8288234107, 1495.07603122
3.63163839367, 1.13652017368, 1.10616261176, 1.11773206313, 1.48765628211, 1.07118611, 3.73632076731, 1.26, 0.914156786017, 2.18443452439, 2.11333723317, 0.816999708074, 1.94953392932, 1.07671970036, 0.848875996652, 1.35050327655, 1.03123143809, 0.863174431868, 5.78654592209, 0.932051311386, 0.961918934224, 189.569303943, 1.17748785056, 5.0350080288, 1.15640639537, 5.48, 1.09194015936, 632.994684953, 18.2533658319, 4515.15145848
5.27246874572, 1.15013157323, 1.11189525996, 1.03325779307, 3.27591991912, 0.769566457601, 3.1696321341, 0.980088303819, 1.00716452993, 5.99502417265, 1.71483248039, 1.04033382551, 2.03237611128, 1.19519531872, 0.784936352092, 1.58484726677, 1.12601507005, 1.16247602713, 8.70632611872, 1.17483041812, 0.865323146766, 413.682709426, 1.1861194357, 2.86481760585, 1.06830368077, 1.19562374229, 0.981254155843, 169.607238879, 14.5726709165, 2370.23819344
1.75808249463, 1.19454979913, 1.46489398912, 0.946700851154, 5.61474874883, 1.18561793188, 3.46535076632, 0.967063976268, 0.921455078418, 1.51568323455, 7.72724249224, 1.04865493064, 1.01, 1.26138997164, 0.927668755866, 1.30741717431, 1.08474528505, 0.81, 3.0, 1.0962682137, 1.0, 74.9024457564, 1.03084427536, 2.68325846111, 1.09032727209, 1.66391730603, 0.999420679607, 2511.72292755, 27.6548581409, 8560.36894788
4.93044329571, 1.05514043536, 0.773908338667, 0.972093402252, 2.94231141173, 1.13334914361, 4.16849290756, 0.996592759817, 1.09294444202, 5.08552274102, 5.74170853122, 1.00607857327, 4.36812392202, 1.25413973489, 0.899177420604, 1.30262786551, 1.00200483182, 1.19126468595, 9.76561161775, 1.06674460651, 0.992324496832, 356.512013451, 0.861280114886, 1.0, 1.00383763973, 5.21949629376, 1.02533767915, 713.768280937, 28.7526774315, 3686.32737306
5.04373177674, 1.25659861588, 1.74, 1.15653795684, 3.87773501305, 0.852283431358, 6.0, 1.2228333719, 0.912485612678, 5.94056711868, 1.96189360852, 1.14291753194, 2.88322355494, 0.873796510744, 0.916608999317, 1.29497405533, 1.03853886233, 0.995020894179, 7.62794891518, 1.12071358489, 0.806835705993, 235.726926739, 0.853123451565, 1.0, 1.08054033014, 5.20941109246, 1.06420221937, 246.12103503, 14.4617499172, 385.514792647
1.35315877781, 1.09198806782, 1.70095132123, 0.943912597924, 6.22092104792, 1.19, 3.92357325941, 1.16559956907, 1.0249267849, 5.06457393006, 4.08339240098, 0.971595534957, 4.61020266732, 1.00750077515, 1.00703784419, 1.00607949973, 1.03965169936, 0.859938338429, 8.54678255029, 1.17652022447, 0.840159274387, 255.540168118, 0.87012318103, 4.36493376484, 0.993825087519, 2.57874904109, 1.18774218115, 715.22830811, 26.3070171866, 4900.62543167
4.84403062245, 1.42314558734, 1.36454847089, 1.10014162605, 3.10808065227, 1.0743155875, 5.55226654396, 1.12650363785, 0.928306675426, 5.47274167815, 6.20849528141, 1.15852725023, 3.25372647794, 0.851122833174, 0.96316763897, 1.52980711656, 1.05112543679, 0.894665070695, 5.14074691179, 1.01561716107, 0.944544013565, 230.088919528, 1.0771019864, 3.34251265372, 1.10267628445, 2.47457738234, 1.23690498802, 750.852575943, 21.8169902263, 6236.83869081
2.16544877547, 1.22634064765, 1.02515029614, 0.857126911944, 3.76226663819, 1.15592706233, 3.12117445334, 1.02676975025, 1.00062753495, 2.12881275594, 4.8784511593, 0.979420729099, 2.09276828648, 0.818684583681, 0.919360709902, 1.60304542563, 1.06139106456, 1.18162571625, 4.97524442286, 1.1833392468, 0.770516113138, 123.129666932, 0.886587914381, 2.23131962542, 1.0262615198, 3.26963329682, 1.06518824905, 937.978357374, 24.588760852, 9936.41551189
4.08511792198, 1.30132847972, 1.31870499845, 0.923464584729, 7.07, 1.13969456819, 6.0, 1.02683951174, 1.14, 5.84871531878, 1.92551266895, 1.09178126312, 5.07, 1.03476099358, 0.904742339619, 1.43933358978, 1.03133403956, 0.996799552151, 4.94961304268, 0.960750094766, 0.765075420443, 205.759642862, 1.04277244103, 1.49467335595, 1.24, 1.01, 1.13119513336, 231.596501763, 20.692821499, 990.736293871
3.29478166199, 1.41706541792, 1.32505302272, 1.18256196583, 2.87890298032, 1.05069403857, 3.40965069986, 1.09713045301, 1.04180463294, 5.94524611363, 2.77781627759, 1.22, 3.96087115847, 1.16553658946, 1.00689781873, 1.19274047713, 1.01161191751, 0.849163442162, 4.36533330137, 1.07637697137, 0.803536132617, 345.888321798, 0.948628794847, 3.85219627768, 1.05575067775, 2.86190164054, 1.06765835313, 226.934454791, 13.4013701247, 3377.32220922
1.46891132849, 1.12962928888, 0.963548913852, 0.8, 4.49397400645, 1.19, 2.41798633265, 1.26, 1.0562503241, 6.14293742769, 7.8, 1.2056522554, 4.90132380624, 0.862691653074, 0.963350203109, 1.63, 1.08943657663, 0.81, 3.0, 1.01963719376, 0.766121841584, 269.090422994, 0.930105638087, 4.65634108441, 1.12447629312, 3.29105627111, 1.1804468949, 152.379785659, 12.160364807, 1060.40553732
2.52058800051, 1.4278734697, 1.41703765707, 1.2168920767, 4.52681617969, 1.0767748161, 5.03872806677, 0.9761250095, 0.972118562589, 5.94178543034, 7.54927146222, 0.931787730355, 3.3842902793, 0.9016552725, 1.01724453034, 1.61923826784, 1.01824439453, 1.0135574934, 7.88127724522, 0.913502297258, 0.880769705913, 196.182197222, 0.955714402043, 3.48237281097, 1.13982798166, 1.22272396754, 0.903539317799, 309.932079628, 14.5967143746, 2281.5191517
4.18201291574, 1.04827830293, 1.61882704155, 0.855801886746, 2.74341410031, 0.835585565109, 3.69409039092, 1.09423601582, 1.02859546596, 5.10774369435, 7.0882869474, 1.16444996884, 1.06042505152, 0.924121186341, 0.901228383998, 1.63, 1.02372209894, 0.826303289995, 8.19553246226, 0.97401336085, 0.776993784258, 418.0, 0.84, 2.69734034438, 1.21956709609, 4.43631819867, 0.982902812263, 2700.94241859, 40.5205535914, 2604.74156928
1.42759463218, 1.32603495319, 1.43723873594, 0.802147087336, 6.33881120097, 1.02705460174, 1.53858871225, 0.865560208906, 0.918480956355, 1.38226717285, 5.71089288459, 1.02489554392, 4.90468316948, 0.870788939129, 1.06032879905, 1.27721967485, 1.06930305841, 0.885126889008, 3.34451340387, 0.957770156504, 0.909212267635, 384.071778544, 1.11275548123, 4.12915204517, 1.13176551302, 3.49626732939, 1.00661446516, 118.990038565, 10.6227233621, 157.70804943
1.43907579437, 1.29826138159, 1.13802894751, 0.899408534725, 5.51336278218, 0.823321368474, 1.03548582533, 0.946424211584, 0.9, 5.74848151682, 6.22372165898, 0.903624257888, 4.62132454369, 1.2615402847, 0.935919074805, 1.2783011756, 1.08918480105, 0.856183683725, 6.11346439968, 0.939813680081, 0.926331665008, 212.791230214, 1.14159315617, 3.21799030719, 1.0724299187, 3.23154666256, 1.3, 1825.44985501, 48.3426400281, 10838.8587952
4.39256122295, 1.21520309349, 0.919500040601, 0.948309011225, 3.12965066832, 1.1119926404, 1.24396452136, 0.842980901473, 1.06816536259, 5.58110616268, 5.40067343994, 1.00068363403, 2.92365130671, 0.985149352844, 0.975325692943, 1.08999956612, 1.0946840594, 0.998081961033, 3.17169980784, 1.0822991454, 0.919783844142, 284.170007875, 1.03260212479, 1.38420929366, 0.970797029443, 1.48603112312, 1.08484268974, 962.961080735, 20.4356293089, 4270.31906761
3.14409961136, 1.43, 0.817270038385, 1.06722256318, 1.96211650076, 0.82944639841, 1.84917295988, 1.23640497938, 1.11006807971, 4.46675611729, 2.62726243342, 0.899413289933, 1.42688765901, 1.17232836904, 1.07229230544, 1.52579269917, 1.04115281269, 1.01098194239, 9.87038022061, 1.16239803274, 0.817105598799, 245.155839019, 0.909933575374, 5.49125127264, 1.17859974488, 4.30151150086, 0.87, 1214.49756998, 26.7498943132, 3290.3083394
4.84267762051, 1.17189553839, 1.02410769729, 0.87424742217, 2.15445921697, 0.93183198739, 6.0, 1.22130816551, 0.929464680516, 5.9740318529, 2.83146269334, 0.888036181172, 1.52037548993, 1.25295589284, 1.04200044538, 1.26512230485, 1.03649540587, 0.823522446478, 8.68846904943, 1.19, 0.963276797323, 243.295817908, 1.08359219333, 5.92271296523, 1.24, 5.37848324207, 1.09827286687, 257.57275421, 14.2921722389, 641.375572034
3.51859587133, 1.0887359061, 1.51260352857, 0.935508918316, 6.02186159351, 1.0385992544, 5.7546174879, 0.860323899954, 1.12936151638, 5.26297949539, 3.18472849676, 1.12418908473, 2.86678426332, 0.81, 0.875315482716, 1.1385260837, 1.05361012527, 1.16614544635, 9.86980923678, 0.91, 0.965330520736, 364.957899984, 1.10747575758, 5.80672621042, 1.05995928123, 2.5909565789, 0.941535420662, 427.257939014, 23.9948967861, 1444.10752624
4.05478137817, 1.02688084802, 1.1392044249, 1.0726697065, 6.27998162763, 1.17495572996, 4.38116758336, 1.02284310699, 1.0110456312, 1.53892892497, 4.39760371592, 0.838931751571, 5.0411919363, 1.21695194382, 0.810512475614, 1.23799514747, 1.13650197449, 1.08722780829, 9.57389380192, 1.08643180385, 0.9279845607, 96.0197059603, 0.937200652786, 5.08292411751, 1.15503172212, 1.92707409877, 1.26763974758, 265.935436146, 16.6393690153, 2835.36029602
4.34660572335, 1.1779502236, 0.772190446752, 1.21478286036, 2.86827583855, 0.845000015877, 5.7302735626, 0.843817105681, 1.05595802235, 2.78058575296, 2.29297359576, 1.22, 1.01, 1.08979336372, 0.803759828129, 1.18634369356, 1.07209268673, 1.03250479355, 5.40885505101, 0.981869625095, 0.76, 300.165789607, 1.15088776413, 3.45071506189, 1.14605463906, 4.35636936886, 1.3, 2195.20164374, 33.8287115568, 40533.13309
1.58951068155, 1.43, 1.70827273551, 1.20021827767, 3.32896298672, 1.06364364016, 1.25297186891, 1.0652085319, 0.948616502275, 5.9956890679, 4.39002389576, 1.16255991438, 3.33590056974, 1.12735536687, 0.939034236756, 1.54362101429, 1.17, 1.04955405608, 7.6867111859, 1.12506909353, 0.861694964379, 164.194595528, 1.15016841795, 3.31522229433, 1.1439362188, 2.89430324391, 1.08852773572, 1138.07695096, 26.0513716511, 17162.7226908
3.29394378727, 1.29949114181, 1.36267334919, 0.869434515623, 5.39038182477, 0.884718079711, 5.85877942347, 1.26, 0.9, 4.37199451679, 2.06937882265, 1.06295052548, 1.01, 1.13666002498, 0.930499484843, 1.02180081016, 1.11360842439, 0.926373266508, 4.67738861249, 1.05561347178, 0.765109338592, 277.61102263, 0.982509950263, 6.0, 1.02851124285, 1.70986650973, 0.900582613867, 780.988498631, 26.9841732836, 4427.86270388
1.11118841031, 1.35990491326, 1.1887261371, 1.22, 4.81123021635, 1.05479330792, 5.26745411703, 0.86668003231, 1.08713530258, 6.2, 4.81628725186, 1.22, 5.07, 0.999455180233, 0.829661074648, 1.51131857797, 1.00732076528, 0.868812503911, 4.81036488666, 1.19, 0.988619561982, 396.757047806, 0.968122855062, 4.7926027215, 0.95, 1.30248311542, 1.25303229757, 1753.44035009, 24.1347582574, 8032.90167844
5.55281791501, 1.43, 1.74, 1.00576659708, 2.38269287008, 0.867452944901, 1.0, 1.0936285816, 1.10159013164, 5.25137223541, 4.6831818985, 1.10808498885, 1.59893245762, 1.27971566103, 1.02939843125, 1.38657690813, 1.14808200002, 1.18587693907, 8.16947253856, 0.91, 0.938195890597, 136.680198919, 1.13387620227, 6.0, 0.997623326793, 1.01, 1.22837069427, 498.231649832, 18.9625327699, 1315.27667622
1.12644811526, 1.27254261296, 1.38592191243, 1.16991202903, 3.79134852693, 0.775331367812, 4.0352046876, 0.890238852928, 0.996016674283, 4.0613141305, 2.96038728385, 1.05866674304, 4.15083679141, 0.928649690208, 0.953078232237, 1.42453443235, 1.12563568068, 0.988974799795, 4.38348297688, 1.05679514784, 0.90679883412, 7.0, 0.84, 5.1573178591, 1.20186578654, 1.97737624959, 1.008750435, 1804.99502341, 37.5456642652, 10261.7961154
3.11206471426, 1.35385022325, 1.21978160027, 1.15370356174, 3.60242820463, 0.945923430187, 1.13732891274, 1.18898561926, 0.936417231155, 4.85875162368, 3.98243572563, 1.07744126062, 2.45838039594, 0.956084263056, 0.93490592565, 1.43807753182, 1.15299627645, 1.04663685244, 5.88399632475, 0.96763184703, 0.915273810026, 317.171675344, 1.18357349324, 1.10728055435, 1.02313396604, 3.47515953814, 1.27715232656, 1559.86063527, 36.3808174281, 13917.5055446
4.47523432056, 1.37716962181, 1.02825898214, 1.18929324697, 5.04952104709, 1.00988676144, 1.45099451671, 0.900613551415, 1.00292439496, 5.11872415643, 5.0445642025, 0.98933649748, 4.19486282124, 1.24165651434, 1.04369463126, 1.6181640814, 1.13795624522, 0.903627018252, 4.19299828979, 0.984942453522, 0.927726455571, 365.164866735, 1.18336798034, 4.83733811061, 0.950845980763, 2.29402462048, 0.940496743163, 347.592519879, 16.0424144257, 3282.3211708
4.18715264343, 1.40961318694, 1.32093388322, 0.968629554631, 6.7537917855, 1.15896075781, 1.44894537064, 0.936495729018, 0.900933379806, 3.19944698982, 6.1227651737, 1.14621026515, 3.25785820609, 0.997471499493, 1.05790303211, 1.31391128893, 1.12966775089, 0.986242576188, 4.04615632345, 1.0864876415, 0.790925490289, 328.744010027, 1.07663759364, 5.80620867897, 1.0039274985, 3.55741385882, 0.940290683952, 304.452300807, 20.0840257134, 952.362504325
1.64551227978, 1.25822308491, 1.58490880358, 0.971124422253, 2.11946763607, 0.942309358859, 2.94846348909, 1.13145899341, 1.01118745205, 1.24, 5.8859775542, 1.06406377764, 3.78419563242, 0.847674235348, 0.802355826394, 1.35872675174, 1.17, 0.875450832683, 8.6062670284, 1.04814940213, 0.964539570048, 10.8787091225, 1.12227648036, 1.36179638344, 1.09984781863, 5.4683704752, 0.907602880065, 1382.54810817, 44.0301788646, 14271.0445678
1.75740115974, 1.27650833928, 1.057124825, 1.22, 4.39207830917, 1.00809790433, 4.10432011008, 0.82, 1.14, 4.14098183809, 5.42969956476, 1.00642002434, 3.60476948888, 1.1976669994, 0.934522064533, 1.4956275378, 1.11388450469, 1.21245400727, 9.98008036046, 1.01591192856, 0.839694685702, 204.685094966, 0.98468904463, 4.00140788007, 1.0258436455, 5.48, 1.26542166181, 1287.66031623, 27.3344514891, 6749.47577192
1.65197164829, 1.42494724432, 0.90435596254, 1.10734450262, 4.92295288047, 0.895523474315, 3.69380380046, 1.2410001618, 0.912470972282, 1.74750181349, 7.57946933397, 0.895115942646, 2.61118973022, 0.926095217892, 0.810146954707, 1.10078239027, 1.09226127011, 1.1677679805, 8.90103478874, 1.01138079076, 0.797558158734, 162.26311764, 1.01975952753, 5.10709195664, 0.979585214116, 2.91526226241, 1.0589333344, 2085.81920926, 30.8276248217, 17664.0434892
2.74334213109, 1.21749004366, 1.53268685518, 0.805579173115, 4.39297743636, 1.03040318532, 1.96773231971, 1.23822131634, 0.925672033879, 2.62506681913, 6.29932890292, 1.04002656169, 1.86435118174, 0.994641229813, 0.854274353431, 1.4853032033, 1.02355137472, 0.883962344586, 7.19245065598, 1.06308743032, 0.943854281712, 184.779278109, 1.15843648108, 1.81008010457, 1.19967892147, 2.01172540664, 0.910197407842, 1130.82757455, 41.5896090513, 4183.55166606
5.77235775718, 1.3679712987, 1.04454104392, 0.867634274573, 4.31419604742, 1.12615342561, 1.70471633686, 1.1641402318, 0.973951840424, 5.40260791202, 6.66365814202, 1.1235905835, 1.69958802608, 0.850738559101, 1.02578408971, 1.18937835252, 1.09085057257, 1.11754168994, 4.85267626576, 1.13268335768, 0.888799147492, 277.1581407, 1.14386808546, 1.2937039127, 1.12025790633, 3.8653305859, 1.2044291048, 474.634012514, 17.172900456, 1370.62273323
1.21230590868, 1.08847886295, 1.45582227521, 0.949051182631, 5.64264396085, 1.12100317108, 2.99860431546, 1.08881649441, 0.928692651728, 1.41166177775, 4.01125964076, 1.00206258028, 4.19858356033, 0.833280331547, 0.968335843664, 1.17211987197, 1.01931808293, 0.882697626623, 7.14051098113, 0.927492237458, 0.817630414533, 143.763988659, 0.979027777316, 4.46908330825, 0.956494923676, 1.70507493056, 1.22790372275, 180.525363985, 18.3986896927, 2660.41881435
1.30425644686, 1.17615081486, 1.62177117031, 0.820334475816, 3.04534662344, 1.01802545503, 1.88944908, 1.24925390309, 1.10929169938, 6.02951067023, 4.823408854, 0.81, 4.8258321299, 1.05813972559, 0.966060959263, 1.51520411871, 1.1602432214, 0.819010946176, 4.05353942727, 1.0015449882, 0.803169398912, 67.3014445876, 0.886792262236, 3.71835281808, 1.16222361307, 1.14955833169, 1.198403087, 1306.41574379, 33.419267841, 10565.0681083
5.94821392457, 1.19493717549, 1.69736327062, 1.19127862221, 5.51808298049, 0.878215344895, 1.78830586916, 0.984112110064, 1.07829834174, 3.78772805792, 4.73889559093, 1.08280369951, 2.36299707518, 1.05565580833, 0.892316355515, 1.03925920503, 1.09255717936, 1.0777149583, 6.07798154528, 1.05983846489, 0.777620812915, 274.851961855, 0.845165938894, 5.54397700769, 1.22833594881, 3.58393095146, 1.24926379905, 1007.08769266, 21.1661854692, 8983.79384571
2.29441846378, 1.43, 1.08006851991, 1.06971997451, 3.78594202205, 1.00289012544, 1.0, 1.1759486108, 0.967340816796, 6.18628194199, 1.65783974203, 0.914010168239, 1.68217689079, 1.26777606205, 0.976819526676, 1.20954856081, 1.14570244671, 0.90097765376, 3.0, 1.05481648971, 0.952813802011, 223.26222669, 0.989227725401, 1.0, 1.00955710984, 4.71396146504, 0.911120242281, 115.332035627, 22.5056472927, 1340.61167534
5.65879150487, 1.38470276971, 1.04608016696, 0.960406397944, 2.75485864953, 1.19, 3.26351490132, 1.13963569201, 1.11601467389, 3.94035812863, 6.54697318318, 0.992442462466, 1.42631429104, 1.19183377833, 0.794793055285, 1.39299305074, 1.16341152836, 0.947814432277, 3.08842967221, 0.952467321807, 0.967101774244, 112.642499305, 0.937848354127, 1.0, 0.981223691083, 5.19500650481, 1.0717763067, 169.536265049, 17.4002620844, 191.108275022
1.49476679483, 1.3593574214, 0.817801254163, 0.846329232435, 4.28542215678, 1.16687628689, 5.24558183101, 1.08872769146, 1.12206281269, 3.65424852331, 5.2659335094, 0.967908029658, 1.27681477236, 1.23460554684, 0.879160567951, 1.37621986738, 1.10330864639, 0.95751136702, 5.77444202851, 1.04873055253, 0.87817474033, 114.382171008, 0.863006529092, 5.13704126659, 1.18348648998, 5.31528812727, 1.13705771452, 675.320361774, 34.6270140717, 3380.13465373
6.0, 1.05094129626, 0.859623566344, 0.898273980246, 5.66290301916, 1.06455264125, 3.56684749465, 1.13738459171, 0.903199284092, 1.31500059267, 6.69997866879, 0.950404401023, 1.15628242288, 1.06259364039, 0.934079732389, 1.38713478354, 1.10352721002, 0.94693261271, 6.63036053267, 0.93394829981, 1.0, 130.345420934, 1.16402088781, 3.21890983304, 1.023511631, 3.87470657544, 1.02353045639, 1747.68245885, 27.7264811506, 1695.92206966
4.54958086197, 1.02900241999, 1.35185684801, 0.87246918186, 4.02206231371, 1.08637523901, 2.84582370405, 1.1367445722, 0.966077700379, 2.17387901382, 2.6786405025, 0.870008643625, 4.32490955768, 0.966426736394, 0.893734393724, 1.56639975149, 1.13352870482, 0.929868216839, 5.54947445833, 0.98732644171, 0.905064874555, 143.347469938, 0.952486357656, 3.61303878657, 1.03001704911, 1.28099058696, 0.897843762437, 713.05683269, 18.8750553561, 9903.53846931
5.89422464637, 1.26503356721, 1.71461145022, 0.950288556193, 3.60567030088, 0.998240660301, 3.03337996585, 1.16561298791, 1.13299814958, 3.24223260738, 5.54066953307, 1.08819572071, 2.10578489248, 1.18696399348, 0.92101052326, 1.59715580717, 1.01651660701, 0.856345866495, 8.73863330582, 0.938997398189, 0.777425467565, 354.500715881, 0.936081774673, 5.78529909473, 1.04411049537, 2.72938572865, 1.06150418642, 1249.07141621, 21.4132251932, 7181.08793159
2.35413781025, 1.3263241122, 1.3477155466, 1.0688160575, 2.63257997628, 1.18773595801, 3.56830763028, 0.848702323658, 0.987727660938, 4.44244499684, 4.08639404948, 1.02445730435, 1.10977636855, 1.01484392021, 1.05701146521, 1.16775258446, 1.04317553337, 0.842887712765, 5.41372126132, 1.06662681363, 0.880647641272, 369.57796107, 0.888242437904, 2.42610403271, 1.23645170763, 1.93069268217, 0.937974109321, 2858.52243372, 33.9102494819, 14304.5989069
