0.999831137117, 0.996610016805, 0.999145654199, 0.515225258646, 0.975295144086, 0.20917229845, 0.952358756345, 0.310983230704, 0.551296841405, 0.490741102128, 0.188203797994, 0.903998367244, 0.599100805364, 0.0651945358697, 0.00296892721572, 7.38642038214e-32, 0.0229446597401, 0.0476182728242, 2.01217108204
0.583751376519, 0.0106665016637, 0.999145654199, 0.167125908942, 0.905510026884, 0.688898074757, 0.621963238639, 0.0513462388428, 0.00973515095277, 0.664980140813, 0.746563839995, 0.0182132021436, 0.941145344288, 0.215054213629, 0.289062984974, 9.1514642174e-79, 2.2339556856, 2.24388497925e-197, 1.48453969403e-23
0.999923184304, 0.0673340117219, 0.0323209367332, 0.00112401856962, 0.304242353933, 0.962514453818, 0.638537493074, 0.927770065471, 0.761295024034, 0.05675472109, 0.838215422508, 0.00718441726525, 0.0954479730954, 0.35878907225, 0.0271657476549, 5.09906038565e-297, 3.78909462008e-151, 2.84178072848e-119, 2.25985847418
0.0351091615528, 0.994124037293, 0.00152831134183, 0.489056577242, 0.407313995603, 0.766277974041, 0.120213736665, 0.633599254826, 0.331648847211, 0.00895675712213, 0.689762052243, 0.962373983448, 0.23277708994, 0.658767270496, 1.19586604655, 1.62073800518e-31, 4.95434243944e-282, 1.42129026187, 1.0164485717e-145
0.999831137117, 0.00878750393417, 0.0323209367332, 0.0785164152808, 0.168404017227, 0.962514453818, 0.14129242365, 0.315122927091, 0.0648593936745, 0.843885842176, 0.863497315885, 0.000134708040898, 0.0395967542524, 0.906203009179, 0.0671553035607, 3.30557131622e-112, 9.36686163271e-151, 2.56893691684e-207, 2.55241534334
0.0466186523849, 0.999705561607, 0.244482294135, 0.168966658464, 0.864122709029, 0.0489133282537, 0.120213736665, 0.0513462388428, 0.573088723709, 0.00895675712213, 0.0746870653382, 0.197506395429, 0.0373610495756, 0.0749719046851, 0.118252109819, 1.11951603184e-78, 1.24070917296e-62, 2.59243932951, 2.92584510405e-133
0.206101397903, 0.00101594551214, 0.0380086973706, 0.963867247248, 0.760461090754, 0.0664469296301, 0.549895544664, 0.310983230704, 0.271576793055, 0.578711109637, 0.686374499493, 0.142619536818, 0.744420689316, 0.750212646075, 1.635917442, 0.0648381785846, 2.50334483904e-142, 1.25101846946e-299, 6.58136299099e-69
0.0170002380106, 0.00101594551214, 0.393954986082, 0.230619172622, 0.992400441626, 0.286021963777, 0.627358316394, 0.500326689849, 0.570455937789, 0.664980140813, 0.645683906432, 0.436545320421, 0.87577304879, 0.256421950481, 1.56243347577, 4.78037959307e-64, 8.60164592002e-41, 1.1938864758e-299, 2.72534561498e-177
0.905129928242, 0.000383285921702, 0.0323209367332, 0.0785164152808, 0.163582647235, 0.286021963777, 0.471587018744, 0.315122927091, 0.0561940448388, 0.05675472109, 0.858912481008, 0.0196285272773, 0.0395967542524, 0.992523995606, 2.40150611719, 1.18208828131e-110, 3.34963499785e-149, 0.0, 0.00017688707022
0.905129928242, 0.000383285921702, 0.0323209367332, 0.0785164152808, 0.163582647235, 0.286021963777, 0.471587018744, 0.315122927091, 0.0561940448388, 0.05675472109, 0.858912481008, 0.0196285272773, 0.0395967542524, 0.992523995606, 2.40150611719, 1.18208828131e-110, 3.34963499785e-149, 0.0, 0.00017688707022
0.99954316754, 0.0106665016637, 0.46322657204, 0.963867247248, 0.432342250077, 0.966554268938, 0.567533162923, 0.619945062437, 0.467154172922, 0.578711109637, 0.690868967717, 0.80597317148, 0.179738537683, 0.590675040173, 0.104323013067, 0.00413475275589, 6.22568617134e-35, 1.04001926462e-198, 1.48564815735
0.206101397903, 0.00101594551214, 0.0380086973706, 0.963867247248, 0.760461090754, 0.0664469296301, 0.549895544664, 0.310983230704, 0.271576793055, 0.578711109637, 0.686374499493, 0.142619536818, 0.744420689316, 0.750212646075, 1.635917442, 0.0648381785846, 2.50334483904e-142, 1.25101846946e-299, 6.58136299099e-69
0.998402537225, 0.996610016805, 0.999604189804, 0.967591245077, 0.905510026884, 0.80662491763, 0.621963238639, 0.310983230704, 0.585673785532, 0.507205694141, 0.746563839995, 0.142520830291, 0.698453925787, 0.215054213629, 0.00993956510008, 0.000579658084528, 0.163095303431, 0.336306760476, 1.58203083734
0.0197051824741, 0.996610016805, 0.999145654199, 0.515225258646, 0.864122709029, 0.735024250645, 0.952358756345, 0.339168786751, 0.41729752416, 0.792474006278, 0.188203797994, 0.903998367244, 0.599100805364, 0.0651945358697, 0.110477340341, 2.74857556003e-30, 0.853798291081, 1.77193300847, 8.88451034908e-171
0.376908365248, 0.995080061828, 0.244482294135, 0.246477244793, 0.864122709029, 0.337373799676, 0.120213736665, 0.731966291048, 0.418006221447, 0.381940657797, 0.422933302492, 0.502649978323, 0.340175121269, 0.571750875869, 0.812067098386, 1.92041396966e-61, 8.52026318658e-62, 1.15802086593, 9.33819704047e-43
0.0197051824741, 0.999015250364, 0.185949756407, 0.515225258646, 0.769688895351, 0.890462182168, 0.952358756345, 0.310983230704, 0.333847825316, 0.810247526108, 0.0332199340321, 0.903998367244, 0.599100805364, 0.0285265107884, 0.323449459719, 8.04712782857e-30, 4.42066580631e-74, 2.17873683165, 9.93355263836e-171
0.997644472648, 0.101798253063, 0.0380086973706, 0.876510926168, 0.525115587802, 0.450823725415, 0.474223191597, 0.359947820891, 0.805440522284, 0.605086872543, 0.185846974473, 0.336361031017, 0.343823798604, 0.537373796189, 0.414427967483, 1.22829405568e-06, 6.33676366535e-143, 3.86902429155e-100, 1.2099146251
0.9870066124, 0.996610016805, 0.0380086973706, 0.301119397261, 0.801018106007, 0.259679822701, 0.156784445269, 0.225081651499, 0.968069277056, 0.649707208103, 0.0404415278999, 0.737967148968, 0.54430877592, 0.111365164941, 0.797981545948, 9.37531716516e-53, 1.22014459996e-142, 1.64240118036, 0.825848758763
0.997644472648, 0.101798253063, 0.0380086973706, 0.876510926168, 0.525115587802, 0.450823725415, 0.474223191597, 0.359947820891, 0.805440522284, 0.605086872543, 0.185846974473, 0.336361031017, 0.343823798604, 0.537373796189, 0.414427967483, 1.22829405568e-06, 6.33676366535e-143, 3.86902429155e-100, 1.2099146251
0.990095709573, 0.365045104848, 0.0380086973706, 0.639672512653, 0.999540338714, 0.430326378481, 0.65657773179, 0.656735422885, 0.764618028561, 0.605086872543, 0.487057485317, 0.424383953002, 0.343823798604, 0.502206015426, 1.18302332646, 7.32625602363e-20, 1.80888835179e-142, 3.18981936281e-44, 0.776005562414
0.0466186523849, 0.999705561607, 0.244482294135, 0.168966658464, 0.864122709029, 0.0489133282537, 0.120213736665, 0.0513462388428, 0.573088723709, 0.00895675712213, 0.0746870653382, 0.197506395429, 0.0373610495756, 0.0749719046851, 0.118252109819, 1.11951603184e-78, 1.24070917296e-62, 2.59243932951, 2.92584510405e-133
0.998402537225, 0.996610016805, 0.999604189804, 0.967591245077, 0.905510026884, 0.80662491763, 0.621963238639, 0.310983230704, 0.585673785532, 0.507205694141, 0.746563839995, 0.142520830291, 0.698453925787, 0.215054213629, 0.00993956510008, 0.000579658084528, 0.163095303431, 0.336306760476, 1.58203083734
0.737532708522, 0.997136714665, 0.41288043179, 0.58954958845, 0.667802918789, 0.337373799676, 0.845738568819, 0.310983230704, 0.980536550208, 0.649707208103, 0.926195066683, 0.741826948729, 0.54430877592, 0.111365164941, 0.708475866104, 1.25452404913e-23, 4.25475896968e-39, 1.71580260665, 1.74944704942e-13
0.982089270445, 0.0448594633589, 0.00197378977941, 0.0292792225865, 0.943390279914, 0.506478239634, 0.834566010893, 0.389720599081, 0.623379355809, 0.605086872543, 0.449976842491, 0.903998367244, 0.87577304879, 0.689165003608, 1.63388205006, 1.16223702453e-153, 8.69821540787e-271, 3.93321758553e-135, 0.430732272387
0.0197051824741, 0.996610016805, 0.999145654199, 0.515225258646, 0.864122709029, 0.735024250645, 0.952358756345, 0.339168786751, 0.41729752416, 0.792474006278, 0.188203797994, 0.903998367244, 0.599100805364, 0.0651945358697, 0.110477340341, 2.74857556003e-30, 0.853798291081, 1.77193300847, 8.88451034908e-171
0.0351091615528, 0.968990335683, 0.0380086973706, 0.0112750043705, 0.864428620768, 0.337373799676, 0.488180122887, 0.682625345509, 0.991673335824, 0.601917274411, 0.752811263828, 0.197506395429, 0.311972534907, 0.658767270496, 1.65709363607, 4.23778398865e-195, 2.53376016269e-142, 0.111703816382, 9.08860502853e-146
0.469090355925, 0.342419639708, 0.999815083277, 0.0112750043705, 0.525115587802, 0.337373799676, 0.704210615183, 0.310983230704, 0.460843349563, 0.521026177472, 0.76461693274, 0.643202455916, 0.505864337762, 0.590675040173, 0.0346856900215, 8.87037754586e-197, 1.20476894674, 5.40841681136e-47, 2.52844779168e-33
0.469090355925, 0.831815362567, 0.999943412021, 0.41164916648, 0.525115587802, 0.359294988932, 0.704210615183, 0.339168786751, 0.189947706467, 0.810247526108, 0.764188316157, 0.643202455916, 0.505864337762, 0.215054213629, 0.0128695502749, 5.73333456338e-41, 1.45185716298, 2.29485117881e-08, 3.04586930038e-33
0.740798200777, 0.449620029072, 0.0380086973706, 0.0299471000126, 0.326026738066, 0.788832010956, 0.0641891637162, 0.997281927363, 0.973493979203, 0.729913592417, 0.838215422508, 0.855738791139, 0.178305245615, 0.560174051327, 2.17601602604, 1.47658776355e-152, 3.32721253653e-142, 6.58183366603e-35, 3.18987639103e-13
0.206101397903, 0.0106665016637, 0.0380086973706, 0.177715464111, 0.476027102453, 0.980565729301, 0.872130925291, 0.946767433623, 0.927145157653, 0.578711109637, 0.59014052156, 0.698061190784, 0.337103938796, 0.219732753484, 1.91068751493, 2.81728997567e-75, 2.92151499667e-142, 1.9033124415e-197, 7.68074392983e-69
0.583751376519, 0.994124037293, 0.999145654199, 0.58954958845, 0.407313995603, 0.766277974041, 0.457800070045, 0.0513462388428, 0.331648847211, 0.565709644998, 0.689762052243, 0.95094899004, 0.23277708994, 0.658767270496, 0.136419422206, 2.41562845134e-24, 1.05428560454, 1.26346768417, 1.08821002104e-23
0.956276771914, 0.101798253063, 0.0380086973706, 0.639672512653, 0.0157468196622, 0.430326378481, 0.474223191597, 0.825575731105, 0.764618028561, 0.605086872543, 0.746563839995, 0.424383953002, 0.343823798604, 0.511755868934, 1.5178811941, 9.39997208231e-20, 2.32089896285e-142, 1.41706633539e-99, 0.0272750199831
0.978129149712, 0.00445493989507, 0.441472699086, 0.327700009925, 0.894897318984, 0.506478239634, 0.352823970321, 0.325256328163, 0.623379355809, 0.263010073241, 0.487057485317, 0.502649978323, 0.0866426896349, 0.158324448905, 1.54420003721, 8.55990390414e-49, 7.5025450028e-36, 1.85784012164e-235, 0.268386320313
0.202467248812, 0.365045104848, 0.999145654199, 0.862441209713, 0.458750668208, 0.286021963777, 0.479201953216, 0.859465363316, 0.460843349563, 0.664980140813, 0.746563839995, 0.260395325036, 0.698453925787, 0.883140200183, 0.193806144537, 1.1387736943e-07, 1.49778546891, 4.07218979895e-44, 1.02483338357e-69
0.740798200777, 0.449620029072, 0.0380086973706, 0.0299471000126, 0.326026738066, 0.788832010956, 0.0641891637162, 0.997281927363, 0.973493979203, 0.729913592417, 0.838215422508, 0.855738791139, 0.178305245615, 0.560174051327, 2.17601602604, 1.47658776355e-152, 3.32721253653e-142, 6.58183366603e-35, 3.18987639103e-13
0.999831137117, 0.00101594551214, 0.773978915726, 0.963867247248, 0.918454395862, 0.0664469296301, 0.44019320062, 0.144485133569, 0.787018571996, 0.578711109637, 0.0404415278999, 0.142619536818, 0.744420689316, 0.750212646075, 0.0536883725639, 0.00212789239777, 6.29874407891e-13, 4.10565618706e-301, 2.04217102958
0.860135123357, 0.186872023119, 0.999444532405, 0.41164916648, 0.905510026884, 0.649163090925, 0.272006683997, 0.731966291048, 0.279009504643, 0.246624392362, 0.932837292516, 0.424383953002, 0.609435621066, 0.215054213629, 0.14345119621, 6.39069496464e-40, 1.68565656988, 3.79214267503e-73, 7.60543678543e-07
0.583751376519, 0.994124037293, 0.999145654199, 0.58954958845, 0.407313995603, 0.766277974041, 0.457800070045, 0.0513462388428, 0.331648847211, 0.565709644998, 0.689762052243, 0.95094899004, 0.23277708994, 0.658767270496, 0.136419422206, 2.41562845134e-24, 1.05428560454, 1.26346768417, 1.08821002104e-23
0.999670043552, 0.342419639708, 0.940346147319, 0.0112750043705, 0.810013558891, 0.337373799676, 0.743557040606, 0.515121447695, 0.809139438075, 0.513474168894, 0.425482934539, 0.236426443983, 0.987063846791, 0.527760728799, 0.0810864335307, 2.07367153088e-196, 0.000271546778635, 3.63862340175e-48, 1.58881094667
0.999831137117, 0.0106665016637, 0.41288043179, 0.41164916648, 0.764459024143, 0.649163090925, 0.355827490622, 0.461762095231, 0.279009504643, 0.952315018641, 0.994512882368, 0.201462819185, 0.546050974923, 0.215054213629, 0.0469438773613, 2.09133146742e-40, 2.81921929638e-40, 4.67626784262e-199, 1.78422650929
0.990095709573, 0.101798253063, 0.0380086973706, 0.639672512653, 0.999610024593, 0.430326378481, 0.474223191597, 0.825575731105, 0.672614834003, 0.772195558886, 0.487057485317, 0.424383953002, 0.630067835224, 0.502206015426, 1.24406154639, 7.70425501693e-20, 1.90221814722e-142, 1.16143328173e-99, 0.816043655601
0.99954316754, 0.13470153954, 0.999145654199, 0.963867247248, 0.432342250077, 0.372100693597, 0.841036165963, 0.619945062437, 0.922037189739, 0.578711109637, 0.754623468028, 0.737967148968, 0.463510364893, 0.632845882715, 0.0132710374025, 0.00052598613537, 0.102642633299, 1.40704899716e-88, 1.47274788432
0.431304280764, 0.559485490868, 0.0380086973706, 0.115599635615, 0.44164502121, 0.430326378481, 0.474223191597, 0.826343112999, 0.932594990786, 0.56643207286, 0.698257696341, 0.28597385691, 0.419551829464, 0.356255819893, 1.41922323624, 4.40369369655e-94, 2.17004713533e-142, 1.33984153155e-25, 6.70729566623e-37
0.0197051824741, 0.999015250364, 0.106723342326, 0.856279191308, 0.769688895351, 0.890462182168, 0.952358756345, 0.310983230704, 0.333847825316, 0.885164395001, 0.0332199340321, 0.903998367244, 0.599100805364, 0.585129263388, 0.299521740227, 8.59186116342e-08, 3.15130192629e-98, 2.01756109867, 9.19870132252e-171
0.0197051824741, 0.999015250364, 0.185949756407, 0.515225258646, 0.769688895351, 0.890462182168, 0.952358756345, 0.310983230704, 0.333847825316, 0.810247526108, 0.0332199340321, 0.903998367244, 0.599100805364, 0.0285265107884, 0.323449459719, 8.04712782857e-30, 4.42066580631e-74, 2.17873683165, 9.93355263836e-171
0.0351091615528, 0.995080061828, 0.0176186095858, 0.236590061788, 0.769688895351, 0.337373799676, 0.0921560048073, 0.513306841932, 0.418006221447, 0.00739247695106, 0.422933302492, 0.142619536818, 0.335641095919, 0.974183514678, 1.09123338509, 4.30216724783e-63, 6.77954779253e-176, 1.55611652294, 1.04005649641e-145
0.978824727417, 0.0527851080465, 0.0323209367332, 0.00373106416198, 0.228478861449, 0.962514453818, 0.44615531339, 0.439373169054, 0.410965066649, 0.76119565528, 0.545497833376, 0.553642062544, 0.0391867042987, 0.079072890362, 1.73480693791, 4.15568653293e-243, 2.41971902222e-149, 4.85861529275e-128, 0.324224501221
0.469090355925, 0.342419639708, 0.999815083277, 0.0112750043705, 0.525115587802, 0.337373799676, 0.704210615183, 0.310983230704, 0.460843349563, 0.521026177472, 0.76461693274, 0.643202455916, 0.505864337762, 0.590675040173, 0.0346856900215, 8.87037754586e-197, 1.20476894674, 5.40841681136e-47, 2.52844779168e-33
0.0351091615528, 0.996610016805, 0.0380086973706, 0.301119397261, 0.801018106007, 0.259679822701, 0.156784445269, 0.225081651499, 0.991467455706, 0.649707208103, 0.0174933538109, 0.29289286785, 0.340175121269, 0.111365164941, 0.899362951763, 1.05664259558e-52, 1.37516068457e-142, 1.85106382604, 1.12617872519e-145
0.0351091615528, 0.994124037293, 0.00152831134183, 0.489056577242, 0.407313995603, 0.766277974041, 0.120213736665, 0.633599254826, 0.331648847211, 0.00895675712213, 0.689762052243, 0.962373983448, 0.23277708994, 0.658767270496, 1.19586604655, 1.62073800518e-31, 4.95434243944e-282, 1.42129026187, 1.0164485717e-145
0.376908365248, 0.995080061828, 0.244482294135, 0.246477244793, 0.864122709029, 0.337373799676, 0.120213736665, 0.731966291048, 0.418006221447, 0.381940657797, 0.422933302492, 0.502649978323, 0.340175121269, 0.571750875869, 0.812067098386, 1.92041396966e-61, 8.52026318658e-62, 1.15802086593, 9.33819704047e-43
0.999831137117, 0.00878750393417, 0.999145654199, 0.0785164152808, 0.168404017227, 0.962514453818, 0.390486264224, 0.315122927091, 0.0648593936745, 0.05675472109, 0.863497315885, 0.000134708040898, 0.0395967542524, 0.212749627899, 0.00820947863758, 4.04093432189e-113, 0.0634450359665, 2.44723901606e-207, 2.43150011683
0.0197051824741, 0.996610016805, 0.244482294135, 0.515225258646, 0.769688895351, 0.430326378481, 0.952358756345, 0.310983230704, 0.333847825316, 0.792474006278, 0.463001003853, 0.237278677128, 0.599100805364, 0.0493439901829, 0.749210368689, 1.86396712877e-29, 7.86076610669e-62, 1.54202061454, 7.73172464362e-171
0.999562900614, 0.951855105787, 0.307673541558, 0.0370391913232, 0.544447071306, 0.337373799676, 0.569538253486, 0.47804105514, 0.809139438075, 0.513474168894, 0.425482934539, 0.249487980741, 0.777310184614, 0.234954271655, 0.0902998634394, 1.04221324127e-144, 9.13738728319e-53, 0.0010207275781, 1.34191339491
0.583751376519, 0.994124037293, 0.0176186095858, 0.58954958845, 0.407313995603, 0.766277974041, 0.120213736665, 0.500326689849, 0.331648847211, 0.565709644998, 0.689762052243, 0.95094899004, 0.23277708994, 0.280834946136, 1.03989300403, 1.84137645965e-23, 6.46058342448e-176, 1.23591584884, 1.06447994572e-23
0.0170002380106, 0.00101594551214, 0.999145654199, 0.230619172622, 0.992400441626, 0.286021963777, 0.627358316394, 0.0513462388428, 0.570455937789, 0.664980140813, 0.645683906432, 0.0102134938487, 0.0373610495756, 0.256421950481, 0.265943587299, 8.13673873061e-65, 2.05528282685, 1.58357525754e-299, 3.61490809353e-177
0.0351091615528, 0.365045104848, 0.999145654199, 0.0699862321851, 0.992400441626, 0.286021963777, 0.621963238639, 0.0513462388428, 0.585673785532, 0.578711109637, 0.425482934539, 0.0261869322497, 0.87577304879, 0.256421950481, 0.250046060632, 1.24566487354e-116, 1.93242250944, 5.2538840799e-44, 1.06628523411e-145
0.0170002380106, 0.00101594551214, 0.999145654199, 0.230619172622, 0.992400441626, 0.286021963777, 0.627358316394, 0.0513462388428, 0.570455937789, 0.664980140813, 0.645683906432, 0.0102134938487, 0.0373610495756, 0.256421950481, 0.265943587299, 8.13673873061e-65, 2.05528282685, 1.58357525754e-299, 3.61490809353e-177
0.9870066124, 0.996610016805, 0.0380086973706, 0.301119397261, 0.801018106007, 0.259679822701, 0.156784445269, 0.225081651499, 0.968069277056, 0.649707208103, 0.0404415278999, 0.737967148968, 0.54430877592, 0.111365164941, 0.797981545948, 9.37531716516e-53, 1.22014459996e-142, 1.64240118036, 0.825848758763
0.999831137117, 0.996610016805, 0.999145654199, 0.515225258646, 0.975295144086, 0.20917229845, 0.952358756345, 0.310983230704, 0.551296841405, 0.490741102128, 0.188203797994, 0.903998367244, 0.599100805364, 0.0651945358697, 0.00296892721572, 7.38642038214e-32, 0.0229446597401, 0.0476182728242, 2.01217108204
0.99954316754, 0.206663551635, 0.0380086973706, 0.356624293353, 0.326026738066, 0.788832010956, 0.156784445269, 0.997281927363, 0.973493979203, 0.406268758031, 0.838215422508, 0.931544402646, 0.179738537683, 0.2468638936, 0.152755665514, 3.99217541064e-46, 2.33569311642e-143, 8.06317482329e-70, 2.17366359626
0.583751376519, 0.186872023119, 0.999145654199, 0.167125908942, 0.905510026884, 0.688898074757, 0.621963238639, 0.0259744233188, 0.460843349563, 0.664980140813, 0.698257696341, 0.424383953002, 0.941145344288, 0.215054213629, 0.229609270379, 7.26921512295e-79, 1.77448155487, 4.01075120104e-73, 1.17920347368e-23
0.978824727417, 0.0527851080465, 0.0323209367332, 0.00373106416198, 0.228478861449, 0.962514453818, 0.44615531339, 0.439373169054, 0.410965066649, 0.76119565528, 0.545497833376, 0.553642062544, 0.0391867042987, 0.079072890362, 1.73480693791, 4.15568653293e-243, 2.41971902222e-149, 4.85861529275e-128, 0.324224501221
0.999562900614, 0.951855105787, 0.307673541558, 0.0370391913232, 0.544447071306, 0.337373799676, 0.569538253486, 0.47804105514, 0.809139438075, 0.513474168894, 0.425482934539, 0.249487980741, 0.777310184614, 0.234954271655, 0.0902998634394, 1.04221324127e-144, 9.13738728319e-53, 0.0010207275781, 1.34191339491
0.164658798431, 0.682254619326, 0.999631167282, 0.378739540693, 0.0157468196622, 0.359294988932, 0.96727547302, 0.484322782586, 0.585673785532, 0.173713160469, 0.764188316157, 0.0281814616439, 0.960439477774, 0.215054213629, 0.123517698821, 1.32407896105e-43, 2.16878662836, 8.46619721209e-17, 1.55429728579e-78
0.999831137117, 0.00878750393417, 0.0323209367332, 0.0785164152808, 0.168404017227, 0.962514453818, 0.14129242365, 0.315122927091, 0.0648593936745, 0.843885842176, 0.863497315885, 0.000134708040898, 0.0395967542524, 0.906203009179, 0.0671553035607, 3.30557131622e-112, 9.36686163271e-151, 2.56893691684e-207, 2.55241534334
0.0351091615528, 0.995080061828, 0.0176186095858, 0.799263487183, 0.769688895351, 0.337373799676, 0.0921560048073, 0.513306841932, 0.418006221447, 0.00739247695106, 0.567768406419, 0.502649978323, 0.335641095919, 0.859404116552, 0.962199078227, 2.8079034144e-10, 5.97789137127e-176, 1.37211150653, 9.17073667123e-146
0.999923184304, 0.0673340117219, 0.0323209367332, 0.00112401856962, 0.304242353933, 0.962514453818, 0.638537493074, 0.927770065471, 0.761295024034, 0.05675472109, 0.838215422508, 0.00718441726525, 0.0954479730954, 0.35878907225, 0.0271657476549, 5.09906038565e-297, 3.78909462008e-151, 2.84178072848e-119, 2.25985847418
0.999919623515, 0.00878750393417, 0.267598631328, 0.0785164152808, 0.163582647235, 0.962514453818, 0.202075988016, 0.315122927091, 0.00596485963551, 0.05675472109, 0.239513104365, 0.000643035088279, 0.620473301662, 0.906203009179, 0.0300204439468, 1.47768996861e-112, 2.64195716138e-59, 1.14839219876e-207, 2.38710834156
0.0351091615528, 0.995080061828, 0.0176186095858, 0.799263487183, 0.769688895351, 0.337373799676, 0.0921560048073, 0.513306841932, 0.418006221447, 0.00739247695106, 0.567768406419, 0.502649978323, 0.335641095919, 0.859404116552, 0.962199078227, 2.8079034144e-10, 5.97789137127e-176, 1.37211150653, 9.17073667123e-146
0.352256004535, 0.995080061828, 0.244482294135, 0.0230867407804, 0.864122709029, 0.337373799676, 0.120213736665, 0.513306841932, 0.418006221447, 0.00739247695106, 0.343346869891, 0.502649978323, 0.54430877592, 0.571750875869, 0.909737755076, 3.0995508376e-164, 9.54503035455e-62, 1.29730080802, 1.20739722157e-45
0.0351091615528, 0.999705561607, 0.244482294135, 0.926436062651, 0.864122709029, 0.337373799676, 0.120213736665, 0.461762095231, 0.304567828504, 0.843885842176, 0.0746870653382, 0.197506395429, 0.861606478164, 0.280834946136, 0.0871406245769, 6.57484990937e-05, 9.14285615623e-63, 1.91038322277, 1.04649588705e-145
0.0197051824741, 0.999015250364, 0.106723342326, 0.856279191308, 0.769688895351, 0.890462182168, 0.952358756345, 0.310983230704, 0.333847825316, 0.885164395001, 0.0332199340321, 0.903998367244, 0.599100805364, 0.585129263388, 0.299521740227, 8.59186116342e-08, 3.15130192629e-98, 2.01756109867, 9.19870132252e-171
0.860135123357, 0.186872023119, 0.999444532405, 0.41164916648, 0.905510026884, 0.649163090925, 0.272006683997, 0.731966291048, 0.279009504643, 0.246624392362, 0.932837292516, 0.424383953002, 0.609435621066, 0.215054213629, 0.14345119621, 6.39069496464e-40, 1.68565656988, 3.79214267503e-73, 7.60543678543e-07
0.982089270445, 0.0448594633589, 0.00197378977941, 0.0292792225865, 0.943390279914, 0.506478239634, 0.834566010893, 0.389720599081, 0.623379355809, 0.605086872543, 0.449976842491, 0.903998367244, 0.87577304879, 0.689165003608, 1.63388205006, 1.16223702453e-153, 8.69821540787e-271, 3.93321758553e-135, 0.430732272387
0.99954316754, 0.0106665016637, 0.46322657204, 0.963867247248, 0.432342250077, 0.966554268938, 0.567533162923, 0.619945062437, 0.467154172922, 0.578711109637, 0.690868967717, 0.80597317148, 0.179738537683, 0.590675040173, 0.104323013067, 0.00413475275589, 6.22568617134e-35, 1.04001926462e-198, 1.48564815735
0.0351091615528, 0.365045104848, 0.999145654199, 0.0699862321851, 0.992400441626, 0.286021963777, 0.621963238639, 0.0513462388428, 0.585673785532, 0.578711109637, 0.425482934539, 0.0261869322497, 0.87577304879, 0.256421950481, 0.250046060632, 1.24566487354e-116, 1.93242250944, 5.2538840799e-44, 1.06628523411e-145
0.244905031914, 0.00549261192, 0.999145654199, 0.41164916648, 0.905510026884, 0.649163090925, 0.272006683997, 0.513306841932, 0.279009504643, 0.246624392362, 0.932837292516, 0.0182132021436, 0.609435621066, 0.215054213629, 0.239264964106, 1.06591610368e-39, 1.84910332597, 2.78341639101e-226, 2.32518500499e-61
0.999944669358, 0.00141771924594, 0.757930426674, 0.0115966848366, 0.756209559097, 0.00124564572526, 0.370038215881, 0.810001463803, 0.330427513386, 0.181308602817, 0.425482934539, 0.73813613532, 0.0707949980937, 0.713514115964, 0.0160328362324, 6.8314938615e-196, 2.31240779615e-14, 3.63206607472e-287, 1.84970659201
0.583751376519, 0.0106665016637, 0.999145654199, 0.167125908942, 0.905510026884, 0.688898074757, 0.621963238639, 0.0513462388428, 0.00973515095277, 0.664980140813, 0.746563839995, 0.0182132021436, 0.941145344288, 0.215054213629, 0.289062984974, 9.1514642174e-79, 2.2339556856, 2.24388497925e-197, 1.48453969403e-23
0.737532708522, 0.997136714665, 0.41288043179, 0.58954958845, 0.667802918789, 0.337373799676, 0.845738568819, 0.310983230704, 0.980536550208, 0.649707208103, 0.926195066683, 0.741826948729, 0.54430877592, 0.111365164941, 0.708475866104, 1.25452404913e-23, 4.25475896968e-39, 1.71580260665, 1.74944704942e-13
0.999831137117, 0.00101594551214, 0.773978915726, 0.963867247248, 0.918454395862, 0.0664469296301, 0.44019320062, 0.144485133569, 0.787018571996, 0.578711109637, 0.0404415278999, 0.142619536818, 0.744420689316, 0.750212646075, 0.0536883725639, 0.00212789239777, 6.29874407891e-13, 4.10565618706e-301, 2.04217102958
0.999831137117, 0.00878750393417, 0.999145654199, 0.0785164152808, 0.168404017227, 0.962514453818, 0.390486264224, 0.315122927091, 0.0648593936745, 0.05675472109, 0.863497315885, 0.000134708040898, 0.0395967542524, 0.212749627899, 0.00820947863758, 4.04093432189e-113, 0.0634450359665, 2.44723901606e-207, 2.43150011683
0.202467248812, 0.365045104848, 0.999145654199, 0.862441209713, 0.458750668208, 0.286021963777, 0.479201953216, 0.859465363316, 0.460843349563, 0.664980140813, 0.746563839995, 0.260395325036, 0.698453925787, 0.883140200183, 0.193806144537, 1.1387736943e-07, 1.49778546891, 4.07218979895e-44, 1.02483338357e-69
0.583751376519, 0.186872023119, 0.999145654199, 0.167125908942, 0.905510026884, 0.688898074757, 0.621963238639, 0.0259744233188, 0.460843349563, 0.664980140813, 0.698257696341, 0.424383953002, 0.941145344288, 0.215054213629, 0.229609270379, 7.26921512295e-79, 1.77448155487, 4.01075120104e-73, 1.17920347368e-23
0.244905031914, 0.00549261192, 0.999145654199, 0.41164916648, 0.905510026884, 0.649163090925, 0.272006683997, 0.513306841932, 0.279009504643, 0.246624392362, 0.932837292516, 0.0182132021436, 0.609435621066, 0.215054213629, 0.239264964106, 1.06591610368e-39, 1.84910332597, 2.78341639101e-226, 2.32518500499e-61
0.0197051824741, 0.951855105787, 0.307673541558, 0.043022552591, 0.544447071306, 0.578979770272, 0.569538253486, 0.47804105514, 0.809139438075, 0.513474168894, 0.425482934539, 0.249487980741, 0.960439477774, 0.234954271655, 1.45974941458, 5.37051088443e-137, 1.47711139634e-51, 0.0165006504753, 6.5837301022e-171
0.99954316754, 0.618712967531, 0.0432368597112, 0.0927384854431, 0.150898962923, 0.623856587663, 0.370050719994, 0.957679151471, 0.989360823929, 0.406268758031, 0.427699378405, 0.903172188953, 0.179738537683, 0.2468638936, 0.136437461613, 1.14039000536e-104, 8.25026453809e-138, 3.01978033074e-22, 1.94146084517
0.990095709573, 0.101798253063, 0.0380086973706, 0.639672512653, 0.999610024593, 0.430326378481, 0.474223191597, 0.825575731105, 0.672614834003, 0.772195558886, 0.487057485317, 0.424383953002, 0.630067835224, 0.502206015426, 1.24406154639, 7.70425501693e-20, 1.90221814722e-142, 1.16143328173e-99, 0.816043655601
0.956276771914, 0.101798253063, 0.0380086973706, 0.639672512653, 0.0157468196622, 0.430326378481, 0.474223191597, 0.825575731105, 0.764618028561, 0.605086872543, 0.746563839995, 0.424383953002, 0.343823798604, 0.511755868934, 1.5178811941, 9.39997208231e-20, 2.32089896285e-142, 1.41706633539e-99, 0.0272750199831
0.164658798431, 0.682254619326, 0.999631167282, 0.378739540693, 0.0157468196622, 0.359294988932, 0.96727547302, 0.484322782586, 0.585673785532, 0.173713160469, 0.764188316157, 0.0281814616439, 0.960439477774, 0.215054213629, 0.123517698821, 1.32407896105e-43, 2.16878662836, 8.46619721209e-17, 1.55429728579e-78
0.99954316754, 0.13470153954, 0.999145654199, 0.963867247248, 0.432342250077, 0.372100693597, 0.841036165963, 0.619945062437, 0.922037189739, 0.578711109637, 0.754623468028, 0.737967148968, 0.463510364893, 0.632845882715, 0.0132710374025, 0.00052598613537, 0.102642633299, 1.40704899716e-88, 1.47274788432
