0.0213569303132, 0.155219304955, 0.150472993342, 0.979620643919, 0.851576661314, 0.404892265421, 0.836341214708, 0.0106208265148, 0.84541005798, 0.827476304184, 0.81981101269, 0.424383953002, 0.121249054689, 0.14460462924, 2.04775143591, 0.415967372496, 1.82824098927e-82, 4.08085195695e-81, 2.95162008082e-167
0.999831137117, 0.365045104848, 0.999145654199, 0.862441209713, 0.905510026884, 0.286021963777, 0.621963238639, 0.0513462388428, 0.460843349563, 0.664980140813, 0.746563839995, 0.690163517759, 0.698453925787, 0.094630390139, 0.00592608139417, 3.4820699922e-09, 0.0457983343147, 1.24516837475e-45, 1.75519886686
0.525455331187, 0.697022035568, 0.837087807266, 0.00112401856962, 0.304242353933, 0.635537833918, 0.609534414104, 0.24395658945, 0.903440759812, 0.263010073241, 0.487057485317, 0.496994931311, 0.314117152821, 0.443936719024, 1.39104831191, 2.61102305444e-295, 4.13583981362e-08, 4.61437510109e-16, 2.47196523378e-28
0.244905031914, 0.00101594551214, 0.773978915726, 0.926436062651, 0.801018106007, 0.0664469296301, 0.44019320062, 0.164188726261, 0.271576793055, 0.580172216324, 0.0404415278999, 0.142619536818, 0.744420689316, 0.750212646075, 1.91479305687, 0.00144473109041, 2.24468213373e-11, 1.46313185214e-299, 2.38788102591e-61
0.0197051824741, 0.996610016805, 0.185949756407, 0.515225258646, 0.769688895351, 0.20917229845, 0.952358756345, 0.310983230704, 0.333847825316, 0.792474006278, 0.188203797994, 0.903998367244, 0.599100805364, 0.0651945358697, 0.860968070477, 2.14201010738e-29, 1.17670689968e-73, 1.77203969489, 8.8850452771e-171
0.0197051824741, 0.996610016805, 0.185949756407, 0.515225258646, 0.769688895351, 0.20917229845, 0.952358756345, 0.310983230704, 0.333847825316, 0.792474006278, 0.188203797994, 0.903998367244, 0.599100805364, 0.0651945358697, 0.860968070477, 2.14201010738e-29, 1.17670689968e-73, 1.77203969489, 8.8850452771e-171
0.999831137117, 0.184832719729, 0.0323209367332, 0.0785164152808, 0.463135581795, 0.962514453818, 0.390486264224, 0.315122927091, 0.0114291180894, 0.05675472109, 0.858912481008, 0.00334583918331, 0.0395967542524, 0.906203009179, 0.0644140727989, 3.1706402937e-112, 8.98451313769e-151, 4.81932303178e-75, 2.44822760112
0.982089270445, 0.0448594633589, 0.00197378977941, 0.205719490309, 0.943390279914, 0.506478239634, 0.834566010893, 0.389720599081, 0.623379355809, 0.605086872543, 0.545497833376, 0.628658117128, 0.0866426896349, 0.0493439901829, 1.68210672179, 5.61716766871e-69, 8.95494665887e-271, 4.04930805051e-135, 0.443445504924
0.0351091615528, 0.365045104848, 0.999145654199, 0.230619172622, 0.304242353933, 0.286021963777, 0.621963238639, 0.0513462388428, 0.866647222944, 0.664980140813, 0.746563839995, 0.0281814616439, 0.87577304879, 0.256421950481, 0.249703547791, 7.63986283375e-65, 1.92977547904, 5.2466873148e-44, 1.06482463768e-145
0.910921888617, 0.152484393324, 0.0429457121437, 0.251668500103, 0.992400441626, 0.00558994932299, 0.492491937663, 0.899767938894, 0.592088806231, 0.246624392362, 0.0143607618807, 0.0306611315659, 0.214443816386, 0.562580307216, 2.26103286578, 4.29845944209e-60, 6.95676977307e-137, 7.46390963687e-82, 0.000315166860004
0.999831137117, 0.365045104848, 0.999145654199, 0.41164916648, 0.0157468196622, 0.359294988932, 0.878081137926, 0.0513462388428, 0.585673785532, 0.664980140813, 0.764188316157, 0.0281814616439, 0.87577304879, 0.215054213629, 0.00724945266903, 3.22960295154e-41, 0.0560256997586, 1.52323071476e-45, 2.14715766857
0.771081077834, 0.0106665016637, 0.41288043179, 0.963867247248, 0.667802918789, 0.966554268938, 0.841036165963, 0.619945062437, 0.489390226057, 0.578711109637, 0.754623468028, 0.737967148968, 0.746592687231, 0.234954271655, 1.63406691639, 0.064764834596, 9.82111011351e-39, 1.62903756588e-197, 1.31745300306e-11
0.583751376519, 0.365045104848, 0.999145654199, 0.862441209713, 0.905510026884, 0.286021963777, 0.621963238639, 0.0513462388428, 0.460843349563, 0.664980140813, 0.746563839995, 0.690163517759, 0.698453925787, 0.215054213629, 0.214646642641, 1.26122910496e-07, 1.65884638521, 4.51008336515e-44, 1.1023599622e-23
0.0213569303132, 0.155219304955, 0.150472993342, 0.979620643919, 0.851576661314, 0.404892265421, 0.836341214708, 0.0106208265148, 0.84541005798, 0.827476304184, 0.81981101269, 0.424383953002, 0.121249054689, 0.14460462924, 2.04775143591, 0.415967372496, 1.82824098927e-82, 4.08085195695e-81, 2.95162008082e-167
0.0351091615528, 0.994124037293, 0.244482294135, 0.168966658464, 0.864122709029, 0.337373799676, 0.120213736665, 0.461762095231, 0.272247346924, 0.00895675712213, 0.425482934539, 0.197506395429, 0.153854117919, 0.280834946136, 1.19919555529, 1.13530206904e-77, 1.25820412667e-61, 1.42524739265, 1.01927854952e-145
0.998402537225, 0.994124037293, 0.0176186095858, 0.58954958845, 0.407313995603, 0.935405640622, 0.120213736665, 0.310983230704, 0.905765169316, 0.565709644998, 0.686374499493, 0.95094899004, 0.777310184614, 0.590675040173, 0.276958489116, 4.90420495361e-24, 1.72067070085e-176, 0.329165966924, 1.82016591713
0.982089270445, 0.0448594633589, 0.220287166168, 0.0329642984932, 0.993138829815, 0.788832010956, 0.834566010893, 0.408430040181, 0.178908453621, 0.732795834429, 0.732201260634, 0.737967148968, 0.645084730079, 0.28172717807, 1.72454164244, 1.72654287231e-148, 5.3915442166e-66, 4.15146094222e-135, 0.454632413916
0.997644472648, 0.559485490868, 0.0380086973706, 0.876510926168, 0.525115587802, 0.450823725415, 0.474223191597, 0.359947820891, 0.805440522284, 0.605086872543, 0.185846974473, 0.197506395429, 0.343823798604, 0.539730158355, 0.435460515156, 1.2906309521e-06, 6.65835944156e-143, 4.11103812749e-26, 1.27131875086
0.244905031914, 0.00101594551214, 0.773978915726, 0.926436062651, 0.801018106007, 0.0664469296301, 0.44019320062, 0.164188726261, 0.271576793055, 0.580172216324, 0.0404415278999, 0.142619536818, 0.744420689316, 0.750212646075, 1.91479305687, 0.00144473109041, 2.24468213373e-11, 1.46313185214e-299, 2.38788102591e-61
0.996900374138, 0.0347525192345, 0.441472699086, 0.327700009925, 0.999540338714, 0.506478239634, 0.290396394409, 0.325256328163, 0.623379355809, 0.605086872543, 0.422933302492, 0.628658117128, 0.0866426896349, 0.280834946136, 0.647889604897, 3.591421205e-49, 3.14779225518e-36, 1.2771741708e-146, 1.4538811262
0.771081077834, 0.0106665016637, 0.41288043179, 0.963867247248, 0.667802918789, 0.966554268938, 0.841036165963, 0.619945062437, 0.489390226057, 0.578711109637, 0.754623468028, 0.737967148968, 0.746592687231, 0.234954271655, 1.63406691639, 0.064764834596, 9.82111011351e-39, 1.62903756588e-197, 1.31745300306e-11
0.0351091615528, 0.996610016805, 0.0380086973706, 0.58954958845, 0.760461090754, 0.337373799676, 0.156784445269, 0.310983230704, 0.962520232665, 0.649707208103, 0.686374499493, 0.197506395429, 0.599100805364, 0.125810468061, 0.769239601634, 1.36212061124e-23, 1.17619705716e-142, 1.58324467041, 9.63238781673e-146
0.999831137117, 0.184832719729, 0.0323209367332, 0.0785164152808, 0.463135581795, 0.962514453818, 0.390486264224, 0.315122927091, 0.0114291180894, 0.05675472109, 0.858912481008, 0.00334583918331, 0.0395967542524, 0.906203009179, 0.0644140727989, 3.1706402937e-112, 8.98451313769e-151, 4.81932303178e-75, 2.44822760112
0.998402537225, 0.994124037293, 0.0176186095858, 0.58954958845, 0.407313995603, 0.935405640622, 0.120213736665, 0.310983230704, 0.905765169316, 0.565709644998, 0.686374499493, 0.95094899004, 0.777310184614, 0.590675040173, 0.276958489116, 4.90420495361e-24, 1.72067070085e-176, 0.329165966924, 1.82016591713
0.0351091615528, 0.968990335683, 0.0380086973706, 0.58954958845, 0.760461090754, 0.337373799676, 0.156784445269, 0.682625345509, 0.962520232665, 0.601917274411, 0.0967567316401, 0.197506395429, 0.143023471484, 0.280834946136, 1.89502072539, 3.35558229621e-23, 2.89755987044e-142, 0.127742357185, 1.0393555632e-145
0.0351091615528, 0.995080061828, 0.244482294135, 0.334425292887, 0.864122709029, 0.337373799676, 0.0921560048073, 0.310983230704, 0.418006221447, 0.00739247695106, 0.422933302492, 0.911775415275, 0.335641095919, 0.571750875869, 1.04388880228, 4.4125102305e-48, 1.0952552259e-61, 1.48860237922, 9.9493228962e-146
0.0351091615528, 0.995080061828, 0.244482294135, 0.334425292887, 0.864122709029, 0.337373799676, 0.0921560048073, 0.310983230704, 0.418006221447, 0.00739247695106, 0.422933302492, 0.911775415275, 0.335641095919, 0.571750875869, 1.04388880228, 4.4125102305e-48, 1.0952552259e-61, 1.48860237922, 9.9493228962e-146
0.952981931956, 0.0527851080465, 0.58884511879, 0.00373106416198, 0.228478861449, 0.962514453818, 0.44615531339, 0.698913319939, 0.410965066649, 0.76119565528, 0.16501841732, 0.0997767379939, 0.0228549451396, 0.079072890362, 2.08332922444, 4.99056293382e-243, 3.27329929404e-23, 5.83470990835e-128, 0.0265074462358
0.978824727417, 0.281041137441, 0.150374629055, 0.0329642984932, 0.529602130347, 0.788832010956, 0.391439571847, 0.942844963344, 0.178908453621, 0.56643207286, 0.530056510087, 0.737967148968, 0.645084730079, 0.802749581574, 1.5432283119, 1.54501913824e-148, 1.26475662243e-82, 1.82616286601e-55, 0.28841966144
0.0351091615528, 0.996610016805, 0.0380086973706, 0.58954958845, 0.760461090754, 0.337373799676, 0.156784445269, 0.310983230704, 0.962520232665, 0.649707208103, 0.686374499493, 0.197506395429, 0.599100805364, 0.125810468061, 0.769239601634, 1.36212061124e-23, 1.17619705716e-142, 1.58324467041, 9.63238781673e-146
0.583751376519, 0.365045104848, 0.999145654199, 0.862441209713, 0.905510026884, 0.286021963777, 0.621963238639, 0.0513462388428, 0.460843349563, 0.664980140813, 0.746563839995, 0.690163517759, 0.698453925787, 0.215054213629, 0.214646642641, 1.26122910496e-07, 1.65884638521, 4.51008336515e-44, 1.1023599622e-23
0.583751376519, 0.365045104848, 0.999145654199, 0.41164916648, 0.905510026884, 0.649163090925, 0.272006683997, 0.0513462388428, 0.460843349563, 0.664980140813, 0.746563839995, 0.0182132021436, 0.609435621066, 0.215054213629, 0.23801692649, 1.06035614467e-39, 1.83945815909, 5.00113194215e-44, 1.22238264182e-23
0.996900374138, 0.0347525192345, 0.441472699086, 0.327700009925, 0.999540338714, 0.506478239634, 0.290396394409, 0.325256328163, 0.623379355809, 0.605086872543, 0.422933302492, 0.628658117128, 0.0866426896349, 0.280834946136, 0.647889604897, 3.591421205e-49, 3.14779225518e-36, 1.2771741708e-146, 1.4538811262
0.997644472648, 0.559485490868, 0.0380086973706, 0.876510926168, 0.525115587802, 0.450823725415, 0.474223191597, 0.359947820891, 0.805440522284, 0.605086872543, 0.185846974473, 0.197506395429, 0.343823798604, 0.539730158355, 0.435460515156, 1.2906309521e-06, 6.65835944156e-143, 4.11103812749e-26, 1.27131875086
0.998402537225, 0.751444405649, 0.940346147319, 0.043022552591, 0.544447071306, 0.337373799676, 0.990768889424, 0.461762095231, 0.809139438075, 0.617940351691, 0.425482934539, 0.502649978323, 0.777310184614, 0.590675040173, 0.338312942809, 1.24467482127e-137, 0.00113296128329, 2.06598175369e-13, 1.43146311164
0.998402537225, 0.951855105787, 0.307673541558, 0.043022552591, 0.544447071306, 0.337373799676, 0.480326931776, 0.310983230704, 0.809139438075, 0.513474168894, 0.425482934539, 0.249487980741, 0.777310184614, 0.590675040173, 0.302143043554, 1.1116034628e-137, 3.05736675419e-52, 0.00341535109068, 1.27849624427
0.0351091615528, 0.968990335683, 0.0380086973706, 0.58954958845, 0.760461090754, 0.337373799676, 0.156784445269, 0.682625345509, 0.962520232665, 0.601917274411, 0.0967567316401, 0.197506395429, 0.143023471484, 0.280834946136, 1.89502072539, 3.35558229621e-23, 2.89755987044e-142, 0.127742357185, 1.0393555632e-145
0.99954316754, 0.618712967531, 0.0432368597112, 0.043022552591, 0.326026738066, 0.788832010956, 0.546182412218, 0.957679151471, 0.973493979203, 0.406268758031, 0.838215422508, 0.855738791139, 0.179738537683, 0.2468638936, 0.137812298741, 5.07020207032e-138, 8.33339984324e-138, 3.0502097016e-22, 1.96102433178
0.0351091615528, 0.994124037293, 0.244482294135, 0.168966658464, 0.864122709029, 0.337373799676, 0.120213736665, 0.461762095231, 0.272247346924, 0.00895675712213, 0.425482934539, 0.197506395429, 0.153854117919, 0.280834946136, 1.19919555529, 1.13530206904e-77, 1.25820412667e-61, 1.42524739265, 1.01927854952e-145
0.998562546401, 0.244398749693, 0.940346147319, 0.043022552591, 0.544447071306, 0.962514453818, 0.006853213521, 0.461762095231, 0.809139438075, 0.873627161883, 0.425482934539, 0.197506395429, 0.777310184614, 0.883140200183, 0.421252243856, 1.54981378182e-137, 0.00141071304818, 4.2713240264e-62, 1.9719756229
0.233339061009, 0.954304732906, 0.0272212219374, 0.236692430134, 0.444607928339, 0.24171925064, 0.149432053155, 0.787246072448, 0.560459532866, 0.577697560076, 0.212183642479, 0.794713077588, 0.524219758362, 0.773362664635, 1.52972207221, 6.2975158666e-63, 7.43864874008e-157, 0.022359964532, 1.51190111413e-63
0.978824727417, 0.545966766964, 0.00680491933884, 0.142182552988, 0.943390279914, 0.506478239634, 0.546182412218, 0.389720599081, 0.935675110312, 0.605086872543, 0.545497833376, 0.628658117128, 0.0866426896349, 0.0493439901829, 1.7736550346, 5.36561905482e-85, 5.33687714114e-217, 1.45080762809e-26, 0.331484966057
0.0351091615528, 0.365045104848, 0.999145654199, 0.230619172622, 0.304242353933, 0.286021963777, 0.621963238639, 0.0513462388428, 0.866647222944, 0.664980140813, 0.746563839995, 0.0281814616439, 0.87577304879, 0.256421950481, 0.249703547791, 7.63986283375e-65, 1.92977547904, 5.2466873148e-44, 1.06482463768e-145
0.583751376519, 0.365045104848, 0.999815083277, 0.41164916648, 0.0157468196622, 0.359294988932, 0.704210615183, 0.69445670017, 0.460843349563, 0.519155207978, 0.764188316157, 0.0281814616439, 0.87577304879, 0.215054213629, 0.0532550719865, 2.37249273186e-40, 1.84975581993, 4.98961572191e-44, 1.21956783352e-23
0.998402537225, 0.751444405649, 0.940346147319, 0.043022552591, 0.544447071306, 0.337373799676, 0.990768889424, 0.461762095231, 0.809139438075, 0.617940351691, 0.425482934539, 0.502649978323, 0.777310184614, 0.590675040173, 0.338312942809, 1.24467482127e-137, 0.00113296128329, 2.06598175369e-13, 1.43146311164
0.124388755121, 0.925480033914, 0.80750297583, 0.290305054865, 0.44164502121, 0.635537833918, 0.609534414104, 0.505428053596, 0.903440759812, 0.263010073241, 0.487057485317, 0.496994931311, 0.612016389175, 0.337173568343, 1.29196808995, 3.91589879007e-54, 1.05144076815e-09, 0.000879178610693, 6.10216446155e-91
0.998562546401, 0.244398749693, 0.940346147319, 0.043022552591, 0.544447071306, 0.962514453818, 0.006853213521, 0.461762095231, 0.809139438075, 0.873627161883, 0.425482934539, 0.197506395429, 0.777310184614, 0.883140200183, 0.421252243856, 1.54981378182e-137, 0.00141071304818, 4.2713240264e-62, 1.9719756229
0.999831137117, 0.365045104848, 0.999145654199, 0.41164916648, 0.0157468196622, 0.359294988932, 0.878081137926, 0.0513462388428, 0.585673785532, 0.664980140813, 0.764188316157, 0.0281814616439, 0.87577304879, 0.215054213629, 0.00724945266903, 3.22960295154e-41, 0.0560256997586, 1.52323071476e-45, 2.14715766857
0.999834965926, 0.184832719729, 0.0435392707965, 0.0927384854431, 0.304242353933, 0.962514453818, 0.390486264224, 0.315122927091, 0.271576793055, 0.05675472109, 0.427699378405, 0.00718441726525, 0.00934313815544, 0.668493489723, 0.053072832751, 4.43600513453e-105, 6.44328376206e-138, 3.97079573026e-75, 2.06360343114
0.99954316754, 0.618712967531, 0.0432368597112, 0.043022552591, 0.326026738066, 0.788832010956, 0.546182412218, 0.957679151471, 0.973493979203, 0.406268758031, 0.838215422508, 0.855738791139, 0.179738537683, 0.2468638936, 0.137812298741, 5.07020207032e-138, 8.33339984324e-138, 3.0502097016e-22, 1.96102433178
0.999834965926, 0.184832719729, 0.0435392707965, 0.0927384854431, 0.304242353933, 0.962514453818, 0.390486264224, 0.315122927091, 0.271576793055, 0.05675472109, 0.427699378405, 0.00718441726525, 0.00934313815544, 0.668493489723, 0.053072832751, 4.43600513453e-105, 6.44328376206e-138, 3.97079573026e-75, 2.06360343114
0.0213569303132, 0.155219304955, 0.150472993342, 0.801727458792, 0.847915974793, 0.390458290897, 0.836341214708, 0.0106208265148, 0.88705749034, 0.827476304184, 0.81981101269, 0.644785296475, 0.0958823389044, 0.14460462924, 2.15557534981, 8.5577364829e-10, 1.88598888217e-82, 4.20975214196e-81, 3.04485168503e-167
0.0389660789744, 0.549927871603, 0.185949756407, 0.328658240525, 0.489890655049, 0.20917229845, 0.134028099598, 0.0654465292234, 0.552275541167, 0.886033547754, 0.971659382205, 0.0758213224226, 0.813336250922, 0.332197968102, 2.08793698527, 1.54985067362e-48, 2.8536364366e-73, 3.51892809142e-26, 3.84156250684e-141
0.99954316754, 0.618712967531, 0.0829470910786, 0.043022552591, 0.326026738066, 0.934557893865, 0.480326931776, 0.698913319939, 0.950268514696, 0.341725566973, 0.686374499493, 0.855738791139, 0.292690380025, 0.773362664635, 0.12379051689, 4.55433180314e-138, 1.47544580749e-109, 2.73986457691e-22, 1.76149892196
0.0213569303132, 0.101798253063, 0.155612558371, 0.801727458792, 0.660464075957, 0.450823725415, 0.836341214708, 0.0106208265148, 0.84541005798, 0.827476304184, 0.965884542937, 0.424383953002, 0.121249054689, 0.562580307216, 1.9774680191, 7.85064192364e-10, 4.97386084632e-81, 1.84612825435e-99, 2.79326669354e-167
0.431304280764, 0.559485490868, 0.0380086973706, 0.843962072061, 0.525115587802, 0.430326378481, 0.474223191597, 0.635509448403, 0.764618028561, 0.605086872543, 0.698257696341, 0.197506395429, 0.343823798604, 0.502206015426, 1.26078277992, 8.49284343409e-08, 1.92778555901e-142, 1.19026315781e-25, 5.95850086151e-37
0.99954316754, 0.618712967531, 0.0829470910786, 0.043022552591, 0.326026738066, 0.934557893865, 0.480326931776, 0.698913319939, 0.950268514696, 0.341725566973, 0.686374499493, 0.855738791139, 0.292690380025, 0.773362664635, 0.12379051689, 4.55433180314e-138, 1.47544580749e-109, 2.73986457691e-22, 1.76149892196
0.978824727417, 0.545966766964, 0.00680491933884, 0.142182552988, 0.943390279914, 0.506478239634, 0.546182412218, 0.389720599081, 0.935675110312, 0.605086872543, 0.545497833376, 0.628658117128, 0.0866426896349, 0.0493439901829, 1.7736550346, 5.36561905482e-85, 5.33687714114e-217, 1.45080762809e-26, 0.331484966057
0.999831137117, 0.782609475742, 0.0435392707965, 0.0999577824626, 0.44164502121, 0.788832010956, 0.390486264224, 0.315122927091, 0.13341663406, 0.254869259897, 0.425482934539, 0.00718441726525, 0.0395967542524, 0.668493489723, 0.0477700488468, 7.19344367657e-102, 5.79950162999e-138, 1.69740610804e-12, 1.81562734682
0.978824727417, 0.281041137441, 0.150374629055, 0.0329642984932, 0.529602130347, 0.788832010956, 0.391439571847, 0.942844963344, 0.178908453621, 0.56643207286, 0.530056510087, 0.737967148968, 0.645084730079, 0.802749581574, 1.5432283119, 1.54501913824e-148, 1.26475662243e-82, 1.82616286601e-55, 0.28841966144
0.6847094964, 0.886085326218, 0.742338637645, 0.0115966848366, 0.756209559097, 0.312199673876, 0.332855422122, 0.775345774108, 0.592190146911, 0.915591808104, 0.57601814056, 0.334955237987, 0.011736426811, 0.89023742026, 1.80958557222, 7.71053390007e-194, 3.26516818061e-13, 1.58947412257e-05, 1.01002965798e-16
0.0363879643779, 0.0527851080465, 0.0381959573077, 0.881743583508, 0.941333975124, 0.614901920388, 0.392899353529, 0.278834662303, 0.747841966925, 0.818950112666, 0.109598380361, 0.653735191689, 0.332427763583, 0.029619496975, 1.85690380472, 9.98021919858e-06, 4.64140224662e-142, 5.20056787054e-128, 3.63651490243e-144
0.998402537225, 0.618712967531, 0.0432368597112, 0.00793180349245, 0.544715893293, 0.948197595456, 0.480326931776, 0.917641063406, 0.809139438075, 0.638289969079, 0.686374499493, 0.95094899004, 0.777310184614, 0.280834946136, 0.426753978788, 5.80085585393e-211, 2.58054728963e-137, 9.44537706858e-22, 1.80566296951
0.0213569303132, 0.055232045737, 0.29020224658, 0.801727458792, 0.244872667972, 0.506478239634, 0.836341214708, 0.0106208265148, 0.84541005798, 0.827476304184, 0.81981101269, 0.424383953002, 0.121249054689, 0.14460462924, 2.02205316778, 8.02764708075e-10, 5.91547284772e-54, 5.26048008808e-126, 2.85624531551e-167
0.0213569303132, 0.101798253063, 0.155612558371, 0.801727458792, 0.660464075957, 0.450823725415, 0.836341214708, 0.0106208265148, 0.84541005798, 0.827476304184, 0.965884542937, 0.424383953002, 0.121249054689, 0.562580307216, 1.9774680191, 7.85064192364e-10, 4.97386084632e-81, 1.84612825435e-99, 2.79326669354e-167
0.0363879643779, 0.0527851080465, 0.0381959573077, 0.881743583508, 0.941333975124, 0.614901920388, 0.392899353529, 0.278834662303, 0.747841966925, 0.818950112666, 0.109598380361, 0.653735191689, 0.332427763583, 0.029619496975, 1.85690380472, 9.98021919858e-06, 4.64140224662e-142, 5.20056787054e-128, 3.63651490243e-144
0.910921888617, 0.152484393324, 0.0429457121437, 0.285436885155, 0.992400441626, 0.00558994932299, 0.492491937663, 0.899767938894, 0.184614282125, 0.246624392362, 0.935694934191, 0.731002119618, 0.693264987892, 0.14460462924, 2.21728687719, 1.23865713797e-54, 6.82217165388e-137, 7.31949948221e-82, 0.000309069077848
0.233339061009, 0.552039485705, 0.170462021113, 0.236692430134, 0.444607928339, 0.24171925064, 0.105475626634, 0.787246072448, 0.152023361457, 0.799272635539, 0.979100866514, 0.794713077588, 0.894716178803, 0.926738241126, 2.17288869241, 8.94528572566e-63, 4.9650165381e-77, 5.37244053602e-26, 2.14734558557e-63
0.910921888617, 0.152484393324, 0.0429457121437, 0.285436885155, 0.992400441626, 0.00558994932299, 0.492491937663, 0.899767938894, 0.184614282125, 0.246624392362, 0.935694934191, 0.731002119618, 0.693264987892, 0.14460462924, 2.21728687719, 1.23865713797e-54, 6.82217165388e-137, 7.31949948221e-82, 0.000309069077848
0.910921888617, 0.152484393324, 0.0429457121437, 0.251668500103, 0.992400441626, 0.00558994932299, 0.492491937663, 0.899767938894, 0.592088806231, 0.246624392362, 0.0143607618807, 0.0306611315659, 0.214443816386, 0.562580307216, 2.26103286578, 4.29845944209e-60, 6.95676977307e-137, 7.46390963687e-82, 0.000315166860004
0.518749056434, 0.120194649172, 0.00680491933884, 0.926436062651, 0.033672748893, 0.337373799676, 0.494432169468, 0.0503112937891, 0.541396698232, 0.254869259897, 0.318832131318, 0.344140430887, 0.524219758362, 0.361275572846, 1.58490669993, 0.00119582843513, 4.76894017178e-217, 2.42458335004e-92, 7.79571007311e-29
0.604866723309, 0.256566746822, 0.58884511879, 0.0293173869501, 0.228478861449, 0.0424691406491, 0.974464275064, 0.698913319939, 0.410965066649, 0.76119565528, 0.361785777281, 0.346880965186, 0.214443816386, 0.375428256996, 1.76350052613, 1.42896432433e-153, 2.77078867781e-23, 2.30426393498e-59, 4.05942684803e-22
0.998402537225, 0.951855105787, 0.307673541558, 0.043022552591, 0.544447071306, 0.337373799676, 0.480326931776, 0.310983230704, 0.809139438075, 0.513474168894, 0.425482934539, 0.249487980741, 0.777310184614, 0.590675040173, 0.302143043554, 1.1116034628e-137, 3.05736675419e-52, 0.00341535109068, 1.27849624427
0.982089270445, 0.0448594633589, 0.00197378977941, 0.205719490309, 0.943390279914, 0.506478239634, 0.834566010893, 0.389720599081, 0.623379355809, 0.605086872543, 0.545497833376, 0.628658117128, 0.0866426896349, 0.0493439901829, 1.68210672179, 5.61716766871e-69, 8.95494665887e-271, 4.04930805051e-135, 0.443445504924
0.670390341785, 0.0158714221464, 0.0381959573077, 0.333368580986, 0.941333975124, 0.800145882122, 0.392899353529, 0.551810135084, 0.352953443129, 0.359365215148, 0.109598380361, 0.653735191689, 0.332427763583, 0.588217178793, 1.55232955816, 4.7815692247e-48, 3.88010724105e-142, 2.80988221675e-180, 1.04683609598e-17
0.233339061009, 0.322306479055, 0.912538577095, 0.310570691677, 0.444607928339, 0.24171925064, 0.149432053155, 0.787246072448, 0.560459532866, 0.577697560076, 0.682748450127, 0.794713077588, 0.524219758362, 0.773362664635, 1.48044420127, 3.8243607163e-51, 0.000246396896501, 1.56104532083e-49, 1.46304105471e-63
0.124388755121, 0.925480033914, 0.80750297583, 0.290305054865, 0.44164502121, 0.635537833918, 0.609534414104, 0.505428053596, 0.903440759812, 0.263010073241, 0.487057485317, 0.496994931311, 0.612016389175, 0.337173568343, 1.29196808995, 3.91589879007e-54, 1.05144076815e-09, 0.000879178610693, 6.10216446155e-91
0.846494224033, 0.270116745315, 0.355687927127, 0.76441020281, 0.767799239285, 0.719957067654, 0.255406236636, 0.588455152602, 0.764618028561, 0.383946065981, 0.126924420045, 0.687468395063, 0.532103711426, 0.539730158355, 1.44817810519, 4.89315938319e-12, 2.90974078626e-45, 3.251566743e-57, 1.31626024132e-07
0.431304280764, 0.559485490868, 0.0380086973706, 0.843962072061, 0.525115587802, 0.430326378481, 0.474223191597, 0.635509448403, 0.764618028561, 0.605086872543, 0.698257696341, 0.197506395429, 0.343823798604, 0.502206015426, 1.26078277992, 8.49284343409e-08, 1.92778555901e-142, 1.19026315781e-25, 5.95850086151e-37
0.0866191196787, 0.938661956037, 0.0352279016051, 0.0115966848366, 0.35913254992, 0.656098796656, 0.332855422122, 0.682648788142, 0.418006221447, 0.759230051091, 0.318832131318, 0.718566307586, 0.929707549821, 0.729782682115, 1.49746738153, 6.3806173009e-194, 1.14856271201e-145, 0.00419179475176, 1.35786161722e-106
0.583751376519, 0.365045104848, 0.999145654199, 0.41164916648, 0.905510026884, 0.649163090925, 0.272006683997, 0.0513462388428, 0.460843349563, 0.664980140813, 0.746563839995, 0.0182132021436, 0.609435621066, 0.215054213629, 0.23801692649, 1.06035614467e-39, 1.83945815909, 5.00113194215e-44, 1.22238264182e-23
0.948108322047, 0.0106665016637, 0.41288043179, 0.861708050569, 0.544491620925, 0.77763465252, 0.390486264224, 0.315122927091, 0.489390226057, 0.0249901055578, 0.425482934539, 0.647242987924, 0.746592687231, 0.234954271655, 1.50922693487, 8.14496952282e-07, 9.06367760094e-39, 1.50340146137e-197, 0.0114994929449
0.202467248812, 0.886085326218, 0.757930426674, 0.0115966848366, 0.756209559097, 0.00124564572526, 0.332855422122, 0.682648788142, 0.330427513386, 0.854843427283, 0.362946779426, 0.73813613532, 0.212750792165, 0.37214491403, 1.70471725447, 7.26369638575e-194, 2.45870500535e-12, 1.49736160803e-05, 1.15677898756e-69
0.0351091615528, 0.951855105787, 0.307673541558, 0.043022552591, 0.544447071306, 0.337373799676, 0.480326931776, 0.310983230704, 0.809139438075, 0.513474168894, 0.425482934539, 0.197506395429, 0.335641095919, 0.155064234692, 1.40324599572, 5.16263121484e-137, 1.41993593657e-51, 0.0158619496435, 7.6793992407e-146
0.948108322047, 0.0106665016637, 0.41288043179, 0.861708050569, 0.544491620925, 0.77763465252, 0.390486264224, 0.315122927091, 0.489390226057, 0.0249901055578, 0.425482934539, 0.647242987924, 0.746592687231, 0.234954271655, 1.50922693487, 8.14496952282e-07, 9.06367760094e-39, 1.50340146137e-197, 0.0114994929449
0.4040427993, 0.559485490868, 0.0432368597112, 0.043022552591, 0.544447071306, 0.934557893865, 0.297609717566, 0.917641063406, 0.830943047935, 0.991075585974, 0.686374499493, 0.841799498403, 0.777310184614, 0.298200118951, 2.0260670033, 7.454029291e-137, 1.22514656544e-136, 1.91274258159e-25, 1.39801172663e-39
0.0351091615528, 0.00101594551214, 0.860368809039, 0.926436062651, 0.801018106007, 0.0664469296301, 0.44019320062, 0.164188726261, 0.271576793055, 0.580172216324, 0.0404415278999, 0.142619536818, 0.744420689316, 0.750212646075, 1.91479305687, 0.00144473109041, 8.84519876145e-07, 1.46313185214e-299, 1.04782235165e-145
0.0351091615528, 0.951855105787, 0.307673541558, 0.043022552591, 0.544447071306, 0.337373799676, 0.480326931776, 0.310983230704, 0.809139438075, 0.513474168894, 0.425482934539, 0.197506395429, 0.335641095919, 0.155064234692, 1.40324599572, 5.16263121484e-137, 1.41993593657e-51, 0.0158619496435, 7.6793992407e-146
0.0197051824741, 0.463081878708, 0.375115975776, 0.515225258646, 0.657098998149, 0.643989288995, 0.887181369405, 0.682625345509, 0.333847825316, 0.792474006278, 0.00372003722352, 0.903998367244, 0.143023471484, 0.0651945358697, 2.06781854544, 5.1445441201e-29, 8.47594968199e-43, 1.19511846703e-33, 9.32563451631e-171
0.517657363932, 0.184832719729, 0.0435392707965, 0.926436062651, 0.217704029086, 0.96871812552, 0.836341214708, 0.315122927091, 0.255458465324, 0.254869259897, 0.57601814056, 0.794713077588, 0.524219758362, 0.2468638936, 1.72388083327, 0.00130068585065, 2.09287048885e-136, 1.28977110244e-73, 6.8685788179e-29
0.202467248812, 0.886085326218, 0.757930426674, 0.0115966848366, 0.756209559097, 0.00124564572526, 0.332855422122, 0.682648788142, 0.330427513386, 0.854843427283, 0.362946779426, 0.73813613532, 0.212750792165, 0.37214491403, 1.70471725447, 7.26369638575e-194, 2.45870500535e-12, 1.49736160803e-05, 1.15677898756e-69
0.999831137117, 0.365045104848, 0.999145654199, 0.862441209713, 0.905510026884, 0.286021963777, 0.621963238639, 0.0513462388428, 0.460843349563, 0.664980140813, 0.746563839995, 0.690163517759, 0.698453925787, 0.094630390139, 0.00592608139417, 3.4820699922e-09, 0.0457983343147, 1.24516837475e-45, 1.75519886686
