0.101969057093, 0.00089884430381, 0.079399884002, 0.00804222494628, 0.0528869057691, 0.149533970027, 0.147484665101, 0.100414512105, 0.659495337202, 0.486347651994, 0.33859115737, 0.6090046772, 0.148826103003, 0.000535063114266, 0.0834615409183, 0.117834130124, 0.142922310644, 0.724159498696, 0.199512057748, 0.412537894016, 0.0358140961326, 0.195349164269, 0.70932891756, 0.0652438202747, 0.101969057093, 0.00089884430381, 0.079399884002, 0.00804222494628, 22.0484161993
0.000401294448789, 0.00388715915445, 0.346475221332, 0.0147929990915, 0.0500090379451, 0.2053440443, 0.0311539478988, 0.155737956441, 0.594495542214, 0.386575818347, 0.0222605608243, 0.604008597471, 0.15121013696, 0.206678083374, 0.161450581502, 0.0416643052369, 0.143837010722, 0.719100832721, 0.199946297797, 0.408992129574, 0.524288855094, 0.00805900337543, 0.228835805993, 0.432074519829, 0.000401294448789, 0.00388715915445, 0.346475221332, 0.0147929990915, 21.8164844505
0.00248022055895, 0.000696299223568, 0.0112635474574, 0.0598055777991, 0.0495399022942, 0.203139546462, 0.282067459214, 0.0992785183528, 0.0030794444435, 0.458422552734, 0.142857471442, 0.391756237465, 0.0329666468878, 0.454210668339, 0.858937413164, 0.106098779432, 0.107895971983, 0.000408065683014, 0.196937652637, 0.05899268089, 0.0388554545047, 0.505094166881, 0.0617072213452, 0.0557093973888, 0.00248022055895, 0.000696299223568, 0.0112635474574, 0.0598055777991, 19.2269004802
0.0164699895129, 0.000419980575392, 0.0177885056242, 0.164039272393, 0.0107000638034, 0.307345904524, 0.023211899663, 0.15198775827, 0.0369078983274, 0.0914778627401, 0.00758983996118, 0.626519547872, 0.158415612278, 0.212195971012, 0.171038431802, 0.0411619176753, 0.131521523141, 0.724443609504, 0.230949907529, 0.00640746779214, 0.182892502874, 0.498072949753, 0.115270647147, 0.230699901384, 0.0164699895129, 0.000419980575392, 0.0177885056242, 0.164039272393, 18.8533165703
0.0156484303941, 0.360777343112, 0.017788116224, 0.152072646578, 0.0374376644008, 0.0805654747124, 0.0184819542235, 0.107031331059, 0.629899068859, 0.112792752096, 0.00483188012303, 0.0332158700815, 0.0684249622554, 0.0109811093043, 0.158385486351, 0.35805261045, 0.146076506131, 0.107931253304, 0.199683289927, 0.0241478326657, 0.054202392739, 0.37836129737, 0.0571202872941, 0.0557717648657, 0.0156484303941, 0.360777343112, 0.017788116224, 0.152072646578, 15.8704105859
0.0145222427323, 0.000387746939451, 0.348250227326, 0.00804222494628, 0.0528869057691, 0.148994321569, 0.150026535064, 0.100414512105, 0.642331754191, 0.486347651994, 0.347566894346, 0.169765223725, 0.148515967004, 0.384630380758, 0.693293296948, 0.117834130124, 0.144182905195, 0.718994103844, 0.199512057748, 0.412537894016, 0.522392104623, 0.0056058882602, 0.70932891756, 0.228577002176, 0.0145222427323, 0.000387746939451, 0.348250227326, 0.00804222494628, 24.3044817854
0.944166435655, 0.0014393324598, 0.00428822989063, 0.989438699721, 0.368474522897, 0.291651096664, 0.0516769687188, 0.0776343599289, 0.0302395785416, 0.394102478951, 0.432569907316, 0.00551472671003, 0.581894781843, 0.0259093630474, 0.0848828941613, 0.865173026174, 0.29731553682, 0.0078619784316, 0.187549846509, 0.00238364523292, 0.670428604901, 0.187728889533, 0.0398924953084, 0.0687456835786, 0.944166435655, 0.0014393324598, 0.00428822989063, 0.989438699721, 20.1163702368
0.00154206650312, 0.0032926889809, 0.0850977048304, 0.00821777959893, 0.0531407535524, 0.194788587533, 0.976810965541, 0.0578458401926, 0.623494192603, 0.386305891348, 0.00776333649803, 0.178379010568, 0.515659145865, 0.304384865158, 0.262422983792, 0.051621939776, 0.430713659547, 0.378680876051, 0.197163891024, 0.230497530127, 0.535344694568, 0.459049348433, 0.00454674435254, 0.0648442169257, 0.00154206650312, 0.0032926889809, 0.0850977048304, 0.00821777959893, 23.2772960451
0.14516770912, 0.000416551482991, 0.348250227326, 0.00804222494628, 0.0528869057691, 0.0926961679861, 0.150026535064, 0.100414512105, 0.640942863956, 0.385789097726, 0.708366367065, 0.169877181135, 0.148515967004, 0.383912444308, 0.161282112959, 0.113328918071, 0.143216971187, 0.718994103844, 0.199946068815, 0.409338922713, 0.522392104623, 0.00389918758673, 0.0673486410777, 0.228577002176, 0.14516770912, 0.000416551482991, 0.348250227326, 0.00804222494628, 22.0540493279
0.000246709851003, 0.271009363742, 0.406671521932, 0.0177282561415, 0.0996272171045, 0.294912136792, 0.272292931108, 0.106101162493, 0.658292789376, 0.246639753313, 0.221270905583, 0.0280627536287, 0.147492740499, 0.452461321346, 0.722147260276, 0.0485622626807, 0.297122678297, 0.0087191145386, 0.225580830531, 0.00222586471573, 0.0765371466013, 0.17119001646, 0.227771417281, 0.423317259383, 0.000246709851003, 0.271009363742, 0.406671521932, 0.0177282561415, 20.5500794552
0.0887727053363, 0.00291416358569, 0.000111175164718, 0.00325537988069, 0.391772759202, 0.179823312399, 0.874017293437, 0.0641469163828, 0.642060484842, 0.241913819226, 0.461553354566, 0.0123811274171, 0.2928808841, 0.202970620563, 0.16000368924, 0.204369643147, 0.97844768232, 0.00124795646015, 0.230993474377, 0.407754849675, 0.0207380207615, 0.186029982644, 0.0607011970291, 0.228003263143, 0.0887727053363, 0.00291416358569, 0.000111175164718, 0.00325537988069, 23.1160628326
0.0212508638274, 0.63178443421, 0.34325464992, 0.0208209134605, 0.0385640635966, 0.208999073163, 0.272373099737, 0.0644250991609, 0.0622152274486, 0.73029170391, 0.0100385543393, 0.0350784199984, 0.123124754445, 0.454081315366, 0.158398777051, 0.209743762218, 0.289355493978, 0.0162437818861, 0.198884067688, 0.0219149629056, 0.17253895055, 0.198108577369, 0.173588604211, 0.0598122103846, 0.0212508638274, 0.63178443421, 0.34325464992, 0.0208209134605, 17.7596911391
0.00123036145423, 0.000140924313291, 0.000636739759094, 0.0083284701379, 0.049611684865, 0.151724304254, 0.987444527583, 0.0580920827891, 0.0647703166206, 0.768047388063, 0.393100359499, 0.0019897578026, 0.00217895934521, 0.22938529996, 0.280321402579, 0.0686555274073, 0.920021979854, 0.715291343594, 0.198557273895, 0.0145681947685, 0.42179252067, 0.470418142227, 0.00728253996867, 0.0955219277293, 0.00123036145423, 0.000140924313291, 0.000636739759094, 0.0083284701379, 23.270322742
0.0991068567582, 0.00543990280695, 0.00143914886775, 0.00471969031166, 0.0360457057513, 0.204796826324, 0.113250898638, 0.105912373203, 0.65941913259, 0.386162838514, 0.00148991258194, 0.596840912251, 0.123792149856, 0.00161076948313, 0.0773302887506, 0.177386061612, 0.436396323621, 0.00880376412638, 0.291968891256, 0.0158908608513, 0.0433548955543, 0.195604913157, 0.234953214705, 0.0635526893996, 0.0991068567582, 0.00543990280695, 0.00143914886775, 0.00471969031166, 18.4652932824
0.0695540016509, 0.264817541192, 0.000131436481822, 0.00915240418283, 0.392215163641, 0.179920200159, 0.874017293437, 0.0886909055674, 0.815251222277, 0.0795030366314, 0.0146446038448, 0.031044739266, 0.148854815197, 0.203594565596, 0.16000368924, 0.395716607135, 0.959492128868, 0.0424744777948, 0.191531344961, 0.407754849675, 0.0207380207615, 0.195627031091, 0.0607011970291, 0.425038496286, 0.0695540016509, 0.264817541192, 0.000131436481822, 0.00915240418283, 22.7015715097
0.000117083986876, 0.641413909058, 0.34325464992, 0.0208209134605, 0.0462264790541, 0.208999073163, 0.0234381805695, 0.611866669173, 0.0622152274486, 0.146269149373, 0.0117921661707, 0.390029624747, 0.119039815956, 0.449154299962, 0.156786248031, 0.0268869107803, 0.288981741924, 0.76158453891, 0.198385043062, 0.0206626580676, 0.244909028915, 0.198108577369, 0.234141045297, 0.0611425653996, 0.000117083986876, 0.641413909058, 0.34325464992, 0.0208209134605, 19.4614868363
0.0160952958744, 0.000419980575392, 0.0177885056242, 0.158045557899, 0.0318770095001, 0.309147714962, 0.0315275223946, 0.0641874349409, 0.0369078983274, 0.0914778627401, 0.0156075415966, 0.44457338965, 0.292121098406, 0.591945919177, 0.394404710736, 0.0366426483298, 0.131521523141, 0.720168708074, 0.230657320951, 0.0206019924032, 0.182892502874, 0.498072949753, 0.115270647147, 0.230699901384, 0.0160952958744, 0.000419980575392, 0.0177885056242, 0.158045557899, 20.0033968675
0.000271503775635, 0.0346552484052, 0.00891780819182, 0.00294217828296, 0.389632511669, 0.176948268734, 0.0174368183472, 0.0777666252523, 0.623138107607, 0.457260002332, 0.0109603017205, 0.177886943976, 0.461806542988, 0.385020500592, 0.077413207515, 0.175056198908, 0.111536308917, 0.00882988382673, 0.280629278933, 0.41380367175, 0.510641946439, 0.522742751699, 0.0399853800844, 0.43562340498, 0.000271503775635, 0.0346552484052, 0.00891780819182, 0.00294217828296, 22.0369602242
0.0979253918598, 1.38807359276e-05, 0.0818587462088, 0.148211313132, 0.0935193255567, 0.208413215805, 0.0223554285963, 0.0783276586035, 0.65901610423, 0.453903459387, 0.00148991258194, 0.0347836948816, 0.123792149856, 0.0935972009971, 0.0773003736758, 0.0456663910478, 0.436396323621, 0.00561133759253, 0.195941482785, 0.0226869887918, 0.164967658328, 0.195913361253, 0.119197797956, 0.0635530500227, 0.0979253918598, 1.38807359276e-05, 0.0818587462088, 0.148211313132, 16.8855728781
0.149811290017, 0.0121018783991, 0.0174121011486, 0.0408042182461, 0.0330906392137, 0.204330986282, 0.0190764690398, 0.0980968257101, 0.0103800966991, 0.832064589007, 0.351660277942, 0.177587031932, 0.164678186684, 0.139292468784, 0.0268991559162, 0.376659041095, 0.150174137459, 0.173574602351, 0.200086090321, 0.0496927660061, 0.117305937298, 0.184582160953, 0.0758336970752, 0.20937933992, 0.149811290017, 0.0121018783991, 0.0174121011486, 0.0408042182461, 18.032768514
0.00339514817388, 0.261025402544, 0.013699399389, 0.00127689509775, 0.0452480277649, 0.315980192931, 0.950347314674, 0.666351875212, 0.761595609899, 0.390439118416, 0.440124741811, 0.389159766679, 0.427436575378, 0.0196302024207, 0.670221596811, 0.0397677245035, 0.760609196303, 0.0109190897338, 0.198328103807, 0.356023992382, 0.246893242767, 0.194665859968, 0.227959451934, 0.559417102575, 0.00339514817388, 0.261025402544, 0.013699399389, 0.00127689509775, 27.1714972706
0.968513512429, 6.02136129152e-05, 0.0175379694285, 0.037045094534, 0.0567530279956, 0.734795750231, 0.0322155403193, 0.0778974232188, 0.0170937750859, 0.0975001310371, 0.354994185567, 0.177931882931, 0.120870907315, 0.15383642949, 0.0734484588894, 0.384271834718, 0.956445839859, 0.176819364054, 0.198574893074, 0.252466079043, 0.11712133729, 0.34748082047, 0.0769665563944, 0.209435035744, 0.968513512429, 6.02136129152e-05, 0.0175379694285, 0.037045094534, 20.1813661928
0.0010675951873, 0.0034734386129, 0.126115286972, 0.167692547816, 0.0476915542236, 0.732829342991, 0.023801448968, 0.106102869833, 0.653285112465, 0.241291950404, 0.00841710638033, 0.0360736703506, 0.151324434915, 0.0265260542223, 0.0885465088746, 0.395609353292, 0.420222872826, 0.00466080720666, 0.785766327876, 0.0101330285459, 0.122226062074, 0.445821133761, 0.242900190694, 0.065090903729, 0.0010675951873, 0.0034734386129, 0.126115286972, 0.167692547816, 20.2776069056
0.101647477737, 0.000899168982107, 0.0818587462088, 0.00522882503806, 0.0362743128641, 0.204796826324, 0.279330274694, 0.105912373203, 0.65941913259, 0.386162838514, 0.00148991258194, 0.6108848584, 0.148829483096, 0.00161076948313, 0.08704807962, 0.175598205529, 0.306281087012, 0.00982962874774, 0.195855984191, 0.255544713068, 0.0433548955543, 0.195604913157, 0.174179949963, 0.0635526893996, 0.101647477737, 0.000899168982107, 0.0818587462088, 0.00522882503806, 18.8201763126
0.944166435655, 0.0050080816925, 0.00498682934714, 0.989438699721, 0.368474522897, 0.197967571133, 0.113546053346, 0.0777207997118, 0.659253620247, 0.393993716289, 0.00321404957437, 0.00570213886201, 0.12371595332, 0.0259093630474, 0.0771802094997, 0.168117158324, 0.29731553682, 0.00879585196848, 0.187549846509, 1.74329472844e-05, 0.0912458645268, 0.187728889533, 0.039065029794, 0.0655360780164, 0.944166435655, 0.0050080816925, 0.00498682934714, 0.989438699721, 16.620977919
0.497402985673, 0.00543990280695, 0.0818587462088, 0.00471969031166, 0.0362743128641, 0.174638371209, 0.118485876317, 0.105912373203, 0.616582635276, 0.386162838514, 0.00148991258194, 0.223924981364, 0.123253451341, 0.00161076948313, 0.0776503594425, 0.175598205529, 0.160014758736, 0.00880376412638, 0.195941482785, 0.277092589585, 0.0433548955543, 0.195604913157, 0.0572884579232, 0.0635526893996, 0.497402985673, 0.00543990280695, 0.0818587462088, 0.00471969031166, 16.8273983748
0.000271503775635, 0.648271421152, 0.00887263583992, 0.00294183839443, 0.389632511669, 0.176948268734, 0.278260976278, 0.0777666252523, 0.620021752596, 0.458409259811, 0.14569614153, 0.386176090453, 0.461806542988, 0.28709197182, 0.854578366162, 0.175052971223, 0.111536308917, 0.00972149474677, 0.197399343364, 0.41380367175, 0.0429430649901, 0.504678076449, 0.0400078207869, 0.0518929389531, 0.000271503775635, 0.648271421152, 0.00887263583992, 0.00294183839443, 22.6934302267
0.309306603096, 0.618131978175, 0.066027765588, 0.00922456187971, 0.0539395107482, 0.0866884251723, 0.018560978911, 0.346686038195, 0.00778052481464, 0.452448374006, 0.353561399056, 0.00460567652385, 0.0687078355043, 0.204727446664, 0.158385486351, 0.35805261045, 0.146076506131, 0.109801002587, 0.199519737122, 0.397459958869, 0.054202392739, 0.37836129737, 0.0625534807537, 0.0556851402034, 0.309306603096, 0.618131978175, 0.066027765588, 0.00922456187971, 17.7976327555
0.00277339337044, 5.8699349002e-05, 0.118766276798, 0.142839300015, 0.0234305224548, 0.201843735104, 0.377565740886, 0.346413696275, 0.00764698666969, 0.105473363252, 0.149294128871, 0.548183437618, 0.0767649155138, 0.752474301965, 0.391492746314, 0.366968883896, 0.426788988864, 0.172288267061, 0.509557681001, 0.408733210254, 0.054202392739, 0.486295068017, 0.0624525597354, 0.545365188242, 0.00277339337044, 5.8699349002e-05, 0.118766276798, 0.142839300015, 23.4398004674
0.14139691836, 0.340520511365, 0.000954603776668, 0.00832793931695, 0.0496016493442, 0.147527229738, 0.0306634549825, 0.151576213162, 0.0650703194013, 0.499447842851, 0.389489645194, 0.60072577626, 0.000688522178409, 0.00695551979562, 0.0884548083643, 0.418991001026, 0.289593722586, 0.730022455896, 0.20417908221, 0.0208176421225, 0.421797068734, 0.450861292019, 0.233220676624, 0.0723340265331, 0.14139691836, 0.340520511365, 0.000954603776668, 0.00832793931695, 20.8650078026
0.11318870561, 0.00216856814929, 0.00496331429446, 0.991386359114, 0.38498788691, 0.185947694913, 0.0308744836549, 0.105738722491, 0.721925389914, 0.451524097323, 0.447298246683, 0.173837562069, 0.194731415684, 0.583654073355, 0.1504528862, 0.867733833417, 0.130439188057, 0.0124344928323, 0.230657320951, 0.039809459588, 0.179960462698, 0.181215595844, 0.00768311370908, 0.236876573816, 0.11318870561, 0.00216856814929, 0.00496331429446, 0.991386359114, 21.7500474875
0.0986597807763, 0.00543990280695, 0.0818587462088, 0.00471969031166, 0.0362743128641, 0.204796826324, 0.113250898638, 0.105912373203, 0.65941913259, 0.386162838514, 0.00148991258194, 0.0341565116586, 0.123792149856, 0.00161076948313, 0.0773302887506, 0.175598205529, 0.436396323621, 0.00880376412638, 0.195941482785, 0.255544713068, 0.0433548955543, 0.195604913157, 0.0572884579232, 0.0635526893996, 0.0986597807763, 0.00543990280695, 0.0818587462088, 0.00471969031166, 17.1024920771
0.0116083425806, 0.63178443421, 0.00205593005885, 0.0213135094889, 0.0462264790541, 0.20912368785, 0.0307036271199, 0.0644250991609, 0.0324971986612, 0.145939017493, 0.0117921661707, 0.390029624747, 0.119039815956, 0.287258626448, 0.157424425336, 0.209743762218, 0.284474245182, 0.779619012736, 0.198385043062, 0.0216379578641, 0.17253895055, 0.195749468672, 0.234141045297, 0.0598122103846, 0.0116083425806, 0.63178443421, 0.00205593005885, 0.0213135094889, 18.1472319883
0.964993183835, 4.33998547022e-05, 0.0345421877966, 0.148842200424, 0.0567530279956, 0.734795750231, 0.0332421281757, 0.0778974232188, 0.640454149044, 0.109620989806, 0.354994185567, 0.169785677078, 0.120395416222, 0.377868741864, 0.0734484588894, 0.0502468686496, 0.9588101781, 0.177000248333, 0.198579900155, 0.258652449603, 0.666657260556, 0.352128863019, 0.18985648972, 0.234134606714, 0.964993183835, 4.33998547022e-05, 0.0345421877966, 0.148842200424, 22.8482222624
0.0672558241446, 0.000696299223568, 0.0112635474574, 0.0598095665206, 0.0495399022942, 0.177369642813, 0.282067459214, 0.0992999112352, 0.0055221379919, 0.242330312103, 0.142857471442, 0.0325820992508, 0.0342090686515, 0.454210668339, 0.166092567815, 0.105427000343, 0.109257989736, 0.000408065683014, 0.196937652637, 0.0170446957651, 0.0210161618, 0.499067289713, 0.0617072213452, 0.0557093973888, 0.0672558241446, 0.000696299223568, 0.0112635474574, 0.0598095665206, 16.1662714644
0.0982697843036, 0.274233408141, 0.0818587462088, 0.0123559787493, 0.0353202585956, 0.204081796909, 0.0316769485658, 0.0775878539315, 0.64060916887, 0.386162838514, 0.22113787256, 0.0281179794604, 0.147597806534, 0.00421978841608, 0.0783529002784, 0.0449802425136, 0.293262387529, 0.00872769615323, 0.226278159294, 0.259419211389, 0.043412338974, 0.19527385263, 0.120034103289, 0.0635526893996, 0.0982697843036, 0.274233408141, 0.0818587462088, 0.0123559787493, 16.8968521375
0.0118956237205, 0.0121018783991, 0.0177111405612, 0.0214525254334, 0.0457616573012, 0.209186142476, 0.0190764690398, 0.0980968257101, 0.0142873211615, 0.153392507731, 0.0149699829817, 0.177587031932, 0.163420436523, 0.203751196951, 0.0268991559162, 0.376659041095, 0.150588353693, 0.173574602351, 0.198256062622, 0.266160117744, 0.117307750182, 0.184582160953, 0.0767034711124, 0.211277500913, 0.0118956237205, 0.0121018783991, 0.0177111405612, 0.0214525254334, 16.473930954
0.00922342217686, 0.00492050095998, 0.0096021298356, 0.983489779851, 0.49824232312, 0.424348927497, 0.227124840723, 0.142803579613, 0.245506879896, 0.444163453695, 0.0172588365887, 0.0349996503607, 0.179104612726, 0.0267123878819, 0.142693628276, 0.0589701905689, 0.127813385339, 0.0152272274259, 0.225034507985, 0.360506476033, 0.0948615639898, 0.441863132082, 0.172393446901, 0.125895584915, 0.00922342217686, 0.00492050095998, 0.0096021298356, 0.983489779851, 18.8412537322
0.00102114112521, 0.00197570204463, 0.406671521932, 0.0177282561415, 0.0999333234565, 0.296406063666, 0.272292931108, 0.106101162493, 0.658292789376, 0.246639753313, 0.221270905583, 0.0280627536287, 0.151281836698, 0.452461321346, 0.0525820131381, 0.0485622626807, 0.297122678297, 0.0087191145386, 0.225580830531, 0.0262259694424, 0.660091459395, 0.17119001646, 0.227771417281, 0.0667475129855, 0.00102114112521, 0.00197570204463, 0.406671521932, 0.0177282561415, 19.6879940172
0.0024481377661, 0.328928775055, 0.00992948142951, 0.164123949012, 0.0288589712018, 0.758587840598, 0.0234433478765, 0.151576213162, 0.0697593349706, 0.767802752501, 0.00758227008644, 0.176521051702, 0.157840754328, 0.211632357092, 0.170629538815, 0.0411061492641, 0.289593722586, 0.0152316191517, 0.20417908221, 0.415591448918, 0.421797068734, 0.450861292019, 0.394283107806, 0.0975076049223, 0.0024481377661, 0.328928775055, 0.00992948142951, 0.164123949012, 20.813036447
0.963501437056, 4.33998547022e-05, 0.0345421877966, 0.148842200424, 0.0146111721951, 0.764487583361, 0.90865783485, 0.0748355497953, 0.640454149044, 0.109620989806, 0.354994185567, 0.169785677078, 0.283126257178, 0.356104826363, 0.0734484588894, 0.198842402027, 0.9588101781, 0.177000248333, 0.198579900155, 0.0155312485005, 0.219499193747, 0.201263771633, 0.189926170531, 0.233411463251, 0.963501437056, 4.33998547022e-05, 0.0345421877966, 0.148842200424, 23.531632758
0.00339514817388, 0.261025402544, 5.51812580384e-05, 0.000307995503168, 0.680056454026, 0.144727000406, 0.971784778072, 0.666351875212, 0.761428833592, 0.390531525016, 0.44734284535, 0.390026920484, 0.194495938074, 0.575643526534, 0.176413263656, 0.0397677245035, 0.762334001255, 0.154208943639, 0.231143720677, 0.828915533382, 0.246893242767, 0.194665859968, 0.232081851616, 0.559417102575, 0.00339514817388, 0.261025402544, 5.51812580384e-05, 0.000307995503168, 29.3678310072
0.0704217833976, 0.00270399413042, 0.00031339598025, 0.0594331359219, 0.390510012657, 0.818104784861, 0.881759428708, 0.104009837839, 0.642060484842, 0.241913819226, 0.142332342507, 0.031044739266, 0.0341989221521, 0.198862586747, 0.16000368924, 0.204369643147, 0.428786404763, 0.00125116514453, 0.191531344961, 0.409221931989, 0.0208485717144, 0.186029982644, 0.0617242206005, 0.427743970201, 0.0704217833976, 0.00270399413042, 0.00031339598025, 0.0594331359219, 22.511327768
0.0106973718524, 0.00508500953911, 0.000464579592871, 0.9906751532, 0.0443048482539, 0.293223115854, 0.0184863466297, 0.0639820618035, 0.6386646977, 0.145526724398, 0.195212210662, 0.00378574194436, 0.597602683454, 0.450535810843, 0.160170132663, 0.865173026174, 0.2893571964, 0.00262876547973, 0.198417809542, 0.00378134441122, 0.0912458645268, 0.198098872517, 0.0687442825933, 0.0598303851567, 0.0106973718524, 0.00508500953911, 0.000464579592871, 0.9906751532, 19.7071386985
0.313212649734, 0.000428844886979, 0.348250227326, 0.00821530733057, 0.0491318157621, 0.0867230826414, 0.015413776341, 0.103513971359, 0.00139640523035, 0.386256093177, 0.355710777084, 0.16917647568, 0.148515967004, 0.357502291162, 0.161282112959, 0.113882209543, 0.146118498882, 0.718986152843, 0.199946068815, 0.408309099939, 0.00117727686388, 0.378478666915, 0.0686413246245, 0.43343745908, 0.313212649734, 0.000428844886979, 0.348250227326, 0.00821530733057, 19.5797400143
0.0890256151941, 0.00194217870874, 0.0834112142164, 0.0154350445415, 0.054716404905, 0.295955461689, 0.273354518277, 0.077898950771, 0.640730500103, 0.45802703417, 0.438081290578, 0.0978649098579, 0.460833101762, 0.378257394069, 0.0524586103302, 0.397692875715, 0.134157559056, 0.00875417409319, 0.230657320951, 0.0216145644231, 0.377831292731, 0.347118706132, 0.227944412607, 0.424012869623, 0.0890256151941, 0.00194217870874, 0.0834112142164, 0.0154350445415, 22.0922322817
0.108372241503, 0.000428844886979, 0.348250227326, 0.00821985815417, 0.0491318157621, 0.0923407867214, 0.150026535064, 0.103513971359, 0.640942863956, 0.385789097726, 0.702647497949, 0.16917647568, 0.148515967004, 0.357502291162, 0.161282112959, 0.113328918071, 0.143216971187, 0.718986152843, 0.199946068815, 0.408309099939, 0.00117727686388, 0.445755383271, 0.0686413246245, 0.43343745908, 0.108372241503, 0.000428844886979, 0.348250227326, 0.00821985815417, 22.274673613
0.00293639558422, 0.32386365383, 0.0096021298356, 0.161465348789, 0.038572606748, 0.314561194339, 0.273236495961, 0.144903055985, 0.237002448085, 0.726304902748, 0.0183930586347, 0.548874517947, 0.51060974885, 0.029752894974, 0.157903532397, 0.0589701905689, 0.31823348567, 0.01010825412, 0.226428976956, 0.361138771715, 0.0948594030974, 0.443727785577, 0.17177848165, 0.197818596233, 0.00293639558422, 0.32386365383, 0.0096021298356, 0.161465348789, 20.8767650955
0.00907352684715, 4.33998547022e-05, 0.00765889252889, 0.148850065499, 0.0514394947005, 0.759999420731, 0.0430168845201, 0.0778430118328, 0.00182380280253, 0.391705346628, 0.425627155214, 0.163993236691, 0.559496157833, 0.878846106194, 0.0565506335909, 0.0515933015815, 0.292477381698, 0.0131007304092, 0.225662882494, 0.00418437834951, 0.416630693358, 0.146951584295, 0.0641286981187, 0.230422144925, 0.00907352684715, 4.33998547022e-05, 0.00765889252889, 0.148850065499, 20.8747211893
0.309306603096, 0.61893321652, 0.0643721623148, 0.00927167954705, 0.0500265148632, 0.08754683301, 0.018560978911, 0.343107531064, 0.58902453897, 0.452448374006, 0.0205481416341, 0.00460567652385, 0.0673330545321, 0.206677995356, 0.158385486351, 0.35805261045, 0.146066826599, 0.107614039337, 0.19952280628, 0.40850308849, 0.054202392739, 0.0119672736138, 0.0625534807537, 0.0556851402034, 0.309306603096, 0.61893321652, 0.0643721623148, 0.00927167954705, 17.5393394637
0.0171149903929, 0.60444646014, 0.00494369594721, 0.00804222494628, 0.0523549330325, 0.149482960435, 0.0282212788751, 0.100414512105, 0.640973877107, 0.111931683765, 0.352525114309, 0.192264636796, 0.118888592198, 0.384630380758, 0.149826727984, 0.118776951151, 0.140153164972, 0.718994103844, 0.198390234448, 0.0176771724772, 0.535742788059, 0.0104079575066, 0.71530138853, 0.0475151983582, 0.0171149903929, 0.60444646014, 0.00494369594721, 0.00804222494628, 20.7168471944
0.00038146689782, 0.00209139379467, 0.113726379826, 0.978925113087, 0.403876536899, 0.185718311508, 0.221148009077, 0.730892560696, 0.611677583377, 0.385965165607, 0.447526337679, 0.701018039171, 0.29201219477, 0.204140951191, 0.15389786922, 0.392296409682, 0.132432400712, 0.172229661031, 0.230366153366, 0.0400915752391, 0.0420071337578, 0.444446542018, 0.0137915110047, 0.0590263567309, 0.00038146689782, 0.00209139379467, 0.113726379826, 0.978925113087, 22.9535164188
0.0115015883591, 0.63178443421, 0.34325464992, 0.0208209134605, 0.0462264790541, 0.208999073163, 0.0234381805695, 0.0644250991609, 0.0622152274486, 0.146269149373, 0.0117921661707, 0.390029624747, 0.119039815956, 0.449154299962, 0.15739845494, 0.209743762218, 0.289355493978, 0.766248861235, 0.198385043062, 0.0207806339475, 0.17253895055, 0.198108577369, 0.234141045297, 0.0598122103846, 0.0115015883591, 0.63178443421, 0.34325464992, 0.0208209134605, 18.5008335011
0.0698075328837, 0.00235758322368, 0.00238707378296, 0.00734833891716, 0.393449919088, 0.301360299723, 0.877127865971, 0.724423452416, 0.642060484842, 0.242054519034, 0.430096657704, 0.031044739266, 0.148854815197, 0.196383073583, 0.16000368924, 0.204369643147, 0.97844768232, 0.00648360713992, 0.191531344961, 0.407754849675, 0.0948768954836, 0.61014240845, 0.0550805461882, 0.427743970201, 0.0698075328837, 0.00235758322368, 0.00238707378296, 0.00734833891716, 26.0034477483
0.0156484303941, 0.619739748484, 0.0176603213818, 0.0162720457985, 0.0408900296984, 0.0838485443171, 0.0185349093124, 0.158878680839, 0.000291081052893, 0.115078462731, 0.348852952205, 0.00460567652385, 0.292387689699, 0.312049073483, 0.158385486351, 0.35805261045, 0.430707614255, 0.109801002587, 0.199523157659, 0.408964038866, 0.054202392739, 0.37836129737, 0.0620201532917, 0.0556851402034, 0.0156484303941, 0.619739748484, 0.0176603213818, 0.0162720457985, 18.0218916709
0.952279068006, 0.00508500953911, 0.00428822989063, 0.989438699721, 0.0443048482539, 0.293223115854, 0.0184863466297, 0.0777802067135, 0.6386646977, 0.393474014052, 0.195212210662, 0.00551472671003, 0.582788193012, 0.0259093630474, 0.0867887627149, 0.865173026174, 0.289927512232, 0.00302775293064, 0.198417809542, 0.263620807766, 0.0912458645268, 0.187787180924, 0.076915822467, 0.0662756832852, 0.952279068006, 0.00508500953911, 0.00428822989063, 0.989438699721, 19.5325999156
0.944166435655, 0.0050080816925, 0.00428822989063, 0.989438699721, 0.368474522897, 0.291651096664, 0.051759526696, 0.0776343599289, 0.639993823999, 0.394102478951, 0.195212210662, 0.00551472671003, 0.581894781843, 0.0259093630474, 0.0867887627149, 0.865173026174, 0.29731553682, 0.00784065061507, 0.187549846509, 1.74329472844e-05, 0.0912458645268, 0.187728889533, 0.0398924953084, 0.0655379008515, 0.944166435655, 0.0050080816925, 0.00428822989063, 0.989438699721, 19.6501101176
0.00157357819088, 0.00500887339679, 0.0825224829621, 0.0133228381511, 0.0512348125735, 0.196575297256, 0.10975273314, 0.0574901025712, 0.244492297858, 0.477928336989, 0.0032997942289, 0.0019897578026, 0.123484555236, 0.228658530427, 0.15957143116, 0.0452155207377, 0.990276249057, 0.721806422494, 0.281872841468, 0.00141329014684, 0.948008153406, 0.187803270586, 0.00711739816741, 0.00853178460636, 0.00157357819088, 0.00500887339679, 0.0825224829621, 0.0133228381511, 20.8787637894
0.00038146689782, 0.000122718960829, 0.113726379826, 0.161627786675, 0.403876536899, 0.300092950106, 0.221478683546, 0.730892560696, 0.611634240754, 0.386268171868, 0.0148335398564, 0.701018039171, 0.29201219477, 0.202263539271, 0.692448768297, 0.39050247486, 0.132446573252, 0.172229661031, 0.230366153366, 0.012729148328, 0.0420071337578, 0.444446542018, 0.686787705596, 0.0572106335413, 0.00038146689782, 0.000122718960829, 0.113726379826, 0.161627786675, 25.0325723762
0.00277339337044, 4.18138145496e-06, 0.0105197910951, 0.142839300015, 0.0235219239029, 0.312391834972, 0.377565740886, 0.34376646549, 0.00244411365572, 0.7029374996, 0.149294128871, 0.548183437618, 0.0767649155138, 0.762015251354, 0.391492746314, 0.366968883896, 0.426788988864, 0.172288267061, 0.219531535188, 0.407377387306, 0.054202392739, 0.486295068017, 0.0628957609515, 0.545365188242, 0.00277339337044, 4.18138145496e-06, 0.0105197910951, 0.142839300015, 24.4182462027
0.00345510072744, 0.627920880563, 0.016553736524, 9.78097367993e-05, 0.681963624454, 0.0917966336036, 0.0279286864675, 0.0991781672979, 0.659833105481, 0.189542162186, 0.442225890532, 0.173800088545, 0.119179199738, 0.750727992473, 0.0769667842301, 0.0244440139158, 0.763185419148, 0.761574703491, 0.198484951761, 0.845522976615, 0.246498851945, 0.48909813867, 0.0596141898284, 0.523039709484, 0.00345510072744, 0.627920880563, 0.016553736524, 9.78097367993e-05, 26.1731831748
0.00876085960661, 0.000459709904612, 0.866845468218, 0.167658139833, 0.0116183233008, 0.734795750231, 0.976496528767, 0.077803366828, 0.651156672685, 0.45504414285, 0.0105293722761, 0.180662272112, 0.149557771245, 0.360408310032, 0.0734484588894, 0.0515933015815, 0.0881294945589, 0.732874708441, 0.198521043973, 0.025756964047, 0.416578920219, 0.0822456579681, 0.0649567935125, 0.229647409214, 0.00876085960661, 0.000459709904612, 0.866845468218, 0.167658139833, 22.1903929155
0.0039174121858, 0.00171328805957, 0.302356870654, 0.00804222494628, 0.408012837046, 0.219371415385, 0.150026535064, 0.0880537918084, 0.640942863956, 0.385789097726, 0.648164318884, 0.0278185486957, 0.573890374241, 0.289323465203, 0.161282112959, 0.113328918071, 0.143216971187, 0.0490103609823, 0.191586485587, 0.407754659262, 0.020799601692, 0.00389918758673, 0.0673486410777, 0.426901720049, 0.0039174121858, 0.00171328805957, 0.302356870654, 0.00804222494628, 21.2216957433
0.00136912582739, 0.00216856814929, 0.0842778076596, 0.00707154734473, 0.680588318767, 0.803459071167, 0.0274159583274, 0.10487087801, 0.639983517921, 0.45553587521, 0.553228327243, 0.594792199402, 0.184836776306, 0.340415825345, 0.0910815256888, 0.0463513429603, 0.127122198638, 0.0405512508108, 0.611453842232, 0.397973635392, 0.0327568257547, 0.499400193683, 0.0658672724713, 0.0565627318947, 0.00136912582739, 0.00216856814929, 0.0842778076596, 0.00707154734473, 24.2689164197
0.93768560868, 0.000142535864884, 0.00430367848825, 0.982500021778, 0.038572606748, 0.31495667982, 0.272292931108, 0.0847091172914, 0.234962349468, 0.726304902748, 0.207438700437, 0.0351074154246, 0.50855609876, 0.0267123878819, 0.141856886045, 0.0373724655827, 0.291569356114, 0.01010825412, 0.187287471647, 0.347491156219, 0.0950413691707, 0.441863132082, 0.173348446106, 0.197818596233, 0.93768560868, 0.000142535864884, 0.00430367848825, 0.982500021778, 19.441921024
0.00117785802258, 0.0027603825027, 0.010693003754, 0.0646407191912, 0.0467148779299, 0.839379753289, 0.534838860305, 0.0985389226291, 0.00763486359274, 0.188732348167, 0.000322255200103, 0.00728008799834, 0.145247714257, 0.0264664107919, 0.0941072072794, 0.0555546469825, 0.290579489005, 0.0089209124526, 0.383875561724, 0.00049914733542, 0.427889315298, 0.505544363301, 0.0397461998185, 0.0681460813059, 0.00117785802258, 0.0027603825027, 0.010693003754, 0.0646407191912, 18.46565132
0.000129441386987, 0.644346675658, 0.016553736524, 9.78097367993e-05, 0.0477003677261, 0.0890684847067, 0.0222688624182, 0.617195666706, 0.661033048283, 0.451396043033, 0.438719769041, 0.0335490954813, 0.119179199738, 0.303182074161, 0.112240948117, 0.0172845922614, 0.17471342303, 0.761574703491, 0.774255557578, 0.410047864647, 0.210655729758, 0.176806877902, 0.0785963462669, 0.425441203641, 0.000129441386987, 0.644346675658, 0.016553736524, 9.78097367993e-05, 23.2384530352
0.00123036145423, 0.000140924313291, 0.00697018526017, 0.00827273986207, 0.0512348125735, 0.753041191759, 0.987444527583, 0.0580920827891, 0.0647703166206, 0.768047388063, 0.0176258433074, 0.0019897578026, 0.175866011601, 0.22938529996, 0.280321402579, 0.0686555274073, 0.925809136238, 0.715495464093, 0.198557273895, 0.834181663055, 0.421162071074, 0.470418142227, 0.00728253996867, 0.0955219277293, 0.00123036145423, 0.000140924313291, 0.00697018526017, 0.00827273986207, 26.0276374136
0.00876085960661, 0.000459709904612, 0.888029159057, 0.167658139833, 0.00591246790124, 0.178198168354, 0.976496528767, 0.077803366828, 0.651156672685, 0.45504414285, 0.0105293722761, 0.17790845418, 0.149557771245, 0.360408310032, 0.0734644854233, 0.0525777779891, 0.111762186817, 0.750567187398, 0.280352427698, 0.025756964047, 0.416578920219, 0.0822456579681, 0.0396793242952, 0.436372870494, 0.00876085960661, 0.000459709904612, 0.888029159057, 0.167658139833, 21.6191182309
0.0116083425806, 0.63178443421, 0.341166755225, 0.0213114081524, 0.0462264790541, 0.198269612298, 0.0307036271199, 0.0644250991609, 0.0376415123178, 0.145939017493, 0.0117921661707, 0.370653180626, 0.149285512025, 0.265132602721, 0.17148814044, 0.209743762218, 0.284474245182, 0.790252051754, 0.198385043062, 0.0602021648051, 0.16035634286, 0.193630089306, 0.234175018509, 0.0598122103846, 0.0116083425806, 0.63178443421, 0.341166755225, 0.0213114081524, 18.1743220533
0.0649280774548, 0.0014393324598, 0.00568012989758, 0.0159911421366, 0.368474522897, 0.291651096664, 0.0516769687188, 0.0778425342026, 0.00715667212653, 0.394102478951, 0.432569907316, 0.167703551169, 0.581894781843, 0.395414498934, 0.0909206627616, 0.865173026174, 0.29731553682, 0.00714304578644, 0.200380981347, 0.00238364523292, 0.670428604901, 0.187728889533, 0.0398924953084, 0.227271173196, 0.0649280774548, 0.0014393324598, 0.00568012989758, 0.0159911421366, 22.032144644
0.0889157042889, 3.63391233274e-05, 0.0847689770655, 0.0154350445415, 0.0546632904773, 0.317846944403, 0.0282884720513, 0.077898950771, 0.640729321816, 0.381513155193, 0.00507128312616, 0.0978649098579, 0.123689571334, 0.00656223995863, 0.0707627311159, 0.176462777241, 0.425364020631, 0.00660263234304, 0.230657320951, 0.0196418728696, 0.415692076435, 0.352583930415, 0.19367307819, 0.424620299306, 0.0889157042889, 3.63391233274e-05, 0.0847689770655, 0.0154350445415, 19.065816251
0.0257493987297, 0.63178443421, 0.00205593005885, 0.0213135094889, 0.0462264790541, 0.20912368785, 0.032878290212, 0.0644250991609, 0.0313788489907, 0.145939017493, 0.0117921661707, 0.390029624747, 0.119039815956, 0.287258626448, 0.157424425336, 0.209743762218, 0.284543595524, 0.767925851183, 0.225711679297, 0.0212586715555, 0.0937022964241, 0.195749468672, 0.234141045297, 0.0598122103846, 0.0257493987297, 0.63178443421, 0.00205593005885, 0.0213135094889, 18.0044551995
0.00339514817388, 0.261637037703, 5.51812580384e-05, 0.000497725909609, 0.410092805351, 0.82899881439, 0.377590771191, 0.65527580763, 0.00276543078846, 0.091695902337, 0.448491275334, 0.555645315497, 0.202722587679, 0.17659071948, 0.385874886125, 0.0318502817581, 0.444104295929, 0.154208943639, 0.231143720677, 0.824974805721, 0.24764028009, 0.187001298911, 0.183334373215, 0.545384360061, 0.00339514817388, 0.261637037703, 5.51812580384e-05, 0.000497725909609, 25.6357641733
0.00105960810535, 0.00350006472591, 0.0204125068299, 0.147881088474, 0.046686639303, 0.734790934841, 0.379231727285, 0.0994176639487, 0.651994326695, 0.736889706424, 0.00819671333546, 0.180662272112, 0.154819756526, 0.37907421635, 0.0734484588894, 0.392551118049, 0.412592536928, 0.0113503380654, 0.198521043973, 0.00974304528036, 0.0421519572872, 0.506159171285, 0.0647650039269, 0.230422144925, 0.00105960810535, 0.00350006472591, 0.0204125068299, 0.147881088474, 21.9016538473
0.0704217833976, 0.00270399413042, 0.000131436481822, 0.0077302272099, 0.391772759202, 0.179823312399, 0.874017293437, 0.72487534411, 0.642060484842, 0.241913819226, 0.44092307021, 0.031044739266, 0.148854815197, 0.202970620563, 0.16000368924, 0.204369643147, 0.97844768232, 0.00124795646015, 0.191531344961, 0.407754849675, 0.0207380207615, 0.186029982644, 0.0607011970291, 0.427743970201, 0.0704217833976, 0.00270399413042, 0.000131436481822, 0.0077302272099, 24.6399618109
0.000371107116383, 0.00216856814929, 0.0842778076596, 0.00707154734473, 0.39121615719, 0.803459071167, 0.0274159583274, 0.10487087801, 0.639983517921, 0.45553587521, 0.553228327243, 0.585593182048, 0.18485150725, 0.340415825345, 0.16075566839, 0.0464220653683, 0.995942946871, 0.0405512508108, 0.611453842232, 0.397973635392, 0.0331245775773, 0.499400193683, 0.0550958806688, 0.0565627318947, 0.000371107116383, 0.00216856814929, 0.0842778076596, 0.00707154734473, 25.6843912061
0.00312379162408, 0.266119844974, 9.28461436264e-05, 0.00907411315342, 0.391848426019, 0.219902705259, 0.874017293437, 0.0886909055674, 0.642417812248, 0.241913819226, 0.447721960636, 0.031044739266, 0.567868950052, 0.288611617484, 0.16000368924, 0.400677193897, 0.97844768232, 0.0426918625476, 0.191531344961, 0.407754849675, 0.0207380207615, 0.195746305011, 0.0662788337435, 0.427743970201, 0.00312379162408, 0.266119844974, 9.28461436264e-05, 0.00907411315342, 24.9617142784
2.27750942228e-05, 0.623771720438, 0.066027765588, 0.00926550877237, 0.0318582922306, 0.0866884251723, 0.018560978911, 0.346686038195, 0.639268419734, 0.452448374006, 0.553019807603, 0.00460567652385, 0.0687078355043, 0.213065048269, 0.158385486351, 0.35805261045, 0.140708591791, 0.108341000168, 0.199519737122, 0.35496225875, 0.054202392739, 0.377064671241, 0.0625534807537, 0.0556851402034, 2.27750942228e-05, 0.623771720438, 0.066027765588, 0.00926550877237, 19.5651740407
0.000129441386987, 0.641213912127, 0.016553736524, 9.78097367993e-05, 0.0542278140221, 0.0990180569713, 0.0222688624182, 0.613764697023, 0.661249565253, 0.462267615743, 0.438719769041, 0.40159175235, 0.119179199738, 0.303182074161, 0.112008036749, 0.0248521095858, 0.763185419148, 0.761574703491, 0.200077575218, 0.409550153352, 0.245130852101, 0.176806877902, 0.0767938358494, 0.425441203641, 0.000129441386987, 0.641213912127, 0.016553736524, 9.78097367993e-05, 24.2424396119
0.000163502230628, 0.00549722710456, 0.000448629545015, 0.00474915341675, 0.0500801349332, 0.278332303071, 0.117944884511, 0.157657455633, 0.623576793764, 0.386299925816, 0.00782212385062, 0.620886051621, 0.291418194991, 0.307315416583, 0.111078232562, 0.0513341570841, 0.430693094514, 0.0102436320122, 0.199779036886, 0.00462930451833, 0.426855508529, 0.512605353462, 0.23595063635, 0.23371600915, 0.000163502230628, 0.00549722710456, 0.000448629545015, 0.00474915341675, 21.3791426821
0.0085740358961, 0.00200463137338, 0.86657941551, 0.000497725909609, 0.0162189964024, 0.145324987539, 0.378267133722, 0.672612647084, 0.62859678543, 0.390531525016, 0.00165474110258, 0.550984082646, 0.554446731188, 0.575643526534, 0.0730187807594, 0.0319260582718, 0.429099531054, 0.154208943639, 0.229699388182, 0.824974805721, 0.24764028009, 0.187001298911, 0.0634629359312, 0.219727301673, 0.0085740358961, 0.00200463137338, 0.86657941551, 0.000497725909609, 24.0352890829
0.00946108587062, 3.63391233274e-05, 0.843572473451, 0.148992898068, 0.056808449217, 0.742623926002, 0.0279938387011, 0.077898950771, 0.640730500103, 0.454579255049, 0.349527401863, 0.097894826753, 0.456861614917, 0.378257394069, 0.070838854573, 0.0498655752222, 0.126254592633, 0.029767866805, 0.197633519277, 0.0216743212271, 0.415692076435, 0.352583930415, 0.19367307819, 0.426334695808, 0.00946108587062, 3.63391233274e-05, 0.843572473451, 0.148992898068, 21.2999822368
0.000271503775635, 0.648271421152, 0.00891780819182, 0.00294183839443, 0.389632511669, 0.176948268734, 0.017419910965, 0.0777666252523, 0.623138107607, 0.457260002332, 0.0115599002132, 0.177886943976, 0.461806542988, 0.28709197182, 0.077413207515, 0.175052971223, 0.111536308917, 0.00950961442077, 0.280635727184, 0.41380367175, 0.510641946439, 0.522742751699, 0.0399853800844, 0.43562340498, 0.000271503775635, 0.648271421152, 0.00891780819182, 0.00294183839443, 21.738301046
0.00783377350309, 6.21571477663e-05, 0.0204125068299, 0.147881088474, 0.046686639303, 0.734795750231, 0.379231727285, 0.0994176639487, 0.651994326695, 0.736889706424, 0.00819756927204, 0.180662272112, 0.559399131587, 0.374637371988, 0.0734484588894, 0.116804016809, 0.412593007068, 0.732874708441, 0.198521043973, 0.0260326529461, 0.0421519572872, 0.506159171285, 0.0647650039269, 0.230422144925, 0.00783377350309, 6.21571477663e-05, 0.0204125068299, 0.147881088474, 23.8370681895
0.0147672170068, 0.000140924313291, 0.00437674721137, 0.00827279306089, 0.0512348125735, 0.753030010295, 0.0230700159878, 0.0573157672223, 0.244492297858, 0.738483926905, 0.0176496511891, 0.0019897578026, 0.168318851095, 0.0203212411659, 0.15957143116, 0.0686555274073, 0.925809136238, 0.703502222738, 0.198557273895, 0.834181663055, 0.872534967428, 0.443868468161, 0.170324930925, 0.231526390808, 0.0147672170068, 0.000140924313291, 0.00437674721137, 0.00827279306089, 25.0343434932
0.00883006379375, 0.0165781304987, 0.0844855517167, 0.0021331928418, 0.395136723271, 0.314308534866, 0.975165932618, 0.057513641726, 0.0632553214107, 0.15050776131, 0.150897427449, 0.175350917456, 0.152276267446, 0.871037643501, 0.0724206121271, 0.0515883398607, 0.985074624655, 0.765365496703, 0.198659788225, 0.0338898596864, 0.0930051249302, 0.218466519925, 0.191126397329, 0.0613549784504, 0.00883006379375, 0.0165781304987, 0.0844855517167, 0.0021331928418, 23.4160213058
0.00123036145423, 0.000404790534794, 0.00679077631906, 0.00827273986207, 0.0512348125735, 0.145931865225, 0.971766485859, 0.0580920827891, 0.0383812624151, 0.768047388063, 0.0176258433074, 0.0019897578026, 0.175866011601, 0.231667033189, 0.172687076615, 0.0695750508058, 0.925809136238, 0.154727482068, 0.198557273895, 0.834181663055, 0.421162071074, 0.467092287767, 0.00728253996867, 0.0955219277293, 0.00123036145423, 0.000404790534794, 0.00679077631906, 0.00827273986207, 23.0631135327
0.00330550916602, 0.631810513346, 0.0165108988348, 0.000253751052498, 0.687599625227, 0.20912368785, 0.0332649563856, 0.0495968069479, 0.0313788489907, 0.145939017493, 0.443877924339, 0.389494641175, 0.119039815956, 0.287258626448, 0.157424425336, 0.209743762218, 0.778326101754, 0.767925851183, 0.225696993182, 0.0242549146008, 0.243490977796, 0.195749468672, 0.234141045297, 0.0598122103846, 0.00330550916602, 0.631810513346, 0.0165108988348, 0.000253751052498, 21.8347052717
0.0123512020748, 0.000428844886979, 0.0851781801444, 0.00821985815417, 0.0491318157621, 0.794787268097, 0.0125592816984, 0.0779146403419, 0.640942863956, 0.385789097726, 0.702647497949, 0.163970087103, 0.563004854701, 0.376658447594, 0.159350105885, 0.113328918071, 0.143216971187, 0.733038352449, 0.157241637103, 0.407909155325, 0.68036500473, 0.445755383271, 0.0686413246245, 0.43343745908, 0.0123512020748, 0.000428844886979, 0.0851781801444, 0.00821985815417, 25.9643981209
0.000721823191924, 0.00413403432186, 0.00921630829919, 0.0150491159908, 0.676843305035, 0.801887032325, 0.0195117745874, 0.0776493708662, 0.639890208806, 0.836975480443, 0.553501544086, 0.00393274227078, 0.00243543496652, 0.015792288493, 0.0907096313281, 0.0464027316194, 0.140764781589, 0.00590634536839, 0.465452318977, 0.354723434114, 0.0293679702886, 0.275709759041, 0.406099446107, 0.0542789908208, 0.000721823191924, 0.00413403432186, 0.00921630829919, 0.0150491159908, 22.3646837509
0.00339514817388, 0.635538356264, 0.016553736524, 9.78097367993e-05, 0.684023158424, 0.0917966336036, 0.0222688624182, 0.052343225395, 0.659833105481, 0.461129110277, 0.442225890532, 0.17699385759, 0.119179199738, 0.0192748838292, 0.0769667842301, 0.0248521095858, 0.763185419148, 0.761574703491, 0.198484951761, 0.841608533839, 0.246498851945, 0.48909813867, 0.224915575433, 0.523039709484, 0.00339514817388, 0.635538356264, 0.016553736524, 9.78097367993e-05, 25.3891773442
