0.312367997686, 0.750595885977, 0.0396516934985, 0.0518337355618, 0.656268922946, 0.112978458949, 0.44645161297, 0.724621152884, 0.741035530192, 0.55526576833, 0.421689546008, 0.350152199831, 0.476375073426, 0.825490808557, 0.188411225811, 0.753927254235, 0.193003416379, 0.738320599094, 0.429309644974, 0.66874985982, 0.513026598398, 0.755479219501, 0.200558857464, 0.244757434097, 0.312367997686, 0.750595885977, 0.0396516934985, 0.0518337355618, 32.0829475228
0.939162147063, 0.00434982857702, 0.334732001306, 0.0193229958086, 0.364203670977, 0.828212424261, 0.0310290200249, 0.678076899435, 0.640901683646, 0.43762013257, 0.322252388632, 0.0318519845021, 0.00248328326211, 0.286434817677, 0.398007508058, 0.519955789368, 0.287648098931, 0.767444462405, 0.198552911604, 0.404733509715, 0.508636397397, 0.446008445705, 0.231465113878, 0.429994360091, 0.939162147063, 0.00434982857702, 0.334732001306, 0.0193229958086, 27.222750959
0.336815331722, 0.162992665108, 0.000450257343271, 0.99107646316, 0.398280943681, 0.208467804725, 0.488588535607, 0.266192712478, 0.286723592465, 0.488858333105, 0.821807990688, 0.72579289219, 0.891608213435, 0.295979643375, 0.894765587838, 0.206036823429, 0.341417498577, 0.482453228255, 0.427875990622, 0.672229594403, 0.0586599700376, 0.172917748624, 0.53207627225, 0.767944621475, 0.336815331722, 0.162992665108, 0.000450257343271, 0.99107646316, 30.8329088336
0.0185880091005, 0.0330809819504, 0.0316159218613, 0.919767665524, 0.51746025761, 0.277870747257, 0.694186470801, 0.933237705923, 0.0848599332123, 0.108158025387, 0.217658516186, 0.591910679045, 0.202089862245, 0.104845955976, 0.683310837395, 0.240009627003, 0.979200159191, 0.814054676223, 0.624228514055, 0.0483848959918, 0.914449736041, 0.378733593189, 0.793066132276, 0.0664826581283, 0.0185880091005, 0.0330809819504, 0.0316159218613, 0.919767665524, 30.5039047251
0.590680455405, 0.163203414089, 0.0145420407039, 0.87556586344, 0.826944579798, 0.251739136448, 0.721915060295, 0.264342759298, 0.355861520641, 0.387249928864, 0.209463227205, 0.175829558127, 0.898626632606, 0.855004062243, 0.889434163877, 0.975265416353, 0.773792342602, 0.172558832571, 0.227053216714, 0.826494263758, 0.0586570505617, 0.26341151147, 0.539156171114, 0.76492302246, 0.590680455405, 0.163203414089, 0.0145420407039, 0.87556586344, 32.9648275374
0.333422349829, 0.420667251633, 0.837344366948, 0.630458625618, 0.345960712847, 0.00875024642372, 0.0663251548146, 0.275197529077, 0.0924207771548, 0.291143397763, 0.824254362148, 0.517262298204, 0.199456609548, 0.302095616747, 0.863939529303, 0.08170187351, 0.420306584675, 0.715094088289, 0.00596234975148, 0.298627195714, 0.122705677921, 0.310712860755, 0.666454948924, 0.637885062826, 0.333422349829, 0.420667251633, 0.837344366948, 0.630458625618, 25.3709044687
0.313249972287, 0.604262834073, 0.744652851139, 0.148800049045, 0.665613020421, 0.801885282221, 0.42677056004, 0.0155922390907, 0.0408299874842, 0.501190287804, 0.566457847131, 0.443980787901, 0.0309019916826, 0.201517019582, 0.69588839693, 0.574852816382, 0.241722483613, 0.0121641784423, 0.558169096351, 0.415529470682, 0.0445927537761, 0.221821991281, 0.173512520163, 0.345815502888, 0.313249972287, 0.604262834073, 0.744652851139, 0.148800049045, 25.2892889204
0.142753874148, 0.0592094905125, 0.611430269915, 0.14980599434, 0.215316549768, 0.300296735967, 0.667213755951, 0.106187324508, 0.757836171742, 0.44679108098, 0.757400982547, 0.391827183332, 0.596990194799, 0.201119511228, 0.0881270597664, 0.575152431811, 0.237701855819, 0.664415849989, 0.87467793103, 0.0178839037082, 0.29425366166, 0.0945249113545, 0.216273573966, 0.23060318348, 0.142753874148, 0.0592094905125, 0.611430269915, 0.14980599434, 27.207890427
0.490113295824, 0.000784610011225, 0.225827640575, 0.0860492032389, 0.989849371008, 0.094527550432, 0.873595990079, 0.164416884734, 0.922536151309, 0.98062953117, 0.107923734336, 0.619722933378, 0.264855307285, 0.86166200878, 0.39466763676, 0.353149532798, 0.723975703357, 0.195279907663, 0.48587031991, 0.233037860789, 0.390808149633, 0.641589183014, 0.552654564866, 0.682349632263, 0.490113295824, 0.000784610011225, 0.225827640575, 0.0860492032389, 33.5660880216
0.0149735130995, 0.755897878631, 0.961767182344, 0.122787091549, 0.742477718529, 0.343866512467, 0.50681073316, 0.197923034082, 0.608029502658, 0.101383172953, 0.48587429642, 0.710614070369, 0.459442374763, 0.184120051118, 0.802802017778, 0.52101732101, 0.0360641645813, 0.477334156582, 0.325717750316, 0.886049728204, 0.0903101256386, 0.592390087156, 0.296446052762, 0.939808662539, 0.0149735130995, 0.755897878631, 0.961767182344, 0.122787091549, 30.3134417585
0.488255427901, 0.0118114952124, 0.414540216336, 0.990288291055, 0.40146345884, 0.0925521575604, 0.380391419415, 0.145176787376, 0.617826888501, 0.753222122244, 0.156571251823, 0.136255063751, 0.51060974885, 0.744048295136, 0.696037436537, 0.410314234045, 0.155858701974, 0.026065418103, 0.226335121579, 0.906304984531, 0.290787240419, 0.518762131266, 0.136434760734, 0.212721687549, 0.488255427901, 0.0118114952124, 0.414540216336, 0.990288291055, 26.6742450593
0.936192338383, 0.346505205979, 0.0818544669042, 0.13565945962, 0.047754576303, 0.748115272516, 0.0282945926801, 0.101182349448, 0.642308491998, 0.454573456176, 0.347627775986, 0.0336062679279, 0.15051454748, 0.0226888086348, 0.0856477459647, 0.113497574177, 0.143148431672, 0.702246283696, 0.199315007239, 0.398397249095, 0.653963262189, 0.446008445705, 0.0625350610652, 0.0643060177061, 0.936192338383, 0.346505205979, 0.0818544669042, 0.13565945962, 21.8871050725
0.00664547032404, 0.00563247883014, 0.421347972637, 0.0503285944927, 0.0313064398016, 0.713685084263, 0.863306177309, 0.653682165752, 0.582429872756, 0.771628749692, 0.59139430416, 0.447125691732, 0.260350395012, 0.743232164827, 0.15652902603, 0.162352234641, 0.23633489651, 0.879109643553, 0.278579276055, 0.854507497898, 0.0196586743386, 0.876569146917, 0.39787525611, 0.0559555948592, 0.00664547032404, 0.00563247883014, 0.421347972637, 0.0503285944927, 31.5012531528
0.00209087324989, 0.117456887946, 0.570131631077, 0.382935825129, 0.398959127961, 0.20349837205, 0.154473588424, 0.770493352291, 0.261707055225, 0.684062501003, 0.783341663845, 0.518497307818, 0.65959527738, 0.756904160205, 0.973956894342, 0.257471468064, 0.813626064314, 0.0236523660348, 0.775778945794, 0.455599615087, 0.282087840839, 0.872311531856, 0.0491394622791, 0.453563004367, 0.00209087324989, 0.117456887946, 0.570131631077, 0.382935825129, 32.7070187266
0.142441862397, 0.801158109956, 0.338259863462, 0.14980599434, 0.44464981867, 0.30655816653, 0.680666297473, 0.106187324508, 0.757540213448, 0.451525252424, 0.438680968026, 0.909875408286, 0.635883707449, 0.02247381901, 0.0824354235684, 0.102236484112, 0.142654023526, 0.700402017247, 0.773837255881, 0.0178839037082, 0.828312354905, 0.188796949205, 0.118240004364, 0.23060318348, 0.142441862397, 0.801158109956, 0.338259863462, 0.14980599434, 27.3650914773
0.452010035463, 0.000643394356897, 0.839972643418, 0.486151423033, 0.412749280127, 0.788243058759, 0.368036818409, 0.34884879307, 0.549124733154, 0.294707071555, 0.492668506729, 0.0835492983885, 0.159400974798, 0.247500450728, 0.720271832722, 0.563428148612, 0.573242953058, 0.287159890325, 0.560301248798, 0.94865989416, 0.656479712604, 0.628226030154, 0.048932320873, 0.0551649048534, 0.452010035463, 0.000643394356897, 0.839972643418, 0.486151423033, 29.4018997558
0.0149735130995, 0.2836200741, 0.183816454123, 0.753422594141, 0.0226528768138, 0.343866512467, 0.510215101223, 0.197923034082, 0.606414590905, 0.101383172953, 0.486070173392, 0.70540405631, 0.856288543665, 0.194479427774, 0.439937415366, 0.39685235708, 0.194112370861, 0.477334156582, 0.32503246009, 0.886049728204, 0.81863294819, 0.280406895175, 0.232697308992, 0.118230988174, 0.0149735130995, 0.2836200741, 0.183816454123, 0.753422594141, 28.0056971497
0.0149735130995, 0.283596219745, 0.959378451544, 0.753422594141, 0.0226528768138, 0.347027188582, 0.510215101223, 0.197923034082, 0.608184277995, 0.101383172953, 0.48587429642, 0.143768242113, 0.455176633416, 0.194479427774, 0.220384823529, 0.39685235708, 0.0336244878226, 0.485590853778, 0.325717750316, 0.81810834299, 0.0903101256386, 0.280406895175, 0.296384063381, 0.192219766403, 0.0149735130995, 0.283596219745, 0.959378451544, 0.753422594141, 23.4186033549
0.821961463357, 0.00426695467158, 0.232589406169, 0.674027764901, 0.923328923808, 0.692707002724, 0.0319045288369, 0.726351746045, 0.141917420246, 0.435295539713, 0.322109731931, 0.527309508288, 0.00603072299541, 0.462153137484, 0.397711141172, 0.21600862243, 0.294075613912, 0.257832671322, 0.144757756814, 0.872068332694, 0.323320271467, 0.439671537134, 0.71618396701, 0.186770778454, 0.821961463357, 0.00426695467158, 0.232589406169, 0.674027764901, 27.6948508947
0.116101677598, 0.124116716543, 0.353095814278, 0.570512972743, 0.37542024367, 0.439206138232, 0.82943368424, 0.629683112254, 0.988738002832, 0.407414863696, 0.301068888352, 0.220021739515, 0.613147640248, 0.0313752450483, 0.443057258587, 0.915274700106, 0.0178581263794, 0.485647969443, 0.165082996639, 0.620188376246, 0.877610611534, 0.996642892529, 0.73189604603, 0.18028621247, 0.116101677598, 0.124116716543, 0.353095814278, 0.570512972743, 32.9048567542
0.00495779976803, 0.155479119208, 0.0811261671569, 0.451318914891, 0.306267236541, 0.0901666139775, 0.193412276326, 0.382651587716, 0.802830897182, 0.250599931342, 0.838997687486, 0.464977287875, 0.0103148832167, 0.135836721081, 0.0843736603794, 0.174144376089, 0.708570741237, 0.262657489385, 0.242793611267, 0.825114894793, 0.0459020433635, 0.855876022076, 0.904785561061, 0.479068084193, 0.00495779976803, 0.155479119208, 0.0811261671569, 0.451318914891, 28.0318379666
0.112771082066, 0.115364073245, 0.961767182344, 0.122787091549, 0.630517415048, 0.343555291599, 0.365124627855, 0.19749245409, 0.608029502658, 0.081188686397, 0.483525959425, 0.708362020701, 0.459442374763, 0.179730952888, 0.80734574076, 0.252612664485, 0.0372852007139, 0.477334156582, 0.278143141375, 0.880501301948, 0.0903101256386, 0.115928920499, 0.292239495591, 0.963749927446, 0.112771082066, 0.115364073245, 0.961767182344, 0.122787091549, 28.1628489554
0.45068630301, 0.346269830173, 0.426532019384, 0.135905325784, 0.0437636330122, 0.7473793033, 0.34381883685, 0.109150170162, 0.758628824632, 0.454048444962, 0.438680968026, 0.389339292628, 0.592477402452, 0.0165658076761, 0.0855694301759, 0.105638424594, 0.153825461361, 0.709760855069, 0.199610499856, 0.0190196379852, 0.653986193204, 0.196458372297, 0.230248917022, 0.0603486071865, 0.45068630301, 0.346269830173, 0.426532019384, 0.135905325784, 24.0645710928
0.334249068732, 0.180155686871, 0.013895772622, 0.657483358999, 0.826944579798, 0.222529363607, 0.0313967649649, 0.253626033147, 0.838789283626, 0.106614026617, 0.809728498741, 0.186198149322, 0.799760962821, 0.297289582316, 0.889434163877, 0.856856096693, 0.345212740133, 0.174594741111, 0.431453655844, 0.81805388928, 0.0757890922984, 0.649734980823, 0.0718501697974, 0.760254407381, 0.334249068732, 0.180155686871, 0.013895772622, 0.657483358999, 30.9646565513
0.142453431251, 0.208578842476, 0.19579695069, 0.143153541145, 0.439826316812, 0.401127590735, 0.667943332829, 0.726771311087, 0.220674482048, 0.14689425871, 0.439840481913, 0.185445641814, 0.118959723443, 0.293839868449, 0.478572627798, 0.0385718808698, 0.460146893198, 0.703165186064, 0.167184017249, 0.556274749809, 0.417735995085, 0.664591893117, 0.235007183994, 0.783632317087, 0.142453431251, 0.208578842476, 0.19579695069, 0.143153541145, 28.0526185585
0.00387154670618, 0.164456069149, 0.0316159218613, 0.439713720933, 0.517398945678, 0.09268829509, 0.714432289995, 0.793538226233, 0.595944449213, 0.250621488782, 0.217658516186, 0.832671509679, 0.237995370782, 0.137853569288, 0.416620388886, 0.364317758523, 0.979200159191, 0.814054676223, 0.624228514055, 0.0520458031305, 0.313084404021, 0.853666930046, 0.201584900202, 0.0928133252317, 0.00387154670618, 0.164456069149, 0.0316159218613, 0.439713720933, 30.3843520094
0.0291132075775, 0.810781490512, 0.119860443018, 0.0357149124398, 0.441886051598, 0.0879194933553, 0.89215199449, 0.0699241364959, 0.92993317319, 0.827314721329, 0.0135395617243, 0.372739318983, 0.577679557003, 0.87732999406, 0.161729937762, 0.0513617268915, 0.117547436917, 0.500304984678, 0.549140265299, 0.252238410937, 0.231703371434, 0.239816468418, 0.40033806122, 0.797983459051, 0.0291132075775, 0.810781490512, 0.119860443018, 0.0357149124398, 28.4848267806
0.00246705740028, 0.35451761975, 0.928335892857, 0.924904287105, 0.0990169962923, 0.322607935078, 0.720817180035, 0.0863694977461, 0.705051637018, 0.284796463063, 0.220841502299, 0.696808824056, 0.203974967453, 0.104424875089, 0.842758920632, 0.844981273005, 0.293683111012, 0.378828199714, 0.150088822723, 0.0454875493527, 0.577857287794, 0.374071188843, 0.72845302014, 0.930825774033, 0.00246705740028, 0.35451761975, 0.928335892857, 0.924904287105, 28.6763105067
0.0643354591235, 0.0828245399538, 0.839581910375, 0.629839487511, 0.346831107822, 0.750516801843, 0.343961382464, 0.268515273826, 0.0922084521384, 0.835878093866, 0.804632280073, 0.632960063263, 0.567210375391, 0.474224814605, 0.0384027436277, 0.0720948798437, 0.419972850158, 0.716779858838, 0.798732017447, 0.291269421011, 0.122702517277, 0.312337353715, 0.666454948924, 0.228031352355, 0.0643354591235, 0.0828245399538, 0.839581910375, 0.629839487511, 29.2660245508
0.333422349829, 0.420667251633, 0.125996911126, 0.784492115064, 0.345960712847, 0.205180824402, 0.067799244932, 0.275197529077, 0.0924207771548, 0.318354150728, 0.566712871484, 0.517262298204, 0.199456609548, 0.302095616747, 0.856129100979, 0.029520580101, 0.494115048611, 0.290194865987, 0.00741812451222, 0.298627195714, 0.1238173676, 0.307320055115, 0.704429646627, 0.640429957926, 0.333422349829, 0.420667251633, 0.125996911126, 0.784492115064, 24.5433358238
0.0149735130995, 0.0371274314527, 0.37856706324, 0.758272111541, 0.0271653357385, 0.343866512467, 0.546032159215, 0.191554004849, 0.608184277995, 0.101383172953, 0.483782535667, 0.710614070369, 0.456243490439, 0.197094847251, 0.75261697684, 0.398056296209, 0.0348152111583, 0.477334156582, 0.325717750316, 0.886049728204, 0.410347329433, 0.277270472133, 0.296384063381, 0.118230988174, 0.0149735130995, 0.0371274314527, 0.37856706324, 0.758272111541, 26.8743410875
0.0973481624501, 0.208753150621, 0.993909097612, 0.134713744039, 0.263774887746, 0.377915096818, 0.594945804982, 0.346833142386, 0.768699363468, 0.240186135668, 0.677740823096, 0.146573622207, 0.980385188207, 0.29189129628, 0.0948551800185, 0.190104974184, 0.754998507587, 0.00371122798733, 0.127525540398, 0.32189344338, 0.995278246602, 0.642883157343, 0.825984638932, 0.66581649092, 0.0973481624501, 0.208753150621, 0.993909097612, 0.134713744039, 30.5369088467
0.309885997659, 0.15891790262, 0.336241385596, 0.00829512946418, 0.656807327122, 0.804416611209, 0.276418000597, 0.673702188426, 0.641008458383, 0.712829812076, 0.349260294252, 0.00863743146885, 0.147464345563, 0.286434817677, 0.160124384995, 0.751547125292, 0.687415917834, 0.767444462405, 0.198552911604, 0.408210387956, 0.51702867516, 0.446008445705, 0.225610172435, 0.429994360091, 0.309885997659, 0.15891790262, 0.336241385596, 0.00829512946418, 30.3607196265
0.493512726666, 0.931859266586, 0.086067499726, 0.143125626737, 0.396413480481, 0.171068178026, 0.181861441835, 0.706976711084, 0.0122695357358, 0.501439074329, 0.783581449133, 0.754848522899, 0.189506721862, 0.886638760643, 0.137930433678, 0.25695657704, 0.111250963099, 0.0228933713386, 0.841480027613, 0.419154946393, 0.275269884328, 0.500569931317, 0.43903444102, 0.797011584739, 0.493512726666, 0.931859266586, 0.086067499726, 0.143125626737, 28.4692630889
0.116502763574, 0.112268491377, 0.278624365424, 0.192785656787, 0.668961186649, 0.590303049121, 0.425791198264, 0.741473297638, 0.0408299874842, 0.498543158232, 0.561468360619, 0.44720385988, 0.013916542564, 0.243706453631, 0.705573688368, 0.262936204384, 0.0959546169135, 0.904945918573, 0.564860205933, 0.11771466414, 0.146286712624, 0.385855575428, 0.978748857227, 0.565827115689, 0.116502763574, 0.112268491377, 0.278624365424, 0.192785656787, 29.8981783012
0.615343921987, 0.162754440385, 0.0176124104865, 0.149041417479, 0.44591804312, 0.30655816653, 0.680666297473, 0.10765694331, 0.748413728704, 0.451525252424, 0.438680968026, 0.173837562069, 0.635883707449, 0.308213454599, 0.0734553483313, 0.102236484112, 0.13833178874, 0.719032278237, 0.230657320951, 0.0178839037082, 0.12777000497, 0.188796949205, 0.119532448283, 0.233677378363, 0.615343921987, 0.162754440385, 0.0176124104865, 0.149041417479, 23.8853510476
0.0609524606097, 0.0830586782774, 0.797302939609, 0.628728509908, 0.346835518097, 0.0149254930888, 0.0440926230284, 0.179184487585, 0.0532826767826, 0.291143397763, 0.824254362148, 0.630154966119, 0.199456609548, 0.304271030919, 0.863939529303, 0.394269497403, 0.426202135154, 0.644965673618, 0.243617290009, 0.298627195714, 0.122705677921, 0.303569664343, 0.271866167033, 0.637885062826, 0.0609524606097, 0.0830586782774, 0.797302939609, 0.628728509908, 25.5454366559
0.939162147063, 0.163178316411, 0.0164462517851, 0.0620617866152, 0.358579623855, 0.828212424261, 0.277008168033, 0.677686778525, 0.640197110637, 0.403134787359, 0.352733175076, 0.0366399262144, 0.15051454748, 0.286434817677, 0.13820969385, 0.989876259691, 0.687415917834, 0.767444462405, 0.198552911604, 0.406051678521, 0.422621713594, 0.446008445705, 0.183133668372, 0.429994360091, 0.939162147063, 0.163178316411, 0.0164462517851, 0.0620617866152, 29.1309587304
0.899098230257, 0.753448198897, 0.614769884236, 0.0506784113636, 0.892761902577, 0.439401260485, 0.829735027935, 0.723687249134, 0.583504127379, 0.407264121661, 0.587047202606, 0.211441376793, 0.256589242011, 0.0366043591845, 0.190081841869, 0.90207861947, 0.46338132956, 0.282620088476, 0.164335567538, 0.266628329616, 0.0230334854255, 0.757276009767, 0.225002202282, 0.241977091656, 0.899098230257, 0.753448198897, 0.614769884236, 0.0506784113636, 28.3927038696
0.0724731177465, 0.108402673796, 0.395307269608, 0.23490462439, 0.0851970359482, 0.443214206337, 0.47387808009, 0.540401801068, 0.99694113963, 0.161333658878, 0.129313878791, 0.199145338462, 0.414432638552, 0.133257972704, 0.204061144767, 0.652610865179, 0.341340964621, 0.030167485156, 0.886832757427, 0.619851890971, 0.0312710356766, 0.0578257036948, 0.729305891721, 0.430815133732, 0.0724731177465, 0.108402673796, 0.395307269608, 0.23490462439, 26.8314559942
0.753490874019, 0.2750305114, 0.96159004591, 0.990288291055, 0.402771996607, 0.208477956699, 0.380391419415, 0.146595821873, 0.617899047205, 0.488858333105, 0.149956716822, 0.177892907278, 0.51060974885, 0.460250234118, 0.694980907742, 0.204246331097, 0.155858701974, 0.00421029379539, 0.225795055022, 0.357428735934, 0.0766339949802, 0.172917748624, 0.136434760734, 0.217092970835, 0.753490874019, 0.2750305114, 0.96159004591, 0.990288291055, 22.3153609256
0.272509164187, 0.0390327372159, 0.127866829464, 0.481630423462, 0.504204027709, 0.193027545395, 0.837377695049, 0.901744388883, 0.91704422083, 0.353482940389, 0.864564215466, 0.126732640731, 0.871068772476, 0.0144986529235, 0.287540176522, 0.210023171114, 0.812554232519, 0.222050038353, 0.840256459836, 0.463059894613, 0.0184477471232, 0.746544568717, 0.0457756871624, 0.907127615632, 0.272509164187, 0.0390327372159, 0.127866829464, 0.481630423462, 32.6413137139
0.939162147063, 0.163792096824, 0.334732001306, 0.00746537952307, 0.358579623855, 0.828212424261, 0.276418000597, 0.677686778525, 0.640901683646, 0.712829812076, 0.349260294252, 0.0454005219315, 0.157642207312, 0.286434817677, 0.141242270787, 0.519955789368, 0.687415917834, 0.767444462405, 0.198552911604, 0.406051678521, 0.422621713594, 0.446008445705, 0.22815507112, 0.429994360091, 0.939162147063, 0.163792096824, 0.334732001306, 0.00746537952307, 28.8619858474
0.0156928425934, 0.264407500417, 0.0890440859423, 0.106456073028, 0.720172993743, 0.315653157856, 0.353138128013, 0.583400709293, 0.0849203408449, 0.108173736782, 0.514424865628, 0.0025950123605, 0.0783948865322, 0.701551205407, 0.706616505901, 0.191242758966, 0.534838632041, 0.584739411644, 0.866192212944, 0.683870463107, 0.0219771043545, 0.328533298591, 0.791427131581, 0.823302037611, 0.0156928425934, 0.264407500417, 0.0890440859423, 0.106456073028, 30.0679402494
0.001659633841, 0.633398025293, 0.19530580579, 0.783860720995, 0.439993488611, 0.204994096146, 0.339553204234, 0.726550234667, 0.122544564481, 0.147654193487, 0.438020638931, 0.390026920484, 0.119647959996, 0.448686701249, 0.293303935521, 0.0408954725754, 0.494896646176, 0.709593780219, 0.166549185323, 0.409550153352, 0.245705568311, 0.50117930914, 0.550441812804, 0.547276948835, 0.001659633841, 0.633398025293, 0.19530580579, 0.783860720995, 26.0603428932
0.00975857251642, 0.207964453993, 0.086067499726, 0.143125626737, 0.629205185358, 0.590139872842, 0.15501390089, 0.706976711084, 0.0136959105124, 0.14905181929, 0.802058185957, 0.759999405142, 0.117289581521, 0.915430292517, 0.985632644219, 0.254699593426, 0.659631221645, 0.0228933713386, 0.841480027613, 0.419154946393, 0.417470449032, 0.662960408152, 0.621688227111, 0.478894097705, 0.00975857251642, 0.207964453993, 0.086067499726, 0.143125626737, 32.7634009492
0.0294900676099, 0.283011159674, 0.959378451544, 0.362406726098, 0.499212198775, 0.343866512467, 0.514507984871, 0.181410632086, 0.602006657266, 0.301018585981, 0.48587429642, 0.0789511575408, 0.864614168, 0.194479427774, 0.018641234491, 0.39685235708, 0.021527584418, 0.457105594694, 0.823099821352, 0.886049728204, 0.381877881511, 0.285206208901, 0.30059431269, 0.0919844477351, 0.0294900676099, 0.283011159674, 0.959378451544, 0.362406726098, 26.9848930947
0.0726159564904, 0.0799448726361, 0.026122686571, 0.679280625863, 0.504065348099, 0.865467901243, 0.535149661866, 0.119407732662, 0.0553747723812, 0.628122418839, 0.707492823949, 0.622197664177, 0.973526433208, 0.406061304931, 0.851507086717, 0.965297317907, 0.933664597903, 0.635042378566, 0.472303310991, 0.633717469705, 0.178779739452, 0.257516470166, 0.330985058428, 0.156261194742, 0.0726159564904, 0.0799448726361, 0.026122686571, 0.679280625863, 34.1229553369
0.0281437645324, 0.812772910567, 0.117299964969, 0.0396555730312, 0.44174448163, 0.177112090182, 0.844653206461, 0.492890024794, 0.928932453919, 0.240965622052, 0.0156469645947, 0.888877285611, 0.288994468448, 0.58107167647, 0.156492928481, 0.326544539437, 0.924078043312, 0.185148172807, 0.304524267262, 0.80687298523, 0.888867133935, 0.677821285051, 0.131824436667, 0.44108279245, 0.0281437645324, 0.812772910567, 0.117299964969, 0.0396555730312, 31.4919659464
0.142366766615, 0.801158109956, 0.627006271752, 0.150508487631, 0.44464981867, 0.749449312352, 0.491347498142, 0.107343875578, 0.757540213448, 0.451525252424, 0.440099875641, 0.392433769196, 0.635883707449, 0.0180248948621, 0.0855694301759, 0.102236484112, 0.153825461361, 0.687360837876, 0.435526084799, 0.0178839037082, 0.405137374036, 0.162944982979, 0.504034760391, 0.195268169944, 0.142366766615, 0.801158109956, 0.627006271752, 0.150508487631, 25.7950053173
0.879719477114, 0.144877905397, 0.0832160063496, 0.31953696371, 0.507314581175, 0.20222247744, 0.466789298181, 0.676645903385, 0.0498006579238, 0.353251948573, 0.346493826951, 0.127405781729, 0.849482427684, 0.696827465703, 0.547045231044, 0.546151340178, 0.465766873583, 0.127934181976, 0.354994148055, 0.401530952984, 0.910335454157, 0.682383390553, 0.213816349355, 0.331453730753, 0.879719477114, 0.144877905397, 0.0832160063496, 0.31953696371, 29.4021681694
0.0712063940767, 0.462242697904, 0.026358602443, 0.674905122496, 0.433737589238, 0.0339930718802, 0.34630435465, 0.121516054853, 0.919675965702, 0.121915938784, 0.901811379201, 0.0129297048159, 0.0494221878584, 0.380473378816, 0.909085760812, 0.257481663193, 0.245632558071, 0.887177132495, 0.202549677841, 0.547854247744, 0.734011761503, 0.0790254356306, 0.794731378367, 0.197521127106, 0.0712063940767, 0.462242697904, 0.026358602443, 0.674905122496, 28.2123101587
0.485329651312, 0.0401391200489, 0.0657606933246, 0.320464618233, 0.870177326262, 0.198957389468, 0.468334717622, 0.801384024343, 0.932488029987, 0.531380909421, 0.841400182586, 0.125601266902, 0.846344233318, 0.480412692931, 0.542794192199, 0.0863265347575, 0.465766873583, 0.444053627827, 0.123883987014, 0.468384901903, 0.280460762315, 0.751138973933, 0.195704433656, 0.473282917876, 0.485329651312, 0.0401391200489, 0.0657606933246, 0.320464618233, 32.2198499485
0.498481526624, 0.487698991899, 0.0643295658989, 0.320464618233, 0.0277802465571, 0.100163455577, 0.468334717622, 0.830252710875, 0.0498006579238, 0.524422729858, 0.193975480967, 0.478461947075, 0.241763818206, 0.474795215691, 0.542794192199, 0.566902032419, 0.581367650295, 0.444053627827, 0.123883987014, 0.940999491427, 0.269349995405, 0.680452404216, 0.0507987646907, 0.473282917876, 0.498481526624, 0.487698991899, 0.0643295658989, 0.320464618233, 28.0487449344
0.753490874019, 0.839285820359, 0.837850444547, 0.990288291055, 0.402771996607, 0.0179082574535, 0.0261494795785, 0.146595821873, 0.617337815394, 0.692372699234, 0.698162214663, 0.140447069692, 0.51060974885, 0.460250234118, 0.696037436537, 0.27754826519, 0.000499132246328, 0.0496264480729, 0.225795055022, 0.355146816536, 0.381674711778, 0.172917748624, 0.136434760734, 0.217019599442, 0.753490874019, 0.839285820359, 0.837850444547, 0.990288291055, 22.9792560735
0.936192338383, 0.464136011621, 0.0818544669042, 0.0620617866152, 0.43262626267, 0.828212424261, 0.0282945926801, 0.677686778525, 0.641430687524, 0.40557710313, 0.347627775986, 0.0366399262144, 0.15051454748, 0.6952285495, 0.13820969385, 0.9931468659, 0.687415917834, 0.0522250341959, 0.19379790478, 0.400420902337, 0.380306956153, 0.446008445705, 0.0625350610652, 0.429994360091, 0.936192338383, 0.464136011621, 0.0818544669042, 0.0620617866152, 27.7116657336
0.0156928425934, 0.494394507302, 0.0888871449701, 0.106456073028, 0.720172993743, 0.11382978738, 0.401143767542, 0.582654609257, 0.0500540255639, 0.103545794228, 0.856372457408, 0.0025950123605, 0.0783948865322, 0.699431243236, 0.706616505901, 0.191242758966, 0.465543342483, 0.584739411644, 0.829291058856, 0.683898897249, 0.0230888044734, 0.328533298591, 0.05064022589, 0.474347101001, 0.0156928425934, 0.494394507302, 0.0888871449701, 0.106456073028, 27.8040202594
0.436462943014, 0.0341649139672, 0.0316159218613, 0.914345808763, 0.51746025761, 0.277727260688, 0.0969655148729, 0.845958523395, 0.352439233319, 0.144367736593, 0.217658516186, 0.591910679045, 0.202089862245, 0.711025058587, 0.412857495168, 0.184539672185, 0.979200159191, 0.818756124698, 0.0106182525069, 0.0549155114146, 0.90339271169, 0.353825650975, 0.201584900202, 0.233476005629, 0.436462943014, 0.0341649139672, 0.0316159218613, 0.914345808763, 27.8943627421
0.17613131772, 0.190387629573, 0.0643669816634, 0.214021341889, 0.390670375685, 0.113289213702, 0.179023862038, 0.802941350765, 0.0524212754884, 0.136529687672, 0.765739575237, 0.221253330219, 0.241439204881, 0.76015820244, 0.535507057033, 0.734871138847, 0.311161811521, 0.478950712406, 0.429664419363, 0.658670706738, 0.275215536813, 0.68014399717, 0.512497118178, 0.472839969154, 0.17613131772, 0.190387629573, 0.0643669816634, 0.214021341889, 29.4315477231
0.300509666438, 0.456711224119, 0.0814857973755, 0.67202005335, 0.444575481661, 0.720647036488, 0.802387117456, 0.11936073485, 0.822559047594, 0.681873084835, 0.451951139474, 0.140024983839, 0.870151407189, 0.00293601590271, 0.224702575034, 0.100601478224, 0.00406004811156, 0.0460414290843, 0.601931502014, 0.82118974521, 0.399821604802, 0.182207818876, 0.23238971028, 0.192615452437, 0.300509666438, 0.456711224119, 0.0814857973755, 0.67202005335, 27.4334611434
0.489262113058, 0.00563247883014, 0.421347972637, 0.0503285944927, 0.0466507211441, 0.091444493597, 0.863306177309, 0.318155158209, 0.581646037343, 0.759285668362, 0.59139430416, 0.447125691732, 0.260350395012, 0.743232164827, 0.839501806678, 0.410523487798, 0.23633489651, 0.493469413565, 0.278677602883, 0.858630428985, 0.286365556917, 0.642431808206, 0.532958176731, 0.0559555948592, 0.489262113058, 0.00563247883014, 0.421347972637, 0.0503285944927, 30.9669483564
0.498481526624, 0.143498965451, 0.0657606933246, 0.320464618233, 0.870177326262, 0.112596871906, 0.468334717622, 0.801384024343, 0.0498006579238, 0.531380909421, 0.841247124946, 0.221334904565, 0.241763818206, 0.480412692931, 0.542794192199, 0.0863265347575, 0.465766873583, 0.444053627827, 0.123883987014, 0.813311049947, 0.280460762315, 0.680429883859, 0.206707291804, 0.473282917876, 0.498481526624, 0.143498965451, 0.0657606933246, 0.320464618233, 29.4961770339
0.488448951154, 0.964138711644, 0.0137556000333, 0.3478861653, 0.67996489684, 0.801911628871, 0.875859840756, 0.0777602409251, 0.446632446934, 0.836985392692, 0.55665996251, 0.367573440145, 0.559698829167, 0.871037643501, 0.777461855789, 0.0513617268915, 0.117547436917, 0.504068105408, 0.55858588378, 0.256927077599, 0.0441132506108, 0.265139472635, 0.982051300752, 0.342632617504, 0.488448951154, 0.964138711644, 0.0137556000333, 0.3478861653, 32.0764472116
0.00284169339118, 0.368162066793, 0.0220723234784, 0.168174133737, 0.396396262105, 0.776502353537, 0.615252817548, 0.709377132913, 0.00541453200574, 0.795509832997, 0.67647381295, 0.546460544857, 0.0104091841832, 0.754819023487, 0.288389595597, 0.0507490813182, 0.112901112547, 0.496965812456, 0.500761563167, 0.456129270999, 0.0445462740024, 0.872386490453, 0.390503964655, 0.0948914797553, 0.00284169339118, 0.368162066793, 0.0220723234784, 0.168174133737, 29.2088252469
0.48740652496, 0.964138711644, 0.0209679219325, 0.348785450665, 0.408764933631, 0.0879622077112, 0.873818409048, 0.0773849050027, 0.446632446934, 0.13933660109, 0.220687307774, 0.211659584292, 0.477011316451, 0.872395773216, 0.777461855789, 0.055102399689, 0.309031096937, 0.478984334175, 0.540243052763, 0.256927077599, 0.234712973463, 0.848679415526, 0.396314045882, 0.777943198593, 0.48740652496, 0.964138711644, 0.0209679219325, 0.348785450665, 28.7679009062
0.0153165232809, 0.368162066793, 0.133707601719, 0.166907657155, 0.246761307748, 0.0283241102516, 0.615252817548, 0.346686038195, 0.00764698666969, 0.795509832997, 0.698664935398, 0.546460544857, 0.0700004508919, 0.752474301965, 0.290086195304, 0.175615873236, 0.676766967057, 0.00400392062118, 0.494766229425, 0.256922987969, 0.054202392739, 0.878300698023, 0.401145504573, 0.677922723913, 0.0153165232809, 0.368162066793, 0.133707601719, 0.166907657155, 27.864349967
0.101790430741, 0.0661638499974, 0.612176297491, 0.149301642812, 0.439604179848, 0.746013353187, 0.49262573668, 0.390300795415, 0.285080507508, 0.959133521338, 0.694706377689, 0.828981524282, 0.808039169533, 0.00833412928006, 0.0855346551899, 0.568525032337, 0.010513412791, 0.184084783563, 0.430677625024, 0.0387101398141, 0.311463848208, 0.188818560288, 0.517286133219, 0.195302552545, 0.101790430741, 0.0661638499974, 0.612176297491, 0.149301642812, 28.2290709461
0.463646355558, 0.000643394356897, 0.425787292957, 0.486974532976, 0.0393287708921, 0.566101506997, 0.85747009975, 0.357633686493, 0.515663061461, 0.712297494779, 0.187956862465, 0.477825349032, 0.15637540146, 0.279751232547, 0.0629610543093, 0.56477265361, 0.575632995709, 0.287159890325, 0.641846909453, 0.948609580778, 0.652826780659, 0.64061353636, 0.534396174418, 0.0595484383906, 0.463646355558, 0.000643394356897, 0.425787292957, 0.486974532976, 30.4887346348
0.001659633841, 0.967907394744, 0.346209170429, 0.273182380045, 0.638025978433, 0.203424840213, 0.831296052991, 0.13864175137, 0.570410899721, 0.3177753644, 0.652501700988, 0.214303210265, 0.60887602126, 0.0314240075948, 0.42536596537, 0.876605408985, 0.391929291665, 0.319219186089, 0.63339704595, 0.407734498642, 0.243917693491, 0.495115638401, 0.619025043556, 0.546369824106, 0.001659633841, 0.967907394744, 0.346209170429, 0.273182380045, 30.1904346356
0.485871813406, 0.00563247883014, 0.421347972637, 0.628008970791, 0.0430871358888, 0.091444493597, 0.0304191638031, 0.121481124963, 0.8321856449, 0.759656697867, 0.59139430416, 0.447125691732, 0.804601106834, 0.692334136149, 0.839501806678, 0.2367996224, 0.00580185061927, 0.493469413565, 0.593305647956, 0.855659616515, 0.286365556917, 0.638559734946, 0.532958176731, 0.19285547134, 0.485871813406, 0.00563247883014, 0.421347972637, 0.628008970791, 30.3364376229
0.309455499934, 0.021684916166, 0.0388532989414, 0.216198837123, 0.655129053294, 0.112978458949, 0.449849422237, 0.967357008212, 0.736694701032, 0.864715952635, 0.424258128297, 0.350152199831, 0.476375073426, 0.825490808557, 0.23145124902, 0.746769434757, 0.193003416379, 0.707346503038, 0.12703778999, 0.665480482424, 0.513026598398, 0.693058356991, 0.194626465743, 0.609341672882, 0.309455499934, 0.021684916166, 0.0388532989414, 0.216198837123, 33.5209711916
0.113686778375, 0.109555995914, 0.277188477804, 0.790760947046, 0.629584566283, 0.764457757808, 0.364785437862, 0.380003842682, 0.804900817656, 0.687362346761, 0.561629460923, 0.46282872941, 0.539858450735, 0.00659486084797, 0.40704951835, 0.25072747142, 0.459145612975, 0.260118769223, 0.90029598516, 0.414945131578, 0.859440397587, 0.134771109022, 0.919311540719, 0.309998216018, 0.113686778375, 0.109555995914, 0.277188477804, 0.790760947046, 32.2250630984
0.879100777105, 0.144877905397, 0.371800961338, 0.31953696371, 0.507878701639, 0.201119946386, 0.466789298181, 0.107130796218, 0.0498006579238, 0.353251948573, 0.426449874261, 0.125661898367, 0.857850102303, 0.50382183637, 0.547045231044, 0.542917139216, 0.465766873583, 0.127934181976, 0.354994148055, 0.730143233472, 0.910335454157, 0.682383390553, 0.213602026863, 0.331453730753, 0.879100777105, 0.144877905397, 0.371800961338, 0.31953696371, 28.6020059865
0.0627413371815, 0.0830922535781, 0.837344366948, 0.271470901488, 0.346835518097, 0.0163461815231, 0.0440926230284, 0.275197529077, 0.058167860328, 0.317831487186, 0.824254362148, 0.629946475848, 0.608968278179, 0.302095616747, 0.864712603674, 0.0857929129435, 0.389323720978, 0.713137433579, 0.00850859408325, 0.299067068674, 0.122705677921, 0.312448723547, 0.666454948924, 0.518563591225, 0.0627413371815, 0.0830922535781, 0.837344366948, 0.271470901488, 26.2046033874
0.338505186273, 0.15891790262, 0.0337249189185, 0.00829512946418, 0.680409838463, 0.198476955182, 0.276418000597, 0.673702188426, 0.641720120737, 0.386268171868, 0.349260294252, 0.00389621847014, 0.147464345563, 0.297333919985, 0.160124384995, 0.751547125292, 0.774563155007, 0.767444462405, 0.198552911604, 0.408210387956, 0.51702867516, 0.634675527683, 0.226699093793, 0.429994360091, 0.338505186273, 0.15891790262, 0.0337249189185, 0.00829512946418, 29.0333188102
0.14836643321, 0.0592094905125, 0.611430269915, 0.14980599434, 0.438792814392, 0.251600468616, 0.667213755951, 0.107478423912, 0.801369265119, 0.44679108098, 0.776803413141, 0.177562804674, 0.596990194799, 0.00681024519432, 0.0855694301759, 0.577855130975, 0.237714133172, 0.177579937239, 0.226547904427, 0.0181175646138, 0.311541952676, 0.188796949205, 0.233579436138, 0.789064745957, 0.14836643321, 0.0592094905125, 0.611430269915, 0.14980599434, 25.8256267821
0.496672923599, 0.961607496574, 0.0985623400121, 0.0337893678522, 0.395932626543, 0.174340813091, 0.969889935937, 0.0641614566077, 0.446632446934, 0.242129346214, 0.013502697313, 0.462345776033, 0.290799979582, 0.580009271729, 0.160954344281, 0.0605590557709, 0.117547436917, 0.176095181605, 0.540243052763, 0.278831735201, 0.0134833732254, 0.501175261912, 0.130966162416, 0.797756032827, 0.496672923599, 0.961607496574, 0.0985623400121, 0.0337893678522, 24.161985571
0.496672923599, 0.968528964996, 0.0985623400121, 0.147170403996, 0.395932626543, 0.173695295919, 0.971202366637, 0.0641614566077, 0.446632446934, 0.242129346214, 0.000794696181002, 0.464527204352, 0.302494923143, 0.580009271729, 0.160954344281, 0.0605590557709, 0.117547436917, 0.175472973876, 0.540243052763, 0.278831735201, 0.420687775692, 0.50288323418, 0.130966162416, 0.236321075914, 0.496672923599, 0.968528964996, 0.0985623400121, 0.147170403996, 23.7892866304
0.142441862397, 0.801158109956, 0.612890927618, 0.14980599434, 0.44464981867, 0.30655816653, 0.667213755951, 0.106187324508, 0.757540213448, 0.451525252424, 0.438680968026, 0.391621148595, 0.635883707449, 0.0180248948621, 0.0855694301759, 0.102236484112, 0.153825461361, 0.700402017247, 0.87467793103, 0.0178839037082, 0.828312354905, 0.188796949205, 0.233579436138, 0.23060318348, 0.142441862397, 0.801158109956, 0.612890927618, 0.14980599434, 26.6886234769
0.00209087324989, 0.117456887946, 0.563364865219, 0.48791459158, 0.82355056911, 0.201384232494, 0.971588148877, 0.770493352291, 0.261707055225, 0.672782269087, 0.783341663845, 0.518497307818, 0.65959527738, 0.889079107565, 0.973956894342, 0.257471468064, 0.813626064314, 0.0236523660348, 0.775778945794, 0.455599615087, 0.280360353724, 0.872311531856, 0.0491394622791, 0.453563004367, 0.00209087324989, 0.117456887946, 0.563364865219, 0.48791459158, 35.8117952281
0.334249068732, 0.167685747444, 0.013895772622, 0.926683270031, 0.826944579798, 0.222529363607, 0.489459392396, 0.264342759298, 0.284556744448, 0.113589199855, 0.805876422461, 0.186838303387, 0.897819291415, 0.297289582316, 0.889434163877, 0.856856096693, 0.343012176725, 0.174594741111, 0.431453655844, 0.670130819263, 0.0586570505617, 0.663566767359, 0.522592313513, 0.771957899031, 0.334249068732, 0.167685747444, 0.013895772622, 0.926683270031, 31.4903403696
0.599589721073, 0.158014107026, 0.0222051954909, 0.908514858529, 0.348230779658, 0.251739136448, 0.723084583316, 0.261276532496, 0.0974371900476, 0.38511145367, 0.814563373672, 0.177617657533, 0.269544176689, 0.304285109223, 0.916110446341, 0.351525726593, 0.420936617977, 0.198819624436, 0.486861360697, 0.297853064418, 0.123670762632, 0.644639886769, 0.539115652054, 0.837665527603, 0.599589721073, 0.158014107026, 0.0222051954909, 0.908514858529, 28.5564793792
0.00246705740028, 0.35451761975, 0.928335892857, 0.2173151857, 0.0990169962923, 0.322607935078, 0.27269413866, 0.0863694977461, 0.705051637018, 0.284796463063, 0.184668366749, 0.696808824056, 0.701114118766, 0.935758414587, 0.842758920632, 0.894425327901, 0.288680412142, 0.378828199714, 0.150088822723, 0.118810478771, 0.57603207288, 0.515598411528, 0.72845302014, 0.930825774033, 0.00246705740028, 0.35451761975, 0.928335892857, 0.2173151857, 31.3597813882
0.0726858428042, 0.108402673796, 0.421377911054, 0.631186243227, 0.0851970359482, 0.443214206337, 0.033926697854, 0.540401801068, 0.99694113963, 0.125688024915, 0.129313878791, 0.449197569118, 0.414432638552, 0.730785976616, 0.204061144767, 0.232815236684, 0.00424779439614, 0.496175812734, 0.594343367217, 0.856412589854, 0.0312710356766, 0.0578257036948, 0.729305891721, 0.187897017154, 0.0726858428042, 0.108402673796, 0.421377911054, 0.631186243227, 26.3568510578
0.0108010661694, 0.80119969128, 0.0881072252593, 0.143125626737, 0.629643305079, 0.590139872842, 0.151927269544, 0.0956648318002, 0.0272521716748, 0.150367468625, 0.823703780772, 0.91266524165, 0.117289581521, 0.916384484462, 0.991984249497, 0.258780943563, 0.141600878662, 0.0228933713386, 0.228700865542, 0.419154946393, 0.418737594237, 0.662976958331, 0.724292984574, 0.230693642768, 0.0108010661694, 0.80119969128, 0.0881072252593, 0.143125626737, 28.7364784746
0.001659633841, 0.35135418095, 0.209049600774, 0.288257342171, 0.445594357477, 0.203424840213, 0.339553204234, 0.805007932373, 0.764915429641, 0.318310982459, 0.56546680999, 0.390026920484, 0.607708275964, 0.0667013578453, 0.568928275627, 0.876616228165, 0.392732534662, 0.306506514071, 0.202340510207, 0.407734498642, 0.243917693491, 0.500544472394, 0.0143912820697, 0.546369824106, 0.001659633841, 0.35135418095, 0.209049600774, 0.288257342171, 29.0435686818
0.458184095122, 0.00108489561186, 0.425787292957, 0.486974532976, 0.0393287708921, 0.566101506997, 0.85747009975, 0.357633686493, 0.515663061461, 0.712297494779, 0.187956862465, 0.473471792862, 0.151987451706, 0.1580808264, 0.0652091640164, 0.56477265361, 0.575632995709, 0.287159890325, 0.641876463173, 0.952206235934, 0.598619059278, 0.641120010329, 0.355367898929, 0.0595484383906, 0.458184095122, 0.00108489561186, 0.425787292957, 0.486974532976, 29.6836406183
0.333422349829, 0.0681720221104, 0.329308704821, 0.632253776009, 0.345960712847, 0.750516801843, 0.339710362977, 0.269683573534, 0.0922084521384, 0.456122821439, 0.810606697847, 0.396804068749, 0.636960520022, 0.474224814605, 0.0312924375036, 0.0720948798437, 0.129705137933, 0.716779858838, 0.798732017447, 0.0199348501442, 0.122141442999, 0.0698270227693, 0.675245921236, 0.228031352355, 0.333422349829, 0.0681720221104, 0.329308704821, 0.632253776009, 26.4948237036
0.001659633841, 0.911107783785, 0.930714640453, 0.270813552221, 0.639764064412, 0.203424840213, 0.724361367129, 0.13864175137, 0.570410899721, 0.317561282927, 0.648782634602, 0.754872209214, 0.60887602126, 0.0668098533605, 0.947894208144, 0.876605408985, 0.391929291665, 0.319847577253, 0.63339704595, 0.407734498642, 0.243917693491, 0.500544472394, 0.619025043556, 0.546369824106, 0.001659633841, 0.911107783785, 0.930714640453, 0.270813552221, 32.0549439189
0.00246705740028, 0.357172508041, 0.928453448101, 0.224912303618, 0.0804502152956, 0.322574760192, 0.273264724832, 0.839988726722, 0.705051637018, 0.284796463063, 0.184668366749, 0.0724098027625, 0.701114118766, 0.935758414587, 0.842931893293, 0.19270839922, 0.288680412142, 0.378828199714, 0.150088822723, 0.118810478771, 0.00966055231845, 0.515598411528, 0.831617980025, 0.233945891504, 0.00246705740028, 0.357172508041, 0.928453448101, 0.224912303618, 27.4702963499
0.00209087324989, 0.117456887946, 0.563364865219, 0.577978189513, 0.503197354698, 0.201384232494, 0.971588148877, 0.770493352291, 0.0544574958755, 0.672782269087, 0.783678631532, 0.518497307818, 0.657571794705, 0.889079107565, 0.973956894342, 0.257471468064, 0.813626064314, 0.0236523660348, 0.775778945794, 0.632926717542, 0.286419297195, 0.872677343462, 0.0491394622791, 0.453563004367, 0.00209087324989, 0.117456887946, 0.563364865219, 0.577978189513, 35.0003150612
0.345505524754, 0.0886235858374, 0.1929421728, 0.145360643387, 0.487611115556, 0.525322047366, 0.451462605939, 0.843996884463, 0.511989117018, 0.137194221038, 0.373132586015, 0.193037860764, 0.84459219551, 0.198473972639, 0.094180652574, 0.568755117995, 0.738909549332, 0.275191680011, 0.674909388279, 0.32853667206, 0.132826449589, 0.764096965991, 0.427841515226, 0.667433949972, 0.345505524754, 0.0886235858374, 0.1929421728, 0.145360643387, 30.5421627588
