0.747555579423, 0.134044330334, 0.220535121097, 0.671765061891, 0.582206079493, 0.119376371238, 0.00872831679071, 0.301551740451, 0.0308764343778, 0.157843553184, 0.202803314704, 0.0293923419177, 0.110336573112, 0.0269254421911, 0.68586946268, 0.182823163471, 0.471390950708, 0.00592657993933, 0.233051981959, 0.125537306793, 0.860315228046, 0.313859475383, 0.747555579423, 0.134044330334, 12.9352092312
0.747555579423, 0.134044330334, 0.220535121097, 0.671765061891, 0.582206079493, 0.119376371238, 0.00872831679071, 0.301551740451, 0.0308764343778, 0.157843553184, 0.202803314704, 0.0293923419177, 0.110336573112, 0.0269254421911, 0.68586946268, 0.182823163471, 0.471390950708, 0.00592657993933, 0.233051981959, 0.125537306793, 0.860315228046, 0.313859475383, 0.747555579423, 0.134044330334, 12.9352092312
0.983905524287, 0.0112846821365, 0.0640995283323, 0.291645861901, 0.0731122380975, 0.136565953792, 0.0770022380391, 0.0422935446555, 0.201276297326, 0.316217697535, 0.0381906059176, 0.00500972913388, 0.030535145202, 0.911699492279, 0.0315022177295, 0.784173133208, 0.0436435856338, 0.108466478706, 0.343079857202, 0.097270839028, 0.244894671087, 0.123992351019, 0.983905524287, 0.0112846821365, 11.1701246345
0.983905524287, 0.0112846821365, 0.0640995283323, 0.291645861901, 0.0731122380975, 0.136565953792, 0.0770022380391, 0.0422935446555, 0.201276297326, 0.316217697535, 0.0381906059176, 0.00500972913388, 0.030535145202, 0.911699492279, 0.0315022177295, 0.784173133208, 0.0436435856338, 0.108466478706, 0.343079857202, 0.097270839028, 0.244894671087, 0.123992351019, 0.983905524287, 0.0112846821365, 11.1701246345
0.000447655958568, 0.0351325787005, 0.29904962187, 0.996699523534, 0.885678357132, 0.313807398764, 0.374962692577, 0.0197429510187, 0.517056877339, 0.828892744724, 0.00950297925208, 0.121579686355, 0.0639319082041, 0.850305159956, 0.616322019858, 0.592592177057, 0.184769819781, 0.318783597959, 0.433599058373, 0.739039974117, 0.0156942055127, 0.0074000110664, 0.000447655958568, 0.0351325787005, 17.045300614
0.000447655958568, 0.0351325787005, 0.29904962187, 0.996699523534, 0.885678357132, 0.313807398764, 0.374962692577, 0.0197429510187, 0.517056877339, 0.828892744724, 0.00950297925208, 0.121579686355, 0.0639319082041, 0.850305159956, 0.616322019858, 0.592592177057, 0.184769819781, 0.318783597959, 0.433599058373, 0.739039974117, 0.0156942055127, 0.0074000110664, 0.000447655958568, 0.0351325787005, 17.045300614
0.00121852050641, 0.00382200373122, 0.122140876255, 0.363394829602, 0.199191655643, 0.117707076288, 0.0403924415334, 0.0197429510187, 0.0843401301771, 0.828892744724, 0.680812088243, 0.0950080680685, 0.899482762339, 0.504864264698, 0.95703881771, 0.465885892162, 0.184769819781, 0.318783597959, 0.00235697694009, 0.16283800135, 0.184863892162, 0.0099125428765, 0.00121852050641, 0.00382200373122, 14.4262597612
0.00121852050641, 0.00382200373122, 0.122140876255, 0.363394829602, 0.199191655643, 0.117707076288, 0.0403924415334, 0.0197429510187, 0.0843401301771, 0.828892744724, 0.680812088243, 0.0950080680685, 0.899482762339, 0.504864264698, 0.95703881771, 0.465885892162, 0.184769819781, 0.318783597959, 0.00235697694009, 0.16283800135, 0.184863892162, 0.0099125428765, 0.00121852050641, 0.00382200373122, 14.4262597612
8.53139333801e-05, 0.237852123515, 0.110004218669, 0.984531175064, 0.393840863795, 0.109935574115, 0.0237641868, 0.0182499924839, 0.445594149187, 0.828892744724, 0.00950297925208, 0.29262722149, 0.0639319082041, 0.360522991311, 0.95703881771, 0.151931416275, 0.184769819781, 0.584949579119, 0.220090018816, 0.210015472851, 0.0103714627116, 0.616262841529, 8.53139333801e-05, 0.237852123515, 14.7944193354
8.53139333801e-05, 0.237852123515, 0.110004218669, 0.984531175064, 0.393840863795, 0.109935574115, 0.0237641868, 0.0182499924839, 0.445594149187, 0.828892744724, 0.00950297925208, 0.29262722149, 0.0639319082041, 0.360522991311, 0.95703881771, 0.151931416275, 0.184769819781, 0.584949579119, 0.220090018816, 0.210015472851, 0.0103714627116, 0.616262841529, 8.53139333801e-05, 0.237852123515, 14.7944193354
0.11687663835, 0.212116013189, 0.0640995283323, 0.291645861901, 0.0731122380975, 0.223782097609, 0.0770022380391, 0.0422935446555, 0.201276297326, 0.119286912161, 0.0381906059176, 0.00500972913388, 0.030535145202, 0.911699492279, 0.0315022177295, 0.784173133208, 0.553084613395, 0.108466478706, 0.343079857202, 0.0273626610688, 0.20945659311, 0.123992351019, 0.11687663835, 0.212116013189, 11.6471753765
0.11687663835, 0.212116013189, 0.0640995283323, 0.291645861901, 0.0731122380975, 0.223782097609, 0.0770022380391, 0.0422935446555, 0.201276297326, 0.119286912161, 0.0381906059176, 0.00500972913388, 0.030535145202, 0.911699492279, 0.0315022177295, 0.784173133208, 0.553084613395, 0.108466478706, 0.343079857202, 0.0273626610688, 0.20945659311, 0.123992351019, 0.11687663835, 0.212116013189, 11.6471753765
0.00121852050641, 0.844794401455, 0.227597974242, 0.475339679564, 0.245339118557, 0.109935574115, 0.0320794704358, 0.00384115432653, 0.0843401301771, 0.0734363087162, 0.00950297925208, 0.280395429809, 0.0639319082041, 0.360522991311, 0.990900011952, 0.0752365142203, 0.184769819781, 0.727032385243, 0.114146707178, 0.16283800135, 0.0158728003034, 0.188620776019, 0.00121852050641, 0.844794401455, 11.6941791817
0.00121852050641, 0.844794401455, 0.227597974242, 0.475339679564, 0.245339118557, 0.109935574115, 0.0320794704358, 0.00384115432653, 0.0843401301771, 0.0734363087162, 0.00950297925208, 0.280395429809, 0.0639319082041, 0.360522991311, 0.990900011952, 0.0752365142203, 0.184769819781, 0.727032385243, 0.114146707178, 0.16283800135, 0.0158728003034, 0.188620776019, 0.00121852050641, 0.844794401455, 11.6941791817
0.254222645548, 0.994692863097, 0.0640995283323, 0.291645861901, 0.0731122380975, 0.223782097609, 0.0770022380391, 0.0422935446555, 0.201276297326, 0.119286912161, 0.0381906059176, 0.00500972913388, 0.030535145202, 0.946059608913, 0.0315022177295, 0.784173133208, 0.553084613395, 0.108466478706, 0.343079857202, 0.0273626610688, 0.244894671087, 0.123992351019, 0.254222645548, 0.994692863097, 11.6014240853
0.254222645548, 0.994692863097, 0.0640995283323, 0.291645861901, 0.0731122380975, 0.223782097609, 0.0770022380391, 0.0422935446555, 0.201276297326, 0.119286912161, 0.0381906059176, 0.00500972913388, 0.030535145202, 0.946059608913, 0.0315022177295, 0.784173133208, 0.553084613395, 0.108466478706, 0.343079857202, 0.0273626610688, 0.244894671087, 0.123992351019, 0.254222645548, 0.994692863097, 11.6014240853
0.89178076887, 0.00223968367928, 0.282342674425, 0.137886009674, 0.0404375488113, 0.111669120461, 0.25296836064, 0.496216693671, 0.00547144205429, 0.0025641020589, 0.198428041483, 0.066252086666, 0.0105888549816, 0.120531499291, 0.0891444947156, 0.131432137529, 0.273696208373, 0.431225507994, 0.465913698043, 0.605513606431, 0.646352595555, 0.88044194985, 0.89178076887, 0.00223968367928, 12.7901129011
0.89178076887, 0.00223968367928, 0.282342674425, 0.137886009674, 0.0404375488113, 0.111669120461, 0.25296836064, 0.496216693671, 0.00547144205429, 0.0025641020589, 0.198428041483, 0.066252086666, 0.0105888549816, 0.120531499291, 0.0891444947156, 0.131432137529, 0.273696208373, 0.431225507994, 0.465913698043, 0.605513606431, 0.646352595555, 0.88044194985, 0.89178076887, 0.00223968367928, 12.7901129011
0.00121852050641, 0.00357835863786, 0.272163058008, 0.363394829602, 0.245339118557, 0.117707076288, 0.0403924415334, 0.0197429510187, 0.0843401301771, 0.828892744724, 0.573260221956, 0.0950080680685, 0.899482762339, 0.360522991311, 0.95703881771, 0.465885892162, 0.172518904171, 0.318783597959, 0.114146707178, 0.16283800135, 0.184863892162, 0.0099125428765, 0.00121852050641, 0.00357835863786, 14.4854578075
0.00121852050641, 0.00357835863786, 0.272163058008, 0.363394829602, 0.245339118557, 0.117707076288, 0.0403924415334, 0.0197429510187, 0.0843401301771, 0.828892744724, 0.573260221956, 0.0950080680685, 0.899482762339, 0.360522991311, 0.95703881771, 0.465885892162, 0.172518904171, 0.318783597959, 0.114146707178, 0.16283800135, 0.184863892162, 0.0099125428765, 0.00121852050641, 0.00357835863786, 14.4854578075
0.747555579423, 0.0696841230163, 0.154862758211, 0.671765061891, 0.582206079493, 0.119376371238, 0.00872831679071, 0.301551740451, 0.0308764343778, 0.157843553184, 0.202803314704, 0.0293923419177, 0.110336573112, 0.0269254421911, 0.639341509363, 0.136684262265, 0.471390950708, 0.379462107882, 0.233051981959, 0.125537306793, 0.860315228046, 0.313859475383, 0.747555579423, 0.0696841230163, 13.2482564749
0.747555579423, 0.0696841230163, 0.154862758211, 0.671765061891, 0.582206079493, 0.119376371238, 0.00872831679071, 0.301551740451, 0.0308764343778, 0.157843553184, 0.202803314704, 0.0293923419177, 0.110336573112, 0.0269254421911, 0.639341509363, 0.136684262265, 0.471390950708, 0.379462107882, 0.233051981959, 0.125537306793, 0.860315228046, 0.313859475383, 0.747555579423, 0.0696841230163, 13.2482564749
0.00121852050641, 0.448401488132, 0.227597974242, 0.475339679564, 0.245339118557, 0.109935574115, 0.0320794704358, 0.00384115432653, 0.0843401301771, 0.281120672105, 0.00950297925208, 0.280395429809, 0.0639319082041, 0.360522991311, 0.990900011952, 0.0752365142203, 0.184769819781, 0.727032385243, 0.114146707178, 0.16283800135, 0.0158728003034, 0.188620776019, 0.00121852050641, 0.448401488132, 12.2460154154
0.00121852050641, 0.448401488132, 0.227597974242, 0.475339679564, 0.245339118557, 0.109935574115, 0.0320794704358, 0.00384115432653, 0.0843401301771, 0.281120672105, 0.00950297925208, 0.280395429809, 0.0639319082041, 0.360522991311, 0.990900011952, 0.0752365142203, 0.184769819781, 0.727032385243, 0.114146707178, 0.16283800135, 0.0158728003034, 0.188620776019, 0.00121852050641, 0.448401488132, 12.2460154154
0.0547536948031, 0.00188666493176, 0.0955212998055, 0.776534809349, 0.177566459054, 0.0125692197487, 0.118154831735, 0.0908130328599, 0.875030657706, 0.513276410719, 0.866799256621, 0.130158170132, 0.886737057688, 0.0713036507229, 0.258937373559, 0.927226844804, 0.982624389875, 0.128798317179, 0.832147693256, 0.740947511447, 0.442736895457, 0.280402733852, 0.0547536948031, 0.00188666493176, 18.4115195521
0.0547536948031, 0.00188666493176, 0.0955212998055, 0.776534809349, 0.177566459054, 0.0125692197487, 0.118154831735, 0.0908130328599, 0.875030657706, 0.513276410719, 0.866799256621, 0.130158170132, 0.886737057688, 0.0713036507229, 0.258937373559, 0.927226844804, 0.982624389875, 0.128798317179, 0.832147693256, 0.740947511447, 0.442736895457, 0.280402733852, 0.0547536948031, 0.00188666493176, 18.4115195521
0.983905524287, 0.212116013189, 0.302781255281, 0.291645861901, 0.0731122380975, 0.0880484989503, 0.0770022380391, 0.0422935446555, 0.201276297326, 0.119286912161, 0.0381906059176, 0.00500972913388, 0.030535145202, 0.608995882887, 0.0315022177295, 0.784173133208, 0.0666867625813, 0.108466478706, 0.343079857202, 0.097270839028, 0.244894671087, 0.123992351019, 0.983905524287, 0.212116013189, 10.7280323977
0.983905524287, 0.212116013189, 0.302781255281, 0.291645861901, 0.0731122380975, 0.0880484989503, 0.0770022380391, 0.0422935446555, 0.201276297326, 0.119286912161, 0.0381906059176, 0.00500972913388, 0.030535145202, 0.608995882887, 0.0315022177295, 0.784173133208, 0.0666867625813, 0.108466478706, 0.343079857202, 0.097270839028, 0.244894671087, 0.123992351019, 0.983905524287, 0.212116013189, 10.7280323977
0.746084592418, 0.00405963966823, 0.924008261361, 0.137886009674, 0.0941126294134, 0.00788139674466, 0.25296836064, 0.421979180332, 0.00656840310172, 0.0025641020589, 0.198428041483, 0.066252086666, 0.0812974828378, 0.120531499291, 0.803188997526, 0.227758063157, 0.0443910269489, 0.410281500214, 0.465913698043, 0.605513606431, 0.247987057205, 0.89187548761, 0.746084592418, 0.00405963966823, 13.8757772246
0.746084592418, 0.00405963966823, 0.924008261361, 0.137886009674, 0.0941126294134, 0.00788139674466, 0.25296836064, 0.421979180332, 0.00656840310172, 0.0025641020589, 0.198428041483, 0.066252086666, 0.0812974828378, 0.120531499291, 0.803188997526, 0.227758063157, 0.0443910269489, 0.410281500214, 0.465913698043, 0.605513606431, 0.247987057205, 0.89187548761, 0.746084592418, 0.00405963966823, 13.8757772246
0.588446037135, 0.114848558867, 0.245626517599, 0.833926740715, 0.582206079493, 0.0280608612914, 0.00872831679071, 0.421979180332, 0.230740763461, 0.0530934646002, 0.183871562738, 0.0740787570555, 0.335210722271, 0.0279563585048, 0.578338046298, 0.0435557041465, 0.403333007826, 0.170244287699, 0.617224051431, 0.125537306793, 0.253998382649, 0.313859475383, 0.588446037135, 0.114848558867, 13.3926165239
0.588446037135, 0.114848558867, 0.245626517599, 0.833926740715, 0.582206079493, 0.0280608612914, 0.00872831679071, 0.421979180332, 0.230740763461, 0.0530934646002, 0.183871562738, 0.0740787570555, 0.335210722271, 0.0279563585048, 0.578338046298, 0.0435557041465, 0.403333007826, 0.170244287699, 0.617224051431, 0.125537306793, 0.253998382649, 0.313859475383, 0.588446037135, 0.114848558867, 13.3926165239
0.428523581072, 0.000839210801656, 0.649749011649, 0.350794558365, 0.764477921521, 0.0350356375197, 0.0726352322756, 0.00956853382609, 0.725776418766, 0.286991378279, 0.771772786249, 0.109749871283, 0.431898445898, 0.485923326742, 0.258937373559, 0.888399694126, 0.467522000427, 0.612731747196, 0.832147693256, 0.166069135018, 0.460911986642, 0.15856957456, 0.428523581072, 0.000839210801656, 17.5071882805
0.428523581072, 0.000839210801656, 0.649749011649, 0.350794558365, 0.764477921521, 0.0350356375197, 0.0726352322756, 0.00956853382609, 0.725776418766, 0.286991378279, 0.771772786249, 0.109749871283, 0.431898445898, 0.485923326742, 0.258937373559, 0.888399694126, 0.467522000427, 0.612731747196, 0.832147693256, 0.166069135018, 0.460911986642, 0.15856957456, 0.428523581072, 0.000839210801656, 17.5071882805
0.0191648323237, 0.00289228753993, 0.328824821445, 0.350794558365, 0.90657366652, 0.0350356375197, 0.285671720071, 0.0262762968444, 0.183219419225, 0.0226761197433, 0.771772786249, 0.216225884409, 0.763155324278, 0.308934239744, 0.167377426869, 0.927226844804, 0.951350935755, 0.803502860001, 0.832147693256, 0.433403143641, 0.0192080180354, 0.355408729641, 0.0191648323237, 0.00289228753993, 17.7240268532
0.0191648323237, 0.00289228753993, 0.328824821445, 0.350794558365, 0.90657366652, 0.0350356375197, 0.285671720071, 0.0262762968444, 0.183219419225, 0.0226761197433, 0.771772786249, 0.216225884409, 0.763155324278, 0.308934239744, 0.167377426869, 0.927226844804, 0.951350935755, 0.803502860001, 0.832147693256, 0.433403143641, 0.0192080180354, 0.355408729641, 0.0191648323237, 0.00289228753993, 17.7240268532
0.00100546042018, 0.237852123515, 0.110004218669, 0.903263973252, 0.489725837118, 0.515347697095, 0.00540381544677, 0.0197429510187, 0.445594149187, 0.828892744724, 0.00950297925208, 0.0950080680685, 0.0639319082041, 0.360522991311, 0.98986599523, 0.151931416275, 0.140883666768, 0.584949579119, 0.220090018816, 0.16283800135, 0.0278180777268, 0.00125158144121, 0.00100546042018, 0.237852123515, 14.1891748675
0.00100546042018, 0.237852123515, 0.110004218669, 0.903263973252, 0.489725837118, 0.515347697095, 0.00540381544677, 0.0197429510187, 0.445594149187, 0.828892744724, 0.00950297925208, 0.0950080680685, 0.0639319082041, 0.360522991311, 0.98986599523, 0.151931416275, 0.140883666768, 0.584949579119, 0.220090018816, 0.16283800135, 0.0278180777268, 0.00125158144121, 0.00100546042018, 0.237852123515, 14.1891748675
0.428523581072, 0.00162797911073, 0.649749011649, 0.350794558365, 0.759511759873, 0.0350356375197, 0.285671720071, 0.0908130328599, 0.529806137998, 0.222192261045, 0.771772786249, 0.0145621949678, 0.431898445898, 0.154055023461, 0.258937373559, 0.117171770933, 0.824319347848, 0.383986069314, 0.832147693256, 0.182362558918, 0.460911986642, 0.280402733852, 0.428523581072, 0.00162797911073, 16.288378012
0.428523581072, 0.00162797911073, 0.649749011649, 0.350794558365, 0.759511759873, 0.0350356375197, 0.285671720071, 0.0908130328599, 0.529806137998, 0.222192261045, 0.771772786249, 0.0145621949678, 0.431898445898, 0.154055023461, 0.258937373559, 0.117171770933, 0.824319347848, 0.383986069314, 0.832147693256, 0.182362558918, 0.460911986642, 0.280402733852, 0.428523581072, 0.00162797911073, 16.288378012
0.00086595010964, 0.237852123515, 0.836512591363, 0.984531175064, 0.861345685795, 0.109935574115, 0.00540381544677, 0.226322341176, 0.445594149187, 0.828892744724, 0.00950297925208, 0.0950080680685, 0.0639319082041, 0.360522991311, 0.0441212776855, 0.156966058838, 0.184769819781, 0.584949579119, 0.220090018816, 0.16283800135, 0.0278180777268, 0.188620776019, 0.00086595010964, 0.237852123515, 14.5535141778
0.00086595010964, 0.237852123515, 0.836512591363, 0.984531175064, 0.861345685795, 0.109935574115, 0.00540381544677, 0.226322341176, 0.445594149187, 0.828892744724, 0.00950297925208, 0.0950080680685, 0.0639319082041, 0.360522991311, 0.0441212776855, 0.156966058838, 0.184769819781, 0.584949579119, 0.220090018816, 0.16283800135, 0.0278180777268, 0.188620776019, 0.00086595010964, 0.237852123515, 14.5535141778
0.983905524287, 0.00127416780978, 0.0640995283323, 0.291645861901, 0.0731122380975, 0.789613588826, 0.0770022380391, 0.0422935446555, 0.201276297326, 0.316217697535, 0.0381906059176, 0.00500972913388, 0.030535145202, 0.828525033945, 0.0315022177295, 0.784173133208, 0.553084613395, 0.108466478706, 0.343079857202, 0.097270839028, 0.244894671087, 0.123992351019, 0.983905524287, 0.00127416780978, 12.6098986963
0.983905524287, 0.00127416780978, 0.0640995283323, 0.291645861901, 0.0731122380975, 0.789613588826, 0.0770022380391, 0.0422935446555, 0.201276297326, 0.316217697535, 0.0381906059176, 0.00500972913388, 0.030535145202, 0.828525033945, 0.0315022177295, 0.784173133208, 0.553084613395, 0.108466478706, 0.343079857202, 0.097270839028, 0.244894671087, 0.123992351019, 0.983905524287, 0.00127416780978, 12.6098986963
0.000283957037824, 0.0324617816607, 0.0545663357951, 0.994960121601, 0.885678357132, 0.254834552984, 0.374962692577, 0.0197429510187, 0.517056877339, 0.828892744724, 0.00950297925208, 0.205747337498, 0.00402932743162, 0.996527995286, 0.616322019858, 0.715378653219, 0.184769819781, 0.318783597959, 0.659434589483, 0.574296987315, 0.442736895457, 0.0503893139932, 0.000283957037824, 0.0324617816607, 17.7469182966
0.000283957037824, 0.0324617816607, 0.0545663357951, 0.994960121601, 0.885678357132, 0.254834552984, 0.374962692577, 0.0197429510187, 0.517056877339, 0.828892744724, 0.00950297925208, 0.205747337498, 0.00402932743162, 0.996527995286, 0.616322019858, 0.715378653219, 0.184769819781, 0.318783597959, 0.659434589483, 0.574296987315, 0.442736895457, 0.0503893139932, 0.000283957037824, 0.0324617816607, 17.7469182966
0.689391685183, 0.0438272428939, 0.173534950375, 0.0171104413662, 0.0731122380975, 0.836476499753, 0.2068224738, 0.513765893713, 0.309201042906, 0.027237609855, 0.0381906059176, 0.511068845284, 0.452335377589, 0.605683110591, 0.0315022177295, 0.784173133208, 0.114513348134, 0.318783597959, 0.413538756129, 0.097270839028, 0.244894671087, 0.123992351019, 0.689391685183, 0.0438272428939, 13.7864986318
0.689391685183, 0.0438272428939, 0.173534950375, 0.0171104413662, 0.0731122380975, 0.836476499753, 0.2068224738, 0.513765893713, 0.309201042906, 0.027237609855, 0.0381906059176, 0.511068845284, 0.452335377589, 0.605683110591, 0.0315022177295, 0.784173133208, 0.114513348134, 0.318783597959, 0.413538756129, 0.097270839028, 0.244894671087, 0.123992351019, 0.689391685183, 0.0438272428939, 13.7864986318
0.00572378531319, 0.00289228753993, 0.328824821445, 0.350794558365, 0.90657366652, 0.0166298302966, 0.285671720071, 0.0262762968444, 0.890116574398, 0.0226761197433, 0.771772786249, 0.216225884409, 0.431898445898, 0.308934239744, 0.258937373559, 0.927226844804, 0.951350935755, 0.812007071783, 0.832147693256, 0.433403143641, 0.254421523036, 0.355408729641, 0.00572378531319, 0.00289228753993, 18.6626163873
0.00572378531319, 0.00289228753993, 0.328824821445, 0.350794558365, 0.90657366652, 0.0166298302966, 0.285671720071, 0.0262762968444, 0.890116574398, 0.0226761197433, 0.771772786249, 0.216225884409, 0.431898445898, 0.308934239744, 0.258937373559, 0.927226844804, 0.951350935755, 0.812007071783, 0.832147693256, 0.433403143641, 0.254421523036, 0.355408729641, 0.00572378531319, 0.00289228753993, 18.6626163873
0.000447655958568, 0.0279475985009, 0.29904962187, 0.994960121601, 0.885678357132, 0.313807398764, 0.374962692577, 0.0197429510187, 0.953242346867, 0.828892744724, 0.00950297925208, 0.205747337498, 0.0639319082041, 0.885030869046, 0.616322019858, 0.715378653219, 0.184769819781, 0.318783597959, 0.433599058373, 0.739039974117, 0.0156942055127, 0.0074000110664, 0.000447655958568, 0.0279475985009, 17.960253203
0.000447655958568, 0.0279475985009, 0.29904962187, 0.994960121601, 0.885678357132, 0.313807398764, 0.374962692577, 0.0197429510187, 0.953242346867, 0.828892744724, 0.00950297925208, 0.205747337498, 0.0639319082041, 0.885030869046, 0.616322019858, 0.715378653219, 0.184769819781, 0.318783597959, 0.433599058373, 0.739039974117, 0.0156942055127, 0.0074000110664, 0.000447655958568, 0.0279475985009, 17.960253203
0.0862162793434, 0.237852123515, 0.110004218669, 0.984531175064, 0.393840863795, 0.109935574115, 0.0237641868, 0.0182499924839, 0.445594149187, 0.828892744724, 0.00950297925208, 0.0742598213305, 0.00320940122865, 0.360522991311, 0.994984712821, 0.151931416275, 0.11972677327, 0.584949579119, 0.220090018816, 0.210015472851, 0.0278180777268, 0.188620776019, 0.0862162793434, 0.237852123515, 13.8037573305
0.0862162793434, 0.237852123515, 0.110004218669, 0.984531175064, 0.393840863795, 0.109935574115, 0.0237641868, 0.0182499924839, 0.445594149187, 0.828892744724, 0.00950297925208, 0.0742598213305, 0.00320940122865, 0.360522991311, 0.994984712821, 0.151931416275, 0.11972677327, 0.584949579119, 0.220090018816, 0.210015472851, 0.0278180777268, 0.188620776019, 0.0862162793434, 0.237852123515, 13.8037573305
0.000923708337809, 0.237852123515, 0.836512591363, 0.984531175064, 0.861345685795, 0.109935574115, 0.00540381544677, 0.0197429510187, 0.445594149187, 0.828892744724, 0.00950297925208, 0.0950080680685, 0.0639319082041, 0.360522991311, 0.0441212776855, 0.151931416275, 0.184769819781, 0.584949579119, 0.220090018816, 0.16283800135, 0.0278180777268, 0.188620776019, 0.000923708337809, 0.237852123515, 14.2691367087
0.000923708337809, 0.237852123515, 0.836512591363, 0.984531175064, 0.861345685795, 0.109935574115, 0.00540381544677, 0.0197429510187, 0.445594149187, 0.828892744724, 0.00950297925208, 0.0950080680685, 0.0639319082041, 0.360522991311, 0.0441212776855, 0.151931416275, 0.184769819781, 0.584949579119, 0.220090018816, 0.16283800135, 0.0278180777268, 0.188620776019, 0.000923708337809, 0.237852123515, 14.2691367087
0.0842447325113, 0.00339911245843, 0.0175159034923, 0.744859193692, 0.860127530164, 0.0292974631557, 0.0160897213363, 0.273562979557, 0.742104985441, 0.696219644542, 0.27601582622, 0.274155807919, 0.305232959982, 0.0772689374542, 0.134038256803, 0.0105718827322, 0.00408654998009, 0.488583673649, 0.275748680842, 0.0502084602253, 0.883388351414, 0.133283902249, 0.0842447325113, 0.00339911245843, 14.4659227355
0.0842447325113, 0.00339911245843, 0.0175159034923, 0.744859193692, 0.860127530164, 0.0292974631557, 0.0160897213363, 0.273562979557, 0.742104985441, 0.696219644542, 0.27601582622, 0.274155807919, 0.305232959982, 0.0772689374542, 0.134038256803, 0.0105718827322, 0.00408654998009, 0.488583673649, 0.275748680842, 0.0502084602253, 0.883388351414, 0.133283902249, 0.0842447325113, 0.00339911245843, 14.4659227355
0.0296575357797, 0.420636410605, 0.110004218669, 0.0171104413662, 0.0731122380975, 0.663909404243, 0.0693976503983, 0.128267931249, 0.309201042906, 0.027237609855, 0.635040176832, 0.0093171874771, 0.452335377589, 0.806364021367, 0.0315022177295, 0.784173133208, 0.114513348134, 0.143613920961, 0.413538756129, 0.097270839028, 0.111030201756, 0.123992351019, 0.0296575357797, 0.420636410605, 12.8866706998
0.0296575357797, 0.420636410605, 0.110004218669, 0.0171104413662, 0.0731122380975, 0.663909404243, 0.0693976503983, 0.128267931249, 0.309201042906, 0.027237609855, 0.635040176832, 0.0093171874771, 0.452335377589, 0.806364021367, 0.0315022177295, 0.784173133208, 0.114513348134, 0.143613920961, 0.413538756129, 0.097270839028, 0.111030201756, 0.123992351019, 0.0296575357797, 0.420636410605, 12.8866706998
0.000279067495498, 0.0324617816607, 0.0545663357951, 0.994960121601, 0.885678357132, 0.254834552984, 0.374962692577, 0.0197429510187, 0.517056877339, 0.828892744724, 0.00950297925208, 0.205747337498, 0.00434183374961, 0.999792141008, 0.616322019858, 0.715378653219, 0.184769819781, 0.318783597959, 0.659434589483, 0.575610886323, 0.442736895457, 0.0503893139932, 0.000279067495498, 0.0324617816607, 17.7535188774
0.000279067495498, 0.0324617816607, 0.0545663357951, 0.994960121601, 0.885678357132, 0.254834552984, 0.374962692577, 0.0197429510187, 0.517056877339, 0.828892744724, 0.00950297925208, 0.205747337498, 0.00434183374961, 0.999792141008, 0.616322019858, 0.715378653219, 0.184769819781, 0.318783597959, 0.659434589483, 0.575610886323, 0.442736895457, 0.0503893139932, 0.000279067495498, 0.0324617816607, 17.7535188774
0.00121852050641, 0.367297413841, 0.232651013092, 0.475339679564, 0.0383641168408, 0.109935574115, 0.135472978193, 0.0197429510187, 0.0843401301771, 0.281120672105, 0.0443145778417, 0.280395429809, 0.0639319082041, 0.360522991311, 0.95703881771, 0.465885892162, 0.184769819781, 0.762352195367, 0.114146707178, 0.276283053602, 0.231706318043, 0.0379633124196, 0.00121852050641, 0.367297413841, 12.9160400495
0.00121852050641, 0.367297413841, 0.232651013092, 0.475339679564, 0.0383641168408, 0.109935574115, 0.135472978193, 0.0197429510187, 0.0843401301771, 0.281120672105, 0.0443145778417, 0.280395429809, 0.0639319082041, 0.360522991311, 0.95703881771, 0.465885892162, 0.184769819781, 0.762352195367, 0.114146707178, 0.276283053602, 0.231706318043, 0.0379633124196, 0.00121852050641, 0.367297413841, 12.9160400495
0.909350727676, 0.367297413841, 0.00540946776165, 0.995221867925, 0.0941126294134, 0.109935574115, 0.0403924415334, 0.0197429510187, 0.475640020046, 0.00722665980475, 0.00950297925208, 0.0950080680685, 0.0639319082041, 0.290657277439, 0.929971021705, 0.426867191863, 0.184769819781, 0.143613920961, 0.114146707178, 0.16283800135, 0.0278180777268, 0.188620776019, 0.909350727676, 0.367297413841, 11.6142229557
0.909350727676, 0.367297413841, 0.00540946776165, 0.995221867925, 0.0941126294134, 0.109935574115, 0.0403924415334, 0.0197429510187, 0.475640020046, 0.00722665980475, 0.00950297925208, 0.0950080680685, 0.0639319082041, 0.290657277439, 0.929971021705, 0.426867191863, 0.184769819781, 0.143613920961, 0.114146707178, 0.16283800135, 0.0278180777268, 0.188620776019, 0.909350727676, 0.367297413841, 11.6142229557
0.983905524287, 0.0112846821365, 0.0640995283323, 0.291645861901, 0.0180005875894, 0.136565953792, 0.0770022380391, 0.0422935446555, 0.0591609293721, 0.316217697535, 0.0381906059176, 0.00500972913388, 0.399590599572, 0.911699492279, 0.024358823791, 0.871683277948, 0.0436435856338, 0.108466478706, 0.343079857202, 0.0968438064257, 0.221148067618, 0.123992351019, 0.983905524287, 0.0112846821365, 11.4738175018
8.53139333801e-05, 0.237852123515, 0.110004218669, 0.984531175064, 0.393840863795, 0.109935574115, 0.0237641868, 0.0182499924839, 0.445594149187, 0.828892744724, 0.00950297925208, 0.29262722149, 0.0639319082041, 0.360522991311, 0.987887607407, 0.151931416275, 0.184769819781, 0.584949579119, 0.220090018816, 0.210015472851, 0.0103714627116, 0.616262841529, 8.53139333801e-05, 0.237852123515, 14.8358762399
0.00384150386008, 0.795426931932, 0.238690909522, 0.984531175064, 0.587431565533, 0.00648445080618, 0.0473876595724, 0.0197429510187, 0.0691140038297, 0.105469580904, 0.00270270728236, 0.0950080680685, 0.0218882181245, 0.360522991311, 0.988272617133, 0.138298090307, 0.184769819781, 0.190427472976, 0.529018267191, 0.16283800135, 0.0192080180354, 0.188620776019, 0.00384150386008, 0.795426931932, 12.400281865
0.0547536948031, 0.00236552066529, 0.0955212998055, 0.598588075507, 0.591237450443, 0.0125692197487, 0.524227863512, 0.0908130328599, 0.875030657706, 0.513276410719, 0.866799256621, 0.130158170132, 0.886737057688, 0.214399776175, 0.258937373559, 0.927226844804, 0.982624389875, 0.128798317179, 0.832147693256, 0.740947511447, 0.442736895457, 0.280402733852, 0.0547536948031, 0.00236552066529, 19.4701501057
0.428523581072, 0.000839210801656, 0.649749011649, 0.152731530581, 0.764477921521, 0.0350356375197, 0.0726352322756, 0.00956853382609, 0.725776418766, 0.340831815013, 0.771772786249, 0.109749871283, 0.431898445898, 0.723190210053, 0.258937373559, 0.678114240908, 0.467522000427, 0.645832241014, 0.832147693256, 0.166069135018, 0.504973399647, 0.309296152602, 0.428523581072, 0.000839210801656, 17.6564215955
0.983905524287, 0.00933193485175, 0.0640995283323, 0.291645861901, 0.0715051153516, 0.223782097609, 0.491002516444, 0.0422935446555, 0.0564407843291, 0.0165790145696, 0.0381906059176, 0.00500972913388, 0.773890726723, 0.925137446577, 0.0315022177295, 0.58392807941, 0.553084613395, 0.108466478706, 0.36105278566, 0.097270839028, 0.244894671087, 0.123992351019, 0.983905524287, 0.00933193485175, 12.6880043921
0.0862162793434, 0.237852123515, 0.110004218669, 0.984531175064, 0.393840863795, 0.109935574115, 0.0176183515276, 0.0182499924839, 0.445594149187, 0.828892744724, 0.00950297925208, 0.073340405991, 0.0639319082041, 0.360522991311, 0.95703881771, 0.151931416275, 0.181984396634, 0.584949579119, 0.220090018816, 0.210015472851, 0.0278180777268, 0.188620776019, 0.0862162793434, 0.237852123515, 13.9083540168
0.428523581072, 0.00162797911073, 0.649749011649, 0.350794558365, 0.764477921521, 0.0350356375197, 0.285671720071, 0.0908130328599, 0.419375298195, 0.222192261045, 0.771772786249, 0.0145621949678, 0.431898445898, 0.154055023461, 0.258937373559, 0.117171770933, 0.945236320788, 0.383986069314, 0.832147693256, 0.182362558918, 0.460911986642, 0.280402733852, 0.428523581072, 0.00162797911073, 16.3092181389
0.00384150386008, 0.795426931932, 0.238690909522, 0.984531175064, 0.587431565533, 0.00648445080618, 0.0473876595724, 0.0197429510187, 0.0691140038297, 0.105469580904, 0.00270270728236, 0.0950080680685, 0.0218882181245, 0.360522991311, 0.988272617133, 0.138298090307, 0.184769819781, 0.190427472976, 0.529018267191, 0.16283800135, 0.0192080180354, 0.188620776019, 0.00384150386008, 0.795426931932, 12.400281865
0.00121852050641, 0.570564688602, 0.232651013092, 0.475339679564, 0.0383641168408, 0.109935574115, 0.135472978193, 0.0197429510187, 0.0843401301771, 0.281120672105, 0.00950297925208, 0.280395429809, 0.0639319082041, 0.360522991311, 0.95703881771, 0.465885892162, 0.184769819781, 0.762352195367, 0.114146707178, 0.00153401974641, 0.231706318043, 0.188620776019, 0.00121852050641, 0.570564688602, 12.7249342065
0.588446037135, 0.114848558867, 0.245626517599, 0.833926740715, 0.582206079493, 0.0280608612914, 0.00872831679071, 0.421979180332, 0.230740763461, 0.0530934646002, 0.227899878002, 0.0740787570555, 0.335210722271, 0.0279563585048, 0.578338046298, 0.0435557041465, 0.403333007826, 0.257807307709, 0.617224051431, 0.125537306793, 0.172591864054, 0.313859475383, 0.588446037135, 0.114848558867, 13.4600581719
0.588446037135, 0.114848558867, 0.245626517599, 0.833926740715, 0.582206079493, 0.0280608612914, 0.00872831679071, 0.421979180332, 0.230740763461, 0.0530934646002, 0.227899878002, 0.0740787570555, 0.335210722271, 0.0279563585048, 0.578338046298, 0.0435557041465, 0.403333007826, 0.257807307709, 0.617224051431, 0.125537306793, 0.172591864054, 0.313859475383, 0.588446037135, 0.114848558867, 13.4600581719
0.689391685183, 0.0438272428939, 0.173534950375, 0.0171104413662, 0.0731122380975, 0.836476499753, 0.2068224738, 0.513765893713, 0.309201042906, 0.027237609855, 0.0381906059176, 0.944902089708, 0.452335377589, 0.539851046738, 0.0315022177295, 0.807111689588, 0.136208830684, 0.318783597959, 0.413538756129, 0.097270839028, 0.244894671087, 0.123992351019, 0.689391685183, 0.0438272428939, 14.3381136122
0.898463339267, 0.420636410605, 0.110004218669, 0.0141797187429, 0.0731122380975, 0.996468041302, 0.0693976503983, 0.513765893713, 0.261078534788, 0.027237609855, 0.0381906059176, 0.0093171874771, 0.452335377589, 0.605683110591, 0.00991849354948, 0.784173133208, 0.114513348134, 0.143613920961, 0.413538756129, 0.097270839028, 0.244894671087, 0.0716765525633, 0.898463339267, 0.420636410605, 12.5107969944
0.00121852050641, 0.367297413841, 0.232651013092, 0.475339679564, 0.0383641168408, 0.109935574115, 0.135472978193, 0.0197429510187, 0.0843401301771, 0.281120672105, 0.0443145778417, 0.503838198097, 0.0639319082041, 0.360522991311, 0.95703881771, 0.457232468783, 0.184769819781, 0.592548844517, 0.114146707178, 0.276283053602, 0.231706318043, 0.0379633124196, 0.00121852050641, 0.367297413841, 12.9765981353
0.00121852050641, 0.570564688602, 0.232651013092, 0.475339679564, 0.0383641168408, 0.109935574115, 0.135472978193, 0.0197429510187, 0.0843401301771, 0.281120672105, 0.00950297925208, 0.280395429809, 0.0639319082041, 0.360522991311, 0.95703881771, 0.465885892162, 0.184769819781, 0.762352195367, 0.114146707178, 0.00153401974641, 0.231706318043, 0.188620776019, 0.00121852050641, 0.570564688602, 12.7249342065
0.841117042504, 0.00382200373122, 0.272163058008, 0.363394829602, 0.245339118557, 0.117707076288, 0.0403924415334, 0.0197429510187, 0.380429477591, 0.828892744724, 0.573260221956, 0.0950080680685, 0.899482762339, 0.504864264698, 0.95703881771, 0.465885892162, 0.184769819781, 0.318783597959, 0.0033547553179, 0.16283800135, 0.184863892162, 0.0099125428765, 0.841117042504, 0.00382200373122, 14.6121168076
0.909350727676, 0.367297413841, 0.0257660047536, 0.995221867925, 0.0941126294134, 0.109935574115, 0.0403924415334, 0.0197429510187, 0.475640020046, 0.00722665980475, 0.00950297925208, 0.0950080680685, 0.0639319082041, 0.596903704194, 0.929971021705, 0.426867191863, 0.184769819781, 0.143613920961, 0.114146707178, 0.16283800135, 0.0278180777268, 0.188620776019, 0.909350727676, 0.367297413841, 12.0457488083
0.428523581072, 0.00162797911073, 0.649749011649, 0.350794558365, 0.764477921521, 0.0350356375197, 0.285671720071, 0.0908130328599, 0.419375298195, 0.222192261045, 0.771772786249, 0.0145621949678, 0.431898445898, 0.154055023461, 0.258937373559, 0.117171770933, 0.945236320788, 0.383986069314, 0.832147693256, 0.182362558918, 0.460911986642, 0.280402733852, 0.428523581072, 0.00162797911073, 16.3092181389
8.53139333801e-05, 0.237852123515, 0.110004218669, 0.984531175064, 0.393840863795, 0.109935574115, 0.0237641868, 0.0182499924839, 0.445594149187, 0.828892744724, 0.00950297925208, 0.29262722149, 0.0639319082041, 0.360522991311, 0.987887607407, 0.151931416275, 0.184769819781, 0.584949579119, 0.220090018816, 0.210015472851, 0.0103714627116, 0.616262841529, 8.53139333801e-05, 0.237852123515, 14.8358762399
0.689391685183, 0.0438272428939, 0.173534950375, 0.0171104413662, 0.0731122380975, 0.836476499753, 0.2068224738, 0.513765893713, 0.309201042906, 0.027237609855, 0.0381906059176, 0.944902089708, 0.452335377589, 0.539851046738, 0.0315022177295, 0.807111689588, 0.136208830684, 0.318783597959, 0.413538756129, 0.097270839028, 0.244894671087, 0.123992351019, 0.689391685183, 0.0438272428939, 14.3381136122
0.983905524287, 0.0112846821365, 0.0640995283323, 0.291645861901, 0.0180005875894, 0.136565953792, 0.0770022380391, 0.0422935446555, 0.0591609293721, 0.316217697535, 0.0381906059176, 0.00500972913388, 0.399590599572, 0.911699492279, 0.024358823791, 0.871683277948, 0.0436435856338, 0.108466478706, 0.343079857202, 0.0968438064257, 0.221148067618, 0.123992351019, 0.983905524287, 0.0112846821365, 11.4738175018
0.0556290122951, 0.00217441565723, 0.0955212998055, 0.598588075507, 0.764477921521, 0.0124806065063, 0.762859922402, 0.0415863516371, 0.875030657706, 0.019241303398, 0.771772786249, 0.130158170132, 0.886737057688, 0.214399776175, 0.258937373559, 0.927226844804, 0.982624389875, 0.128798317179, 0.832147693256, 0.433403143641, 0.442736895457, 0.280402733852, 0.0556290122951, 0.00217441565723, 18.7494070766
0.898463339267, 0.420636410605, 0.110004218669, 0.0141797187429, 0.0731122380975, 0.996468041302, 0.0693976503983, 0.513765893713, 0.261078534788, 0.027237609855, 0.0381906059176, 0.0093171874771, 0.452335377589, 0.605683110591, 0.00991849354948, 0.784173133208, 0.114513348134, 0.143613920961, 0.413538756129, 0.097270839028, 0.244894671087, 0.0716765525633, 0.898463339267, 0.420636410605, 12.5107969944
0.909350727676, 0.367297413841, 0.0257660047536, 0.995221867925, 0.0941126294134, 0.109935574115, 0.0403924415334, 0.0197429510187, 0.475640020046, 0.00722665980475, 0.00950297925208, 0.0950080680685, 0.0639319082041, 0.596903704194, 0.929971021705, 0.426867191863, 0.184769819781, 0.143613920961, 0.114146707178, 0.16283800135, 0.0278180777268, 0.188620776019, 0.909350727676, 0.367297413841, 12.0457488083
0.000447655958568, 0.0351325787005, 0.0545663357951, 0.994960121601, 0.885678357132, 0.411166186492, 0.374962692577, 0.0197429510187, 0.517056877339, 0.828892744724, 0.308849571514, 0.205747337498, 0.0639319082041, 0.885030869046, 0.616322019858, 0.715378653219, 0.184769819781, 0.318783597959, 0.659434589483, 0.939489403177, 0.000762891963184, 0.0503893139932, 0.000447655958568, 0.0351325787005, 18.1875481448
