0.530991355796, 0.881699041079, 2.02729551726, 0.350930933325, 9.11510480306, 40.8817838357, 2.04753486395, 1.66162074204, 20.3145652981, 223.77707122, 0.406293409101, 0.252747252747
0.548456498979, 0.845949751283, 2.11823118736, 0.350140943444, 7.52357312811, 40.6058293021, 2.85328563513, 1.22582987234, 25.2332540211, 200.166283634, 0.446717592559, 0.376518218623
0.518519134718, 1.00255130834, 2.05049233124, 0.432926581964, 10.462943002, 43.5577003821, 2.89843315036, 1.03282420772, 20.1730818285, 310.485755518, 0.454130645339, 0.0
0.52885057313, 0.976029505811, 2.05177449272, 0.390199771434, 5.1073814211, 40.7338097112, 2.95803313481, 4.82512968301, 20.5217327951, 217.812647046, 0.493528790847, 0.0108695652174
0.537434506138, 0.96632957165, 2.04091875052, 0.353307447469, 11.121412794, 46.3567389558, 2.44093725201, 1.14739859254, 21.139302369, 290.356125617, 0.443992023144, 0.0576923076923
0.510157069299, 0.99097901707, 2.0386259885, 0.390562851305, 2.12732241398, 41.0185311072, 2.68756096293, 1.82874573113, 32.4727023722, 320.78445905, 0.435188500767, 0.107438016529
0.530978651618, 0.848800012097, 2.10817099985, 0.3783889528, 7.56898956261, 46.1126064294, 2.92949747379, 3.21665625175, 31.1383078259, 226.792053769, 0.504554256845, 0.010752688172
0.517113159442, 0.997846957487, 2.05248757239, 0.389692753891, 13.7337945369, 47.4074729508, 2.89621236617, 0.942121184051, 20.4693218024, 227.602853319, 0.466226221386, 0.00884955752212
0.753462019627, 0.997846957487, 2.10966464066, 0.363452907044, 45.6669914377, 47.5181337949, 2.89019373607, 1.24359203955, 24.6934445448, 181.234380412, 0.604281013146, 0.0
0.505548154206, 0.85279314882, 2.01118337217, 0.350658286681, 7.45680346063, 40.3230928309, 2.5197762481, 1.78353299523, 25.9968947296, 241.549264646, 0.436841591596, 0.248366013072
0.505548154206, 0.832469164173, 2.01832034598, 0.351730371459, 7.45680346063, 41.1049730778, 2.16040965558, 1.66157123667, 38.9208422353, 222.881445517, 0.423939601434, 0.484848484848
0.56636974831, 0.877594031301, 2.01542197923, 0.359281222056, 11.0546467, 42.2210165707, 2.90466113316, 1.23316058519, 29.9197262298, 259.900528144, 0.434792797386, 0.117647058824
0.524886905521, 0.878743500456, 2.10977117561, 0.32837993166, 33.6265267954, 42.2932287239, 2.4515140428, 1.14960073189, 23.947142495, 217.593095304, 0.406024590153, 0.561728395062
0.505548154206, 0.832469164173, 2.01451721077, 0.350651715067, 7.45680346063, 40.8815984139, 2.16534481619, 1.66157123667, 38.9208422353, 262.958653333, 0.405740146994, 0.448780487805
0.531319412932, 0.88049835534, 2.05032471789, 0.353090812191, 11.121412794, 47.3879083984, 2.90466113316, 1.22584973704, 20.4610649761, 202.926286578, 0.485647174192, 0.276923076923
0.529264439482, 0.997923342915, 2.05118907135, 0.39017334347, 33.3379577835, 40.6693499947, 2.73745054814, 1.22598984476, 20.3074598641, 240.054157261, 0.452047654984, 0.0526315789474
0.518519134718, 1.00255130834, 2.0079965178, 0.390645617317, 1.44969841829, 43.5577003821, 2.89774461529, 1.03282420772, 33.4186177589, 318.710962442, 0.447312326936, 0.0491803278689
0.505602426763, 0.85279314882, 2.11776160809, 0.350651715067, 7.45680346063, 40.3230928309, 2.53039124757, 1.78330772391, 27.6954956978, 211.318428312, 0.427896613237, 0.616666666667
0.548795104205, 0.976323954823, 2.11823118736, 0.390208695803, 7.52357312811, 40.7338097112, 2.85370657609, 1.16792426479, 26.9205729002, 300.758815292, 0.455541041475, 0.0
0.524928480289, 0.826314682965, 2.11758757531, 0.32837993166, 33.6265267954, 42.2925377546, 2.89362544418, 1.14960073189, 24.0095690418, 197.486830519, 0.456849047684, 0.518703241895
0.531319412932, 0.88049835534, 2.05032471789, 0.353090812191, 16.4023854667, 47.3879083984, 2.91434140322, 1.22584973704, 20.4610649761, 187.361600248, 0.580576496425, 0.0
0.520139647665, 0.962014370913, 2.54003488964, 0.35831603359, 11.0593049212, 42.2210165707, 2.90466113316, 1.3395476866, 23.9902833885, 265.676240087, 0.377627308484, 0.16384180791
0.505548154206, 0.85279314882, 2.01451721077, 0.350651715067, 7.45680346063, 40.3230928309, 2.73098948479, 1.66157123667, 38.9208422353, 262.666992613, 0.42791671775, 0.213333333333
0.511784521626, 0.861954214814, 2.01330947659, 0.350334758217, 46.0087720894, 40.3909043354, 2.81158635215, 1.22599839949, 27.7121275272, 296.767377443, 0.34580458475, 0.574879227053
0.505092420451, 0.880780394124, 2.12577099459, 0.357950554076, 45.9290517248, 42.2210165707, 2.88957338147, 1.67142661909, 29.9059697675, 272.043442768, 0.459610136054, 0.0413223140496
0.528120219609, 0.84378587094, 2.10966464066, 0.379880119773, 16.605325602, 46.09701098, 2.69033934638, 3.14850843584, 42.02526602, 243.663770335, 0.50736755735, 0.00787401574803
0.511749648741, 0.857997050476, 2.0242347503, 0.350334758217, 46.0087720894, 40.8668742686, 2.81158635215, 1.22599839949, 24.9647098313, 198.03079478, 0.440051552384, 0.598540145985
0.526616892771, 0.853403172195, 2.04965706871, 0.465302103024, 6.05394265147, 40.3777956065, 2.42972398478, 1.31935338274, 25.2159512792, 197.552178235, 0.509515036139, 0.0
0.531506801354, 0.856398850815, 2.10877702484, 0.378699532981, 15.497929425, 46.09701098, 2.4516440484, 3.24590716191, 23.9601539276, 217.312145321, 0.503011982958, 0.0805369127517
0.510396936949, 0.987850422299, 2.03926686659, 0.359508016737, 11.2524790327, 41.0185311072, 2.90409440728, 1.82874573113, 29.8761733767, 260.540122953, 0.441225411572, 0.0760869565217
0.510181597206, 0.992491170589, 2.03796089757, 0.381778221992, 6.41784343337, 40.367261066, 2.51966722308, 1.82929930616, 43.5601552503, 335.787459349, 0.350394804437, 0.162790697674
0.562425478972, 1.16444669666, 2.21272600865, 0.473646770268, 7.92948543563, 46.5548932493, 2.8448189566, 0.980774528774, 29.7476555789, 373.374526824, 0.418080959914, 0.0
0.506655736644, 0.965060221986, 2.05659938787, 0.402400384259, 34.8683762312, 40.7468268061, 2.85328053933, 1.14612197734, 42.3492902839, 313.935584257, 0.353710391328, 0.290780141844
0.505548154206, 0.848683349682, 2.07164342213, 0.350651715067, 7.38831750033, 41.1338768778, 2.04992145791, 1.78330772391, 27.6954956978, 229.562768928, 0.383819250573, 0.467213114754
0.51403257985, 0.829689268549, 2.10967854599, 0.352574755262, 46.6780538304, 40.9670380155, 2.72953702098, 1.66157123667, 39.3347258631, 256.104664921, 0.361364387328, 0.638403990025
0.544418900287, 0.856291536923, 2.0394487082, 0.40299685267, 35.1387181069, 46.2921829676, 2.93669165969, 3.19988317152, 25.2756839424, 193.040977438, 0.551579289851, 0.428169014085
0.505548154206, 0.844090252474, 2.10967471239, 0.362194574477, 10.1386036439, 41.157695067, 2.72953702098, 1.669643039, 43.4886915817, 263.765977792, 0.48296022149, 0.0
0.506655736644, 0.963056005566, 2.04947911194, 0.402931051314, 6.16203381207, 40.3677770714, 2.84290479959, 1.29309427497, 42.6528173056, 281.189108867, 0.47304880658, 0.0
0.530249532535, 0.96632957165, 2.04091875052, 0.353352753946, 11.1209022037, 46.3567389558, 2.44093725201, 1.16241492891, 27.2917519097, 228.661141917, 0.507586554942, 0.0
0.52890363113, 0.856457540923, 2.10966464066, 0.379880119773, 16.1170238931, 46.09701098, 2.69033934638, 3.20354259234, 42.02526602, 339.687278883, 0.438014637953, 0.0192307692308
0.503561032916, 1.16731338793, 5.95436881715, 0.349262282004, 9.868381627, 40.8749844756, 2.84297710687, 1.16511982443, 29.7466944059, 1332.85542166, 0.417265271764, 0.116504854369
0.528859019199, 0.848723854899, 2.05937332427, 0.241198625219, 16.0914375603, 40.8817838357, 2.04753486395, 1.69830404864, 30.5920885305, 220.147786887, 0.487762948039, 0.0909090909091
0.517415537468, 0.976323954823, 2.12014587586, 0.411138366171, 8.23010594032, 40.7338097112, 2.51105648659, 1.17904036799, 26.8191526087, 383.545913877, 0.433769307204, 0.0975609756098
0.505702807216, 0.879352450058, 2.0373853335, 0.328123773705, 34.6474039335, 42.2738603019, 2.73745054814, 1.29547614781, 29.9414361428, 270.449558679, 0.428899485407, 0.186440677966
0.531373524409, 0.879464339531, 5.19426035081, 0.328123773705, 34.6474039335, 42.2623226997, 2.72627025418, 1.29547614781, 29.9149413635, 589.234904828, 0.456621844793, 0.0819672131148
0.52923901384, 0.923998359132, 2.58967981225, 0.23379783936, 45.7808640009, 43.5327956061, 2.89012797551, 1.64115931349, 27.6252541015, 351.251056639, 0.401029808637, 0.192592592593
0.505548154206, 1.16408854118, 6.11872551798, 0.350651715067, 7.45680346063, 40.8815984139, 2.17552271232, 1.66157123667, 39.762384472, 1246.19225162, 0.371949756078, 0.372448979592
0.520139647665, 0.962014370913, 2.10589314489, 0.352694611644, 10.9403246885, 46.154347728, 2.72609602191, 1.47741030768, 24.7518440178, 325.645701161, 0.427610372887, 0.237704918033
0.520217691689, 0.844837865381, 2.00737002951, 0.378730120672, 16.8073250151, 43.5344246456, 2.81042835603, 0.947744296054, 33.4425579998, 240.533951691, 0.506289314321, 0.031746031746
0.506295717612, 1.16484549039, 5.95436881715, 0.349140044717, 9.868381627, 40.8811518265, 2.84461086932, 1.43006654787, 29.7476555789, 1016.74968458, 0.447704317217, 0.0666666666667
0.51031149705, 0.923998359132, 2.59457457749, 0.23446320672, 45.7808640009, 43.5027798517, 2.89012797551, 1.64115931349, 27.6252541015, 354.532854766, 0.386767262163, 0.214876033058
0.505548154206, 0.999041985965, 6.09362185386, 0.350651715067, 7.42432473427, 40.8815984139, 2.17552271232, 1.66157123667, 39.7410898877, 1163.88490168, 0.371471691392, 0.396946564885
0.519510090643, 0.85279314882, 2.01291704475, 0.362714616065, 8.9653686251, 40.3463572175, 2.5177819426, 1.24831196336, 24.7234127411, 218.497050618, 0.495906647141, 0.168674698795
0.739967071073, 0.853257476966, 2.04110213508, 0.350334758217, 46.0087720894, 40.3920169514, 2.81092720166, 1.22599839949, 25.2345196643, 215.488890075, 0.498284498465, 0.402542372881
0.531307770317, 0.880780394124, 2.11157608739, 0.35831603359, 11.0593049212, 42.2210165707, 2.90466113316, 1.23316058519, 43.6144826792, 360.702657019, 0.37585254334, 0.221238938053
0.509967147924, 0.853892097894, 7.93328787382, 0.39029398223, 2.06511329886, 40.3405686567, 2.80956627311, 0.623536571175, 33.6650176121, 774.525775732, 0.456298766139, 0.021897810219
0.582304264108, 0.84535201423, 2.01542197923, 0.359281222056, 11.0546467, 42.2085700698, 2.81152666245, 0.794625812913, 30.0161077018, 212.916847121, 0.588320286319, 0.0612244897959
0.530978651618, 0.844333767827, 2.10817099985, 0.351848000352, 7.56898956261, 46.1126064294, 2.90175333069, 1.47700230237, 31.1383078259, 233.204740726, 0.457181118652, 0.291208791209
0.643630400629, 0.860806903266, 2.07846897621, 0.379912756207, 10.1290331706, 40.7737199384, 2.89621236617, 0.942121184051, 20.4693218024, 207.935814063, 0.587466213648, 0.359183673469
0.531319412932, 0.862811723607, 2.05032471789, 0.353090812191, 16.4023854667, 47.2327147422, 2.91434140322, 1.22585116632, 20.4610649761, 206.803655273, 0.501519947673, 0.523178807947
0.524886905521, 0.964093510053, 2.01641557734, 0.376021970012, 34.9758882423, 46.0660529763, 2.4515140428, 1.23625385397, 29.9109151682, 251.013360911, 0.402275725079, 0.588709677419
0.511749648741, 0.853416470481, 2.04978690249, 0.350334758217, 46.0087720894, 40.3920169514, 2.81158635215, 1.22599839949, 25.2345196643, 281.639034773, 0.426701137236, 0.299363057325
0.531319412932, 0.88049835534, 2.05032471789, 0.353090812191, 16.4023854667, 47.3879083984, 2.91385316571, 1.22584973704, 20.4610649761, 227.901829542, 0.481553988243, 0.28729281768
0.524922777065, 0.84366801176, 2.5127085401, 0.328915636223, 33.8553332404, 46.1398863368, 2.79362922948, 1.14960073189, 24.0095690418, 308.01998589, 0.370351279965, 0.654285714286
0.544418900287, 0.856291536923, 2.35753701849, 0.403378016939, 35.1387181069, 46.2921829676, 2.93669165969, 1.65990793524, 38.9625673469, 342.179624357, 0.411862969324, 0.323529411765
0.52588649299, 1.00000717519, 2.68108743155, 0.460099397994, 1.21045113953, 41.3838827038, 2.73558449196, 4.05634769868, 27.7271150301, 341.732940895, 0.460303064757, 0.0104166666667
0.519510090643, 0.85279314882, 2.01291704475, 0.362947404808, 8.9653686251, 40.3463572175, 2.61095930144, 1.24308933696, 24.7234127411, 219.90307318, 0.449797221577, 0.445344129555
0.517496229121, 0.976323954823, 2.12825880806, 0.466488761965, 4.92199988444, 40.7338097112, 2.51105648659, 1.18033758932, 26.8191526087, 251.888711453, 0.461937810973, 0.204081632653
0.52885057313, 0.976323954823, 2.11823118736, 0.389449125121, 14.9319651078, 40.7338097112, 2.99447567584, 1.17904036799, 26.8188433102, 311.045602487, 0.355166921543, 0.591836734694
0.51973174008, 1.00557891822, 2.05101924231, 0.432302030903, 8.96140159356, 43.4494148508, 2.61101247419, 1.24359203955, 24.705116271, 215.621138601, 0.535180477745, 0.0485436893204
0.505548154206, 0.85279314882, 2.01451721077, 0.401092333061, 32.5581348134, 40.0370952523, 2.73098948479, 1.66157123667, 37.9216037044, 267.029869213, 0.475692252952, 0.0183486238532
0.542558890762, 0.853123684291, 4.35409173678, 0.465476859601, 45.5788736294, 42.2199828819, 2.89000487027, 0.510865546477, 31.5815057292, 428.307024816, 0.472167736679, 0.0
0.506295717612, 0.862738620649, 5.92566300644, 0.349140044717, 9.86331195917, 47.2847551298, 2.90426646642, 1.22548511863, 29.7476555789, 708.919229379, 0.369483344583, 0.57874015748
0.520139647665, 0.962014370913, 2.10589314489, 0.3525891446, 11.0593049212, 46.0689228354, 2.72609602191, 1.47741030768, 20.4699114166, 264.118199764, 0.397828856538, 0.611285266458
0.510157069299, 1.00004996691, 2.01449598115, 0.350735142916, 2.12732241398, 40.3203105796, 2.68791800701, 1.82874573113, 32.4727023722, 321.844038855, 0.396637667609, 0.383720930233
0.514934320402, 0.998784981811, 2.04197964738, 0.343094438731, 42.3970167278, 40.3920169514, 2.81092720166, 1.22599839949, 25.305894621, 302.047847082, 0.402813188633, 0.329192546584
0.544770431382, 0.862167331355, 4.35409173678, 0.351289476422, 46.0210787119, 42.2199828819, 2.89000487027, 0.510865546477, 25.2164787165, 446.577200841, 0.466658514052, 0.0
0.50576280469, 0.851927229954, 2.05000305827, 0.350334758217, 46.0123895565, 40.3920169514, 2.81123765038, 1.73481557748, 25.1516555912, 233.759157004, 0.438752389787, 0.305555555556
0.524886905521, 0.965031960572, 2.10977117561, 0.376021970012, 34.9758882423, 46.0660529763, 2.4515140428, 1.14832430526, 23.947142495, 256.131843804, 0.500980582778, 0.0619469026549
0.531050507218, 0.856010204861, 2.10991084867, 0.427026826177, 16.015521918, 43.5779617526, 2.34635229308, 3.24587782997, 23.9625644057, 209.114881119, 0.53095916111, 0.295964125561
0.655762225746, 1.03409141231, 2.01262984672, 0.240558722314, 15.9952242851, 46.09701098, 2.05262137011, 1.24313391518, 24.8029466311, 218.609192778, 0.448454211423, 0.455974842767
0.560766297141, 1.21099379663, 2.05819437689, 0.473646770268, 37.0013751692, 46.2300453059, 2.8448189566, 0.980774528774, 29.1740282783, 291.264064245, 0.505632587954, 0.0
0.52923901384, 0.923998359132, 2.04451475926, 0.23379783936, 45.7808640009, 43.5327956061, 2.89012797551, 2.31312343977, 27.6252541015, 219.932889376, 0.496248710597, 0.0833333333333
0.582014275769, 0.84535201423, 2.01542197923, 0.359281222056, 11.0546467, 42.2085700698, 2.81152666245, 1.23316058519, 29.9855538753, 238.811208959, 0.420276034228, 0.381215469613
0.505548154206, 0.85279314882, 2.01291704475, 0.350651715067, 7.45680346063, 40.3230928309, 2.5197762481, 1.78330772391, 27.6954956978, 227.610978967, 0.482084941425, 0.0978260869565
0.510181597206, 0.993558147187, 2.03796089757, 0.349299416134, 6.77165547038, 40.367261066, 2.84661379288, 1.83012492228, 29.4757226473, 264.222261848, 0.388561581852, 0.628865979381
0.518519134718, 1.00255130834, 2.00749576849, 0.348527156036, 6.05708618588, 43.5577003821, 2.81114698088, 1.03282420772, 33.3889589523, 213.942257652, 0.551998201819, 0.0
0.517309113949, 1.03830558632, 2.32887783788, 0.402344208466, 45.5445012815, 47.5472505378, 2.5191270307, 1.24386837337, 27.6738325225, 312.001138393, 0.472840091906, 0.0
0.505754698211, 0.879352450058, 2.03744557976, 0.350809025755, 34.6474039335, 42.2738603019, 2.73745054814, 1.22598984476, 25.2373949128, 266.565355906, 0.403064282528, 0.452830188679
0.548795104205, 0.965060221986, 2.05639763764, 0.390208695803, 34.8683762312, 40.7338097112, 2.85328053933, 1.14792990724, 26.9205729002, 259.262591126, 0.476977060832, 0.027027027027
0.506033585718, 0.827420306249, 2.01542197923, 0.359091987979, 8.7455011353, 42.2196334471, 2.90201038884, 1.23664321564, 29.9197262298, 229.389624524, 0.413336570057, 0.504451038576
0.503664373178, 0.99746474826, 2.04867263664, 0.373261874676, 1.57407185794, 48.0533702834, 2.89621413677, 1.7171667466, 25.4326002641, 215.612043391, 0.464151196442, 0.520833333333
