0.11981251097, 0.875518446968, 3.33337140315, 0.784563165728, 83.5322050831, 9.06225829281, 0.126222273729, 0.416901092985, 11.3531024299, 69.401098502, 0.0297758509774, 0.0
0.183150967175, 1.06508151075, 2.01558562422, 0.694386068508, 90.2618292892, 5.778819085, 1.83970184358, 0.951820635769, 12.9486733316, 165.649854306, 0.0597791405245, 0.0322580645161
0.176946478624, 1.11293952958, 2.67964081223, 0.810457987417, 90.3283174242, 4.60103051698, 0.981423018226, 3.53526095794, 15.5466483803, 116.942736423, 0.0228376129773, 0.0
0.176946478624, 1.11293952958, 2.67964081223, 0.810457987417, 90.3283174242, 4.60103051698, 0.981423018226, 3.53526095794, 15.5466483803, 116.942736423, 0.0228376129773, 0.0
0.176946478624, 1.11293952958, 2.67964081223, 0.810457987417, 90.3283174242, 4.60103051698, 0.981423018226, 3.53526095794, 15.5466483803, 116.942736423, 0.0228376129773, 0.0
0.176946478624, 1.11293952958, 2.67964081223, 0.810457987417, 90.3283174242, 4.60103051698, 0.981423018226, 3.53526095794, 15.5466483803, 116.942736423, 0.0228376129773, 0.0
0.176946478624, 1.11293952958, 2.67964081223, 0.810457987417, 90.3283174242, 4.60103051698, 0.981423018226, 3.53526095794, 15.5466483803, 116.942736423, 0.0228376129773, 0.0
0.176946478624, 1.11293952958, 2.67964081223, 0.810457987417, 90.3283174242, 4.60103051698, 0.981423018226, 3.53526095794, 15.5466483803, 116.942736423, 0.0228376129773, 0.0
0.176946478624, 1.11293952958, 2.67964081223, 0.810457987417, 90.3283174242, 4.60103051698, 0.981423018226, 3.53526095794, 15.5466483803, 116.942736423, 0.0228376129773, 0.0
0.176946478624, 1.11293952958, 2.67964081223, 0.810457987417, 90.3283174242, 4.60103051698, 0.981423018226, 3.53526095794, 15.5466483803, 116.942736423, 0.0228376129773, 0.0
0.176946478624, 1.11293952958, 2.67964081223, 0.810457987417, 90.3283174242, 4.60103051698, 0.981423018226, 3.53526095794, 15.5466483803, 116.942736423, 0.0228376129773, 0.0
0.176946478624, 1.11293952958, 2.67964081223, 0.810457987417, 90.3283174242, 4.60103051698, 0.981423018226, 3.53526095794, 15.5466483803, 116.942736423, 0.0228376129773, 0.0
0.176946478624, 1.11293952958, 2.67964081223, 0.810457987417, 90.3283174242, 4.60103051698, 0.981423018226, 3.53526095794, 15.5466483803, 116.942736423, 0.0228376129773, 0.0
0.176946478624, 1.11293952958, 2.67964081223, 0.810457987417, 90.3283174242, 4.60103051698, 0.981423018226, 3.53526095794, 15.5466483803, 116.942736423, 0.0228376129773, 0.0
0.176946478624, 1.11293952958, 2.67964081223, 0.810457987417, 90.3283174242, 4.60103051698, 0.981423018226, 3.53526095794, 15.5466483803, 116.942736423, 0.0228376129773, 0.0
0.176946478624, 1.11293952958, 2.67964081223, 0.810457987417, 90.3283174242, 4.60103051698, 0.981423018226, 3.53526095794, 15.5466483803, 116.942736423, 0.0228376129773, 0.0
0.176946478624, 1.11293952958, 2.67964081223, 0.810457987417, 90.3283174242, 4.60103051698, 0.981423018226, 3.53526095794, 15.5466483803, 116.942736423, 0.0228376129773, 0.0
0.176946478624, 1.11293952958, 2.67964081223, 0.810457987417, 90.3283174242, 4.60103051698, 0.981423018226, 3.53526095794, 15.5466483803, 116.942736423, 0.0228376129773, 0.0
0.176946478624, 1.11293952958, 2.67964081223, 0.810457987417, 90.3283174242, 4.60103051698, 0.981423018226, 3.53526095794, 15.5466483803, 116.942736423, 0.0228376129773, 0.0
0.176946478624, 1.11293952958, 2.67964081223, 0.810457987417, 90.3283174242, 4.60103051698, 0.981423018226, 3.53526095794, 15.5466483803, 116.942736423, 0.0228376129773, 0.0
0.176946478624, 1.11293952958, 2.67964081223, 0.810457987417, 90.3283174242, 4.60103051698, 0.981423018226, 3.53526095794, 15.5466483803, 116.942736423, 0.0228376129773, 0.0
0.176946478624, 1.11293952958, 2.67964081223, 0.810457987417, 90.3283174242, 4.60103051698, 0.981423018226, 3.53526095794, 15.5466483803, 116.942736423, 0.0228376129773, 0.0
0.177655701209, 1.11097599121, 2.67956440886, 0.81043042166, 90.3835842422, 1.65481816389, 0.981423018226, 3.47906836757, 15.7489907206, 130.414803962, 0.0290021679584, 0.285714285714
0.182161079436, 1.11581793487, 2.01558562422, 0.698375637406, 90.2618292892, 5.778819085, 0.986004243657, 3.77966026803, 15.5449488168, 110.925088304, 0.150154092508, 0.526315789474
0.182161079436, 1.11581793487, 2.01558562422, 0.698375637406, 90.2618292892, 5.778819085, 0.986004243657, 3.77966026803, 15.5449488168, 110.925088304, 0.150154092508, 0.526315789474
0.182161079436, 1.11581793487, 2.01558562422, 0.698375637406, 90.2618292892, 5.778819085, 0.986004243657, 3.77966026803, 15.5449488168, 110.925088304, 0.150154092508, 0.526315789474
0.182161079436, 1.11581793487, 2.01558562422, 0.698375637406, 90.2618292892, 5.778819085, 0.986004243657, 3.77966026803, 15.5449488168, 110.925088304, 0.150154092508, 0.526315789474
0.182161079436, 1.11581793487, 2.01558562422, 0.698375637406, 90.2618292892, 5.778819085, 0.986004243657, 3.77966026803, 15.5449488168, 110.925088304, 0.150154092508, 0.526315789474
0.182161079436, 1.11581793487, 2.01558562422, 0.698375637406, 90.2618292892, 5.778819085, 0.986004243657, 3.77966026803, 15.5449488168, 110.925088304, 0.150154092508, 0.526315789474
0.182161079436, 1.11581793487, 2.01558562422, 0.698375637406, 90.2618292892, 5.778819085, 0.986004243657, 3.77966026803, 15.5449488168, 110.925088304, 0.150154092508, 0.526315789474
0.182161079436, 1.11581793487, 2.01558562422, 0.698375637406, 90.2618292892, 5.778819085, 0.986004243657, 3.77966026803, 15.5449488168, 110.925088304, 0.150154092508, 0.526315789474
0.182161079436, 1.11581793487, 2.01558562422, 0.698375637406, 90.2618292892, 5.778819085, 0.986004243657, 3.77966026803, 15.5449488168, 110.925088304, 0.150154092508, 0.526315789474
0.182161079436, 1.11581793487, 2.01558562422, 0.698375637406, 90.2618292892, 5.778819085, 0.986004243657, 3.77966026803, 15.5449488168, 110.925088304, 0.150154092508, 0.526315789474
0.182161079436, 1.11581793487, 2.01558562422, 0.698375637406, 90.2618292892, 5.778819085, 0.986004243657, 3.77966026803, 15.5449488168, 110.925088304, 0.150154092508, 0.526315789474
0.190361204982, 1.1128902537, 2.05774661771, 0.698375637406, 90.2618292892, 4.57343463705, 0.986022988303, 3.82313392084, 14.0185352449, 113.331355156, 0.104097658404, 0.461538461538
0.190361204982, 1.1128902537, 2.05774661771, 0.698375637406, 90.2618292892, 4.57343463705, 0.986022988303, 3.82313392084, 14.0185352449, 113.331355156, 0.104097658404, 0.461538461538
0.190361204982, 1.1128902537, 2.05774661771, 0.698375637406, 90.2618292892, 4.57343463705, 0.986022988303, 3.82313392084, 14.0185352449, 113.331355156, 0.104097658404, 0.461538461538
0.190361204982, 1.1128902537, 2.05774661771, 0.698375637406, 90.2618292892, 4.57343463705, 0.986022988303, 3.82313392084, 14.0185352449, 113.331355156, 0.104097658404, 0.461538461538
0.190361204982, 1.1128902537, 2.05774661771, 0.698375637406, 90.2618292892, 4.57343463705, 0.986022988303, 3.82313392084, 14.0185352449, 113.331355156, 0.104097658404, 0.461538461538
0.182105116107, 1.11581793487, 2.01558562422, 0.698375637406, 90.2625280655, 1.6398423599, 0.986063565243, 3.76399733429, 15.5411882786, 126.811939389, 0.0332682032351, 0.189189189189
0.182105116107, 1.11581793487, 2.01558562422, 0.698375637406, 90.2625280655, 1.6398423599, 0.986063565243, 3.76399733429, 15.5411882786, 126.811939389, 0.0332682032351, 0.189189189189
0.182105116107, 1.11581793487, 2.01558562422, 0.698375637406, 90.2625280655, 1.6398423599, 0.986063565243, 3.76399733429, 15.5411882786, 126.811939389, 0.0332682032351, 0.189189189189
0.182105116107, 1.11581793487, 2.01558562422, 0.698375637406, 90.2625280655, 1.6398423599, 0.986063565243, 3.76399733429, 15.5411882786, 126.811939389, 0.0332682032351, 0.189189189189
0.176946478624, 1.11293952958, 2.67964081223, 0.82023812513, 90.3283174242, 4.60103051698, 0.981423018226, 3.53526095794, 15.5466483803, 166.161059834, 0.0847242879932, 0.181818181818
0.176946478624, 1.11293952958, 2.67964081223, 0.82023812513, 90.3283174242, 4.60103051698, 0.981423018226, 3.53526095794, 15.5466483803, 166.161059834, 0.0847242879932, 0.181818181818
0.176946478624, 1.11293952958, 2.67964081223, 0.82023812513, 90.3283174242, 4.60103051698, 0.981423018226, 3.53526095794, 15.5466483803, 166.161059834, 0.0847242879932, 0.181818181818
0.182073218213, 1.11581793487, 2.01558562422, 0.698375637406, 90.2618015366, 5.12587041681, 0.986004156433, 3.77806378448, 15.5449488168, 125.268634303, 0.0906777334176, 0.115384615385
0.182073218213, 1.11581793487, 2.01558562422, 0.698375637406, 90.2618015366, 5.12587041681, 0.986004156433, 3.77806378448, 15.5449488168, 125.268634303, 0.0906777334176, 0.115384615385
0.189857408191, 1.11581793487, 2.01995607349, 0.698375637406, 90.2618292892, 5.7995043973, 0.986022960714, 3.82339906148, 15.5631809609, 122.198198227, 0.0885590470867, 0.272727272727
0.189857408191, 1.11581793487, 2.01995607349, 0.698375637406, 90.2618292892, 5.7995043973, 0.986022960714, 3.82339906148, 15.5631809609, 122.198198227, 0.0885590470867, 0.272727272727
0.189857408191, 1.11581793487, 2.01995607349, 0.698375637406, 90.2618292892, 5.7995043973, 0.986022960714, 3.82339906148, 15.5631809609, 122.198198227, 0.0885590470867, 0.272727272727
0.189857408191, 1.11581793487, 2.01995607349, 0.698375637406, 90.2618292892, 5.7995043973, 0.986022960714, 3.82339906148, 15.5631809609, 122.198198227, 0.0885590470867, 0.272727272727
0.189857408191, 1.11581793487, 2.01995607349, 0.698375637406, 90.2618292892, 5.7995043973, 0.986022960714, 3.82339906148, 15.5631809609, 122.198198227, 0.0885590470867, 0.272727272727
0.189857408191, 1.11581793487, 2.01995607349, 0.698375637406, 90.2618292892, 5.7995043973, 0.986022960714, 3.82339906148, 15.5631809609, 122.198198227, 0.0885590470867, 0.272727272727
0.189857408191, 1.11581793487, 2.01995607349, 0.698375637406, 90.2618292892, 5.7995043973, 0.986022960714, 3.82339906148, 15.5631809609, 122.198198227, 0.0885590470867, 0.272727272727
0.189857408191, 1.11581793487, 2.01995607349, 0.698375637406, 90.2618292892, 5.7995043973, 0.986022960714, 3.82339906148, 15.5631809609, 122.198198227, 0.0885590470867, 0.272727272727
0.189857408191, 1.11581793487, 2.01995607349, 0.698375637406, 90.2618292892, 5.7995043973, 0.986022960714, 3.82339906148, 15.5631809609, 122.198198227, 0.0885590470867, 0.272727272727
0.189857408191, 1.11581793487, 2.01995607349, 0.698375637406, 90.2618292892, 5.7995043973, 0.986022960714, 3.82339906148, 15.5631809609, 122.198198227, 0.0885590470867, 0.272727272727
0.189857408191, 1.11581793487, 2.01995607349, 0.698375637406, 90.2618292892, 5.7995043973, 0.986022960714, 3.82339906148, 15.5631809609, 122.198198227, 0.0885590470867, 0.272727272727
0.189857408191, 1.11581793487, 2.01995607349, 0.698375637406, 90.2618292892, 5.7995043973, 0.986022960714, 3.82339906148, 15.5631809609, 122.198198227, 0.0885590470867, 0.272727272727
0.189857408191, 1.11581793487, 2.01995607349, 0.698375637406, 90.2618292892, 5.7995043973, 0.986022960714, 3.82339906148, 15.5631809609, 122.198198227, 0.0885590470867, 0.272727272727
0.189857408191, 1.11581793487, 2.01995607349, 0.698375637406, 90.2618292892, 5.7995043973, 0.986022960714, 3.82339906148, 15.5631809609, 122.198198227, 0.0885590470867, 0.272727272727
0.189857408191, 1.11581793487, 2.01995607349, 0.698375637406, 90.2618292892, 5.7995043973, 0.986022960714, 3.82339906148, 15.5631809609, 122.198198227, 0.0885590470867, 0.272727272727
0.19035024169, 1.11581793487, 2.05667817566, 0.698375637406, 90.2618292892, 5.778819085, 0.986004243657, 3.77987795023, 15.168777899, 140.049142905, 0.077793409824, 0.461538461538
0.19035024169, 1.11581793487, 2.05667817566, 0.698375637406, 90.2618292892, 5.778819085, 0.986004243657, 3.77987795023, 15.168777899, 140.049142905, 0.077793409824, 0.461538461538
0.189758745089, 1.11581793487, 2.01995607349, 0.698375637406, 90.4708545316, 5.7995043973, 0.986003864144, 3.26819199825, 15.5634544339, 125.646138355, 0.0921303306829, 0.388888888889
0.189758745089, 1.11581793487, 2.01995607349, 0.698375637406, 90.4708545316, 5.7995043973, 0.986003864144, 3.26819199825, 15.5634544339, 125.646138355, 0.0921303306829, 0.388888888889
0.189758745089, 1.11581793487, 2.01995607349, 0.698375637406, 90.4708545316, 5.7995043973, 0.986003864144, 3.26819199825, 15.5634544339, 125.646138355, 0.0921303306829, 0.388888888889
0.189758745089, 1.11581793487, 2.01995607349, 0.698375637406, 90.4708545316, 5.7995043973, 0.986003864144, 3.26819199825, 15.5634544339, 125.646138355, 0.0921303306829, 0.388888888889
0.189758745089, 1.11581793487, 2.01995607349, 0.698375637406, 90.4708545316, 5.7995043973, 0.986003864144, 3.26819199825, 15.5634544339, 125.646138355, 0.0921303306829, 0.388888888889
0.189758745089, 1.11581793487, 2.01995607349, 0.698375637406, 90.4708545316, 5.7995043973, 0.986003864144, 3.26819199825, 15.5634544339, 125.646138355, 0.0921303306829, 0.388888888889
0.189758745089, 1.11581793487, 2.01995607349, 0.698375637406, 90.4708545316, 5.7995043973, 0.986003864144, 3.26819199825, 15.5634544339, 125.646138355, 0.0921303306829, 0.388888888889
0.193002220865, 1.1128902537, 2.01392715538, 0.714581625027, 90.2618292892, 4.57778980705, 0.986022988303, 3.82313392084, 15.5488423288, 109.08201439, 0.0723029800078, 0.0
0.193002220865, 1.1128902537, 2.01392715538, 0.714581625027, 90.2618292892, 4.57778980705, 0.986022988303, 3.82313392084, 15.5488423288, 109.08201439, 0.0723029800078, 0.0
0.193002220865, 1.1128902537, 2.01392715538, 0.714581625027, 90.2618292892, 4.57778980705, 0.986022988303, 3.82313392084, 15.5488423288, 109.08201439, 0.0723029800078, 0.0
0.193002220865, 1.1128902537, 2.01392715538, 0.714581625027, 90.2618292892, 4.57778980705, 0.986022988303, 3.82313392084, 15.5488423288, 109.08201439, 0.0723029800078, 0.0
0.193002220865, 1.1128902537, 2.01392715538, 0.714581625027, 90.2618292892, 4.57778980705, 0.986022988303, 3.82313392084, 15.5488423288, 109.08201439, 0.0723029800078, 0.0
0.193002220865, 1.1128902537, 2.01392715538, 0.714581625027, 90.2618292892, 4.57778980705, 0.986022988303, 3.82313392084, 15.5488423288, 109.08201439, 0.0723029800078, 0.0
0.193002220865, 1.1128902537, 2.01392715538, 0.714581625027, 90.2618292892, 4.57778980705, 0.986022988303, 3.82313392084, 15.5488423288, 109.08201439, 0.0723029800078, 0.0
0.193002220865, 1.1128902537, 2.01392715538, 0.714581625027, 90.2618292892, 4.57778980705, 0.986022988303, 3.82313392084, 15.5488423288, 109.08201439, 0.0723029800078, 0.0
0.193002220865, 1.1128902537, 2.01392715538, 0.714581625027, 90.2618292892, 4.57778980705, 0.986022988303, 3.82313392084, 15.5488423288, 109.08201439, 0.0723029800078, 0.0
0.193002220865, 1.1128902537, 2.01392715538, 0.714581625027, 90.2618292892, 4.57778980705, 0.986022988303, 3.82313392084, 15.5488423288, 109.08201439, 0.0723029800078, 0.0
0.193002220865, 1.1128902537, 2.01392715538, 0.714581625027, 90.2618292892, 4.57778980705, 0.986022988303, 3.82313392084, 15.5488423288, 109.08201439, 0.0723029800078, 0.0
0.193002220865, 1.1128902537, 2.01392715538, 0.714581625027, 90.2618292892, 4.57778980705, 0.986022988303, 3.82313392084, 15.5488423288, 109.08201439, 0.0723029800078, 0.0
0.193002220865, 1.1128902537, 2.01392715538, 0.714581625027, 90.2618292892, 4.57778980705, 0.986022988303, 3.82313392084, 15.5488423288, 109.08201439, 0.0723029800078, 0.0
0.193002220865, 1.1128902537, 2.01392715538, 0.714581625027, 90.2618292892, 4.57778980705, 0.986022988303, 3.82313392084, 15.5488423288, 109.08201439, 0.0723029800078, 0.0
0.193002220865, 1.1128902537, 2.01392715538, 0.714581625027, 90.2618292892, 4.57778980705, 0.986022988303, 3.82313392084, 15.5488423288, 109.08201439, 0.0723029800078, 0.0
0.193002220865, 1.1128902537, 2.01392715538, 0.714581625027, 90.2618292892, 4.57778980705, 0.986022988303, 3.82313392084, 15.5488423288, 109.08201439, 0.0723029800078, 0.0
0.193002220865, 1.1128902537, 2.01392715538, 0.714581625027, 90.2618292892, 4.57778980705, 0.986022988303, 3.82313392084, 15.5488423288, 109.08201439, 0.0723029800078, 0.0
0.193002220865, 1.1128902537, 2.01392715538, 0.714581625027, 90.2618292892, 4.57778980705, 0.986022988303, 3.82313392084, 15.5488423288, 109.08201439, 0.0723029800078, 0.0
0.193002220865, 1.1128902537, 2.01392715538, 0.714581625027, 90.2618292892, 4.57778980705, 0.986022988303, 3.82313392084, 15.5488423288, 109.08201439, 0.0723029800078, 0.0
0.193002220865, 1.1128902537, 2.01392715538, 0.714581625027, 90.2618292892, 4.57778980705, 0.986022988303, 3.82313392084, 15.5488423288, 109.08201439, 0.0723029800078, 0.0
