0.0162128770527, 0.114127860259, 0.256522435414, 0.0349499368433, 0.513928465051, 0.0140005856475, 0.426219755903, 0.0622143914023, 0.0021814139795, 0.467650715935, 0.452487591773, 0.828864765018, 0.195433949846, 0.00874681267539, 0.494634219596, 0.362458697081, 0.272128295796, 0.196035557894, 0.0246331139901, 0.805962610355, 0.100472061104, 0.126484709524, 0.309939156064, 0.29942217925, 0.0162128770527, 0.114127860259, 0.256522435414, 0.0349499368433, 23.2948658737
0.0150025004545, 0.0530065741592, 0.80580618018, 0.0803656236156, 0.520862876763, 0.0546265798077, 0.423416156481, 0.00286885036711, 0.00349991051752, 0.104195112496, 0.341091380254, 0.619874188479, 0.197512383964, 0.4919727576, 0.232151554693, 0.952185277222, 0.299829282834, 0.450630620622, 0.240071897115, 0.954175479494, 0.0543603860696, 0.0654311977019, 0.00381695849504, 0.29619196658, 0.0150025004545, 0.0530065741592, 0.80580618018, 0.0803656236156, 23.8673503047
0.0102880539683, 0.0116088901869, 0.034147408502, 0.440525078144, 0.805045394626, 0.282424426167, 0.52510036596, 0.865532396267, 0.00490754712789, 0.718906327414, 0.335268005199, 0.15837667192, 0.0845995382542, 0.495979380606, 0.2295625444, 0.41220446628, 0.298714704391, 0.0259705115249, 0.221291909455, 0.139471337321, 0.0478969641574, 0.20182369388, 0.349779213731, 0.323843053137, 0.0102880539683, 0.0116088901869, 0.034147408502, 0.440525078144, 24.6600496207
0.175474441356, 0.0855947485922, 0.0191183957661, 0.120734126988, 0.529532902723, 0.27960974355, 0.667598311285, 0.937107385862, 0.354542106986, 0.143762612262, 0.217658516186, 0.0835815260237, 0.204537652379, 0.100455172109, 0.411725523574, 0.102242443856, 0.973511928622, 0.813624708457, 0.774785804737, 0.0484710412741, 0.00332005061883, 0.133828627348, 0.23631513495, 0.0931681242287, 0.175474441356, 0.0855947485922, 0.0191183957661, 0.120734126988, 25.8526208338
0.0149735130995, 0.240485735567, 0.805709532602, 0.0479734464944, 0.0291462013099, 0.218944090773, 0.718978526038, 0.777357362775, 0.607879961497, 0.101383172953, 0.00616091811075, 0.395972019071, 0.0800242171558, 0.14321694836, 0.23285820838, 0.376801388763, 0.273320222399, 0.0611907861437, 0.429960732306, 0.957396307078, 0.376509233765, 0.270734494642, 0.000135255181261, 0.292127520462, 0.0149735130995, 0.240485735567, 0.805709532602, 0.0479734464944, 23.9087460535
0.00477976375403, 0.81057542837, 0.0950116763663, 0.0344037323016, 0.451513417826, 0.0283217826113, 0.429387125679, 0.0639408492686, 0.0102347977994, 0.150471097364, 0.215140574598, 0.858570561139, 0.196130224452, 0.523561881575, 0.416002065307, 0.104818463827, 0.0218586734249, 0.195007663335, 0.0192618977307, 0.24943035131, 0.0816351682903, 0.134989035428, 0.133063810987, 0.223852598987, 0.00477976375403, 0.81057542837, 0.0950116763663, 0.0344037323016, 19.8591857054
0.010706453457, 0.795297740865, 0.0208657184823, 0.0510052097157, 0.459777618961, 0.0298494911154, 0.430536827181, 0.822180228733, 0.760852699344, 0.0866167707186, 0.483096950395, 0.392538343878, 0.511505443331, 0.0161649620348, 0.0859825337081, 0.106191300888, 0.991347093766, 0.179273970181, 0.50975261594, 0.274925578289, 0.389282460235, 0.645387573747, 0.00864676550394, 0.293475147955, 0.010706453457, 0.795297740865, 0.0208657184823, 0.0510052097157, 26.5003690803
0.00374392988234, 0.349705144614, 0.0308930120034, 0.91323726497, 0.400865300575, 0.314990542999, 0.430513157552, 0.201012303313, 0.0903243295954, 0.691780413331, 0.2241720381, 0.232582394858, 0.196948031788, 0.0447076985526, 0.816723493922, 0.901192603583, 0.239348789638, 0.156171357472, 0.620292005024, 0.292182225636, 0.0488648747937, 0.134989035428, 0.0501786477786, 0.0914053734323, 0.00374392988234, 0.349705144614, 0.0308930120034, 0.91323726497, 23.5607149365
0.00116949607187, 0.0126930015722, 0.0259837854295, 0.00559361752882, 0.795739730258, 0.645235108979, 0.462834096045, 0.698786923236, 0.0456447976975, 0.753287611882, 0.371647255321, 0.389062588263, 0.763835764215, 0.516619767875, 0.842658904338, 0.406509448081, 0.288631667668, 0.314810260546, 0.279435263347, 0.661667043258, 0.358390401364, 0.760510138674, 0.714780908149, 0.0728916501505, 0.00116949607187, 0.0126930015722, 0.0259837854295, 0.00559361752882, 32.8093944271
0.00366387268513, 0.35034472771, 0.189418051907, 0.357062774709, 0.41589683271, 0.288522748142, 0.335018410215, 0.0885048555298, 0.0300558515537, 0.253181950101, 0.804812477848, 0.569338249257, 0.6866245224, 0.110136684748, 0.0140360339963, 0.0730455620653, 0.137497637165, 0.457303322677, 0.142779298926, 0.0615316662242, 0.0566848393699, 0.0679010688922, 0.734277418386, 0.785581853017, 0.00366387268513, 0.35034472771, 0.189418051907, 0.357062774709, 23.5848304078
7.86494735369e-05, 0.349804977473, 0.604705730321, 0.155772821598, 0.397493220499, 0.0310995951378, 0.37333350531, 0.107836782324, 0.0902459357504, 0.285354797336, 0.624473410848, 0.0459662978012, 0.415279390484, 0.105523597913, 0.802151121382, 0.765784180832, 0.288680412142, 0.0191818398048, 0.514070977028, 0.120043664327, 0.40712453933, 0.184078763843, 0.230023562056, 0.275934911115, 7.86494735369e-05, 0.349804977473, 0.604705730321, 0.155772821598, 23.5327379724
0.0101891994657, 0.241333924405, 0.0367880366085, 0.440525078144, 0.805045394626, 0.200017803453, 0.4950822493, 0.847803411789, 0.00490754712789, 0.727557762932, 0.335268005199, 0.15837667192, 0.08457737663, 0.493473727769, 0.229671165152, 0.392923200676, 0.298714704391, 0.0259292069977, 0.221291909455, 0.141540152765, 0.0478969641574, 0.202368662444, 0.00212098247044, 0.323843053137, 0.0101891994657, 0.241333924405, 0.0367880366085, 0.440525078144, 23.4887467613
0.00246781496867, 0.349858058307, 0.115262225789, 0.0508379368441, 0.246761307748, 0.327307309448, 0.475825851134, 0.0713475660059, 0.0607812382107, 0.286808486396, 0.671494046668, 0.709247447626, 0.976839779711, 0.488041211082, 0.228904519841, 0.174317640088, 0.681293156461, 0.460182860499, 0.237805307575, 0.456129270999, 0.041925391749, 0.0655771746772, 0.729756139016, 0.210409246768, 0.00246781496867, 0.349858058307, 0.115262225789, 0.0508379368441, 26.9851389399
0.474577241765, 0.0077511195156, 0.108891926466, 0.181163259788, 0.768543278681, 0.0715473206842, 0.836279019304, 0.312043065652, 0.0080030685498, 0.756000102179, 0.587037872164, 0.448088670292, 0.264164605593, 0.22348594849, 0.816697737616, 0.771586511437, 0.289358355432, 0.180640904928, 0.279006012126, 0.157866192357, 0.278884567705, 0.645464838265, 0.098579148005, 0.0573507631814, 0.474577241765, 0.0077511195156, 0.108891926466, 0.181163259788, 27.5464464324
0.73249732241, 0.053450464566, 0.0931427731191, 0.0347786098852, 0.453351570513, 0.24992857866, 0.380260738488, 0.442663893218, 0.815998963355, 0.0107195817517, 0.479672543485, 0.896519648461, 0.208751743122, 0.495557035544, 0.0823490843422, 0.408912243518, 0.169724509893, 0.195134667271, 0.0143097481606, 0.411252536262, 0.923407612041, 0.272537529969, 0.137235457891, 0.441457313824, 0.73249732241, 0.053450464566, 0.0931427731191, 0.0347786098852, 26.5677340355
0.137742010106, 0.160979665504, 0.0165342679105, 0.0102496607563, 0.399315288077, 0.646887771943, 0.461074310521, 0.698786923236, 0.656774594773, 0.753287611882, 0.34825804909, 0.0414234996879, 0.0162708786384, 0.0196963780563, 0.842650141713, 0.108075663168, 0.290443000669, 0.757250651201, 0.509668821689, 0.390000903279, 0.421250958559, 0.446606568711, 0.746240165261, 0.427692800089, 0.137742010106, 0.160979665504, 0.0165342679105, 0.0102496607563, 30.0746104279
0.156143474643, 0.35060148634, 0.11637185423, 0.00284852656646, 0.412570599782, 0.234275193255, 0.168508975574, 0.0734047972853, 0.0926674167225, 0.131172680481, 0.625253943747, 0.386903740352, 0.513393140058, 0.0176119222084, 0.84274692527, 0.97260603558, 0.998731359055, 0.472881223096, 0.129214463652, 0.275782385242, 0.0929361603562, 0.00820338292242, 0.705424942491, 0.957170913326, 0.156143474643, 0.35060148634, 0.11637185423, 0.00284852656646, 28.0815574563
0.156143474643, 0.00396704727873, 0.0322516515736, 0.211028489572, 0.795423789199, 0.322607935078, 0.176298622139, 0.0559990597143, 0.0051273079187, 0.285724242165, 0.332459328431, 0.00952153160125, 0.0882495503727, 0.955142231552, 0.129922436941, 0.115481902883, 0.29550458243, 0.472881223096, 0.139404410753, 0.115467031368, 0.0487460093232, 0.00834976675501, 0.353169374722, 0.759094868227, 0.156143474643, 0.00396704727873, 0.0322516515736, 0.211028489572, 22.1669747344
0.0153368263533, 0.349847301383, 0.000164077657857, 0.74211552592, 0.242475352564, 0.321582231109, 0.437372365982, 0.098646138198, 0.616809869041, 0.309841459678, 0.00910780993516, 0.141853415883, 0.0813438187478, 0.906699896746, 0.0706133729514, 0.914582328627, 0.639038135512, 0.0489174965191, 0.514953339219, 0.458583982557, 0.35889031662, 0.00709397986408, 0.00194711975616, 0.0932484978414, 0.0153368263533, 0.349847301383, 0.000164077657857, 0.74211552592, 23.8387291502
0.439653429829, 0.159239488542, 0.0354664898344, 0.204987422484, 0.422835381682, 0.0169180074487, 0.173248177605, 0.0689767593768, 0.342245733171, 0.0939113586811, 0.217658516186, 0.0102507818961, 0.217406214531, 0.0953364950717, 0.225462414035, 0.364008571146, 0.156661138605, 0.138581009742, 0.384427543186, 0.446744500915, 0.995090158927, 0.131529308772, 0.186401705626, 0.0923719444956, 0.439653429829, 0.159239488542, 0.0354664898344, 0.204987422484, 20.6232162647
0.000503195669331, 0.742519943567, 0.630196268742, 0.034234326112, 0.419115043514, 0.0629080932853, 0.180229197053, 0.448483899396, 0.00937216924354, 0.238072201685, 0.622128547648, 0.438340173092, 0.0443786419784, 0.0260934133031, 0.709644480219, 0.182320904381, 0.659312957095, 0.182394182483, 0.276688868476, 0.37631832295, 0.0254145034988, 0.648219184723, 0.543824080885, 0.0571180709251, 0.000503195669331, 0.742519943567, 0.630196268742, 0.034234326112, 23.5368580125
0.00313952142581, 0.678762840984, 0.0165342679105, 0.00909914730197, 0.399315288077, 0.205480315697, 0.462849059688, 0.698484365299, 0.656774594773, 0.754879721318, 0.352357950119, 0.00030856601851, 0.533797400902, 0.00348089188008, 0.842650141713, 0.765784180832, 0.293605983929, 0.757250651201, 0.514867118207, 0.662581610554, 0.287698915142, 0.000357857691751, 0.706835885566, 0.427692800089, 0.00313952142581, 0.678762840984, 0.0165342679105, 0.00909914730197, 30.8126419501
0.855918860826, 0.0013283666992, 0.0301368924436, 0.0457841121535, 0.532254129511, 0.115923888564, 0.430778892359, 0.0716652730536, 0.00984710396944, 0.105581248754, 0.21007357289, 0.0809722406066, 0.00287754145057, 0.224089468684, 0.200539253148, 0.103248392951, 0.241903587162, 0.770921107937, 0.242407546499, 0.55055761879, 0.00332005061883, 0.976467053555, 0.702134552688, 0.0903206047939, 0.855918860826, 0.0013283666992, 0.0301368924436, 0.0457841121535, 22.4402313229
0.152991594087, 0.00942880650963, 0.0258366043989, 0.210880988649, 0.800159556761, 0.64492904457, 0.460254275276, 0.0617763883341, 0.0149825357396, 0.777143380432, 0.371536712897, 0.35657260912, 0.752088151363, 0.0443193758598, 0.842905764997, 0.458208600338, 0.232633308646, 0.318160959983, 0.277962057559, 0.670931331228, 0.0414379010583, 0.0144752487562, 0.0933678263806, 0.75499170878, 0.152991594087, 0.00942880650963, 0.0258366043989, 0.210880988649, 27.8226631364
0.00116949607187, 0.345893124562, 0.0165342679105, 0.00559361752882, 0.399315288077, 0.67609360734, 0.462849059688, 0.698786923236, 0.0855003216363, 0.753287611882, 0.348272034043, 0.389062588263, 0.756949234264, 0.516619767875, 0.842650141713, 0.766964063015, 0.288631667668, 0.0488113428441, 0.892677916906, 0.661693441822, 0.344745687232, 0.446606568711, 0.714780908149, 0.0728916501505, 0.00116949607187, 0.345893124562, 0.0165342679105, 0.00559361752882, 32.7999635961
0.489262113058, 0.00532229592883, 0.421347972637, 0.0503285944927, 0.0466507211441, 0.0913674692999, 0.845546098082, 0.318155158209, 0.581646037343, 0.758602921689, 0.59139430416, 0.447125691732, 0.260350395012, 0.743232164827, 0.80980509652, 0.377122476361, 0.294639686803, 0.493469413565, 0.278677602883, 0.957914377546, 0.278917751789, 0.642431808206, 0.344206109216, 0.0559555948592, 0.489262113058, 0.00532229592883, 0.421347972637, 0.0503285944927, 30.6967968567
0.000741111191322, 0.086572615281, 0.257603266453, 0.142307351042, 0.51705244044, 0.210065819278, 0.472905746505, 0.0542150339187, 0.00198924761192, 0.674213295418, 0.340020575548, 0.0847876916265, 0.0845995382542, 0.496737039263, 0.233392504443, 0.941890626995, 0.302580083072, 0.112492607554, 0.240071897115, 0.673645704566, 0.0525060577397, 0.442705115107, 0.348775347061, 0.226049303682, 0.000741111191322, 0.086572615281, 0.257603266453, 0.142307351042, 24.492089462
0.00377034587943, 0.160979665504, 0.0165342679105, 0.00909914730197, 0.399315288077, 0.640502146825, 0.462849059688, 0.698786923236, 0.656774594773, 0.753287611882, 0.34825804909, 0.0414234996879, 0.756949234264, 0.516619767875, 0.842650141713, 0.765784180832, 0.288680412142, 0.757250651201, 0.513570743629, 0.662581610554, 0.421250958559, 0.446606568711, 0.714780908149, 0.427692800089, 0.00377034587943, 0.160979665504, 0.0165342679105, 0.00909914730197, 34.9245194398
0.941603693227, 0.34979383974, 0.488426580668, 0.0347786098852, 0.446187774657, 0.2111815234, 0.380260738488, 0.186428330703, 0.61502803028, 0.0905389629613, 0.479262419395, 0.861117214128, 0.377444625581, 0.139977849996, 0.197830361402, 0.377662772759, 0.26713692373, 0.0413078319139, 0.0223779005195, 0.605621545661, 0.0431867225789, 0.28086384572, 0.125977685764, 0.292646348645, 0.941603693227, 0.34979383974, 0.488426580668, 0.0347786098852, 23.2804482328
0.00321269470368, 0.0149382106789, 0.0444587809676, 0.186953001099, 0.672565478119, 0.179523945996, 0.289591175378, 0.710327426921, 0.0273735557317, 0.252582508954, 0.367589843761, 0.357999630337, 0.367716461104, 0.886761321719, 0.0921532377884, 0.513621308973, 0.603623377857, 0.680194474978, 0.129532292025, 0.641586280435, 0.267863871967, 0.408038870565, 0.5096126239, 0.465602952581, 0.00321269470368, 0.0149382106789, 0.0444587809676, 0.186953001099, 28.8592136603
0.0154188727768, 0.343354803165, 0.256522435414, 0.260384412827, 0.513928465051, 0.0140005856475, 0.426219755903, 0.0645397138787, 0.0021814139795, 0.472925360919, 0.452487591773, 0.0887914178987, 0.195433949846, 0.00874681267539, 0.494634219596, 0.362334811872, 0.978279740789, 0.177555344899, 0.31282577915, 0.275947832444, 0.0925772088156, 0.126300002036, 0.30968536971, 0.0921583207321, 0.0154188727768, 0.343354803165, 0.256522435414, 0.260384412827, 22.0895698463
0.196056961545, 0.0754830244745, 0.0244612923099, 0.141733768887, 0.678195758105, 0.11315384026, 0.668840691263, 0.114755605452, 0.759522583385, 0.68096631072, 0.561629460923, 0.409159393664, 0.0105163834722, 0.0113186157135, 0.19989417138, 0.154118386705, 0.637975833211, 0.111729712117, 0.310079511216, 0.38760216853, 0.0049285993672, 0.191253736662, 0.00476170198327, 0.19421171485, 0.196056961545, 0.0754830244745, 0.0244612923099, 0.141733768887, 23.8138888576
0.145905194895, 0.0167126041151, 0.0208657184823, 0.05114112504, 0.856962330255, 0.225637377643, 0.721092791559, 0.0665805355423, 0.739675941451, 0.460066560216, 0.596885525498, 0.393626434794, 0.631719966772, 0.0115081221754, 0.858770279915, 0.109129903958, 0.157057651503, 0.698882741573, 0.278625359112, 0.401477921944, 0.283169245376, 0.652549928069, 0.00864676550394, 0.298075632453, 0.145905194895, 0.0167126041151, 0.0208657184823, 0.05114112504, 28.9276338281
0.805144671181, 0.354122384095, 0.185539008985, 0.0467814318918, 0.416194429931, 0.0703219424723, 0.334998669913, 0.0914778036811, 0.619406130068, 0.0974344606811, 0.686309664174, 0.560518246034, 0.689046440698, 0.176578409333, 0.44040246445, 0.0727851935717, 0.13684374438, 0.136036300725, 0.143611128111, 0.122221955613, 0.017862984156, 0.16736930827, 0.625672498972, 0.331687104298, 0.805144671181, 0.354122384095, 0.185539008985, 0.0467814318918, 22.9545337126
0.00179412855887, 0.086572615281, 0.0128338963847, 0.141877858843, 0.432039218361, 0.209079379195, 0.472905746505, 0.866258185244, 0.0283679837733, 0.648296935161, 0.339274192308, 0.0791726808761, 0.0845995382542, 0.487322822725, 0.229319836321, 0.198603452217, 0.302580083072, 0.111913096698, 0.316442777348, 0.674578915981, 0.0577145987308, 0.176801209364, 0.349783201595, 0.736505219848, 0.00179412855887, 0.086572615281, 0.0128338963847, 0.141877858843, 25.2201493297
0.0096586171981, 0.115910278165, 0.0931427731191, 0.0347786098852, 0.453450042011, 0.298677646409, 0.604474862666, 0.387573881365, 0.816019861207, 0.0893092979625, 0.346926728038, 0.900901300146, 0.507564320242, 0.495964467048, 0.0815363524283, 0.355807883907, 0.245391355012, 0.195982272118, 0.0222615791459, 0.417332877975, 0.00930430952829, 0.274044683541, 0.134306037135, 0.0946006447541, 0.0096586171981, 0.115910278165, 0.0931427731191, 0.0347786098852, 25.0638270885
0.00325955244256, 0.014939391202, 0.0197587447451, 0.187033443695, 0.533067852316, 0.179526411687, 0.00964252528684, 0.705082774296, 0.0882693776654, 0.285464565108, 0.368711827625, 0.357695442606, 0.528167486772, 0.0189694924679, 0.070396522251, 0.513609939309, 0.601600550925, 0.045807175512, 0.775438997823, 0.293854076222, 0.348592552053, 0.408527056955, 0.725527647321, 0.0681802780604, 0.00325955244256, 0.014939391202, 0.0197587447451, 0.187033443695, 25.5055952304
0.00366387268513, 0.00105345799329, 0.256838058055, 0.357062774709, 0.41589683271, 0.288522748142, 0.335018410215, 0.0885048555298, 0.00957228158308, 0.488622439149, 0.804812477848, 0.569306207789, 0.6866245224, 0.110371500815, 0.711278439282, 0.0801279298891, 0.137497637165, 0.0639881356074, 0.142779298926, 0.0615316662242, 0.0595409224846, 0.934176158287, 0.734277418386, 0.767383215476, 0.00366387268513, 0.00105345799329, 0.256838058055, 0.357062774709, 26.7129895433
0.152952040927, 0.00944058735677, 0.0288772306571, 0.211028981571, 0.789478475045, 0.383076439349, 0.474224066918, 0.0286873498613, 0.0051273079187, 0.779160918051, 0.332459328431, 0.00598601992041, 0.0882495503727, 0.476428396315, 0.129922436941, 0.856773667306, 0.29550458243, 0.474834568789, 0.139404410753, 0.115467031368, 0.0487678781135, 0.0149687764483, 0.353169374722, 0.759094868227, 0.152952040927, 0.00944058735677, 0.0288772306571, 0.211028981571, 24.600564413
0.00320727292212, 0.0116088901869, 0.034147408502, 0.750227831028, 0.774751088394, 0.0113437108239, 0.0254263744798, 0.866506611646, 0.0131599666899, 0.720150498867, 0.338886213204, 0.158557837392, 0.105328756118, 0.49543683731, 0.209748074455, 0.168584354095, 0.298714704391, 0.167074217678, 0.415575548702, 0.131755045363, 0.0478969641574, 0.631241370287, 0.340891572859, 0.176957611954, 0.00320727292212, 0.0116088901869, 0.034147408502, 0.750227831028, 23.4822413087
0.0150685723559, 0.955926757873, 0.030173242684, 0.104396776509, 0.0384693776201, 0.00458494539953, 0.0795794631699, 0.381696723923, 0.0849203408449, 0.112425237085, 0.49010839781, 0.0109099704796, 0.202219674828, 0.706623616837, 0.705117271476, 0.259523029228, 0.233642957668, 0.769495564708, 0.0140039256403, 0.821360078609, 0.354589327145, 0.327435801119, 0.625799296117, 0.0722327340768, 0.0150685723559, 0.955926757873, 0.030173242684, 0.104396776509, 23.8770045222
0.00010621061547, 0.356668072008, 0.253616918522, 0.161976978968, 0.769957320482, 0.0715473206842, 0.416467650341, 0.0629197659028, 0.00908218173933, 0.486851076738, 0.483493786051, 0.568165866401, 0.764418946389, 0.221244287536, 0.406528698823, 0.767532607212, 0.288673349956, 0.0476367724095, 0.280527397951, 0.15530094182, 0.314441435468, 0.934588236733, 0.349958738318, 0.215957929177, 0.00010621061547, 0.356668072008, 0.253616918522, 0.161976978968, 26.9307086885
0.006537605022, 0.00396704727873, 0.129712846382, 0.32015645658, 0.795423789199, 0.117231250877, 0.179591472721, 0.0559990597143, 0.00513138765838, 0.251777650448, 0.334718937244, 0.0114656849292, 0.0588200872179, 0.755688087113, 0.290391694612, 0.114258054256, 0.296076120567, 0.472881223096, 0.140906329433, 0.343342517505, 0.0495316277911, 0.677304536522, 0.200009952571, 0.759094868227, 0.006537605022, 0.00396704727873, 0.129712846382, 0.32015645658, 23.1879020594
0.00292935264624, 0.00658216623007, 0.42994712443, 0.0347457801356, 0.419115043514, 0.0711902894788, 0.193852913524, 0.448483899396, 0.931725279628, 0.238072201685, 0.622128547648, 0.438340173092, 0.042547731141, 0.0282627949353, 0.709644480219, 0.773755026234, 0.655069299968, 0.484847075915, 0.276688868476, 0.374469381507, 0.0254145034988, 0.402238367599, 0.545527587777, 0.0681701495705, 0.00292935264624, 0.00658216623007, 0.42994712443, 0.0347457801356, 27.407272061
0.0166507297348, 0.165291738316, 0.0085958306946, 0.164641796464, 0.25313418999, 0.0124339100828, 0.0213574080151, 0.0940731391095, 0.027795220556, 0.769761896695, 0.32929993586, 0.176401966071, 0.564085634335, 0.193842286011, 0.846968766164, 0.409073018127, 0.31797503198, 0.130131484639, 0.221164432083, 0.336689540933, 0.0257007484067, 0.168014696659, 0.132930748443, 0.332229200875, 0.0166507297348, 0.165291738316, 0.0085958306946, 0.164641796464, 21.9518738285
0.939162147063, 0.0129682998403, 0.49833707719, 0.00911036862228, 0.804477635042, 0.0349548822683, 0.168049499093, 0.845501545912, 0.00650183590083, 0.714120960037, 0.34422951754, 0.0427806168768, 0.0842004778168, 0.902866188042, 0.408611250071, 0.411921425596, 0.686530260324, 0.182492937303, 0.201848616217, 0.159000009823, 0.0454100242016, 0.446254516356, 0.22815507112, 0.429994360091, 0.939162147063, 0.0129682998403, 0.49833707719, 0.00911036862228, 25.8004244465
0.00303089071677, 0.0104358596765, 0.253664953103, 0.181574466241, 0.764018147619, 0.0713180172732, 0.180995480025, 0.0618922481508, 0.0109273834513, 0.486851076738, 0.485088638729, 0.568165866401, 0.764418946389, 0.226454326078, 0.402122888901, 0.775827499998, 0.301048179276, 0.461289633799, 0.278925404613, 0.156645154472, 0.314441435468, 0.934338768706, 0.0965118976165, 0.215384900171, 0.00303089071677, 0.0104358596765, 0.253664953103, 0.181574466241, 26.8442961668
0.00191752150767, 0.33654412419, 0.0289017155417, 0.111296948371, 0.516445682352, 0.386915003534, 0.47544130594, 0.00286885036711, 0.00349991051752, 0.718906327414, 0.339192616831, 0.570028200283, 0.0849555883181, 0.495967945259, 0.235728197333, 0.854264942347, 0.299911080564, 0.460606786764, 0.200510427038, 0.969639650354, 0.765999084777, 0.0619862976691, 0.676038269685, 0.0954161422056, 0.00191752150767, 0.33654412419, 0.0289017155417, 0.111296948371, 28.3644209059
0.46945480467, 0.00904033370527, 0.272389804918, 0.165894127969, 0.847910683271, 0.632999294999, 0.170000148465, 0.0674494771907, 0.00193049344598, 0.755975039558, 0.596528561654, 0.0777759467383, 0.764418946389, 0.0399196985257, 0.408912284061, 0.766939723457, 0.15997069578, 0.132262953562, 0.276999785348, 0.169228025997, 0.127645656002, 0.0736489278913, 0.226461729265, 0.223335518245, 0.46945480467, 0.00904033370527, 0.272389804918, 0.165894127969, 24.5275778173
0.805144671181, 0.128069385014, 0.142638239016, 0.0467814318918, 0.499947953971, 0.0756847878794, 0.352026514513, 0.445338820274, 0.619406130068, 0.0969810604215, 0.668024510469, 0.146221119858, 0.564667635492, 0.176578409333, 0.44040246445, 0.408752942596, 0.247376252661, 0.136036300725, 0.220981442892, 0.122221955613, 0.0180973689459, 0.167583259314, 0.626939074792, 0.331687104298, 0.805144671181, 0.128069385014, 0.142638239016, 0.0467814318918, 23.9267520787
0.478839794729, 0.00940656085379, 0.268325804091, 0.0475698862518, 0.746851052298, 0.0899871746383, 0.849815664372, 0.0212079559243, 0.57401088978, 0.674055181195, 0.484082106658, 0.446043963239, 0.257511785846, 0.152839359843, 0.415617448907, 0.767532607212, 0.643066607908, 0.85891519659, 0.286512304229, 0.388272751098, 0.360937573937, 0.936210727649, 0.0991253216404, 0.222671207681, 0.478839794729, 0.00940656085379, 0.268325804091, 0.0475698862518, 30.7574712724
0.00372789588672, 0.0530393097525, 0.137990344636, 0.00888603921672, 0.512856684433, 0.640502146825, 0.472740670507, 0.00631913033749, 0.647287003198, 0.753287611882, 0.348307052617, 0.0450074931464, 0.0789100477898, 0.495978785936, 0.842650141713, 0.804055159032, 0.288680412142, 0.111764261153, 0.239933026752, 0.673871191061, 0.421250958559, 0.446606568711, 0.714780908149, 0.430464999525, 0.00372789588672, 0.0530393097525, 0.137990344636, 0.00888603921672, 30.1161578084
0.0166507297348, 0.128069385014, 0.141140187124, 0.165891788813, 0.424332496959, 0.203163548357, 0.313172495417, 0.146595821873, 0.619406130068, 0.0968474614643, 0.219274901102, 0.144474013332, 0.564085634335, 0.193842286011, 0.223609169902, 0.408493568918, 0.156668723385, 0.135886816246, 0.384756140195, 0.44511456464, 0.0164939777637, 0.167583259314, 0.221766897822, 0.0919049310177, 0.0166507297348, 0.128069385014, 0.141140187124, 0.165891788813, 21.5050930543
0.148893566066, 0.795164227554, 0.0208657184823, 0.0511455423976, 0.860917201699, 0.231880517937, 0.721092791559, 0.828117385494, 0.758878308221, 0.0896148364012, 0.596882775828, 0.392641691802, 0.631719966772, 0.0112606836467, 0.233705936752, 0.105942570198, 0.151525893507, 0.181106004818, 0.50975261594, 0.401477921944, 0.27886748243, 0.645387573747, 0.00864676550394, 0.293260542411, 0.148893566066, 0.795164227554, 0.0208657184823, 0.0511455423976, 27.4576287429
0.175474441356, 0.0858428669561, 0.0188974691825, 0.758197297339, 0.528884696848, 0.00643827800459, 0.0185141395797, 0.937107385862, 0.0163388175062, 0.143762612262, 0.335160021973, 0.0835815260237, 0.10583667978, 0.100455172109, 0.411725523574, 0.102773300125, 0.297107998684, 0.168810982867, 0.775353966372, 0.0471582178264, 0.00332005061883, 0.133828627348, 0.235110100215, 0.0743384612981, 0.175474441356, 0.0858428669561, 0.0188974691825, 0.758197297339, 19.8950818662
0.130615726178, 0.069279436866, 0.0318517836236, 0.141733768887, 0.000203174175028, 0.112047595429, 0.666585455907, 0.772059588951, 0.012119830581, 0.706313773479, 0.334642007855, 0.409159393664, 0.010341776035, 0.0276479330786, 0.19989417138, 0.104046783196, 0.296927907889, 0.0185366242659, 0.311219946011, 0.38760216853, 0.0350311874709, 0.283083412982, 0.355063380227, 0.0903127793341, 0.130615726178, 0.069279436866, 0.0318517836236, 0.141733768887, 21.436518531
0.0133212759511, 0.353652631186, 0.026576993947, 0.120734126988, 0.529532902723, 0.190657933871, 0.681239859928, 0.0788030496694, 0.0863222414614, 0.150447799671, 0.217658516186, 0.0816389475949, 0.204537652379, 0.100092899953, 0.414438162093, 0.102833227137, 0.0120651938878, 0.792782845224, 0.774785804737, 0.633735873654, 0.0454643759529, 0.133828627348, 0.27095619997, 0.0949671092617, 0.0133212759511, 0.353652631186, 0.026576993947, 0.120734126988, 22.4965340803
0.015811788954, 0.163270391054, 0.258665810414, 0.00619240879426, 0.408073281262, 0.233718683766, 0.175203234358, 0.0716989170978, 0.0102347977994, 0.485473104702, 0.483125984712, 0.0409658122668, 0.195439524168, 0.00209383739769, 0.847726209754, 0.94398580989, 0.997817990546, 0.191556365334, 0.513142187201, 0.278201900187, 0.0921367919489, 0.445945706037, 0.705197773857, 0.22626419546, 0.015811788954, 0.163270391054, 0.258665810414, 0.00619240879426, 26.3819666486
0.00103970154059, 0.00325772515818, 0.263083839569, 0.0553818731018, 0.863155839865, 0.181095998517, 0.44067245775, 0.0114168100119, 0.645457430135, 0.702315205461, 0.486081237593, 0.0629336001789, 0.00383370056603, 0.501577391075, 0.0705717634136, 0.533084872049, 0.927970482155, 0.0453570089995, 0.277016421123, 0.972505665202, 0.342981618839, 0.949264321139, 0.000797244464165, 0.222827975775, 0.00103970154059, 0.00325772515818, 0.263083839569, 0.0553818731018, 28.4365371574
0.00945378166653, 0.00396704727873, 0.0341957112887, 0.213181513786, 0.795423789199, 0.322607935078, 0.167677136917, 0.765697834546, 0.0051273079187, 0.285724242165, 0.332459328431, 0.0104585088589, 0.0883243667686, 0.928883690682, 0.129922436941, 0.112669364357, 0.275891906253, 0.472881223096, 0.139404410753, 0.115405642316, 0.0487460093232, 0.0105228163571, 0.353209339022, 0.759094868227, 0.00945378166653, 0.00396704727873, 0.0341957112887, 0.213181513786, 23.6875553889
0.0153368263533, 0.236519451307, 0.77143208005, 0.74211552592, 0.0185464235852, 0.19917643386, 0.510133566557, 0.0561751591118, 0.696932227853, 0.0942870256877, 0.337327231828, 0.134874527748, 0.0815962541742, 0.0962183016543, 0.0823363000944, 0.11657314905, 0.633006762626, 0.0495531527535, 0.429451673652, 0.34086862143, 0.0392612746605, 0.270734494642, 0.000575524878643, 0.185823711494, 0.0153368263533, 0.236519451307, 0.77143208005, 0.74211552592, 19.3691865127
0.479496002552, 0.00939940524764, 0.0249353774573, 0.165517405419, 0.800159556761, 0.632999294999, 0.180995480025, 0.0629915385558, 0.0149825357396, 0.755975039558, 0.596528561654, 0.0850224116157, 0.764418946389, 0.0399196985257, 0.84723505261, 0.408451665189, 0.157392010379, 0.13307859094, 0.279495007532, 0.164432918415, 0.358320497268, 0.0824784421713, 0.098579148005, 0.0919760614016, 0.479496002552, 0.00939940524764, 0.0249353774573, 0.165517405419, 24.6797582137
0.00522752158313, 0.365308876773, 0.494195624553, 0.00721121789795, 0.251331046634, 0.11568718999, 0.170855375819, 0.706290849794, 0.0904494973155, 0.244065604642, 0.840643876879, 0.187212943901, 0.364577969671, 0.915111552909, 0.298837208402, 0.769428679501, 0.718679222691, 0.0456047442113, 0.192727657155, 0.347146139667, 0.36320454433, 0.602724948175, 0.721023845298, 0.0966189097322, 0.00522752158313, 0.365308876773, 0.494195624553, 0.00721121789795, 28.0399051252
0.00697250320635, 0.013144041324, 0.0326247016663, 0.0437224013385, 0.0384693776201, 0.0936553384085, 0.0781766038281, 0.373644371106, 0.0849203408449, 0.112425237085, 0.489995676851, 0.014081493581, 0.259997488641, 0.70193319461, 0.705117271476, 0.710264502562, 0.233642957668, 0.769495564708, 0.288223250495, 0.385842711753, 0.354589327145, 0.33361554705, 0.104470899394, 0.0706513704878, 0.00697250320635, 0.013144041324, 0.0326247016663, 0.0437224013385, 23.9347063749
0.0157495180435, 0.788871550928, 0.0264481301339, 0.440525078144, 0.816643271203, 0.282424426167, 0.52510036596, 0.200573441613, 0.00490754712789, 0.72052353578, 0.335268005199, 0.15837667192, 0.992926990449, 0.010404327277, 0.228850840732, 0.414382469815, 0.301273665268, 0.0258570500074, 0.221291909455, 0.139792232757, 0.0445764773976, 0.20182369388, 0.349779213731, 0.0912100423569, 0.0157495180435, 0.788871550928, 0.0264481301339, 0.440525078144, 23.3604099999
0.46945480467, 0.00943756694866, 0.0168754470165, 0.00619459016526, 0.804383059964, 0.632999294999, 0.168181340845, 0.72670357525, 0.00704280917994, 0.753251516062, 0.596191534436, 0.0850224116157, 0.764418946389, 0.0384780511512, 0.407507986545, 0.408487192785, 0.15997069578, 0.132262953562, 0.894016461512, 0.165333905223, 0.0362566348258, 0.446565303377, 0.720533256302, 0.0939829159885, 0.46945480467, 0.00943756694866, 0.0168754470165, 0.00619459016526, 28.0822457516
0.939162147063, 0.0069257388242, 0.00905871660806, 0.164472103866, 0.253492101282, 0.0359095808977, 0.197402481545, 0.0732668410229, 0.116272697644, 0.714120960037, 0.67070785009, 0.597577813674, 0.0842004778168, 0.902866188042, 0.408611250071, 0.413758129778, 0.284248029297, 0.186025204271, 0.204089331575, 0.119702987846, 0.0442172969141, 0.518244865094, 0.231368925471, 0.0900935962805, 0.939162147063, 0.0069257388242, 0.00905871660806, 0.164472103866, 23.5093325384
0.744828015254, 0.00327379644903, 0.137451814889, 0.0483875640656, 0.747638520334, 0.0854543152066, 0.430506550017, 0.147288364775, 0.623063040183, 0.673982830828, 0.483972618647, 0.222817055031, 0.51060974885, 0.101675258062, 0.689909882444, 0.198370551646, 0.934727763702, 0.855633189934, 0.353445461404, 0.344320997044, 0.388775637837, 0.173201508334, 0.206934753302, 0.327375854674, 0.744828015254, 0.00327379644903, 0.137451814889, 0.0483875640656, 28.7918989941
0.00343664429571, 0.163395845417, 0.00899740285841, 0.733782642975, 0.267779029436, 0.0153544787794, 0.031428787907, 0.0978518207068, 0.832029516033, 0.673492879215, 0.327094903085, 0.175642613093, 0.904088088276, 0.574394552349, 0.852105540553, 0.176179223341, 0.674571695463, 0.745160020371, 0.127790474945, 0.835173514185, 0.380084238728, 0.0586267854714, 0.674215928077, 0.18662825345, 0.00343664429571, 0.163395845417, 0.00899740285841, 0.733782642975, 29.0540853716
0.855918860826, 0.0013283666992, 0.0337266164298, 0.159575765055, 0.529204417285, 0.115368807523, 0.430778892359, 0.0622500503944, 0.0896259172159, 0.112950281264, 0.207442542433, 0.0809722406066, 0.00594056901071, 0.224089468684, 0.198648103535, 0.765276043097, 0.28861175308, 0.819539280054, 0.237260269666, 0.118759837788, 0.00332005061883, 0.976467053555, 0.227943100855, 0.0903206047939, 0.855918860826, 0.0013283666992, 0.0337266164298, 0.159575765055, 22.2155946143
0.00374392988234, 0.355004593752, 0.0308930120034, 0.91323726497, 0.794054510784, 0.314990542999, 0.424345666307, 0.201012303313, 0.0901728443154, 0.285764595132, 0.2241720381, 0.330523582584, 0.089279423047, 0.0447076985526, 0.816723493922, 0.901192603583, 0.239025071865, 0.149287821401, 0.620292005024, 0.292182225636, 0.0487458603247, 0.134517304618, 0.0523010370662, 0.0718433023003, 0.00374392988234, 0.355004593752, 0.0308930120034, 0.91323726497, 23.442704479
0.000503195669331, 0.742985107578, 0.630196268742, 0.00942160158956, 0.418874535304, 0.0423844617553, 0.463859477567, 0.00996977220846, 0.659410774155, 0.238072201685, 0.628579277547, 0.443715524573, 0.042547731141, 0.0295592444801, 0.709644480219, 0.191531989228, 0.644886062767, 0.487532102935, 0.276688868476, 0.374469381507, 0.416107499973, 0.402238367599, 0.545527587777, 0.0632614178507, 0.000503195669331, 0.742985107578, 0.630196268742, 0.00942160158956, 25.6328714727
0.00372789588672, 0.128067717726, 0.0165211350438, 0.0465922226392, 0.497240460689, 0.640502146825, 0.461451640128, 0.446757420929, 0.615110772499, 0.769250866619, 0.329398850783, 0.148859667326, 0.185026471425, 0.495978785936, 0.847972659407, 0.410782647907, 0.247391863731, 0.752175300747, 0.504988366602, 0.126805389466, 0.421250958559, 0.446606568711, 0.716510305288, 0.427692800089, 0.00372789588672, 0.128067717726, 0.0165211350438, 0.0465922226392, 31.2816697243
0.0161433704974, 0.459219979442, 0.0116593187887, 0.256184638814, 0.43223695522, 0.0870818229366, 0.427836460981, 0.739709489405, 0.0283271225288, 0.144362761539, 0.228284943138, 0.0834564206027, 0.196406749046, 0.0105807872415, 0.0947649863451, 0.959702932029, 0.281489306816, 0.763542005179, 0.316811418454, 0.816167379538, 0.538056003097, 0.607194676366, 0.289973390662, 0.0921583207321, 0.0161433704974, 0.459219979442, 0.0116593187887, 0.256184638814, 25.966682092
0.00350174687185, 0.0606464132644, 0.263095832586, 0.0553544077402, 0.848145889542, 0.116860069527, 0.424751639486, 0.451940774219, 0.607272212269, 0.705077048349, 0.488452121837, 0.0633827237496, 0.00174927426763, 0.236217334657, 0.0228406469141, 0.757008364911, 0.926526666006, 0.178159838926, 0.277009610864, 0.808630760329, 0.0195555050837, 0.0711716922098, 0.203393471418, 0.222827975775, 0.00350174687185, 0.0606464132644, 0.263095832586, 0.0553544077402, 26.6014870619
0.00596515682265, 0.795297740865, 0.0208657184823, 0.0510047192869, 0.457760185279, 0.0299441712759, 0.435274177888, 0.829920975459, 0.758878308221, 0.0866167707186, 0.483094640897, 0.392538343878, 0.631719966772, 0.0161649620348, 0.0859825337081, 0.105942570198, 0.991347093766, 0.179273970181, 0.50975261594, 0.274925578289, 0.283169245376, 0.645387573747, 0.00864676550394, 0.293260542411, 0.00596515682265, 0.795297740865, 0.0208657184823, 0.0510047192869, 26.5509486544
0.0102880539683, 0.0027314282041, 0.034147408502, 0.453799172615, 0.805045394626, 0.282424426167, 0.52510036596, 0.865532396267, 0.00490754712789, 0.718906327414, 0.335268005199, 0.15837667192, 0.0845995382542, 0.495979380606, 0.2295625444, 0.410941061792, 0.298714704391, 0.0259705115249, 0.221291909455, 0.139471337321, 0.0478969641574, 0.20182369388, 0.349779213731, 0.323843053137, 0.0102880539683, 0.0027314282041, 0.034147408502, 0.453799172615, 24.6636498242
0.00303089071677, 0.00940656085379, 0.253616918522, 0.187894331994, 0.759783819534, 0.0759241936456, 0.180995480025, 0.063998104202, 0.00970484057917, 0.486851076738, 0.345931160124, 0.568165866401, 0.764418946389, 0.224140660489, 0.716857237979, 0.767532607212, 0.297764467159, 0.0617891775859, 0.314063828748, 0.156645154472, 0.42221931662, 0.934588236733, 0.347745502964, 0.215384900171, 0.00303089071677, 0.00940656085379, 0.253616918522, 0.187894331994, 27.1958821735
0.000139596033231, 0.0591956684294, 0.0229399815274, 0.170749258833, 0.795423789199, 0.322607935078, 0.167677136917, 0.767970880127, 0.0328151364681, 0.285724242165, 0.748577857774, 0.12437642066, 0.0930592166404, 0.934716819669, 0.0708218381386, 0.514940575517, 0.275891906253, 0.037388023337, 0.140159718805, 0.293657815049, 0.0490373649853, 0.599281033273, 0.725617593409, 0.759094868227, 0.000139596033231, 0.0591956684294, 0.0229399815274, 0.170749258833, 27.3206434502
0.417992035255, 0.0085067068789, 0.0191827577709, 0.218916916067, 0.52990702468, 0.64492904457, 0.434595456569, 0.058932115377, 0.0149825357396, 0.149420279726, 0.36970165512, 0.356218998778, 0.767153365289, 0.0443193758598, 0.382178478325, 0.419684549533, 0.232633308646, 0.306117087272, 0.279495007532, 0.690073034433, 0.356866820576, 0.114945358415, 0.236715067888, 0.0931802116587, 0.417992035255, 0.0085067068789, 0.0191827577709, 0.218916916067, 24.4818759725
0.939162147063, 0.348760747772, 0.490044737668, 0.00618682044622, 0.596411552235, 0.939141182805, 0.178026936588, 0.186448110802, 0.644060034728, 0.286886209714, 0.347092191929, 0.00944513291758, 0.379481033636, 0.0113249170724, 0.713116383266, 0.356280962703, 0.66742895337, 0.0404880910013, 0.201695564798, 0.610397263295, 0.0515775548885, 0.268179674957, 0.229152198938, 0.210275427068, 0.939162147063, 0.348760747772, 0.490044737668, 0.00618682044622, 25.2542631445
0.00179412855887, 0.347110871983, 0.034147408502, 0.0574592670142, 0.516445682352, 0.206530032807, 0.472905746505, 0.866506611646, 0.00144133698825, 0.912002419648, 0.339192616831, 0.1618249714, 0.0845995382542, 0.495979380606, 0.232150398013, 0.377085386151, 0.299911080564, 0.460606786764, 0.240071897115, 0.668540762164, 0.0525060577397, 0.631241370287, 0.349779213731, 0.763949438155, 0.00179412855887, 0.347110871983, 0.034147408502, 0.0574592670142, 28.210638798
7.86494735369e-05, 0.349804977473, 0.605751068711, 0.153650915207, 0.397493220499, 0.0356747423963, 0.37333350531, 0.107836782324, 0.0902459357504, 0.285347913266, 0.626926161286, 0.598772273601, 0.372175844273, 0.105523597913, 0.181565018886, 0.765784180832, 0.288680412142, 0.0191818398048, 0.514070977028, 0.120043664327, 0.0545650446578, 0.184078763843, 0.224933274684, 0.27603750394, 7.86494735369e-05, 0.349804977473, 0.605751068711, 0.153650915207, 22.5000674468
0.00454111151127, 0.81086063629, 0.463616751524, 0.984899409354, 0.495797430044, 0.0234968763738, 0.713858237451, 0.0901538848731, 0.0118753323725, 0.144640552537, 0.483914049651, 0.0885850357562, 0.196013540628, 0.00883004440038, 0.415446940157, 0.606760869953, 0.285549079461, 0.276877509035, 0.308916970475, 0.122374421719, 0.995797460104, 0.152210688112, 0.290334185826, 0.0903317337367, 0.00454111151127, 0.81086063629, 0.463616751524, 0.984899409354, 22.5757646727
0.00343664429571, 0.465594988278, 0.00899740285841, 0.733782642975, 0.267650549093, 0.0193704832576, 0.031428787907, 0.118396946722, 0.837760392208, 0.675226032157, 0.324842229069, 0.197531196085, 0.968847433946, 0.574394552349, 0.852105540553, 0.260746351183, 0.0530123775222, 0.0457166722853, 0.127790474945, 0.835173514185, 0.380084238728, 0.0586267854714, 0.674215928077, 0.18662825345, 0.00343664429571, 0.465594988278, 0.00899740285841, 0.733782642975, 26.6150194873
0.00258392608994, 0.0106423552764, 0.135376139641, 0.165897765034, 0.683442239647, 0.207265858572, 0.464198650622, 0.0707814864299, 0.0612874649621, 0.774923255494, 0.661928694843, 0.142979056571, 0.566959556848, 0.193842286011, 0.44040246445, 0.407743483862, 0.676481872162, 0.138023727445, 0.237728895918, 0.336689540933, 0.0415914076478, 0.167583259314, 0.71927617977, 0.330891971257, 0.00258392608994, 0.0106423552764, 0.135376139641, 0.165897765034, 26.3604941002
0.00372789588672, 0.0530393097525, 0.0165211350438, 0.00933480764803, 0.399998286588, 0.640502146825, 0.462849059688, 0.00631913033749, 0.662000834473, 0.753287611882, 0.34825804909, 0.0466742291307, 0.185026471425, 0.495978785936, 0.842650141713, 0.804055159032, 0.288680412142, 0.756718194459, 0.499461168323, 0.662500516991, 0.421250958559, 0.446606568711, 0.714780908149, 0.427692800089, 0.00372789588672, 0.0530393097525, 0.0165211350438, 0.00933480764803, 32.1716459152
0.00313952142581, 0.678762840984, 0.0165435582318, 0.00909914730197, 0.399315288077, 0.205480315697, 0.462849059688, 0.00674226566349, 0.660690422763, 0.755194577306, 0.352357950119, 0.00030856601851, 0.533797400902, 0.00348089188008, 0.842650141713, 0.854040242558, 0.293605983929, 0.463009490119, 0.514867118207, 0.662581610554, 0.760123332981, 0.000856667480611, 0.706835885566, 0.0935291095967, 0.00313952142581, 0.678762840984, 0.0165435582318, 0.00909914730197, 29.1219786213
0.00454111151127, 0.81086063629, 0.0366622076763, 0.41113014115, 0.495797430044, 0.0234968763738, 0.713858237451, 0.0901538848731, 0.0118753323725, 0.709243175367, 0.483914049651, 0.100123771882, 0.196013540628, 0.00883004440038, 0.22771819702, 0.606760869953, 0.285549079461, 0.279275867607, 0.266843778208, 0.122374421719, 0.978728851942, 0.152210688112, 0.290883151331, 0.323408871152, 0.00454111151127, 0.81086063629, 0.0366622076763, 0.41113014115, 24.0011090036
0.000929510517793, 0.362665624699, 0.495325408864, 0.00725389785083, 0.235231508783, 0.182299254161, 0.172122451199, 0.0099817443433, 0.645457430135, 0.702315205461, 0.855365393071, 0.186840193897, 0.000430943200332, 0.916479193562, 0.0705717634136, 0.533084872049, 0.720805000329, 0.0456070248965, 0.277016421123, 0.972505665202, 0.342970412566, 0.949264321139, 0.00168595118443, 0.222151528398, 0.000929510517793, 0.362665624699, 0.495325408864, 0.00725389785083, 28.0394094789
0.00366387268513, 0.00118834509626, 0.256838058055, 0.355088836579, 0.41589683271, 0.0769351485803, 0.335018410215, 0.0885048555298, 0.00957228158308, 0.488160726818, 0.804812477848, 0.568174531381, 0.6866245224, 0.110401010046, 0.711278439282, 0.0879437086093, 0.137497637165, 0.0639881356074, 0.326852156431, 0.0615316662242, 0.423259839027, 0.934176158287, 0.734277418386, 0.762147868475, 0.00366387268513, 0.00118834509626, 0.256838058055, 0.355088836579, 27.4675790076
7.86494735369e-05, 0.349804977473, 0.387405365846, 0.211750953657, 0.397493220499, 0.23152110077, 0.00435822942203, 0.0884469834559, 0.0902459357504, 0.286463171893, 0.626926161286, 0.598146492011, 0.513722096513, 0.576458575271, 0.842758920632, 0.765784180832, 0.288680412142, 0.045343204701, 0.514070977028, 0.120043664327, 0.0545650446578, 0.515598411528, 0.714780908149, 0.274994257494, 7.86494735369e-05, 0.349804977473, 0.387405365846, 0.211750953657, 26.8113135743
