3.51000503973e-05, 3.0938417174e-07, 9.42184202032e-07, 0.82521556423, 0.98914818005, 0.809888618371, 0.00134908584262, 7.45923254649e-05, 0.000216105848615, 0.0, 1.75369595582e-05, 0.975282087085, 0.00931484548946, 0.999934808781, 0.952114258355, 1.0, 0.0183539674406, 1.0, 0.00692619154102, 0.00503222225913, 0.999441980899, 0.00625838835906, 0.00124972929135, 0.96947622787, 1.27342850558e-06, 0.00329424223685, 0.0, 0.982930260197, 14.0, 0.0, 9.57828644118
2.15159142218e-07, 0.00610243612965, 0.00999893723789, 6.71348135812e-05, 0.995037989002, 0.00066985239345, 0.982380334493, 1.66360320084e-07, 0.0282134120264, 0.0, 0.0, 7.56337156358e-08, 2.48633428248e-10, 7.77917374686e-05, 0.999769714788, 1.0, 0.0240113284145, 0.0, 0.000318475106802, 0.999972436507, 0.949253354485, 0.00991573197872, 2.04231618555e-12, 0.974387273349, 0.0, 0.0062027658054, 0.00446703201201, 1.44071319869e-08, 27.0, 0.0, 4.37213804349
0.917747148281, 0.0126241471957, 0.0, 0.980951108402, 0.994735543743, 0.039334730349, 0.0, 0.972727905088, 0.00550801318561, 0.146213060848, 0.0, 0.977649843541, 1.0, 8.26335322084e-05, 0.999223223438, 1.0, 0.990975431858, 1.0, 1.0, 0.999983836626, 0.0, 0.944280001818, 0.0104211690332, 0.999755638759, 0.0, 0.0, 0.961164124013, 0.0107824946089, 8.0, 1.0, 13.8603123162
0.996712221226, 0.0106073112341, 0.00526883071306, 0.960367418173, 0.998288985029, 0.0, 0.00991499223107, 2.67773148673e-07, 0.00354633939029, 1.5989656595e-05, 0.0, 0.991167364328, 0.0180523194499, 0.931063208903, 0.999804108741, 1.0, 0.992852254317, 0.988655405795, 1.0, 0.997627398622, 0.984953351039, 0.0122727142485, 0.00011207675919, 0.997480052307, 0.00015925577171, 0.0, 0.00533016150657, 0.992556051156, 10.0, 0.0, 11.5677070053
0.00757292248241, 0.00394137101224, 4.99115291387e-05, 0.0, 0.0, 0.0102034933386, 0.986610026273, 0.000901475991262, 7.55675373672e-06, 0.0, 0.0, 0.984833603488, 0.0168445216131, 0.00977207097189, 0.972890984724, 1.0, 0.00327197325611, 0.00547365420426, 0.0, 0.992124579729, 0.97974410222, 0.00281214178792, 1.22209127306e-07, 0.977611765841, 3.79634006709e-05, 0.0, 1.0, 0.00475392982031, 20.0, 1.0, 6.43155423051
0.00593159748986, 0.000271911538034, 0.00372132843957, 7.28223277085e-06, 0.964447403522, 0.00477589518647, 0.978894412971, 9.21137669592e-06, 0.00939456444234, 0.0, 0.0, 0.995478586972, 0.00932222513323, 0.0160647640945, 0.927509486129, 1.0, 0.0082242036368, 0.012299456916, 0.0022119769094, 0.984439014371, 0.961061286521, 0.0137613741346, 1.19875210716e-05, 0.980655133134, 0.993640901383, 0.00839032102961, 0.989082078057, 0.000117472591338, 18.0, 1.0, 7.05343906464
0.0, 0.0103923507851, 0.0, 0.00426592732772, 0.978228546616, 7.49181411219e-05, 0.00503722326923, 8.31893453311e-08, 0.964824300463, 2.06219606033e-09, 0.0, 0.967567951198, 0.0780756112617, 0.996656796452, 0.927661853371, 1.0, 2.32602999171e-05, 0.0154802079627, 0.0, 0.98326674427, 0.959405945601, 0.0, 8.64440115786e-05, 0.980887241308, 0.98730986455, 0.0, 0.991761689669, 6.25604530885e-05, 17.0, 0.0, 7.77693930536
3.88768930679e-05, 0.0110483530642, 5.39215672646e-05, 4.17730017307e-05, 0.9943369978, 0.0, 0.0, 0.00908224930779, 0.0, 0.0, 0.0, 8.4426045265e-06, 0.00509910433671, 0.0196734639278, 0.0137563431184, 1.0, 1.36853504582e-05, 3.22985434629e-05, 0.00513419823255, 0.0, 0.00246612472101, 0.995490193285, 4.03542361198e-05, 0.996984333118, 0.00696429250154, 0.011920370695, 0.00448672097144, 2.58148948441e-05, 36.0, 2.0, 2.47765974766
6.21517136644e-05, 0.000112532045683, 0.0105719608761, 3.54336498242e-07, 0.963418809713, 2.0316383736e-05, 3.00523735814e-07, 0.0, 0.00234717368464, 2.5141327074e-07, 0.0, 0.0, 0.00208901605734, 0.0153322371443, 0.0174648307756, 1.0, 0.00240331651701, 0.0146668292174, 0.000140706387588, 4.65953269306e-07, 0.00794575307521, 0.995540316919, 0.0107514238342, 0.992474923053, 0.0, 0.000142434034328, 0.0, 4.69747484426e-05, 36.0, 2.0, 2.47765974766
3.51000503973e-05, 6.31486421079e-10, 8.7014094869e-05, 0.802965238572, 0.98909154687, 0.809888618371, 0.00134908584262, 7.4945580908e-05, 0.0, 0.0, 1.91209984612e-05, 0.995019324476, 0.00931484548946, 0.999934808781, 0.952114258355, 1.0, 0.0184710349833, 1.0, 0.995198907516, 0.00503222225913, 0.999000953223, 0.00625838835906, 0.00124972929135, 0.969377817102, 1.28144097323e-06, 0.00329424223685, 0.0, 0.982930260197, 13.0, 0.0, 10.2087263774
2.37489428973e-08, 0.0122934187448, 2.89076728691e-05, 2.79456553344e-05, 0.974906724447, 2.9839165663e-06, 0.00816796932737, 0.0, 0.00517130504447, 0.146574666815, 0.0, 0.0, 6.33402938056e-05, 0.000535964571054, 0.933936508353, 0.967196026351, 0.00316928063341, 0.00614949882346, 6.86555481998e-11, 0.959618855418, 1.0108998632e-05, 0.951237785301, 8.63827878663e-05, 0.998218240866, 0.0, 0.0, 0.00457186142167, 0.0107513065723, 28.0, 0.0, 3.73045435253
8.52072721612e-08, 0.0122865340818, 5.43533113096e-05, 4.35048664226e-05, 0.9943369978, 7.52867198389e-05, 0.0, 9.52814466055e-05, 0.0, 0.0, 0.0, 6.06759104938e-05, 5.15663638892e-05, 0.0237924900194, 0.930074897751, 1.0, 1.91039116975e-05, 3.22985434629e-05, 0.00522714069085, 0.975673824065, 0.00246612472101, 0.995490193285, 4.03542361198e-05, 0.980714586911, 0.00696429250154, 0.011920370695, 0.0130841969863, 2.58148948441e-05, 28.0, 0.0, 3.73045435253
0.0056960684844, 0.000112532045683, 0.0105719608761, 4.531292631e-07, 0.963382129687, 2.0316383736e-05, 3.00523735814e-07, 0.0, 0.00219010656544, 2.45127172405e-07, 0.0, 0.0, 0.0, 0.0154039673821, 0.975818370726, 1.0, 0.0102549307405, 0.0147054914246, 0.000140706387588, 4.65953269306e-07, 5.55950125471e-05, 0.995540316919, 0.0107514238342, 0.992502670644, 0.0, 9.45631195408e-05, 0.0, 4.69747484426e-05, 32.0, 1.0, 3.00258537078
3.88768930679e-05, 0.0110483530642, 0.00945667415617, 0.0, 0.991386197952, 0.0, 0.0, 0.00897373654692, 3.70914340479e-06, 0.0, 0.0, 0.0, 0.0107547579103, 0.0152108953669, 0.997869527628, 0.966922602912, 0.0, 0.162591339404, 0.000106255180519, 1.3246021483e-05, 0.00697326131656, 0.995490193285, 7.57764151703e-05, 0.996984333118, 0.00696429250154, 0.0117530897402, 4.00511986975e-05, 0.0, 32.0, 1.0, 3.00258537078
0.00744046969472, 0.0110483530642, 5.39215672646e-05, 0.000121103387403, 0.9943369978, 1.7170238882e-06, 0.0, 0.00686573811307, 0.0, 0.146573844173, 0.0, 0.0225043389991, 0.00509910433671, 0.0196734639278, 0.970406972127, 1.0, 1.36853504582e-05, 0.0108516954366, 0.00514347291988, 4.54061417779e-07, 0.00246612472101, 0.995490193285, 3.31024122837e-05, 0.996984333118, 5.2039632402e-05, 0.011920370695, 0.00440931325051, 2.58148948441e-05, 32.0, 1.0, 3.00258537078
0.0, 0.00013162001526, 0.0105581532103, 6.71348135812e-05, 0.995037989002, 7.32901961083e-05, 0.00462633822903, 1.67364537604e-05, 0.101067709857, 3.520838622e-07, 0.0, 0.032458964578, 4.28759376447e-07, 7.77917374686e-05, 0.976494616427, 1.0, 0.0240113284145, 0.0, 3.71412761607e-05, 1.2859362372e-05, 0.00719633075167, 0.992658077983, 2.04231618555e-12, 0.974387273349, 0.0, 0.0082402982697, 1.37994248987e-05, 2.00714997824e-07, 32.0, 1.0, 3.00258537078
2.67076818167e-05, 0.00878769183085, 0.0105571755424, 4.65476193323e-05, 0.946445901023, 2.9054952485e-05, 8.63660928367e-05, 9.32589705201e-06, 0.0, 0.0, 0.0, 0.0, 0.0, 0.0037644349538, 0.975431420934, 1.0, 0.0320806690796, 0.0246360026658, 0.0, 1.19113095879e-06, 0.0, 0.983524743393, 4.77288975486e-05, 0.98290142496, 0.0, 0.0, 0.0, 8.2329537888e-07, 32.0, 1.0, 3.00258537078
9.30319429385e-09, 0.0110426376143, 3.99493047734e-05, 4.36348484708e-12, 0.00279093586527, 0.00236471721603, 0.00911357711381, 0.0, 0.0327914189134, 0.0, 0.0, 3.51473206622e-06, 3.44383311537e-05, 5.13204269873e-05, 0.927750207461, 0.861906862273, 6.21467515512e-08, 2.20365562388e-05, 1.71591913208e-05, 0.936334737053, 0.959405945601, 0.0530815589723, 0.0112492337882, 0.988107722962, 5.92884117936e-06, 0.0, 0.995990963205, 2.4077164628e-07, 25.0, 0.0, 4.56229717852
8.33144975901e-05, 0.00904336109978, 0.0107724549398, 3.92307169519e-05, 0.971148002747, 0.0022639483297, 0.0078827323959, 6.54757874581e-08, 0.0047873396292, 0.011332455292, 0.0, 1.83086740361e-07, 0.0, 0.0100071693185, 0.955854746888, 1.0, 0.000183632694885, 0.0247607588555, 0.00228768687356, 0.00924042069215, 0.00966249232166, 0.0021282324218, 0.00115702730044, 0.992546548886, 0.0103028523569, 0.0, 0.0, 0.000144587203407, 36.0, 1.0, 2.57826066797
1.4293992298e-07, 0.0110483530642, 5.39215672646e-05, 4.24119581748e-05, 0.9943369978, 5.95498470224e-08, 0.0, 0.00908224930779, 0.0, 0.0, 0.0, 1.80281472636e-08, 0.00506699388836, 0.0196734639278, 0.991487306892, 0.967520404407, 1.36853504582e-05, 0.000787872747885, 0.00513419823255, 0.00904851509887, 0.000920951161573, 0.000222157410562, 4.03542361198e-05, 0.996984333118, 0.0534019806734, 0.0120101673253, 0.00448672097144, 2.47182692118e-05, 36.0, 1.0, 2.57826066797
0.0056960684844, 0.000112532045683, 0.0105719608761, 4.531292631e-07, 0.963382129687, 7.30463741151e-05, 3.00523735814e-07, 0.0, 0.00177502825223, 2.45127172405e-07, 0.0, 0.000110941198228, 0.0, 0.0153760126515, 0.869298505282, 1.0, 0.0102549307405, 0.000137362557936, 3.79092118024e-05, 0.00823737711748, 5.55950125471e-05, 0.0153231779409, 0.0107725126282, 0.992502670644, 0.0, 0.0102787018719, 0.0, 4.69747484426e-05, 36.0, 1.0, 2.57826066797
0.0074676512977, 0.000917178457676, 7.50931293515e-05, 0.95267827122, 0.00109354758551, 2.64440880301e-05, 0.00629961271689, 0.00090694645269, 9.92614121228e-07, 0.000140766846025, 0.0, 0.00696200069541, 0.0172715634521, 0.00977207097189, 0.971887055666, 1.0, 0.00633811108594, 0.0117128805881, 0.00429410643782, 0.990344904967, 0.923744616988, 9.50939001056e-06, 8.09495425584e-05, 0.995235166353, 0.967131911056, 0.00920565153346, 0.993993105671, 0.00475392982031, 20.0, 0.0, 7.11220389314
0.0, 0.00610243612965, 0.00999893723789, 6.71348135812e-05, 0.995037989002, 7.32901961083e-05, 0.998806776882, 1.67364537604e-05, 0.0282134120264, 0.0, 0.0, 3.32729905425e-05, 4.39299518586e-07, 7.77917374686e-05, 0.927467586608, 1.0, 0.0240113284145, 0.0, 3.71412761607e-05, 0.981201759561, 0.949253354485, 0.0100157129595, 2.04231618555e-12, 0.974387273349, 0.0, 0.999670178064, 0.00453971396036, 1.44071319869e-08, 23.0, 1.0, 5.28969814213
2.52312500431e-10, 0.0, 0.0096789847483, 0.0, 0.0, 0.0, 0.0, 0.0, 0.00271158052257, 0.0, 0.0, 0.0, 0.000282202318408, 0.0151438503305, 0.99996143653, 0.967557218992, 0.00313815625677, 0.160162891855, 0.0, 0.00806354566193, 0.993085040797, 0.0, 7.84612816153e-05, 0.999999767463, 0.0, 0.0, 0.0, 4.72214054523e-05, 33.0, 0.0, 2.76389693175
2.52312500431e-10, 0.0, 6.86753216256e-05, 0.0, 0.0, 0.0, 0.0, 0.0, 2.01202424752e-05, 0.0, 0.0, 0.0107674901676, 0.000282202318408, 0.0151438503305, 0.970831411976, 0.967557218992, 0.00269996167786, 0.160162891855, 0.0, 0.00806354566193, 0.952570832868, 0.0, 5.85151475728e-05, 0.999999767463, 0.0, 0.0, 3.64054654708e-06, 4.72214054523e-05, 33.0, 0.0, 2.76389693175
0.0056960684844, 0.00011361012813, 0.000154942365341, 7.81678859504e-12, 0.00812059783227, 1.99195052948e-05, 3.00523735814e-07, 0.0009083980497, 0.00254192722413, 2.45127172405e-07, 0.0, 0.0404237799953, 2.0538489969e-06, 0.0151370285653, 0.975901033769, 1.0, 0.0102549307405, 0.0156145203357, 8.33782498401e-07, 0.00787282479827, 0.93412991361, 0.00386841699584, 0.0107514238342, 0.99936941686, 3.82839711025e-05, 9.45631195408e-05, 2.30704818283e-06, 2.57563077203e-05, 33.0, 0.0, 2.76389693175
1.50353595535e-05, 2.77516658403e-06, 0.0095482569857, 0.0, 0.00681360502068, 8.12782745526e-05, 0.00811081411368, 1.78016833564e-05, 0.000220818389366, 0.00012479802097, 0.000420067066833, 0.00627497738278, 3.87502669936e-05, 0.0150712399888, 0.999929652684, 0.967557218992, 0.00313813707816, 0.156472983502, 3.82377653377e-05, 0.00757740637439, 0.96728300893, 2.83123577232e-05, 8.1729367819e-05, 0.997150954583, 3.80573761638e-05, 0.0, 0.0104527146101, 9.09932223725e-05, 33.0, 0.0, 2.76389693175
1.67511315106e-05, 6.31486421079e-10, 0.0103494322415, 0.0, 0.978008097601, 4.73729831231e-10, 0.00779173274777, 7.4945580908e-05, 0.0, 4.31108371109e-05, 0.0, 0.943147173658, 2.4951044161e-05, 0.0124255801946, 0.981732407659, 0.999999395854, 0.00921141900271, 0.0254399014242, 0.0167844836831, 7.27436615137e-05, 0.999187074432, 0.00625838835906, 0.00955697899405, 0.984963612831, 0.0112396799355, 0.00328791682256, 0.0, 0.982880471048, 24.0, 2.0, 5.03799949249
1.67511315106e-05, 6.31486421079e-10, 0.0100045890746, 0.0, 0.978834081314, 1.50145107348e-05, 0.0171895504441, 1.36447437488e-05, 0.0, 4.31108371109e-05, 0.0, 0.943147173658, 0.0102523453523, 0.0124255801946, 0.981732407659, 0.999999395854, 0.00627712148446, 0.0254399014242, 9.29577393021e-05, 4.77674078597e-05, 0.999995069861, 0.00627293020139, 0.0102168634082, 0.984963612831, 0.0112396799355, 0.00254626081832, 0.0, 0.982880471048, 24.0, 2.0, 5.03799949249
0.00414969306664, 0.0104143366721, 0.0, 0.960906780229, 1.0, 2.09643461619e-05, 0.0, 0.0104334968858, 0.0, 0.0, 0.0, 0.984846717484, 1.0, 0.0148153072843, 0.970867220615, 1.0, 0.0110406481032, 0.988861792797, 1.0, 0.999960056314, 0.952406945121, 0.00839519228283, 0.0102340726445, 0.999977275837, 0.0, 0.0, 0.000817904117237, 0.992556051156, 13.0, 1.0, 10.113725243
4.27081422746e-08, 0.0, 0.0096789847483, 0.0, 0.0, 0.0, 0.999770662994, 0.0, 0.00271158052257, 0.0, 0.0, 0.0, 0.000282202318408, 0.0151438503305, 0.999966026303, 0.967162285262, 0.00240145981847, 0.00988353452149, 1.68012438735e-05, 0.0052853418989, 0.993085040797, 0.0, 0.000116314244198, 0.999999767463, 3.28196748654e-05, 6.08990021005e-08, 0.0, 9.24255126333e-08, 32.0, 0.0, 3.43383597369
4.27081422746e-08, 0.00901364723465, 0.00966402627501, 0.0, 0.0, 0.0, 0.999966875804, 0.0, 0.00271158052257, 0.0, 0.0, 0.0, 0.000282202318408, 0.015206060731, 0.999966026303, 0.966777930079, 0.0314383495417, 0.00988353452149, 3.64437310286e-05, 0.0052853418989, 0.993085040797, 2.28432816498e-05, 0.000115598665729, 0.992477084305, 3.28196748654e-05, 4.104139117e-10, 0.0, 1.61140437836e-06, 32.0, 0.0, 3.43383597369
0.0, 0.0110426376143, 0.0100006496767, 7.31274074622e-10, 0.00212694038924, 7.53948314825e-05, 0.973644733699, 1.38666636626e-07, 0.0327914189134, 1.53502647241e-08, 0.0, 6.24904285644e-07, 0.0, 5.13204269873e-05, 0.927750207461, 1.0, 6.21467515512e-08, 2.78915038722e-05, 0.0553845328842, 7.32455280289e-05, 0.959405945601, 0.0530815589723, 0.00984850908914, 0.984945498868, 0.0, 0.0, 0.00231891274833, 9.64655176898e-05, 32.0, 0.0, 3.43383597369
0.0, 0.0, 0.0096789847483, 0.0, 0.0, 0.0, 0.0, 0.0, 0.0, 0.0, 0.0, 0.0, 0.0, 0.0151438503305, 0.999961186554, 0.967557218992, 0.00313815625677, 0.165292897997, 0.0, 0.0, 0.0, 0.0, 7.84612816153e-05, 0.997361257377, 0.0, 0.0, 0.0, 4.72214054523e-05, 37.0, 0.0, 2.36782757992
6.53004529463e-08, 0.010869768822, 7.49284561037e-07, 0.0, 0.0105799957007, 0.00222562294904, 0.0101922917585, 0.0, 0.0110452106523, 0.0, 0.0, 0.0174980097328, 0.0, 3.56962985344e-05, 0.98483295378, 1.0, 6.44151595517e-05, 3.69622766207e-07, 1.20215593358e-08, 0.00926243003662, 0.00963917446059, 0.00241683193496, 0.00116589026551, 0.989100983923, 7.22353740088e-10, 0.0, 0.0, 0.00666048486869, 37.0, 0.0, 2.36782757992
0.0056960684844, 0.000112532045683, 0.000154942365341, 1.79526886342e-09, 0.00812059783227, 2.0316383736e-05, 3.00523735814e-07, 0.0009083980497, 8.14851650579e-06, 2.45127172405e-07, 0.0, 0.0, 0.0, 0.0154039673821, 0.975901033769, 1.0, 0.0102549307405, 0.0145825937238, 0.000140350588451, 4.65953269306e-07, 0.00244588468099, 0.00386841699584, 0.0107514238342, 0.977714955794, 3.82839711025e-05, 9.45631195408e-05, 0.00319684021163, 2.57563077203e-05, 37.0, 0.0, 2.36782757992
3.93450855242e-05, 0.0, 0.0095482569857, 0.0, 0.00681360502068, 0.0, 0.0, 0.0, 0.0, 0.0001320298929, 0.000168241255581, 0.0, 0.0, 0.0151438503305, 0.999961186554, 0.967557218992, 0.00313815625677, 0.165292897997, 0.0, 0.0, 0.0, 0.0, 7.84612816153e-05, 0.997361257377, 0.0, 0.0, 0.0, 4.72214054523e-05, 37.0, 0.0, 2.36782757992
0.00753622576765, 2.77516658403e-06, 0.0095482569857, 0.0, 0.00681360502068, 8.12782745526e-05, 0.0, 1.41972360036e-08, 4.0446867781e-12, 0.0001320298929, 0.000420067066833, 0.00627497738278, 0.0528973348993, 0.0151438503305, 0.999929652684, 0.967557218992, 0.00313813707816, 0.157932149119, 0.0, 0.0, 0.0, 0.0, 8.1729367819e-05, 0.997150954583, 3.77364093521e-05, 0.0, 0.0104527146101, 9.09932223725e-05, 37.0, 0.0, 2.36782757992
3.9313437589e-05, 0.0, 2.01510979574e-05, 0.0, 0.00699661890856, 0.0, 0.0, 0.0, 0.0027902774961, 0.0001320298929, 0.000168241255581, 0.0, 3.05121329138e-05, 0.0157536147587, 0.999961186554, 0.967345355719, 0.000106762903729, 0.165292897997, 0.0, 0.00574173155751, 0.0, 0.0, 8.03003316299e-05, 0.997361257377, 0.0, 0.0, 0.0, 4.72175782032e-05, 37.0, 0.0, 2.36782757992
2.46498740256e-06, 0.0, 0.000174463119495, 0.0, 0.0157046565624, 0.0, 0.0179675979598, 0.0, 0.0535702510179, 3.70130698975e-05, 0.0, 0.0, 0.000288266518528, 0.00383968629511, 0.989736379746, 0.999964289367, 0.00240089151652, 6.67896003007e-05, 1.26731261449e-05, 8.13143814868e-06, 0.00530548503445, 0.0, 0.0, 0.996566692561, 0.0, 0.0, 0.000202344529599, 0.0, 37.0, 0.0, 2.36782757992
2.52312500431e-10, 0.0108468061196, 0.0096789847483, 0.0, 0.0, 1.31364657253e-05, 0.0, 0.0, 0.00271158052257, 0.0, 0.0, 0.0, 0.000191718065232, 0.014973258812, 0.99996143653, 0.967304074965, 8.05415869043e-05, 0.158497614702, 0.0, 0.00925569934844, 0.0137897596988, 0.0, 0.00117694983248, 0.999999767463, 0.0539648696941, 0.0, 0.0, 2.47092286058e-05, 37.0, 0.0, 2.36782757992
3.93450855242e-05, 0.0, 0.00652577300784, 0.0, 0.0068152369298, 0.0, 0.0, 1.4261908406e-06, 0.0, 7.54201890715e-07, 0.000170267681748, 0.0, 0.0, 0.0151438503305, 0.964840219444, 0.954302002596, 0.001094846287, 0.165292897997, 0.00624817043749, 0.000782750199048, 0.0, 0.0, 7.84612816153e-05, 0.997361257377, 0.0, 0.0, 7.20151570997e-10, 0.00884670909474, 37.0, 0.0, 2.36782757992
3.93450855242e-05, 0.0, 0.0095482569857, 0.0, 0.00681360502068, 0.0, 0.0, 0.00904587102354, 0.0, 0.000131963430958, 0.000168241255581, 0.0, 0.0, 0.0151438503305, 0.999961186554, 0.967473329549, 0.00311792704097, 0.165292897997, 3.50028520916e-05, 0.0, 0.0, 0.0, 4.03715442603e-05, 0.997400538974, 0.0, 0.000124611317793, 0.0, 1.92014743616e-05, 37.0, 0.0, 2.36782757992
1.61354504777e-10, 0.0, 0.0096789847483, 0.0, 0.0, 0.0, 0.00600024627447, 0.0, 2.50236775438e-05, 0.0, 0.0, 0.0, 0.0, 0.0151438503305, 0.999961186554, 0.970287448792, 0.00313815625677, 0.167002491117, 1.73370810673e-07, 0.0, 0.00905325725328, 0.0, 7.84612816153e-05, 0.997361257377, 0.0, 6.20702046961e-08, 0.0, 4.72214054523e-05, 37.0, 0.0, 2.36782757992
2.57654536707e-08, 0.99657890746, 4.82128896201e-08, 4.11601289056e-07, 0.0, 0.0, 0.016592028715, 1.0189145372e-05, 0.00274877896887, 0.0, 0.0, 0.994498039804, 0.0532571426188, 1.0, 1.0, 1.0, 0.0951976961466, 0.0, 1.19809899316e-05, 0.997774850952, 0.979577734089, 0.0, 0.0, 0.999988086829, 0.0, 0.0, 1.0, 4.70572202643e-05, 19.0, 0.0, 7.24790604085
0.082816592525, 0.984344194304, 0.0, 0.960906780229, 0.969165990996, 0.000536689713721, 5.46918224276e-05, 0.0103445407126, 0.00448890141417, 0.0, 0.0, 0.999874721638, 0.979248073869, 0.0142195360879, 0.974250582543, 1.0, 0.0110864922566, 0.988861792797, 0.984119856251, 0.996465189066, 0.991116988733, 0.00798220136771, 0.00118730083433, 0.997471605989, 0.978308525522, 5.05755852948e-06, 0.00999587423559, 0.974412501588, 11.0, 1.0, 11.3814648018
1.26336271761e-05, 0.0145184210931, 0.00397918265218, 6.73548849262e-05, 0.00019321209861, 1.99063305263e-05, 0.00466142286761, 1.00618183724e-05, 0.0, 0.0, 0.0, 0.99680577465, 0.0, 7.77917374686e-05, 0.966918272673, 1.0, 0.00820670888261, 0.0, 6.37555323416e-09, 0.981201759561, 0.963340285633, 7.03404584738e-05, 0.0, 0.974387273349, 0.0, 0.995851400539, 0.00345063012054, 0.0, 21.0, 2.0, 5.60864402217
8.37445671834e-05, 0.00904336109978, 0.0105735536424, 0.00443788056017, 0.963868318622, 0.0, 0.0078827323959, 6.54757874581e-08, 0.00476454563623, 0.011332455292, 0.0, 1.83086740361e-07, 0.0, 0.0100071693185, 0.0140473637921, 1.0, 0.0316642211641, 0.0247607588555, 0.00228768687356, 5.96445544383e-07, 0.00721405255559, 0.00213404204062, 4.88451431299e-05, 0.992546548886, 0.0103028523569, 0.0, 0.0, 0.000144587203407, 40.0, 2.0, 2.05333504485
9.4711746794e-06, 0.0109032118182, 0.0096789847483, 0.0, 0.0, 0.0102655648133, 0.00498408779482, 0.0, 0.00271158052257, 0.0, 0.0, 0.0, 0.000191718065232, 0.014973258812, 0.0149895493822, 0.999544195364, 8.05415869043e-05, 0.145031946104, 0.0, 0.00925569934844, 0.0137897596988, 0.0, 0.00117694983248, 0.999962652273, 0.0539648696941, 0.0, 0.0, 2.47092286058e-05, 41.0, 1.0, 1.84290195679
0.00636605193839, 0.012241993565, 0.000152176022084, 7.28223277085e-06, 0.987770587568, 0.00955248763935, 0.979039881682, 9.21137669592e-06, 0.00939456444234, 0.0, 0.0, 4.23398708949e-05, 4.95176176163e-05, 0.00519237923318, 0.927148970594, 1.0, 0.0117678101328, 0.0123075695623, 0.00992480059372, 0.984439014371, 0.980108543732, 9.06589389268e-05, 1.19875210716e-05, 0.980559105125, 0.993640901383, 0.00839032102961, 0.989082078057, 1.93271513104e-05, 22.0, 0.0, 5.8541210546
0.0, 0.115370940965, 4.09633243246e-05, 0.971298629108, 0.948541602797, 0.0106449583682, 0.985265513251, 0.0103625448084, 1.0, 0.0, 0.0, 0.982841280847, 0.99448907113, 1.0, 1.0, 1.0, 0.0161036333927, 0.00535377262272, 0.00577561389624, 0.945859761046, 0.995292564501, 0.0524539259468, 0.0109731750126, 0.991423780218, 1.0, 0.0, 0.981119289292, 0.0, 11.0, 0.0, 11.5663871708
2.52312500431e-10, 0.0106071333209, 0.0096789847483, 0.0, 0.0, 0.0, 0.0, 5.17767618615e-05, 0.00271158052257, 0.0, 0.0, 0.0, 0.000282202318408, 0.0151438503305, 0.99996143653, 0.967847194903, 0.00313815625677, 0.0113895533522, 0.00199509970137, 0.98410158797, 0.991937044683, 0.00823489689475, 0.010244251955, 0.999995919847, 0.0, 0.0, 0.0, 4.72214054523e-05, 29.0, 0.0, 3.4917659135
0.0824514054226, 0.00401305895411, 0.0, 0.00980071535258, 0.00909215759762, 0.0, 0.0, 5.52740166858e-05, 0.0, 0.0, 0.0, 0.984846717484, 0.00207984139171, 0.933346875074, 0.999231359906, 1.0, 0.0110406481032, 0.991217095756, 1.0, 0.994388141133, 0.979731991969, 0.00821570424423, 7.50859270633e-05, 0.997480052307, 0.0, 0.0, 0.0181247411553, 0.980766608831, 18.0, 0.0, 7.41378637114
0.083704998947, 0.00785881570645, 0.0, 3.98527546262e-07, 1.0, 0.953666179409, 0.00791512499303, 7.28057039395e-05, 0.980897262532, 0.0, 0.0, 0.993040958189, 4.25323063485e-05, 1.0, 0.974193289485, 1.0, 0.00934969155463, 1.0, 0.0, 1.0, 1.0, 0.0, 0.00122243193034, 0.994588294431, 0.991107448173, 0.0, 0.987931756066, 0.0, 15.0, 0.0, 8.85087828085
0.083704998947, 0.0132829700646, 0.0, 3.1726213464e-07, 1.0, 0.953666179409, 0.00791512499303, 7.28057039395e-05, 0.980897262532, 0.0, 0.0, 0.993040958189, 0.0130537299017, 0.999999478782, 0.974193289485, 1.0, 0.00934969155463, 1.0, 0.0, 0.944974022852, 0.989675547026, 0.0, 0.0112024114887, 0.999967561297, 0.991036916744, 0.0, 0.987931756066, 0.0, 15.0, 0.0, 8.85087828085
2.84107785754e-07, 0.0, 0.0, 0.000571622348579, 0.0, 0.00747000108631, 0.0, 2.40446961114e-10, 0.00264275357403, 0.0, 0.0, 0.0, 0.00028262435139, 9.19258608695e-05, 0.936550247124, 0.966542854762, 0.00831518427149, 0.949373169632, 5.63856966767e-06, 0.992455641449, 0.999836290865, 3.34768540116e-05, 0.00990997327463, 1.0, 0.00935811376713, 4.04044421044e-10, 1.0, 2.87283520311e-09, 24.0, 0.0, 5.16020518759
0.00414969306664, 0.0106073112341, 0.00526883071306, 0.960785263305, 0.998288985029, 0.0, 0.00984734157581, 2.67773148673e-07, 0.0, 0.0, 0.0, 0.997919776425, 0.00919120575216, 0.931063208903, 0.999803304697, 1.0, 0.992852254317, 0.988861792797, 1.0, 0.989138359984, 0.984953351039, 0.00784877923698, 0.00011021656803, 0.997480052307, 0.0183351093183, 0.0, 0.000817904117237, 0.992556051156, 12.0, 0.0, 10.592760698
0.00747073895481, 0.000917178457676, 0.0105506576547, 0.962406656556, 0.99957675578, 0.0101655755348, 0.00629961271689, 0.000901475991262, 9.92614121228e-07, 0.0, 0.0, 0.998806475881, 0.0156712440395, 0.00977207097189, 0.971887055666, 1.0, 0.99585269564, 0.0117128805881, 0.0044125804938, 0.924971086648, 0.923744616988, 9.72269609649e-06, 8.09495425584e-05, 0.995235166353, 0.967176574898, 0.0091864070511, 1.0, 0.00475392982031, 14.0, 1.0, 9.35204126146
0.00595348719613, 0.012241993565, 0.0205667469754, 7.28223277085e-06, 0.964254223688, 0.00477589518647, 0.979039881682, 9.21137669592e-06, 0.00939456444234, 0.0, 0.0, 4.23398708949e-05, 0.00919059865437, 0.0151314599678, 0.927148970594, 1.0, 0.0117678101328, 0.012299456916, 1.0, 0.984439014371, 0.961061286521, 0.0140902303905, 1.19875210716e-05, 0.980559105125, 0.993640901383, 0.00839032102961, 0.989082078057, 0.0107170275889, 21.0, 0.0, 6.48456099082
0.00792489561579, 9.32791637957e-05, 0.0, 0.960906780229, 0.00481515939365, 2.09643461619e-05, 0.0, 4.6544567307e-05, 0.0, 0.0, 0.0, 0.983162387972, 0.0187920927482, 0.0148870277005, 0.970867220615, 1.0, 0.0110406481032, 0.017272932985, 1.0, 0.999960056314, 0.942089620663, 0.00967434043942, 0.0102565684936, 0.999931374951, 2.40592407463e-05, 0.0, 0.000817904117237, 0.992556051156, 16.0, 1.0, 8.32433029095
0.0, 0.0110499545625, 0.0, 0.0, 0.00665460641721, 0.0, 0.0, 0.0, 0.0, 0.0, 0.0, 0.0, 0.0, 0.0, 0.00606197047349, 1.0, 0.0, 0.00638465894551, 0.0, 0.0, 0.00525826316211, 0.990168755188, 0.0, 0.0, 0.0, 4.230858959e-05, 0.0, 0.0, 41.0, 0.0, 2.02798307586
0.0, 0.000124471314167, 2.28246050766e-07, 4.90438159863e-08, 0.00665460641721, 0.0, 0.0, 9.40083167204e-06, 0.0, 0.0, 0.0, 0.0, 0.0, 1.90831402844e-05, 0.00606197047349, 1.0, 8.359473891e-05, 0.0064148990182, 0.0, 0.0, 0.109664247791, 0.990168755188, 3.69331060283e-07, 0.0, 0.0, 4.27477666733e-05, 0.0, 7.90733608321e-07, 41.0, 0.0, 2.02798307586
3.46085563748e-06, 0.0121173477954, 7.90349988439e-05, 2.75043243858e-05, 0.974906724447, 0.000297853922442, 0.0080368620417, 0.0, 0.99662737739, 0.146574666815, 0.0, 0.0, 6.33402938056e-05, 0.00103829635265, 0.933936508353, 1.0, 4.70010928615e-05, 0.00614949882346, 6.6736085993e-08, 0.959618855418, 0.00803840907523, 0.944205050331, 8.63827878663e-05, 0.986525100075, 0.0, 0.0, 0.961566591187, 0.0107655185844, 23.0, 0.0, 5.56442186057
0.00405478571573, 0.0104143366721, 0.0, 0.945452697814, 1.0, 2.09643461619e-05, 0.0, 0.0104334968858, 0.0537763148359, 3.7755906384e-09, 0.0, 0.984846717484, 0.991611955238, 0.0148136758857, 0.970867220615, 1.0, 0.0110406481032, 0.995850626748, 0.0154272612183, 0.980188818911, 0.962878839883, 0.00839519228283, 0.0102340726445, 0.999928288576, 0.0, 0.0, 0.000817904117237, 0.992556051156, 14.0, 1.0, 9.48328530683
1.23009489522e-05, 0.993085316592, 0.0041225688428, 6.71243502632e-05, 0.995037989002, 0.006330463715, 0.998472919891, 9.98096962598e-06, 0.0, 0.0, 0.0, 0.99680577465, 0.0, 7.77917374686e-05, 0.966918272673, 1.0, 0.00820670888261, 0.0, 3.71412761607e-05, 0.981201759561, 0.995010697314, 7.03404584738e-05, 0.0, 0.974387273349, 0.0, 0.995851400539, 0.00345063012054, 0.0, 18.0, 2.0, 7.34530396479
0.00747265447678, 0.0, 7.93293368664e-05, 0.00974159455675, 0.974465843869, 0.0209122968208, 0.0, 0.00684277942883, 0.99453862946, 0.146574666815, 0.0, 0.0, 0.00952150934692, 0.0, 0.997127695855, 1.0, 0.00928669743384, 0.0107089875347, 0.00433306447026, 0.0, 0.0, 0.973224381237, 0.0, 0.986373279384, 0.0, 0.0, 5.54562341864e-05, 0.996808148975, 27.0, 1.0, 4.63037307644
1.65288458676e-05, 6.31486421079e-10, 0.0103494322415, 0.0, 0.978008097601, 4.73729831231e-10, 0.00779173274777, 7.4945580908e-05, 0.0, 4.31108371109e-05, 0.0, 0.00983909711901, 0.00931484548946, 0.0116300211169, 0.952114258355, 1.0, 0.00921141900271, 0.0265657230026, 0.0166938822368, 7.27436615137e-05, 0.999000953223, 0.00625838835906, 0.00124972929135, 0.96945324185, 1.28144097323e-06, 0.00328791682256, 0.0, 0.982930260197, 28.0, 1.0, 3.83868148245
3.46654170136e-05, 6.31486421079e-10, 8.6930060495e-05, 0.00665347160022, 0.98909154687, 0.849584245423, 0.00134908584262, 6.96418184485e-07, 0.000293283494792, 0.0, 2.0039544381e-05, 0.999780153259, 0.00930428789027, 0.956300286291, 0.952109317527, 1.0, 0.0184710349833, 1.0, 0.995198907516, 0.00603380849424, 0.999043929821, 0.00630718928335, 0.00124972929135, 0.988877970166, 1.28144097323e-06, 0.00329424223685, 0.0, 0.992304905813, 17.0, 0.0, 8.07027140887
0.00394890939125, 0.0131520465677, 0.00990190847618, 3.1726213464e-07, 1.0, 0.953666179409, 4.06244641113e-06, 7.28057039395e-05, 0.0101512284381, 0.0, 0.0, 0.993040958189, 0.0130537299017, 0.999999478782, 0.974193289485, 1.0, 0.00934969155463, 1.0, 3.87246816922e-05, 0.944893454377, 0.989585336118, 0.00813280624318, 0.0111916998523, 0.997470979992, 0.00337522785954, 0.0, 0.00242371405184, 0.0, 21.0, 0.0, 6.60545902673
0.965800032389, 1.98242991898e-05, 0.0, 0.980951108402, 0.00564091954782, 0.980033798405, 0.0, 0.971679726139, 0.00349092613001, 0.00167257139968, 0.100598852816, 0.992469782791, 0.988601581658, 0.015131020552, 0.999907660814, 1.0, 0.99615967766, 1.0, 0.00863626666617, 0.999983836626, 0.0, 1.0, 0.0103729856379, 0.99999595, 0.0, 0.0, 0.00367151816273, 0.964325658551, 8.0, 1.0, 13.9463775539
0.00571826563367, 0.0090433838802, 0.0105719608761, 4.49905022828e-07, 0.96402365941, 0.0, 4.2514474824e-05, 0.0, 0.988741248458, 0.000107360794451, 0.0, 2.31542863037e-05, 0.0, 0.153159078892, 0.975855192164, 1.0, 0.0321766521914, 1.31074789001e-05, 0.00510231036271, 4.68119952248e-07, 0.00246294256403, 0.993693716685, 4.63422840082e-05, 0.992280390989, 0.0, 0.0, 0.0, 2.53428188074e-05, 31.0, 1.0, 3.76602161379
0.00747265447678, 0.00873136233194, 7.93293368664e-05, 0.00974159455675, 0.974465843869, 0.000187520173525, 3.10932496623e-05, 0.00684277942883, 0.99453862946, 0.146574666815, 0.0, 0.03872494676, 0.00886985564061, 0.000117625412773, 0.997127695855, 0.994859538963, 0.0321873984651, 0.0107089875347, 0.00433306447026, 4.56266865299e-07, 0.0, 0.97332456311, 0.0, 0.992608382444, 0.0, 0.0, 5.52231793698e-05, 0.996808148975, 27.0, 1.0, 4.63037307644
0.0, 0.00615470314701, 0.00414688062422, 6.71348135812e-05, 0.995037989002, 3.12988434047e-06, 0.998870000543, 1.67364537604e-05, 3.37563094774e-05, 0.0, 0.0, 0.00543723742795, 0.0, 7.77917374686e-05, 0.995134731051, 1.0, 0.00820478940529, 0.161638194219, 0.974126447536, 0.981201759561, 2.76278631412e-05, 0.988205539144, 0.0, 0.974387273349, 1.07566525104e-06, 0.999670178064, 1.40320971663e-10, 0.0, 22.0, 1.0, 5.94839342933
4.176972018e-05, 0.00401305895411, 0.0, 0.960906780229, 0.00904700203609, 0.0, 0.0, 0.0103445407126, 0.0, 0.0, 0.0, 0.984846717484, 0.00207984139171, 1.87743297741e-06, 0.999231359906, 1.0, 0.0110406481032, 0.988861792797, 1.0, 0.989138359984, 0.99114793191, 0.00821570424423, 0.0101483888504, 0.997480052307, 0.0, 0.0, 0.0101378246003, 0.974357555724, 15.0, 1.0, 8.92223830001
4.27081422746e-08, 0.012239662871, 5.4710569482e-05, 0.0, 0.0, 0.0, 0.999966875804, 0.0, 0.00271158052257, 2.83695226545e-05, 0.0, 2.18457702108e-07, 0.000282202318408, 0.015206060731, 0.99973079151, 0.999160609983, 0.0304902171059, 0.0279150130761, 3.69662024566e-05, 0.958926078578, 0.959471294365, 2.26531199131e-05, 8.67490705346e-05, 0.992477084305, 0.00184089161713, 4.104139117e-10, 0.00181405464173, 0.0102560765449, 28.0, 0.0, 4.16170495544
0.00349660165489, 0.0106073112341, 1.75202002494e-05, 0.960785263305, 0.998288985029, 0.0, 9.19725070466e-06, 2.67773148673e-07, 0.0, 0.00164579270899, 0.0, 0.997919776425, 0.989970921338, 0.931063208903, 0.999223212564, 1.0, 0.992852254317, 0.988930629168, 1.0, 0.989138359984, 0.977457680545, 0.00784877923698, 0.00011021656803, 0.997480052307, 0.0183351093183, 0.117584458014, 0.00429199603734, 0.992556051156, 11.0, 0.0, 11.5738145529
0.0, 0.000103032416932, 0.0100046696627, 8.24365897721e-06, 0.933433158378, 4.2383392582e-07, 0.973629142171, 0.0, 0.028743640714, 0.0, 0.0, 0.00157045840192, 9.95504455172e-05, 0.967727988834, 0.927750207461, 1.0, 0.023998749028, 0.000123332432876, 6.96282102786e-05, 0.986426652312, 0.959405945601, 0.0537488906036, 2.00953343697e-12, 0.969475651498, 0.0, 0.0, 0.0101281110212, 9.64655176898e-05, 26.0, 0.0, 5.00214108315
5.14515941467e-05, 1.18732420865e-08, 0.0107631146915, 0.00441340876846, 0.999262085381, 0.0, 0.00463845272888, 9.52709888289e-06, 0.0, 0.0, 0.0, 4.23062092464e-05, 0.00914323545706, 0.968497388226, 0.00914822889563, 1.0, 0.0025801029696, 0.012256934187, 0.00232091895188, 2.77605007886e-05, 0.994361196775, 0.0081812559343, 1.22480171864e-05, 0.969391620471, 0.993749846192, 0.00942602313884, 0.00302842123733, 0.0197531411634, 31.0, 2.0, 3.72890528616
2.44048522705e-05, 0.0, 0.0, 1.26738563046e-06, 0.0, 0.989219563397, 8.94323290042e-05, 2.21122851717e-10, 0.0115110455778, 0.0, 0.0, 2.06906328493e-05, 0.0, 2.0211554181e-07, 0.999949314697, 1.0, 0.00849023917027, 0.949373169632, 7.09417903399e-05, 0.989826799689, 0.999836290865, 3.34768540116e-05, 0.00990997327463, 1.0, 0.00945958634452, 0.0, 0.988698963762, 0.00696968587572, 23.0, 0.0, 5.63623615401
0.00414969306664, 0.943097494998, 0.00988950654036, 0.960906780229, 1.0, 0.0, 0.0, 8.1410933335e-05, 0.0, 0.0, 0.0, 0.989991290649, 1.0, 0.02414989586, 0.999630242045, 1.0, 0.0112440377302, 0.000885995409816, 1.0, 0.986473558597, 0.938740581106, 0.00792966410311, 0.0102887405763, 0.997480052307, 0.0, 0.0, 0.000817904117237, 0.992556051156, 13.0, 1.0, 10.3721050466
0.00267835465871, 0.000807191577813, 0.0636701965625, 3.34132016385e-09, 0.00351338387046, 0.0157172587108, 1.06111782658e-05, 6.36143643275e-08, 0.00256832480077, 0.0, 0.0, 0.00811695595988, 9.73544039001e-08, 0.993632019605, 0.973686778648, 0.998488871854, 0.0030965577899, 0.933210759827, 8.30354192282e-08, 0.994467127491, 0.979656538095, 9.67545899037e-05, 9.69962949055e-05, 0.99581801526, 0.0107600486287, 7.28156834718e-08, 0.00963702305837, 4.69779876129e-05, 27.0, 0.0, 4.71967696223
0.00563632991661, 0.00878554206709, 0.0105719608761, 2.59234367913e-05, 0.974343184811, 0.0, 3.19040242884e-05, 0.00694194657592, 0.988741248458, 0.144608146466, 0.0, 0.0, 9.66339449989e-05, 9.93050575223e-05, 0.996711116938, 1.0, 0.00924410557006, 0.0147054914246, 0.000104882340301, 4.65953269306e-07, 0.00721405255559, 0.988494160106, 5.0197981608e-05, 0.996441061917, 0.0, 0.0, 0.0, 0.997348673469, 27.0, 1.0, 4.63037307644
0.0026858182502, 0.999986633337, 0.0, 0.0, 0.0, 0.0100681032886, 0.00729670777652, 9.9238579626e-06, 0.00274877896887, 0.0, 0.0, 1.0, 0.0037489344317, 8.40410024902e-07, 0.984652631705, 1.0, 0.00885770703702, 0.0, 0.0, 0.994114288913, 0.979577734089, 0.0, 0.0, 1.0, 0.0, 0.0, 1.0, 4.68198169112e-05, 20.0, 1.0, 6.61790300119
0.00414969306664, 0.000872657344299, 0.0, 0.960785263305, 0.00148692886108, 0.0154639076984, 0.00975580881026, 2.7668710951e-07, 0.00249626673239, 0.0, 0.0, 0.984846717484, 0.93203833566, 0.993779875456, 0.999633302941, 1.0, 0.0110406481032, 0.988861792797, 0.950246835829, 0.989138359984, 0.942803887319, 0.00806614464003, 3.33768565461e-05, 0.997418668852, 9.42857759791e-06, 7.78197360501e-10, 0.00983249893571, 0.992556051156, 13.0, 0.0, 10.5332951947
0.00563763354323, 0.00904336109978, 0.0105719608761, 4.65456936716e-05, 0.963868318622, 0.0, 0.0078827323959, 0.0, 0.988741248458, 0.011332455292, 0.0, 0.0, 0.0, 0.00376473862391, 0.975824898178, 1.0, 0.0321514797287, 0.0247607588555, 0.00739570715541, 4.65953269306e-07, 0.00721405255559, 0.988494160106, 4.88451431299e-05, 0.992546548886, 0.0, 0.0, 0.0, 9.0940552563e-05, 31.0, 1.0, 3.76602161379
0.00414969306664, 0.00262279123094, 0.00988950654036, 0.960906780229, 0.00284318438515, 0.0, 6.16742465412e-08, 8.1410933335e-05, 2.78743963518e-05, 0.0, 0.0, 0.989991290649, 0.995302679731, 0.02414989586, 0.999392691191, 1.0, 0.0112440377302, 0.00727343083912, 0.00399469107487, 0.986495093345, 0.938784766697, 0.00813263529097, 0.0102887405763, 0.997480052307, 0.00118025943851, 0.0, 0.000817904117237, 0.992556051156, 16.0, 1.0, 8.67494420971
0.0, 0.012292155277, 0.0, 3.30436804351e-12, 0.978228546616, 7.49181411219e-05, 0.963704100965, 0.0, 0.983405549149, 0.0, 0.0, 6.2003246532e-05, 0.0, 0.996656796452, 0.927657125169, 1.0, 2.32602999171e-05, 1.0, 0.0, 0.98326674427, 0.959405945601, 0.0, 8.64440115786e-05, 0.980887241308, 0.986463531608, 0.0, 0.991761689669, 0.0104015585072, 19.0, 0.0, 7.84546834634
0.00737987564879, 0.996880607714, 0.0, 0.92991928803, 0.00302377068129, 0.784844150864, 0.960144522546, 0.00544337517621, 0.00269115549848, 0.0, 1.94658353209e-05, 0.985689718049, 0.0037489344317, 0.969352373572, 0.998479784001, 1.0, 0.956714529173, 0.014069852466, 0.995229709452, 0.964647537916, 0.975582268129, 0.00899848118845, 4.00466267706e-05, 1.0, 0.956122333868, 0.0, 0.988557378105, 0.0110761622031, 10.0, 0.0, 12.4043089703
0.0844289644337, 0.0063097806913, 0.0, 3.91425472271e-09, 0.0, 0.998364920125, 0.0166066083378, 9.86634374029e-06, 0.00269911917383, 0.0, 0.0, 0.00585632136168, 2.99779753638e-05, 0.0059152614104, 0.999709093619, 1.0, 0.00830647789304, 0.933835204352, 1.27438253682e-05, 0.999987866588, 0.98913325722, 0.0, 0.0, 1.0, 0.987974209113, 0.0575394918172, 1.0, 4.53237878711e-05, 22.0, 0.0, 6.04768790009
0.00416824663228, 0.00527916583147, 0.00999611479672, 0.963219223727, 0.99504899393, 0.000409776297011, 0.973827537183, 2.67773148673e-07, 0.0, 0.0, 0.0, 0.997919776425, 0.00919120575216, 0.933935957293, 0.999769524881, 1.0, 0.992852254317, 0.00356003391248, 1.0, 0.989138359984, 0.985222252939, 0.00424632284744, 0.000109149160135, 0.997480052307, 0.0183351093183, 0.00620714218293, 0.000817904117237, 0.995506300074, 12.0, 0.0, 10.6647917308
0.00562932128388, 0.983406789867, 0.00015364870098, 0.0, 4.39604375371e-05, 0.0100553288511, 1.56442927233e-05, 0.000871377486205, 0.00274877896887, 3.42684987306e-10, 0.0, 1.0, 0.0037489344317, 8.40410024902e-07, 0.975929355907, 1.0, 0.00885770703702, 0.0, 8.49941075443e-07, 0.957811131067, 0.979577734089, 0.0, 0.0, 1.0, 3.78542124325e-05, 0.0, 0.966551239185, 2.58979228518e-05, 20.0, 1.0, 6.61790300119
0.00751454873369, 0.00400852151971, 0.000179117472338, 0.0, 0.00714376772479, 0.0101435635337, 0.999037395191, 1.68513034771e-06, 3.78828331125e-09, 0.0, 0.024855094506, 0.00637597194728, 0.0168445216131, 0.00977207097189, 0.999195939563, 0.999997047538, 0.00327197325611, 0.00231704037556, 0.0, 0.993859231474, 0.97974410222, 8.191607169e-06, 0.00113987731459, 0.988721362262, 3.79634006709e-05, 0.0, 0.99955457123, 0.00475043785789, 24.0, 0.0, 5.23223622047
