0.00281399312533, 0.000533749281394, 0.623906110048, 0.32768993982, 0.157941018415, 0.276012251724, 0.00503443369385, 0.707823653227, 0.0150426770148, 0.72208089331, 0.0986057681314, 0.682269837149, 0.235804063677, 0.0545592078651, 0.1808531588, 0.0925219237115, 0.00964602749235, 0.822997026906, 0.0706341322793, 0.256571845342, 0.429683758964, 0.159667998797, 0.00281399312533, 0.000533749281394, 14.0039685751
0.0189266142606, 0.00272305077684, 0.068620099816, 0.543429397703, 0.0841400563979, 0.291149156993, 0.669488465182, 0.0340464402481, 0.0169647853261, 0.14247399406, 0.142466336336, 0.21914645974, 0.472477180368, 0.0349693833296, 0.0575698232913, 0.0972004497954, 0.0687658049011, 0.0967589455093, 0.131354665088, 0.0762804208148, 0.204383970923, 0.845722269997, 0.0189266142606, 0.00272305077684, 11.797379087
0.000335899111921, 0.106441293312, 0.316657829545, 0.839429881818, 0.872639355183, 0.0642832624851, 0.534680822187, 0.248307507716, 0.00580922791956, 0.369422227673, 0.330369589016, 0.295259882768, 0.227571401229, 0.818491147506, 0.383235562388, 0.78606197066, 0.37892247503, 0.0296328120415, 0.316255997964, 0.100247378869, 0.12255644099, 0.443988696991, 0.000335899111921, 0.106441293312, 16.0615769942
0.493092185879, 0.0248116945016, 0.107440688695, 0.0520669118998, 0.198683423449, 0.0629221471137, 0.203508779177, 0.158524238751, 0.0054019773961, 0.21613397512, 0.0971409457775, 0.196359382063, 0.159484016614, 0.617507414135, 0.12309490161, 0.109062482116, 0.0774773436943, 0.108130742704, 0.0233371143102, 0.258342093396, 0.00111078053321, 0.444280000529, 0.493092185879, 0.0248116945016, 10.3423639023
0.881525319201, 0.00155374755794, 0.482926374484, 0.0531237356889, 0.206851242774, 0.463416854573, 0.109632235106, 0.223300036616, 0.80824478862, 0.226464686707, 0.177577800004, 0.153554950815, 0.398573070657, 0.0998946496763, 0.268722047689, 0.271940865951, 0.00787222639928, 0.0356135645429, 0.0266216057144, 0.0181611255782, 0.100272192794, 0.635632120965, 0.881525319201, 0.00155374755794, 12.1496977002
0.0182552636876, 0.00153825888894, 0.193310717865, 0.0196112703291, 0.190503511041, 0.258604362986, 0.0899691143078, 0.0243906382633, 0.276571187732, 0.238682069381, 0.107784573015, 0.387875463056, 0.199632668199, 0.101423086064, 0.231677067368, 0.284463253293, 0.226843594371, 0.900997995205, 0.692655727791, 0.112912841102, 0.256738931668, 0.159677982278, 0.0182552636876, 0.00153825888894, 12.6843356017
0.00810383832505, 0.00290712119479, 0.0141234143712, 0.0541254523501, 0.204803748289, 0.324240343248, 0.107836020748, 0.00173062267082, 0.0131019534061, 0.0723749045713, 0.413991573025, 0.00589594715431, 0.779951336668, 0.056632465017, 0.262369927228, 0.0436173026113, 0.350749005109, 0.513696444338, 0.16118836222, 0.0725363408858, 0.199771502231, 0.175626644041, 0.00810383832505, 0.00290712119479, 11.1664530084
0.000111590813977, 0.109923134454, 0.637473708543, 0.202017126299, 0.197572586421, 0.613044043156, 0.014674190939, 0.222736756434, 0.00958138519373, 0.0182910986022, 0.0351873550147, 0.536652802369, 0.257062695122, 0.620006820549, 0.904914614527, 0.286575438956, 0.183349786962, 0.00094246624304, 0.0289461652854, 0.104387020272, 0.00703966928683, 0.654614205806, 0.000111590813977, 0.109923134454, 13.434825903
0.0182561348588, 0.0013880002028, 0.523105551626, 0.0299217119473, 0.197562423324, 0.264474778144, 0.0919472932889, 0.147887371102, 0.590712531267, 0.183419792393, 0.133446569485, 0.19608210788, 0.222486265592, 0.04054282214, 0.209206725653, 0.0941815446778, 0.0651605273481, 0.00094246624304, 0.811204524447, 0.483260301781, 0.0982090222498, 0.241392709472, 0.0182561348588, 0.0013880002028, 12.2400863856
0.0189266142606, 0.00167917130378, 0.068620099816, 0.543429397703, 0.083753899306, 0.291077407987, 0.669488465182, 0.0340464402481, 0.00941216758093, 0.264476961498, 0.399624088352, 0.228877494105, 0.472477180368, 0.0349289449311, 0.0644010331553, 0.0807872343214, 0.0566078199224, 0.0962976990855, 0.131354665088, 0.0762804208148, 0.202203128443, 0.768834801299, 0.0189266142606, 0.00167917130378, 12.1748741308
0.00227317352937, 0.00244827608693, 0.192716088124, 0.0476212902789, 0.192562193105, 0.284743064438, 0.671282565541, 0.030952389776, 0.00830116216116, 0.0092171389806, 0.511420233397, 0.731115928726, 0.473848133472, 0.0536569081307, 0.0560292341443, 0.0807872343214, 0.238701880747, 0.0962976990855, 0.116810374955, 0.0712195236355, 0.20124546381, 0.391922632095, 0.00227317352937, 0.00244827608693, 12.0208033917
0.00367855746509, 0.00153519228344, 0.618171329927, 0.808326873629, 0.711065375479, 0.0608107974938, 0.0921913399764, 0.00792993373211, 0.437288374186, 0.185899932453, 0.408710831708, 0.201764861827, 0.403676282534, 0.0912291265154, 0.383168916301, 0.499508420683, 0.0662148075692, 0.3100899482, 0.0282908538793, 0.0102835777598, 0.100119984024, 0.237831790705, 0.00367855746509, 0.00153519228344, 13.6434803176
0.00181926795291, 0.112478911631, 0.327697095174, 0.0460365226329, 0.253469662943, 0.626901322089, 0.0146484469781, 0.0994618634641, 0.807719404981, 0.0182910986022, 0.0327190922725, 0.474491785095, 0.260179501315, 0.0362129930922, 0.173585001994, 0.296677583992, 0.378217423526, 0.00420970148616, 0.306434137438, 0.234848760525, 0.0329584811857, 0.399802358385, 0.00181926795291, 0.112478911631, 12.4764967944
0.00800545181518, 0.00734193675594, 0.0294917005047, 0.0456826429419, 0.197562423324, 0.464829832741, 0.0130967036082, 0.0330786283534, 0.516319406352, 0.0245419895331, 0.134945822418, 0.431395155007, 0.263248131249, 0.0344988238474, 0.236786594734, 0.298379570637, 0.345908972933, 0.352734383115, 0.0830052611918, 0.440071305714, 0.0312824315081, 0.295300211804, 0.00800545181518, 0.00734193675594, 11.764717362
0.000479896333635, 0.106441293312, 0.31546243182, 0.841488428805, 0.919449203305, 0.349859989997, 0.078640768962, 0.227467789119, 0.00580922791956, 0.2665537547, 0.0589531752573, 0.388328421572, 0.596800898006, 0.100192946489, 0.262812822884, 0.282521817263, 0.377837200438, 0.0265202956003, 0.15593868767, 0.100247378869, 0.123054166869, 0.444972751573, 0.000479896333635, 0.106441293312, 13.9587317051
0.0015942068916, 0.424120272084, 0.312205327098, 0.00605883655699, 0.201893276302, 0.0730410716639, 0.385761969198, 0.69318505389, 0.13017438835, 0.0611111246203, 0.337371125283, 0.232377712965, 0.389238992561, 0.0497945309708, 0.388055964382, 0.204124797249, 0.0560904738799, 0.00398045638497, 0.249367686405, 0.0231342216531, 0.100747045223, 0.103871817126, 0.0015942068916, 0.424120272084, 11.3852889915
0.00288783917926, 0.00183069111596, 0.452911539143, 0.677383840019, 0.0690218093377, 0.237192428393, 0.636751453781, 0.0418795208564, 0.0041475104757, 0.0655822855636, 0.96002335256, 0.731165625522, 0.741750327211, 0.339700481301, 0.129589264881, 0.396589282352, 0.0145061091738, 0.748025570172, 0.131232637684, 0.0712338379868, 0.00383215710574, 0.0434772608759, 0.00288783917926, 0.00183069111596, 14.7686411604
0.00833144305836, 0.000533749281394, 0.635596892709, 0.326959822386, 0.204547834049, 0.276012251724, 0.534701814137, 0.710443910585, 0.012991453504, 0.725790448191, 0.106632681239, 0.686016184971, 0.22910089938, 0.0545592078651, 0.1808531588, 0.0925209243142, 0.349130567455, 0.800236538804, 0.149211551129, 0.07299768129, 0.275789131257, 0.175703982301, 0.00833144305836, 0.000533749281394, 14.9078307618
0.881525319201, 0.00114429827038, 0.484135459005, 0.772224743563, 0.692948738912, 0.480566894242, 0.0899117183293, 0.917959789341, 0.0222588122403, 0.267557176237, 0.107804478362, 0.387695695372, 0.603660392282, 0.0998946496763, 0.267276033325, 0.285449023074, 0.0142572278587, 0.0356135645429, 0.681853640538, 0.100130823263, 0.100272192794, 0.107186971966, 0.881525319201, 0.00114429827038, 14.4688010914
0.0035372023789, 0.000546984192902, 0.0141234143712, 0.327204397127, 0.158158922881, 0.276025998245, 0.108162334686, 0.926705775079, 0.00229967070428, 0.375693430969, 0.956054150178, 0.00589594715431, 0.258104586574, 0.05353601499, 0.179787870412, 0.040418291419, 0.00525292957885, 0.992972632753, 0.122530868642, 0.257959423141, 0.428767954666, 0.786182457443, 0.0035372023789, 0.000546984192902, 14.4715628974
0.000335899111921, 0.106441293312, 0.316657829545, 0.839429881818, 0.872639355183, 0.0642832624851, 0.534680822187, 0.248307507716, 0.753539964549, 0.369425098076, 0.945982045288, 0.29136670863, 0.227571401229, 0.818491147506, 0.383235562388, 0.793140946632, 0.461237408812, 0.725940363946, 0.327633059752, 0.100277251452, 0.0339787889978, 0.443988696991, 0.000335899111921, 0.106441293312, 18.8478720627
0.495933130729, 0.421047062995, 0.189934571248, 0.0837426017035, 0.197721194671, 0.261003175261, 0.110326725212, 0.0959317178999, 0.144128518135, 0.00695349397433, 0.10709519341, 0.233852443315, 0.202207812465, 0.0469494145077, 0.170594070755, 0.521141843874, 0.226359793598, 0.637309828618, 0.117332253284, 0.108393480108, 0.00750601858317, 0.397805605112, 0.495933130729, 0.421047062995, 11.2019022015
0.00840223616272, 0.0151936318115, 0.0131295852654, 0.0529555611497, 0.197107664249, 0.484322939407, 0.104345033396, 0.0349809498572, 0.352099420323, 0.00323539294228, 0.0322699996155, 0.41872361046, 0.261171445968, 0.341129295463, 0.0143962300044, 0.213861922838, 0.183516568484, 0.296377819261, 0.795522666667, 0.25983675798, 0.0319667979647, 0.0491508288533, 0.00840223616272, 0.0151936318115, 11.5848572638
0.0521682236146, 0.00468498423675, 0.0260636866256, 0.0283830568909, 0.0730995437461, 0.319901116368, 0.0946250720695, 0.0433814538013, 0.410170343533, 0.726607229979, 0.138168474396, 0.702947048049, 0.477260819387, 0.0532409311195, 0.276556397531, 0.144402207809, 0.00537456076316, 0.106465437416, 0.117206885677, 0.252168932485, 0.00768449454657, 0.122278207076, 0.0521682236146, 0.00468498423675, 11.5568750922
0.000111590813977, 0.109923134454, 0.641902383328, 0.183398693663, 0.695253575827, 0.613044043156, 0.014674190939, 0.00744128505219, 0.00958138519373, 0.272264150392, 0.0351873550147, 0.537167070856, 0.605939894129, 0.620006820549, 0.904914614527, 0.286565686598, 0.194976207484, 0.00094246624304, 0.154356052977, 0.104387020272, 0.0962852961102, 0.654614205806, 0.000111590813977, 0.109923134454, 14.9135958317
0.000152669231443, 0.423489086411, 0.190776560021, 0.0204221522506, 0.197475559933, 0.262757382992, 0.0154207096994, 0.0243906382633, 0.144053727417, 0.22348189112, 0.187218744441, 0.232200633377, 0.200847452223, 0.620251018796, 0.913102868596, 0.52005083278, 0.183283087042, 0.906574259357, 0.254679211643, 0.417321128822, 0.00717399500649, 0.24176843191, 0.000152669231443, 0.423489086411, 13.7606704624
0.0189266142606, 0.00167917130378, 0.0682976084162, 0.543429397703, 0.083753899306, 0.291077407987, 0.0727588156013, 0.0340464402481, 0.524172725014, 0.264476961498, 0.399624088352, 0.228877494105, 0.472477180368, 0.0349289449311, 0.061570124355, 0.138176237075, 0.0573183467743, 0.0962976990855, 0.131354665088, 0.479223696433, 0.206653632911, 0.768834801299, 0.0189266142606, 0.00167917130378, 12.6882338593
0.0033502442617, 0.422483123696, 0.480381276501, 0.026425162641, 0.201581871944, 0.48428064199, 0.790607392953, 0.536921024308, 0.35822925575, 0.0213795734199, 0.0815604581115, 0.0402676591471, 0.19837290201, 0.000615889777483, 0.382014776702, 0.496090593566, 0.0556509301814, 0.0107493751945, 0.105498481527, 0.0189024453714, 0.103083070132, 0.103984204435, 0.0033502442617, 0.422483123696, 12.0517688725
0.00297466707548, 0.00819154875711, 0.622179776588, 0.0255006333641, 0.545175340545, 0.345351887736, 0.0109589834734, 0.536788827912, 0.541463864352, 0.0226974152117, 0.032973948844, 0.0514097455299, 0.869068796615, 0.0467331790245, 0.266078895947, 0.289608268019, 0.00605223102174, 0.86108602025, 0.106750871675, 0.104354245662, 0.0320263298386, 0.300816624863, 0.00297466707548, 0.00819154875711, 13.5808592034
0.772336889534, 0.00459740291197, 0.0686079997101, 0.00726084760273, 0.083753899306, 0.290821000212, 0.670934712253, 0.0300879071127, 0.00941216758093, 0.0506613701021, 0.139137486414, 0.715034486882, 0.466135528514, 0.664859205922, 0.0654725362224, 0.0531974277896, 0.238320891037, 0.0962976990855, 0.131354665088, 0.0762804208148, 0.202586264991, 0.764690755011, 0.772336889534, 0.00459740291197, 12.2676576872
0.0117038283679, 0.00467885081557, 0.068620099816, 0.543172236607, 0.071794445077, 0.290821000212, 0.670934712253, 0.030114890782, 0.00941216758093, 0.264454312302, 0.134156615108, 0.228238389113, 0.477714253176, 0.667335457401, 0.0643906544067, 0.0807872343214, 0.238320891037, 0.0962976990855, 0.131354665088, 0.0685547154633, 0.202586264991, 0.764468429037, 0.0117038283679, 0.00467885081557, 12.8866029188
0.00286151254131, 0.0230875204035, 0.0132126380476, 0.539413323189, 0.226939595717, 0.279631370907, 0.103882884472, 0.926829221986, 0.0181583594768, 0.375693430969, 0.108806282398, 0.00589594715431, 0.248320603038, 0.0328270937549, 0.763995405187, 0.0431336111599, 0.0105293681485, 0.906477335629, 0.122339918814, 0.0748035964743, 0.428767954666, 0.786182457443, 0.00286151254131, 0.0230875204035, 14.1154765352
0.00294238160187, 0.00244827608693, 0.483325895355, 0.541368499407, 0.070374160559, 0.284743064438, 0.671282565541, 0.0319659612374, 0.00830116216116, 0.264476961498, 0.511420233397, 0.731820612021, 0.472065173085, 0.664001704916, 0.0549387693755, 0.0807872343214, 0.238320891037, 0.0962976990855, 0.131354665088, 0.0712195236355, 0.20124546381, 0.760610373328, 0.00294238160187, 0.00244827608693, 14.5983108337
0.00268034489081, 0.00714861257056, 0.493511662771, 0.616089254314, 0.546846655091, 0.370779516628, 0.0132040755818, 0.537021305894, 0.396965575622, 0.221265927867, 0.50337839579, 0.225163051836, 0.853971204327, 0.0457528015846, 0.272176380228, 0.291271032784, 0.226634885392, 0.944829122092, 0.108448151255, 0.108547337953, 0.419843816511, 0.779949841872, 0.00268034489081, 0.00714861257056, 16.764860794
0.00652088942669, 0.0052968210594, 0.00501641872744, 0.00329888988483, 0.204678970093, 0.355294865093, 0.217564982762, 0.686237899877, 0.135916804083, 0.0721999813361, 0.411750688986, 0.202531508617, 0.779114913144, 0.0568156525397, 0.908925137118, 0.132096488906, 0.132429898593, 0.51352347564, 0.108620755321, 0.0717108114406, 0.0356910178875, 0.104778510973, 0.00652088942669, 0.0052968210594, 12.9343528618
0.00782526828205, 0.0148994318724, 0.62670670669, 0.608496464795, 0.200010549297, 0.61730763387, 0.0109292690759, 0.11801521017, 0.543196450275, 0.0184196715059, 0.105854625235, 0.237770717735, 0.223147104638, 0.0440199344007, 0.240282805652, 0.295707495352, 0.0172760985428, 0.0973810506565, 0.193320790509, 0.104923730026, 0.0320273273092, 0.213932490742, 0.00782526828205, 0.0148994318724, 12.1365078751
0.00871044654295, 0.00307507782091, 0.622786871263, 0.608496464795, 0.197562423324, 0.377350327135, 0.0133984350448, 0.0504498302205, 0.129678102509, 0.25417397945, 0.032702500837, 0.432700974753, 0.223147104638, 0.702064572045, 0.062572936199, 0.0965043372751, 0.183677925718, 0.00470715771347, 0.80877225216, 0.128838561515, 0.00690284341239, 0.65727221336, 0.00871044654295, 0.00307507782091, 13.5492562938
0.00297466707548, 0.00820995110712, 0.622203493637, 0.022326942605, 0.184014743929, 0.485146211962, 0.0109589834734, 0.536788827912, 0.436343269326, 0.320495303109, 0.0370809401644, 0.0514097455299, 0.887925368068, 0.0473730890639, 0.272108328317, 0.289758816339, 0.00597560645921, 0.302670635593, 0.106750871675, 0.104571141106, 0.0327724000944, 0.10330730652, 0.00297466707548, 0.00820995110712, 12.5589152781
0.00258984901122, 0.422483123696, 0.481508090004, 0.0217351711192, 0.189084312971, 0.48428064199, 0.112927089512, 0.0172234086799, 0.437413756835, 0.0201109377837, 0.139315093921, 0.445461871853, 0.389238992561, 0.00894622530467, 0.379503710177, 0.495876383065, 0.22729420264, 0.0107493751945, 0.289483449098, 0.416721406817, 0.00193439237279, 0.103984204435, 0.00258984901122, 0.422483123696, 12.2894650343
0.0124115075003, 0.00313861600895, 0.440975616356, 0.621609626527, 0.218362607842, 0.0479863262648, 0.67130866878, 0.268938480488, 0.522240273083, 0.264360130745, 0.132140591363, 0.20331050409, 0.387363647889, 0.681396167485, 0.0460913415087, 0.0841527236618, 0.132226922816, 0.317356616411, 0.115931409507, 0.0975001352564, 0.000144918674103, 0.294353102197, 0.0124115075003, 0.00313861600895, 13.4863249924
0.00749053241757, 0.00392058627335, 0.452508495562, 0.627528457887, 0.822094580811, 0.47234736983, 0.521810735946, 0.2660442384, 0.00820395625834, 0.249490458622, 0.0487403132005, 0.694899352908, 0.210805252741, 0.00641844041499, 0.0654835257206, 0.506790683068, 0.00996888340221, 0.0686241164161, 0.134143805953, 0.0729839037394, 0.201188053364, 0.761576338932, 0.00749053241757, 0.00392058627335, 14.3698935385
0.0172511317071, 0.00153519228344, 0.524585843635, 0.78753895728, 0.689208931699, 0.334074905903, 0.0921913399764, 0.148678193821, 0.814393593463, 0.185899932453, 0.406091436996, 0.201764861827, 0.403676282534, 0.0912291265154, 0.383168916301, 0.308333502148, 0.0674812050502, 0.00538707511241, 0.0282908538793, 0.0102835777598, 0.100119984024, 0.240894915651, 0.0172511317071, 0.00153519228344, 13.8573923131
0.00810587942683, 0.00296900522399, 0.0220850772949, 0.053520135867, 0.196974931828, 0.967432142894, 0.387570890613, 0.926829221986, 0.35342028788, 0.00366835691337, 0.402506967838, 0.0121207120818, 0.372382085598, 0.337346755674, 0.760497294803, 0.0429403689712, 0.184736520275, 0.296565489994, 0.163483945094, 0.0548149283283, 0.199771502231, 0.048191752885, 0.00810587942683, 0.00296900522399, 13.8100564278
0.0116324359796, 0.00244827608693, 0.0633518625076, 0.541368499407, 0.0838712604571, 0.290821000212, 0.670934712253, 0.00140208352961, 0.00941216758093, 0.0604541849184, 0.403443323299, 0.715034486882, 0.784795238983, 0.667330017908, 0.0650767455123, 0.0807872343214, 0.238320891037, 0.0962976990855, 0.131354665088, 0.0782202786098, 0.202236158754, 0.680549662653, 0.0116324359796, 0.00244827608693, 13.914932427
0.00810383832505, 0.00286589750841, 0.0220850772949, 0.0541254523501, 0.204778546999, 0.948387532758, 0.387570890613, 0.926829221986, 0.0131635144392, 0.320321997704, 0.40858821552, 0.00791527158424, 0.372382085598, 0.337956581211, 0.76629177872, 0.0428529415555, 0.465568748119, 0.513696444338, 0.16118836222, 0.0725363408858, 0.199771502231, 0.047125950937, 0.00810383832505, 0.00286589750841, 14.466467699
0.137007232951, 0.00164280476146, 0.021081881929, 0.0292145117989, 0.201069502035, 0.0642159766977, 0.0675459973032, 0.440389428464, 0.57199611816, 0.546468523384, 0.0305971853835, 0.202709954297, 0.735379595782, 0.0497567016338, 0.939287065454, 0.09342335692, 0.00152522198079, 0.107145788018, 0.157758136773, 0.443340947972, 0.940681023798, 0.177655454426, 0.137007232951, 0.00164280476146, 13.8079465808
0.00674714804463, 0.00459383773655, 0.432256282195, 0.0227978454104, 0.778466931016, 0.482776815943, 0.507025470478, 0.26864303513, 0.128212113973, 0.254661570843, 0.0468009656989, 0.713058270255, 0.478441705418, 0.309992821185, 0.431836397842, 0.506790683068, 0.000241334908225, 0.098332972968, 0.0766312683361, 0.0790596112406, 0.0227190685994, 0.241985947821, 0.00674714804463, 0.00459383773655, 13.936730683
0.00793641441428, 0.00307507782091, 0.622786871263, 0.608496464795, 0.197562423324, 0.377001119504, 0.014674190939, 0.0457265407972, 0.518962686772, 0.018385225002, 0.032702500837, 0.432700974753, 0.223147104638, 0.701333762777, 0.24042916935, 0.0965043372751, 0.183677925718, 0.00400996303737, 0.80877225216, 0.128875830749, 0.00690284341239, 0.65672616842, 0.00793641441428, 0.00307507782091, 13.9889495941
0.00284004092993, 0.112478911631, 0.0271866174668, 0.0460365226329, 0.25302323957, 0.605852462503, 0.0335195922948, 0.0293391506783, 0.815604442768, 0.0177562352684, 0.0255181023009, 0.775104552477, 0.26068019862, 0.00752015857667, 0.668981078115, 0.298533793872, 0.371942756188, 4.62380280966e-05, 0.308827486225, 0.234536497442, 0.0326835608338, 0.0926799889463, 0.00284004092993, 0.112478911631, 12.5851415987
0.0182552636876, 0.00754691847476, 0.193310717865, 0.0204221522506, 0.201403926533, 0.260663725167, 0.114887483976, 0.0243906382633, 0.316457851804, 0.22348189112, 0.106253340887, 0.198365692554, 0.199632668199, 0.000665857445686, 0.231677067368, 0.521141843874, 0.226359793598, 0.909108267914, 0.253422186716, 0.113319378748, 0.256738931668, 0.159630908445, 0.0182552636876, 0.00754691847476, 12.1123507503
0.00334879752007, 0.430887319872, 0.481508090004, 0.0113184949469, 0.190921547461, 0.484139730302, 0.790607392953, 0.536921024308, 0.437625774373, 0.0143211732265, 0.138959519313, 0.0402676591471, 0.388866156842, 0.00880424234654, 0.373427405284, 0.0418976733086, 0.0494869068603, 0.010951237347, 0.107515613842, 0.0189024453714, 0.101874361667, 0.103984204435, 0.00334879752007, 0.430887319872, 11.8334872974
0.0033502442617, 0.422483123696, 0.481508090004, 0.026425162641, 0.190921547461, 0.48428064199, 0.790607392953, 0.536921024308, 0.437625774373, 0.0213795734199, 0.138959519313, 0.0402676591471, 0.389238992561, 0.00894622530467, 0.382557754186, 0.495876383065, 0.0556509301814, 0.0107493751945, 0.107515613842, 0.0189024453714, 0.101874361667, 0.103984204435, 0.0033502442617, 0.422483123696, 12.4934580269
0.0130713707392, 0.112988757757, 0.526506778105, 0.0153681174824, 0.228729760362, 0.342747325596, 0.0124343299977, 0.156337462891, 0.14431971607, 0.177944918798, 0.1061472531, 0.445502084178, 0.389974716776, 0.664123891889, 0.383168916301, 0.293750263961, 0.0674812050502, 0.0125299388559, 0.0308965063729, 0.0421598603535, 0.105411447085, 0.240894915651, 0.0130713707392, 0.112988757757, 11.8841349309
0.0521682236146, 0.00468498423675, 0.0260636866256, 0.0283830568909, 0.0730995437461, 0.602400319484, 0.67011404348, 0.049281533174, 0.416446223645, 0.726552546446, 0.138168474396, 0.702507476504, 0.477260819387, 0.05341870704, 0.276556397531, 0.144402207809, 0.225747848485, 0.106465437416, 0.117295387421, 0.252168932485, 0.204295428046, 0.125041906097, 0.0521682236146, 0.00468498423675, 13.2963221899
0.171412092081, 0.00270758590508, 0.321757181889, 0.0825276349614, 0.807572896017, 0.34765845997, 0.0124349628338, 0.0454797106977, 0.763101353201, 0.0132890865512, 0.139639909725, 0.567153846622, 0.679556115847, 0.0475023144801, 0.0195011200931, 0.0965492437724, 0.068252596575, 0.669080060847, 0.591352094225, 0.126226376412, 0.00750645246376, 0.143643287441, 0.171412092081, 0.00270758590508, 13.4287930182
0.508451000715, 0.00738725874507, 0.468495223587, 0.0202131669735, 0.218502836433, 0.260663725167, 0.218971142573, 0.0243906382633, 0.315579399713, 0.22348189112, 0.335733191251, 0.203255192439, 0.199632668199, 0.0370004032604, 0.193568345401, 0.521141843874, 0.226359793598, 0.322420680412, 0.248640222881, 0.145689501387, 0.0314003723764, 0.159557935258, 0.508451000715, 0.00738725874507, 11.9042673984
0.0480011435369, 0.00909772748276, 0.067914184522, 0.0192573495419, 0.0597925102199, 0.648147688766, 0.395565773102, 0.0305906977717, 0.568373088482, 0.219773414132, 0.408882359156, 0.703053307903, 0.156159199213, 0.0540848131944, 0.359996223061, 0.0962225856476, 0.0128807731019, 0.109599463909, 0.238368406866, 0.483057221102, 0.00597500419288, 0.106192841268, 0.0480011435369, 0.00909772748276, 12.3907369914
0.836429589277, 0.424120272084, 0.484125775472, 0.136969478605, 0.201893276302, 0.317446141919, 0.386127611149, 0.538645085158, 0.13017438835, 0.0614553378879, 0.11021049274, 0.22759046406, 0.389238992561, 0.0490877727186, 0.388055964382, 0.289494925336, 0.0560904738799, 0.00636201686133, 0.242537952054, 0.0232138678994, 0.101886786295, 0.103654293067, 0.836429589277, 0.424120272084, 11.4392607014
0.0340736944079, 0.016463366364, 0.444058922448, 0.0227978454104, 0.0745397062597, 0.0137030329336, 0.823785552681, 0.267021813591, 0.0104769225094, 0.405351368814, 0.107100153196, 0.233996909632, 0.2440569263, 0.046314385799, 0.431836397842, 0.519145572723, 0.0134624904568, 0.0204583473316, 0.187711414605, 0.102790745657, 0.0143512377897, 0.236346296463, 0.0340736944079, 0.016463366364, 11.6856492476
0.881525319201, 0.00155374755794, 0.482926374484, 0.772224743563, 0.692948738912, 0.360083972063, 0.0899117183293, 0.00737741947157, 0.830723765611, 0.267557176237, 0.107804478362, 0.388684315563, 0.604150102867, 0.0998946496763, 0.262256548557, 0.285429685759, 0.0138357887709, 0.469757596228, 0.154354437043, 0.0228383284295, 0.0987308270412, 0.103619487203, 0.881525319201, 0.00155374755794, 13.9337873135
0.00284004092993, 0.112478911631, 0.0271866174668, 0.0218449465224, 0.780308486533, 0.605852462503, 0.0325398492637, 0.0293391506783, 0.815604442768, 0.0225457971374, 0.0255181023009, 0.196613775928, 0.26068019862, 0.00752015857667, 0.668981078115, 0.507831147053, 0.371942756188, 0.00012954401614, 0.308827486225, 0.238490861371, 0.0326756866543, 0.0910641476233, 0.00284004092993, 0.112478911631, 12.7738507056
0.0142692641833, 0.0373838913522, 0.0209734723991, 0.00388014797546, 0.525630459096, 0.603848094982, 0.37268876692, 0.231178646131, 0.00839499484812, 0.0656918381625, 0.0595590234987, 0.29716121432, 0.217732137584, 0.649470134883, 0.386797865729, 0.0529406076286, 0.132227252232, 0.0120338102745, 0.24142507454, 0.104541858956, 0.0973843275163, 0.713838304551, 0.0142692641833, 0.0373838913522, 12.465045329
0.900964911569, 0.00666211871473, 0.635861897478, 0.00942602432852, 0.158194383824, 0.489247088221, 0.470183239686, 0.537752593445, 0.57843804361, 0.725831183508, 0.107352731942, 0.0555752519775, 0.236523631359, 0.0545592078651, 0.1808531588, 0.0824734169198, 0.133964042342, 0.00647080850191, 0.149126343219, 0.252290727566, 0.275316969748, 0.103758105543, 0.900964911569, 0.00666211871473, 12.7862337681
0.881525319201, 0.00178873504165, 0.501102019746, 0.781847165681, 0.527209302874, 0.35459211815, 0.0912305092905, 0.22733300846, 0.014255930421, 0.266187001711, 0.0597864811333, 0.388684315563, 0.599668605981, 0.0923236095566, 0.262256548557, 0.280348129824, 0.0145964490309, 0.473217373876, 0.154354437043, 0.0228383284295, 0.098698896302, 0.0725286428615, 0.881525319201, 0.00178873504165, 12.8312657317
0.00286151254131, 0.0241817772023, 0.0141234143712, 0.539413323189, 0.227097520704, 0.289315166982, 0.103786595597, 0.926829221986, 0.0174693042266, 0.375693430969, 0.945910031902, 0.00589594715431, 0.258203942396, 0.03411474531, 0.763995405187, 0.0431336111599, 0.0105293681485, 0.948021119465, 0.122530868642, 0.0748035964743, 0.428767954666, 0.786182457443, 0.00286151254131, 0.0241817772023, 15.3297197862
0.518128715196, 0.0052968210594, 0.440975616356, 0.00384229563094, 0.218362607842, 0.355245578826, 0.217564982762, 0.706436389445, 0.131441954784, 0.00926017090003, 0.332872290081, 0.20331050409, 0.779114913144, 0.0364512083269, 0.908925137118, 0.132096488906, 0.132429898593, 0.316545441658, 0.108778968661, 0.019146934696, 0.0356910178875, 0.105150960175, 0.518128715196, 0.0052968210594, 13.009082981
0.00863504011861, 0.109373194542, 0.31421529642, 0.00592283959433, 0.218271660091, 0.341422007478, 0.0147090981685, 0.15483688479, 0.0470786789657, 0.000527433549421, 0.0321127691942, 0.445341000104, 0.332718174289, 0.6895185342, 0.383914314635, 0.284630366263, 0.187675411981, 0.775711404045, 0.341892413309, 0.00400114324887, 0.00173420887283, 0.270705038582, 0.00863504011861, 0.109373194542, 12.5066203877
0.00746890355179, 0.465405983598, 0.481508090004, 0.00832142470729, 0.190921547461, 0.48428064199, 0.524753328112, 0.536921024308, 0.437625774373, 0.024211347655, 0.139511900867, 0.0449248783538, 0.389238992561, 0.00904704392611, 0.382557754186, 0.506313051026, 0.0556509301814, 0.0694328816433, 0.105908047611, 0.0189024453714, 0.101874361667, 0.103540204534, 0.00746890355179, 0.465405983598, 12.2253462587
0.0341113282303, 0.010647283004, 0.00611393824061, 0.590539961872, 0.0703510951906, 0.0105972539396, 0.029764473245, 0.016967819593, 0.765169666139, 0.406937525713, 0.0437899897649, 0.233408565904, 0.380703074843, 0.333954015624, 0.6508060483, 0.109625652228, 0.575406472184, 0.0200550449366, 0.260199379995, 0.114909471419, 0.274006255936, 0.0256929329711, 0.0341113282303, 0.010647283004, 12.6307981795
0.00297466707548, 0.00820995110712, 0.622203493637, 0.0255006333641, 0.285686322299, 0.485146211962, 0.0109589834734, 0.540464242524, 0.594108456074, 0.736194509151, 0.0370809401644, 0.0514097455299, 0.286044104099, 0.0541329226277, 0.272148892417, 0.290086094133, 0.346055473961, 0.101428279228, 0.108358363519, 0.104783228516, 0.00634080595416, 0.10330730652, 0.00297466707548, 0.00820995110712, 12.830845455
0.0341113282303, 0.0106758008272, 0.0102330317025, 0.590539961872, 0.0703510951906, 0.012960161171, 0.112054044076, 0.221893591406, 0.731372732023, 0.414395073383, 0.0437899897649, 0.151810648528, 0.380703074843, 0.333954015624, 0.259491427652, 0.273150335831, 0.575406472184, 0.0351549936734, 0.260199379995, 0.113955534977, 0.274006255936, 0.0256929329711, 0.0341113282303, 0.0106758008272, 12.5931732335
0.00793641441428, 0.00748722354406, 0.619176435927, 0.0248921834658, 0.197562423324, 0.264474778144, 0.015135910006, 0.0330786283534, 0.590712531267, 0.743739328434, 0.133446569485, 0.431395155007, 0.223147104638, 0.04054282214, 0.209206725653, 0.0947452158641, 0.183677925718, 0.00094246624304, 0.811204524447, 0.468554883423, 0.0320370281456, 0.149299062179, 0.00793641441428, 0.00748722354406, 13.1074449589
0.00747379057207, 0.465405983598, 0.481508090004, 0.00832142470729, 0.197605454912, 0.316318231424, 0.524753328112, 0.0358695874034, 0.437625774373, 0.024211347655, 0.139511900867, 0.419485572291, 0.389238567992, 0.0116160648036, 0.430261383244, 0.506313051026, 0.0556691858443, 0.0682190694996, 0.105908047611, 0.0189024453714, 0.101903404392, 0.103563361275, 0.00747379057207, 0.465405983598, 11.903301824
0.0122966859837, 0.0151936318115, 0.522865598912, 0.0535163612852, 0.19715084402, 0.356103377672, 0.0121997313665, 0.00241616720164, 0.353822166087, 0.00123531987692, 0.203663860001, 0.20320324875, 0.261153360292, 0.680994615444, 0.928401128838, 0.0558181450088, 0.0639812344031, 0.296377819261, 0.120644363093, 0.25983675798, 0.0321567513244, 0.286538748889, 0.0122966859837, 0.0151936318115, 12.598911802
0.0172511317071, 0.00702626016997, 0.525169095322, 0.0150727404708, 0.165304633369, 0.334074905903, 0.564312590627, 0.160265071612, 0.498181745367, 0.177944918798, 0.408874615488, 0.201764861827, 0.403676282534, 0.663850385106, 0.383168916301, 0.308333502148, 0.0674812050502, 0.00539018776433, 0.0282908538793, 0.0347861920572, 0.105411447085, 0.240894915651, 0.0172511317071, 0.00702626016997, 13.1395880573
0.0251963677545, 0.00228857585912, 0.0141234143712, 0.107920242203, 0.206716003514, 0.481986433501, 0.10360188515, 0.0334506751593, 0.762371054, 0.320501812559, 0.945910031902, 0.417392739078, 0.221992095833, 0.337956581211, 0.0160202495646, 0.212336412191, 0.444709675804, 0.500840849262, 0.13445033628, 0.109924926965, 0.199771502231, 0.0489615882294, 0.0251963677545, 0.00228857585912, 13.5820882127
0.00297466707548, 0.00722170435484, 0.485866792586, 0.0255006333641, 0.546846655091, 0.485681091471, 0.475487625175, 0.536788827912, 0.436698813668, 0.736194509151, 0.514080527706, 0.0514097455299, 0.869849274816, 0.0457469860286, 0.272108328317, 0.502028898211, 0.00664618369441, 0.944860225877, 0.106820528435, 0.49082412498, 0.00209945199651, 0.10330730652, 0.00297466707548, 0.00722170435484, 16.3101404417
0.0116324359796, 0.00244827608693, 0.068620099816, 0.541368499407, 0.083753899306, 0.290821000212, 0.670934712253, 0.0300879071127, 0.00941216758093, 0.264476961498, 0.403443323299, 0.715034486882, 0.472477180368, 0.667330017908, 0.0644010331553, 0.0807872343214, 0.238320891037, 0.0962976990855, 0.131354665088, 0.0762804208148, 0.202236158754, 0.768834801299, 0.0116324359796, 0.00244827608693, 13.9300646977
0.00297466707548, 0.00714861257056, 0.485866792586, 0.0255006333641, 0.546846655091, 0.485146211962, 0.470855393118, 0.536788827912, 0.436343269326, 0.736194509151, 0.514080527706, 0.0514097455299, 0.880707515598, 0.0457469860286, 0.272108328317, 0.502094576973, 0.00664618369441, 0.944860225877, 0.106750871675, 0.49082412498, 0.419843816511, 0.10330730652, 0.00297466707548, 0.00714861257056, 16.8812483135
0.0116324359796, 0.00467885081557, 0.068620099816, 0.601927496379, 0.083753899306, 0.290821000212, 0.670934712253, 0.0300879071127, 0.00941216758093, 0.265571181642, 0.138573221755, 0.715034486882, 0.477714253176, 0.667335457401, 0.0654725362224, 0.0807872343214, 0.238320891037, 0.0962976990855, 0.131354665088, 0.0762804208148, 0.202586264991, 0.764690755011, 0.0116324359796, 0.00467885081557, 13.6587285238
0.0129462123788, 0.000533749281394, 0.623906110048, 0.326959822386, 0.157941018415, 0.276012251724, 0.00503443369385, 0.707823653227, 0.808989487318, 0.72208089331, 0.0936591974336, 0.686016184971, 0.235804063677, 0.0545592078651, 0.1808531588, 0.0925219237115, 0.131652457752, 0.822997026906, 0.149126343219, 0.251131347863, 0.274599381071, 0.159667998797, 0.0129462123788, 0.000533749281394, 15.1247713829
0.00504166287394, 0.00183069111596, 0.452761015918, 0.68011701396, 0.202067981902, 0.237192428393, 0.636751453781, 0.938568637745, 0.0451620301183, 0.0655822855636, 0.950378145312, 0.00825790861001, 0.780284530206, 0.339700481301, 0.129589264881, 0.396589282352, 0.0145061091738, 0.748025570172, 0.128329181098, 0.0727974625845, 0.00383215710574, 0.0467078649573, 0.00504166287394, 0.00183069111596, 15.2827708298
0.00268034489081, 0.00714861257056, 0.493511662771, 0.592901802588, 0.546846655091, 0.291179720967, 0.533850849463, 0.674849643834, 0.0121621101062, 0.221265927867, 0.107816513832, 0.233151450547, 0.853971204327, 0.0457528015846, 0.272108328317, 0.0853407718512, 0.35019008824, 0.944829122092, 0.260842285028, 0.49082412498, 0.419843816511, 0.798751882974, 0.00268034489081, 0.00714861257056, 17.1081847123
0.00418526406212, 0.00666211871473, 0.635861897478, 0.326959822386, 0.157941018415, 0.489247088221, 0.471246791148, 0.537752593445, 0.584697152543, 0.725831183508, 0.107352731942, 0.0555752519775, 0.235804063677, 0.0545592078651, 0.1808531588, 0.0824734169198, 0.131652457752, 0.800236538804, 0.149126343219, 0.252290727566, 0.274599381071, 0.160243440276, 0.00418526406212, 0.00666211871473, 14.6570663963
0.00297466707548, 0.00736355700891, 0.486836503642, 0.0255006333641, 0.200316554533, 0.485681091471, 0.47365678845, 0.536788827912, 0.516059626531, 0.736194509151, 0.516271253027, 0.429084387226, 0.214412404374, 0.0405959181469, 0.272236268377, 0.502028898211, 0.00664618369441, 0.0104543394885, 0.834366468391, 0.49082412498, 0.0321146254357, 0.10330730652, 0.00297466707548, 0.00736355700891, 15.3308334501
0.00396758758273, 0.00163484321164, 0.620847617737, 0.205891269736, 0.197107664249, 0.0624204207809, 0.0121997313665, 0.00893650546546, 0.436781062743, 0.535120076069, 0.40870473463, 0.892906196254, 0.261171445968, 0.619132995231, 0.933975000971, 0.501007545133, 0.131149393438, 0.309718319921, 0.0239902599479, 0.462673299466, 0.0286656039291, 0.290455922819, 0.00396758758273, 0.00163484321164, 15.3716762915
0.0182280169181, 0.00222706129413, 0.313000756129, 0.106612605079, 0.991013448735, 0.0596335517708, 0.378900162073, 0.0339169513286, 0.321106440875, 0.417935245616, 0.10708290771, 0.404376633727, 0.200492022589, 0.0044136866721, 0.0161344385667, 0.210704635071, 0.225087895942, 0.19552369282, 0.0825617792704, 0.932450879871, 0.283033340916, 0.75655634005, 0.0182280169181, 0.00222706129413, 14.1502172984
0.00319477093831, 0.00220922099626, 0.313000756129, 0.406041049227, 0.57900654745, 0.298998026376, 0.379564884735, 0.648043029126, 0.763073111392, 0.209915178397, 0.34640184988, 0.229049303644, 0.254300083017, 0.000480368800151, 0.257597076579, 0.0422370361749, 0.45649620809, 0.519214406653, 0.0696629345999, 0.09845902633, 0.194267092558, 0.724633282971, 0.00319477093831, 0.00220922099626, 15.1659765936
0.00914300354018, 0.00395232484731, 0.068620099816, 0.191715060193, 0.083753899306, 0.606248051271, 0.664505178504, 0.128116353084, 0.132544710498, 0.252680572511, 0.031351555616, 0.52882579167, 0.477714253176, 0.667585596011, 0.92886075016, 0.0577441640078, 0.238745576054, 0.0914982557571, 0.028171909359, 0.103903491339, 0.00763194297865, 0.767701627947, 0.00914300354018, 0.00395232484731, 14.1755088963
0.00674581280986, 0.00286589750841, 0.0159646344154, 0.0541496150815, 0.204803748289, 0.959304188068, 0.111564784854, 0.265437469211, 0.0131019534061, 0.500111011438, 0.987442741371, 0.00589594715431, 0.226968450794, 0.340782531804, 0.840021283111, 0.518156109999, 0.459208352678, 0.0964932035717, 0.15963941909, 0.13226617785, 0.199771502231, 0.229624299181, 0.00674581280986, 0.00286589750841, 14.5309822012
0.00914300354018, 0.00445376883756, 0.068620099816, 0.601927496379, 0.083753899306, 0.291230944963, 0.664505178504, 0.128116353084, 0.132544710498, 0.252680572511, 0.0887990429894, 0.715034486882, 0.477714253176, 0.667585596011, 0.0663361953417, 0.0596248023206, 0.238320891037, 0.0953273944354, 0.07879805391, 0.0787967589816, 0.202345620466, 0.769267769215, 0.00914300354018, 0.00445376883756, 13.775074652
0.0079355435722, 0.00736431431952, 0.622786871263, 0.0230429063518, 0.197562423324, 0.464829832741, 0.0130967036082, 0.0330786283534, 0.516319406352, 0.744997091724, 0.134945822418, 0.431395155007, 0.222941033206, 0.0346929451794, 0.236786594734, 0.295041867134, 0.184108619635, 0.30402872717, 0.0830052611918, 0.438347572032, 0.0312824315081, 0.295300211804, 0.0079355435722, 0.00736431431952, 13.1622950135
