0.686720725494, 0.6842775324, 0.970014266938, 0.955454666416, 0.116237741042, 0.658956955286, 0.60169312622, 0.520336720716, 0.354205815646, 0.683662400308, 0.104507458084, 0.332901020304, 0.540116260743, 0.489913632777, 0.00105416048678, 0.0150409427056, 0.319877139353, 0.591886281639, 1.25532510836
0.104558220578, 0.501828121571, 0.378305698932, 0.393430080408, 0.557324821955, 0.113256340936, 0.0192370592016, 0.846374660286, 0.69247778, 0.916486205896, 0.336048084709, 0.518746057106, 0.792720849228, 0.697684491784, 0.876760881662, 0.623282082083, 0.726886162474, 1.30576659795, 0.30517209175
0.0792907944757, 0.971623221709, 0.864351028263, 0.106641964823, 0.284127585837, 0.243738536324, 0.817692073543, 0.642923990059, 0.482617953516, 0.398057563008, 0.321250806046, 0.913542842453, 0.653282125195, 0.285478612518, 0.0139834591737, 0.0023645669869, 0.0655476472188, 1.50356002208, 0.188429478265
0.975723662278, 0.984400511178, 0.476218225605, 0.103532252803, 0.719927956555, 0.650642429388, 0.820410433275, 0.498604778288, 0.287487930788, 0.466840383518, 0.326626251668, 0.741586696888, 0.538163404166, 0.248097341836, 0.000927908692404, 0.000152248602118, 0.000872562021006, 0.0523406976206, 1.37232278372
0.383868785367, 0.372111396138, 0.914087392862, 0.175614307294, 0.542148325969, 0.659894852171, 0.748591685316, 0.472494143981, 0.338425850561, 0.470474476291, 0.325215408201, 0.616393522029, 0.512253250347, 0.252598436917, 0.108694461762, 0.0307682669991, 0.831995192866, 0.555528258769, 0.693182354586
0.386221978311, 0.833139668132, 0.485679196502, 0.178701861646, 0.542818472389, 0.659577645421, 0.816111396062, 0.475912089981, 0.338486254123, 0.471187574649, 0.325215408201, 0.55750377602, 0.512253250347, 0.249133422623, 0.18505776126, 0.0533552872648, 0.184120169386, 0.993180866865, 0.713622635849
0.975723662278, 0.383069467376, 0.472524246259, 0.103532252803, 0.590237842124, 0.65034189317, 0.749824723511, 0.499314300569, 0.316373266772, 0.470413635507, 0.325188857975, 0.719907708625, 0.538538508054, 0.251436220102, 0.0290249711686, 0.00476233418558, 0.0269777963899, 0.027406085496, 1.26901682758
0.237356163994, 0.942798306411, 0.487193683987, 0.0517238049234, 0.542578972467, 0.642178613586, 0.817381873073, 0.51005863375, 0.337959820097, 0.471116276243, 0.325215408201, 0.615750485883, 0.512253250347, 0.448945000687, 0.0718811100835, 0.00585304966067, 0.0692743453058, 1.10994682445, 0.435894038529
0.366870437077, 0.413280637989, 0.475888089682, 0.175614307294, 0.531418370149, 0.660182001594, 0.749621682892, 0.476480437687, 0.38450001984, 0.470474476291, 0.325215408201, 0.611333820443, 0.512253268029, 0.251442958058, 0.569639627873, 0.161248548266, 0.548793345551, 0.612636418449, 0.658573598398
0.5662069954, 0.398286985931, 0.405977779269, 0.0549281305664, 0.539887475941, 0.630545740203, 0.816124648815, 0.526329066366, 0.338425848402, 0.536437797931, 0.393403595229, 0.618194494784, 0.620280837625, 0.251583817475, 0.510148000257, 0.0441255819828, 0.379424940378, 0.460416302981, 0.969470771214
0.975723662278, 0.383069467376, 0.471736826605, 0.103897489778, 0.590237842124, 0.65034189317, 0.749824723511, 0.498844855079, 0.316373266772, 0.470414106596, 0.325188857975, 0.557460511274, 0.512372596193, 0.47410954992, 0.0265955690784, 0.00437939531386, 0.0246607596238, 0.0250861128577, 1.16159235363
0.975723662278, 0.383069467376, 0.471736826605, 0.103897489778, 0.590237842124, 0.65034189317, 0.749824723511, 0.498844855079, 0.316373266772, 0.470414106596, 0.325188857975, 0.557460511274, 0.512372596193, 0.47410954992, 0.0265955690784, 0.00437939531386, 0.0246607596238, 0.0250861128577, 1.16159235363
0.0779895075305, 0.900926189984, 0.904310448196, 0.104893507253, 0.542155135536, 0.644564719446, 0.823780927097, 0.508695512565, 0.368711047996, 0.471151413243, 0.325215408201, 0.634688713845, 0.512253250347, 0.434881269867, 0.0272399734557, 0.00452929197991, 0.182329216986, 1.17537389681, 0.146484874937
0.0767043030375, 0.924706555224, 0.903265259721, 0.0774526618882, 0.542154164261, 0.659025871115, 0.816240168948, 0.534050277581, 0.391014455383, 0.471147947547, 0.325215408201, 0.556526212327, 0.512253250347, 0.436486656034, 0.0207481181235, 0.00253679362892, 0.136501644402, 1.16215046792, 0.141695229636
0.0767043030375, 0.924706555224, 0.903265259721, 0.0774526618882, 0.542154164261, 0.659025871115, 0.816240168948, 0.534050277581, 0.391014455383, 0.471147947547, 0.325215408201, 0.556526212327, 0.512253250347, 0.436486656034, 0.0207481181235, 0.00253679362892, 0.136501644402, 1.16215046792, 0.141695229636
0.412349912678, 0.403983030107, 0.476803818879, 0.103894801342, 0.534746691616, 0.475622000651, 0.747327880208, 0.476480437687, 0.384703214438, 0.420085848178, 0.335426933764, 0.557621964504, 0.512253250347, 0.619250863869, 0.523503533681, 0.0862011459547, 0.493233406392, 0.533269044486, 0.680587576681
0.241041242992, 0.418494626765, 0.62658278032, 0.104915365749, 0.54257857984, 0.646997421765, 0.749142448542, 0.508693459459, 0.384685757958, 0.470479509505, 0.325215408201, 0.632078729063, 0.512253249316, 0.43457031335, 0.462713077393, 0.0769533557976, 0.70580298532, 0.654151118307, 0.4258911089
0.377518248743, 0.351409368459, 0.347504204665, 0.107509829134, 0.540686146625, 0.622517134824, 0.817307944278, 0.508694430207, 0.391814657718, 0.471164600084, 0.325215408201, 0.632078729063, 0.512253250347, 0.434333749169, 0.703431443822, 0.119935040799, 0.433445160684, 0.514179491835, 0.660800035194
0.377518248743, 0.351409368459, 0.347504204665, 0.107509829134, 0.540686146625, 0.622517134824, 0.817307944278, 0.508694430207, 0.391814657718, 0.471164600084, 0.325215408201, 0.632078729063, 0.512253250347, 0.434333749169, 0.703431443822, 0.119935040799, 0.433445160684, 0.514179491835, 0.660800035194
0.241041242992, 0.923700945803, 0.620851074686, 0.104893507253, 0.542578974824, 0.646997421765, 0.734823441864, 0.509044912007, 0.566936378879, 0.471146375762, 0.331806118263, 0.632078729063, 0.512253250347, 0.434347629806, 0.0697252577974, 0.0115934786593, 0.104305864485, 1.04626442475, 0.419233529791
0.241041242992, 0.923700945803, 0.620851074686, 0.104893507253, 0.542578974824, 0.646997421765, 0.734823441864, 0.509044912007, 0.566936378879, 0.471146375762, 0.331806118263, 0.632078729063, 0.512253250347, 0.434347629806, 0.0697252577974, 0.0115934786593, 0.104305864485, 1.04626442475, 0.419233529791
0.320718622437, 0.417508613611, 0.62658278032, 0.104915365749, 0.550469993012, 0.621170306602, 0.749142448542, 0.508693459459, 0.38469561049, 0.470487741406, 0.325624879917, 0.554242931545, 0.423882599105, 0.434344068425, 0.430888537723, 0.071660647975, 0.657259176634, 0.607211595384, 0.54887664466
0.378740924368, 0.403322478104, 0.341612734836, 0.102985925793, 0.540558845746, 0.650031538207, 0.717585598886, 0.508817564236, 0.591610111824, 0.472477782033, 0.330740798235, 0.633810167517, 0.512253250347, 0.433054461957, 0.640851516677, 0.104584397633, 0.386235873804, 0.554962953817, 0.634375746262
0.998861061181, 0.411567838204, 0.479440773071, 0.103532252803, 0.544132924702, 0.65034189317, 0.750339724789, 0.499373001082, 0.436203373197, 0.47254908678, 0.325188857975, 0.615797409403, 0.540323805095, 0.248543363404, 0.00123460329434, 0.000202570174493, 0.00117280542828, 0.00129417133422, 1.200866836
0.998861061181, 0.411567838204, 0.479440773071, 0.103532252803, 0.544132924702, 0.65034189317, 0.750339724789, 0.499373001082, 0.436203373197, 0.47254908678, 0.325188857975, 0.615797409403, 0.540323805095, 0.248543363404, 0.00123460329434, 0.000202570174493, 0.00117280542828, 0.00129417133422, 1.200866836
0.998861061181, 0.411567838204, 0.479440773071, 0.103532252803, 0.544132924702, 0.65034189317, 0.750339724789, 0.499373001082, 0.436203373197, 0.47254908678, 0.325188857975, 0.615797409403, 0.540323805095, 0.248543363404, 0.00123460329434, 0.000202570174493, 0.00117280542828, 0.00129417133422, 1.200866836
0.382791165588, 0.373479881233, 0.474250175077, 0.104572975749, 0.59430554675, 0.650043201328, 0.717489669472, 0.476480437687, 0.384885158719, 0.470474476291, 0.294535995029, 0.651859421882, 0.512253249601, 0.254780729635, 0.607075055112, 0.10062655331, 0.567488706108, 0.556434931388, 0.689561701821
0.240825584527, 0.351409368459, 0.908275021778, 0.107509829134, 0.550172103778, 0.622517134824, 0.818944835209, 0.549996173253, 0.391057271467, 0.471112582596, 0.325215408201, 0.632078729063, 0.512253250347, 0.434370140812, 0.132931732893, 0.0226648566084, 0.929445237942, 0.578392111819, 0.438360724383
0.382304118801, 0.411246726527, 0.341612734836, 0.102825672271, 0.543706829422, 0.646968019308, 0.717084600139, 0.508693459459, 0.565021304243, 0.472477782033, 0.325077357479, 0.615777532505, 0.512253250347, 0.433054461957, 0.628317380084, 0.102376507513, 0.37866611019, 0.558412651604, 0.635329051045
0.236022337889, 0.403933002403, 0.34836454661, 0.102965486095, 0.543401871215, 0.650033134979, 0.717489669472, 0.476917235932, 0.432922359794, 0.472407252588, 0.361730519456, 0.614903829958, 0.512253250347, 0.615623761493, 0.710702779091, 0.115960417702, 0.438737771169, 0.620637420323, 0.406991286414
0.236739601939, 0.403917221769, 0.348970670892, 0.175472550349, 0.543401871215, 0.65003314065, 0.717489669472, 0.476480437687, 0.555751518548, 0.470474476291, 0.294535995029, 0.6157503276, 0.512253250347, 0.617706922026, 0.706102340463, 0.199707389501, 0.448043296475, 0.632779541659, 0.416352724619
0.993818780701, 0.411762273097, 0.479440773071, 0.103532252803, 0.544132924702, 0.65034189317, 0.715645881817, 0.499497090646, 0.436203373197, 0.470499206822, 0.295026531114, 0.615797409403, 0.540323805095, 0.248543363404, 0.00667312834138, 0.00109490779647, 0.0063391059932, 0.00699954254985, 1.19621733005
0.993818780701, 0.411762273097, 0.479440773071, 0.103532252803, 0.544132924702, 0.65034189317, 0.715645881817, 0.499497090646, 0.436203373197, 0.470499206822, 0.295026531114, 0.615797409403, 0.540323805095, 0.248543363404, 0.00667312834138, 0.00109490779647, 0.0063391059932, 0.00699954254985, 1.19621733005
0.375040675343, 0.370105478722, 0.479440773071, 0.103532252803, 0.544132924702, 0.650462410783, 0.750339724789, 0.472547814242, 0.436203373197, 0.47254908678, 0.325188857975, 0.615797409403, 0.540323805095, 0.248543363404, 0.601126558429, 0.0986311249867, 0.571037266822, 0.548666856127, 0.667669384582
0.236739601939, 0.413453597612, 0.348970670892, 0.175472550349, 0.543401871215, 0.660277365116, 0.716624802523, 0.476480437687, 0.555751518548, 0.474356132406, 0.32572159242, 0.615785408952, 0.507465723224, 0.617706922026, 0.692547584603, 0.195873688983, 0.439442393815, 0.640325179224, 0.412959147989
0.0685467472999, 0.306455803893, 0.0230814576591, 0.106686069789, 0.289273364622, 0.242759396641, 0.817650928241, 0.515014159745, 0.343247735159, 0.471146765749, 0.325924838315, 0.625824011275, 0.510023032259, 0.431753930519, 1.11838189002, 0.18919519945, 0.0411424982205, 0.592894398008, 0.138415154083
0.0685467472999, 0.306455803893, 0.0230814576591, 0.106686069789, 0.289273364622, 0.242759396641, 0.817650928241, 0.515014159745, 0.343247735159, 0.471146765749, 0.325924838315, 0.625824011275, 0.510023032259, 0.431753930519, 1.11838189002, 0.18919519945, 0.0411424982205, 0.592894398008, 0.138415154083
0.567920449785, 0.351409368459, 0.346336638484, 0.107509829134, 0.540686146625, 0.622517134824, 0.817307944278, 0.508758943108, 0.391819214418, 0.471164600084, 0.325215408201, 0.632078729063, 0.512253250347, 0.43348958809, 0.533169731423, 0.0909054237662, 0.327175713869, 0.389292151047, 0.920461991016
0.240825584527, 0.343612173533, 0.908275021778, 0.107509829134, 0.550724666743, 0.622517134824, 0.743152174735, 0.549996173253, 0.391057271467, 0.537559526224, 0.325215408201, 0.632078729063, 0.512253250347, 0.434370140812, 0.129188648956, 0.0220266609055, 0.903273973451, 0.546801636081, 0.422859633706
0.567791145405, 0.398158766884, 0.405966415927, 0.103894801342, 0.539850356672, 0.6501758361, 0.817176682261, 0.476480437687, 0.393672776003, 0.47046195606, 0.326307217325, 0.583840913966, 0.512253250347, 0.456522802486, 0.474922070331, 0.0782016243784, 0.356637107204, 0.432591050072, 0.915783501634
0.240825584527, 0.322444673216, 0.908275021778, 0.107509829134, 0.604607989799, 0.622517134824, 0.818939473737, 0.549996173253, 0.391083888696, 0.470471801016, 0.326306058519, 0.580088494567, 0.512253250347, 0.43436985089, 0.136177500164, 0.023218259834, 0.952139314575, 0.533744989237, 0.43726867116
0.240825584527, 0.322444673216, 0.908275021778, 0.107509829134, 0.604607989799, 0.622517134824, 0.818939473737, 0.549996173253, 0.391083888696, 0.470471801016, 0.326306058519, 0.580088494567, 0.512253250347, 0.43436985089, 0.136177500164, 0.023218259834, 0.952139314575, 0.533744989237, 0.43726867116
0.241041242992, 0.897042884856, 0.620851074686, 0.104893507253, 0.542578582194, 0.646997421765, 0.734823441864, 0.574937215243, 0.566936378879, 0.471146375762, 0.413789543987, 0.632078729063, 0.512253250347, 0.434307853353, 0.0926333019814, 0.015402484603, 0.138575273128, 1.02602535673, 0.41357132121
0.241041242992, 0.897042884856, 0.620851074686, 0.104893507253, 0.542578582194, 0.646997421765, 0.734823441864, 0.574937215243, 0.566936378879, 0.471146375762, 0.413789543987, 0.632078729063, 0.512253250347, 0.434307853353, 0.0926333019814, 0.015402484603, 0.138575273128, 1.02602535673, 0.41357132121
0.241041242992, 0.897042884856, 0.620851074686, 0.104893507253, 0.542578582194, 0.646997421765, 0.734823441864, 0.574937215243, 0.566936378879, 0.471146375762, 0.413789543987, 0.632078729063, 0.512253250347, 0.434307853353, 0.0926333019814, 0.015402484603, 0.138575273128, 1.02602535673, 0.41357132121
0.241041242992, 0.897042884856, 0.620851074686, 0.104893507253, 0.542578582194, 0.646997421765, 0.734823441864, 0.574937215243, 0.566936378879, 0.471146375762, 0.413789543987, 0.632078729063, 0.512253250347, 0.434307853353, 0.0926333019814, 0.015402484603, 0.138575273128, 1.02602535673, 0.41357132121
0.241041242992, 0.897042884856, 0.620851074686, 0.104893507253, 0.542578582194, 0.646997421765, 0.734823441864, 0.574937215243, 0.566936378879, 0.471146375762, 0.413789543987, 0.632078729063, 0.512253250347, 0.434307853353, 0.0926333019814, 0.015402484603, 0.138575273128, 1.02602535673, 0.41357132121
0.384716726842, 0.820232730883, 0.476803818879, 0.103894801342, 0.534746691616, 0.475622000651, 0.747327880208, 0.476485750589, 0.384703214438, 0.420085848178, 0.335426933764, 0.557500503224, 0.512253250347, 0.241226331345, 0.195644269472, 0.0322151793502, 0.184331686922, 0.933118773276, 0.67087428643
0.384716726842, 0.820232730883, 0.476803818879, 0.103894801342, 0.534746691616, 0.475622000651, 0.747327880208, 0.476485750589, 0.384703214438, 0.420085848178, 0.335426933764, 0.557500503224, 0.512253250347, 0.241226331345, 0.195644269472, 0.0322151793502, 0.184331686922, 0.933118773276, 0.67087428643
0.567791145405, 0.403827388922, 0.0147875799153, 0.103894801342, 0.542579288401, 0.6501758361, 0.817176682261, 0.514615815078, 0.377258745019, 0.47046195606, 0.326319391539, 0.544666321999, 0.512253250347, 0.456367542682, 0.586415825586, 0.0965604106166, 0.0138073399348, 0.437394481622, 0.914709828005
0.567791145405, 0.403827388922, 0.0147875799153, 0.103894801342, 0.542579288401, 0.6501758361, 0.817176682261, 0.514615815078, 0.377258745019, 0.47046195606, 0.326319391539, 0.544666321999, 0.512253250347, 0.456367542682, 0.586415825586, 0.0965604106166, 0.0138073399348, 0.437394481622, 0.914709828005
0.240825584527, 0.352923179332, 0.903189929096, 0.0777364791227, 0.550172103778, 0.622647639816, 0.816213628044, 0.534190437212, 0.413030594504, 0.505603544114, 0.316279845537, 0.557463048878, 0.512253250347, 0.434370140812, 0.138736484841, 0.0170255626774, 0.912074348863, 0.571289662417, 0.431313665584
0.240825584527, 0.322444673216, 0.622282794921, 0.104937828052, 0.551117647302, 0.622517134824, 0.818944835209, 0.550835644441, 0.391057271467, 0.471146676227, 0.325215408201, 0.632078729063, 0.512253250347, 0.43437066932, 0.532042044233, 0.0885026796806, 0.799787572117, 0.535158403768, 0.438426605953
0.567791145405, 0.407150454524, 0.325424884914, 0.103894801342, 0.542579288401, 0.6501758361, 0.817176682261, 0.514615815078, 0.391106952075, 0.471150627002, 0.333379255839, 0.544666321999, 0.512253250347, 0.456367542682, 0.507170340132, 0.0835116894173, 0.288304613194, 0.438373910274, 0.91031235995
0.567791145405, 0.407150454524, 0.325424884914, 0.103894801342, 0.542579288401, 0.6501758361, 0.817176682261, 0.514615815078, 0.391106952075, 0.471150627002, 0.333379255839, 0.544666321999, 0.512253250347, 0.456367542682, 0.507170340132, 0.0835116894173, 0.288304613194, 0.438373910274, 0.91031235995
0.274353778424, 0.407221187831, 0.34832572682, 0.174612665743, 0.5433828942, 0.64958657016, 0.716624802523, 0.476480437687, 0.39247391918, 0.474356132406, 0.333425315107, 0.615785408952, 0.507357826058, 0.616410244282, 0.682381049796, 0.192003236973, 0.431841197112, 0.617577848642, 0.47568459354
0.99056186035, 0.411567838204, 0.480027472069, 0.103161313001, 0.544132924702, 0.65034189317, 0.750339724789, 0.499373001082, 0.436203373197, 0.47254908678, 0.389815873996, 0.616139382632, 0.54150191708, 0.756245323244, 0.0100880557156, 0.001649183621, 0.00959989907829, 0.0105829296144, 1.1849270748
0.99056186035, 0.411567838204, 0.480027472069, 0.103161313001, 0.544132924702, 0.65034189317, 0.750339724789, 0.499373001082, 0.436203373197, 0.47254908678, 0.389815873996, 0.616139382632, 0.54150191708, 0.756245323244, 0.0100880557156, 0.001649183621, 0.00959989907829, 0.0105829296144, 1.1849270748
0.99056186035, 0.411567838204, 0.480027472069, 0.103161313001, 0.544132924702, 0.65034189317, 0.750339724789, 0.499373001082, 0.436203373197, 0.47254908678, 0.389815873996, 0.616139382632, 0.54150191708, 0.756245323244, 0.0100880557156, 0.001649183621, 0.00959989907829, 0.0105829296144, 1.1849270748
0.99056186035, 0.411567838204, 0.480027472069, 0.103161313001, 0.544132924702, 0.65034189317, 0.750339724789, 0.499373001082, 0.436203373197, 0.47254908678, 0.389815873996, 0.616139382632, 0.54150191708, 0.756245323244, 0.0100880557156, 0.001649183621, 0.00959989907829, 0.0105829296144, 1.1849270748
0.99056186035, 0.411567838204, 0.480027472069, 0.103161313001, 0.544132924702, 0.65034189317, 0.750339724789, 0.499373001082, 0.436203373197, 0.47254908678, 0.389815873996, 0.616139382632, 0.54150191708, 0.756245323244, 0.0100880557156, 0.001649183621, 0.00959989907829, 0.0105829296144, 1.1849270748
0.99056186035, 0.411567838204, 0.480027472069, 0.103161313001, 0.544132924702, 0.65034189317, 0.750339724789, 0.499373001082, 0.436203373197, 0.47254908678, 0.389815873996, 0.616139382632, 0.54150191708, 0.756245323244, 0.0100880557156, 0.001649183621, 0.00959989907829, 0.0105829296144, 1.1849270748
0.373980949038, 0.407531034939, 0.34832572682, 0.174612665743, 0.540670315981, 0.64958657016, 0.400841060661, 0.511630389491, 0.391803381896, 0.474356132406, 0.363746596587, 0.615957520769, 0.507357826058, 0.608455639578, 0.598286455309, 0.168341333762, 0.378622382836, 0.54201988942, 0.604225343778
0.24104362256, 0.322444673216, 0.908275021778, 0.107509829134, 0.536118925676, 0.596414274883, 0.818939473737, 0.547067863163, 0.391083888696, 0.470471747199, 0.347360392517, 0.580295814659, 0.512253250347, 0.43436985089, 0.133574278111, 0.0227744105494, 0.933937849147, 0.523541712447, 0.429337735876
0.240825584527, 0.322444673216, 0.356136279482, 0.107489277669, 0.541587587324, 0.622829394842, 0.820219707354, 0.475331495354, 0.39177092513, 0.470471801016, 0.326306058519, 0.580088494567, 0.512253250347, 0.451528508725, 0.795490520816, 0.13560468422, 0.505272316725, 0.528192496284, 0.432719811191
0.0742534387447, 0.949050733482, 0.474280203568, 0.103879861151, 0.543462438294, 0.644052410054, 0.736196752263, 0.506283151598, 0.384612879038, 0.472994392009, 0.325215408201, 0.557279643763, 0.512253250347, 0.434958719277, 0.0651211717988, 0.0107214135789, 0.060869542153, 1.1194459133, 0.131585353657
0.0742534387447, 0.949050733482, 0.474280203568, 0.103879861151, 0.543462438294, 0.644052410054, 0.736196752263, 0.506283151598, 0.384612879038, 0.472994392009, 0.325215408201, 0.557279643763, 0.512253250347, 0.434958719277, 0.0651211717988, 0.0107214135789, 0.060869542153, 1.1194459133, 0.131585353657
0.0742534387447, 0.949050733482, 0.474280203568, 0.103879861151, 0.543462438294, 0.644052410054, 0.736196752263, 0.506283151598, 0.384612879038, 0.472994392009, 0.325215408201, 0.557279643763, 0.512253250347, 0.434958719277, 0.0651211717988, 0.0107214135789, 0.060869542153, 1.1194459133, 0.131585353657
0.0742534387447, 0.949050733482, 0.474280203568, 0.103879861151, 0.543462438294, 0.644052410054, 0.736196752263, 0.506283151598, 0.384612879038, 0.472994392009, 0.325215408201, 0.557279643763, 0.512253250347, 0.434958719277, 0.0651211717988, 0.0107214135789, 0.060869542153, 1.1194459133, 0.131585353657
0.0742534387447, 0.949050733482, 0.474280203568, 0.103879861151, 0.543462438294, 0.644052410054, 0.736196752263, 0.506283151598, 0.384612879038, 0.472994392009, 0.325215408201, 0.557279643763, 0.512253250347, 0.434958719277, 0.0651211717988, 0.0107214135789, 0.060869542153, 1.1194459133, 0.131585353657
0.0742534387447, 0.949050733482, 0.474280203568, 0.103879861151, 0.543462438294, 0.644052410054, 0.736196752263, 0.506283151598, 0.384612879038, 0.472994392009, 0.325215408201, 0.557279643763, 0.512253250347, 0.434958719277, 0.0651211717988, 0.0107214135789, 0.060869542153, 1.1194459133, 0.131585353657
0.603127805363, 0.407150454524, 0.310788517837, 0.0750956942485, 0.542579288401, 0.650076007709, 0.735830270981, 0.514615815078, 0.393045398193, 0.471146342759, 0.333379255839, 0.634878356989, 0.512253250347, 0.434315916149, 0.469518894462, 0.0556427894686, 0.251087387067, 0.3982101837, 0.927879460206
0.238721238947, 0.897042884856, 0.620851074686, 0.104823584982, 0.492555976514, 0.646988596644, 0.749550613275, 0.573327202636, 0.566936378879, 0.471118182581, 0.413789543987, 0.632078729063, 0.512253250347, 0.434307853353, 0.0931945520006, 0.0154852870402, 0.139412332864, 1.03222303178, 0.411661238364
0.238721238947, 0.897042884856, 0.620851074686, 0.104823584982, 0.492555976514, 0.646988596644, 0.749550613275, 0.573327202636, 0.566936378879, 0.471118182581, 0.413789543987, 0.632078729063, 0.512253250347, 0.434307853353, 0.0931945520006, 0.0154852870402, 0.139412332864, 1.03222303178, 0.411661238364
0.238721238947, 0.897042884856, 0.620851074686, 0.104823584982, 0.492555976514, 0.646988596644, 0.749550613275, 0.573327202636, 0.566936378879, 0.471118182581, 0.413789543987, 0.632078729063, 0.512253250347, 0.434307853353, 0.0931945520006, 0.0154852870402, 0.139412332864, 1.03222303178, 0.411661238364
0.0685467472999, 0.306455803893, 0.0230814576591, 0.106686069789, 0.304709650737, 0.242759396641, 0.817650928241, 0.515014159745, 0.343247735159, 0.471146765749, 0.325924838315, 0.625824011275, 0.510023032259, 0.431753930519, 1.11293986233, 0.188274578754, 0.040942299508, 0.590009383722, 0.137741628244
0.0685467472999, 0.306455803893, 0.0230814576591, 0.106686069789, 0.304709650737, 0.242759396641, 0.817650928241, 0.515014159745, 0.343247735159, 0.471146765749, 0.325924838315, 0.625824011275, 0.510023032259, 0.431753930519, 1.11293986233, 0.188274578754, 0.040942299508, 0.590009383722, 0.137741628244
0.0685467472999, 0.306455803893, 0.0230814576591, 0.106686069789, 0.304709650737, 0.242759396641, 0.817650928241, 0.515014159745, 0.343247735159, 0.471146765749, 0.325924838315, 0.625824011275, 0.510023032259, 0.431753930519, 1.11293986233, 0.188274578754, 0.040942299508, 0.590009383722, 0.137741628244
0.07187992701, 0.302186533893, 0.0265697959048, 0.103207320322, 0.304709650737, 0.248121953714, 0.751203483167, 0.515014159745, 0.343247735159, 0.471163193537, 0.387713192412, 0.625735753352, 0.508826266518, 0.431753930519, 1.0661653847, 0.174374587567, 0.0451146100878, 0.555622015508, 0.137846613291
0.07187992701, 0.302186533893, 0.0265697959048, 0.103207320322, 0.304709650737, 0.248121953714, 0.751203483167, 0.515014159745, 0.343247735159, 0.471163193537, 0.387713192412, 0.625735753352, 0.508826266518, 0.431753930519, 1.0661653847, 0.174374587567, 0.0451146100878, 0.555622015508, 0.137846613291
0.07187992701, 0.302186533893, 0.0265697959048, 0.103207320322, 0.304709650737, 0.248121953714, 0.751203483167, 0.515014159745, 0.343247735159, 0.471163193537, 0.387713192412, 0.625735753352, 0.508826266518, 0.431753930519, 1.0661653847, 0.174374587567, 0.0451146100878, 0.555622015508, 0.137846613291
0.37124312511, 0.40721704395, 0.34832572682, 0.174612665743, 0.540673896829, 0.64958657016, 0.400900744477, 0.510720965141, 0.356830140496, 0.474356132406, 0.363605214837, 0.608769500757, 0.507357826058, 0.608455639578, 0.604168854224, 0.169996478835, 0.382345027523, 0.546785743838, 0.604272352121
0.377734297082, 0.350928814904, 0.345568492981, 0.17840000282, 0.531418370149, 0.660182001594, 0.749621682892, 0.476480437687, 0.38450001984, 0.470484033473, 0.325215408201, 0.611333820443, 0.512253268029, 0.251442958058, 0.702386365427, 0.202149208804, 0.440925717266, 0.524798980728, 0.675770205448
0.241123064167, 0.357435822735, 0.271837619019, 0.174185442322, 0.604607989799, 0.6608442973, 0.749810317385, 0.429140704589, 0.377887748822, 0.470471801016, 0.326276617607, 0.612618678376, 0.512253268641, 0.433386812462, 0.804668612167, 0.225828949894, 0.380266948051, 0.577533527381, 0.431689911285
0.37124312511, 0.40721704395, 0.0180767640184, 0.102242468262, 0.352310059589, 0.649576683565, 0.407010159403, 0.514580591819, 0.356830140496, 0.474356132406, 0.363605214837, 0.544132265638, 0.507357826058, 0.608455639578, 0.731246315829, 0.118459925109, 0.0210400190347, 0.551367792968, 0.609336137408
0.37124312511, 0.40721704395, 0.0180767640184, 0.102242468262, 0.352310059589, 0.649576683565, 0.407010159403, 0.514580591819, 0.356830140496, 0.474356132406, 0.363605214837, 0.544132265638, 0.507357826058, 0.608455639578, 0.731246315829, 0.118459925109, 0.0210400190347, 0.551367792968, 0.609336137408
0.425048864819, 0.351409368459, 0.347488337883, 0.107509829134, 0.540687361798, 0.670876040239, 0.795503604111, 0.508610943773, 0.391814851925, 0.471164600084, 0.325215408201, 0.616119038073, 0.512253250347, 0.608429532823, 0.668548760864, 0.113987544365, 0.411927773162, 0.488674285493, 0.734766732149
0.24104362256, 0.317689196139, 0.908275021778, 0.0930445757089, 0.536125133931, 0.596414274883, 0.818939473737, 0.476688456574, 0.391083888696, 0.466870157296, 0.346511258048, 0.580295814659, 0.512253250347, 0.43565269869, 0.134452262723, 0.0197918723795, 0.936689906009, 0.515876236412, 0.428837736497
0.24104362256, 0.317689196139, 0.908275021778, 0.0930445757089, 0.536125133931, 0.596414274883, 0.818939473737, 0.476688456574, 0.391083888696, 0.466870157296, 0.346511258048, 0.580295814659, 0.512253250347, 0.43565269869, 0.134452262723, 0.0197918723795, 0.936689906009, 0.515876236412, 0.428837736497
0.24104362256, 0.317689196139, 0.908275021778, 0.0930445757089, 0.536125133931, 0.596414274883, 0.818939473737, 0.476688456574, 0.391083888696, 0.466870157296, 0.346511258048, 0.580295814659, 0.512253250347, 0.43565269869, 0.134452262723, 0.0197918723795, 0.936689906009, 0.515876236412, 0.428837736497
0.24104362256, 0.317689196139, 0.908275021778, 0.0930445757089, 0.536125133931, 0.596414274883, 0.818939473737, 0.476688456574, 0.391083888696, 0.466870157296, 0.346511258048, 0.580295814659, 0.512253250347, 0.43565269869, 0.134452262723, 0.0197918723795, 0.936689906009, 0.515876236412, 0.428837736497
0.24104362256, 0.317689196139, 0.908275021778, 0.0930445757089, 0.536125133931, 0.596414274883, 0.818939473737, 0.476688456574, 0.391083888696, 0.466870157296, 0.346511258048, 0.580295814659, 0.512253250347, 0.43565269869, 0.134452262723, 0.0197918723795, 0.936689906009, 0.515876236412, 0.428837736497
