0.10202720684, 0.381248699424, 0.059480394191, 0.73653916976, 0.273781424967, 0.122421283045, 0.0668167817977, 0.794602521119, 0.585562418896, 0.327741631411, 0.650078843216, 0.925439482699, 0.89612146713, 0.916777914311, 0.26330507211, 0.686041686283, 0.217986016537, 0.749815103773, 0.811700802487, 0.878394869859, 0.0676477067181, 0.468253825657, 0.418374493838, 0.219166290886, 0.89091726275, 0.142393472122, 0.702681703017, 0.10202720684, 0.381248699424, 0.059480394191, 0.73653916976, 0.273781424967, 0.122421283045, 0.0668167817977, 57.259930693
0.38838857395, 0.794178669047, 0.299170615536, 0.170229875701, 0.176040859266, 0.915329835746, 0.0739545471024, 0.836405562063, 0.375810437184, 0.985924302884, 0.30707134214, 0.208751997147, 0.664977928991, 0.0942898316789, 0.342846990354, 0.758257178418, 0.952375242411, 0.627354632233, 0.445807433248, 0.747548531055, 0.11282622963, 0.261795618927, 0.847260297501, 0.502345469975, 0.993448673474, 0.971256191353, 0.726931642227, 0.38838857395, 0.794178669047, 0.299170615536, 0.170229875701, 0.176040859266, 0.915329835746, 0.0739545471024, 57.3296126549
0.913634740222, 0.280823916685, 0.121300808881, 0.411844021355, 0.823719870586, 0.809870844888, 0.226135658482, 0.286442819508, 0.282655684707, 0.0554443708166, 0.0492184976599, 0.504764260221, 0.822827788715, 0.799202706491, 0.852464010047, 0.505702955117, 0.124380748288, 0.0883097212709, 0.804032990727, 0.612926360172, 0.495610406245, 0.60627541489, 0.91154820995, 0.585228622524, 0.846365236018, 0.0136852112545, 0.406886142805, 0.913634740222, 0.280823916685, 0.121300808881, 0.411844021355, 0.823719870586, 0.809870844888, 0.226135658482, 49.5358815713
0.490833784594, 0.224615138521, 0.5515763952, 0.782007758794, 0.0995275644404, 0.292327444371, 0.260673183803, 0.452266162943, 0.678186157998, 0.0527397639963, 0.0442532119394, 0.124314262821, 0.227880337805, 0.915509238481, 0.335076430448, 0.15263592238, 0.381044909033, 0.31551840325, 0.824470764939, 0.463600595441, 0.631336678319, 0.639194862929, 0.531139779815, 0.0121757349591, 0.0734314309744, 0.928798445172, 0.723181377682, 0.490833784594, 0.224615138521, 0.5515763952, 0.782007758794, 0.0995275644404, 0.292327444371, 0.260673183803, 46.0638919474
0.454988099574, 0.763738225651, 0.0806393295979, 0.414893756874, 0.614006100527, 0.128302836222, 0.226339492456, 0.0239952138012, 0.188077288634, 0.132754293987, 0.539296388008, 0.288591516189, 0.475501152641, 0.661276083081, 0.541548122049, 0.553050504988, 0.805947591732, 0.088994286354, 0.854923198905, 0.155382756217, 0.760114465845, 0.533411536883, 0.851489132666, 0.385749253104, 0.779894825008, 0.79411161887, 0.599019428709, 0.454988099574, 0.763738225651, 0.0806393295979, 0.414893756874, 0.614006100527, 0.128302836222, 0.226339492456, 51.4980340251
0.386663366893, 0.279684687435, 0.817169223572, 0.849206029375, 0.100680809996, 0.883365183381, 0.327598205801, 0.190420593193, 0.824686695543, 0.57412372397, 0.203940603108, 0.146117295666, 0.739506644583, 0.713356019311, 0.981803820986, 0.520633056123, 0.34217622124, 0.00776187627769, 0.667213302867, 0.214419447337, 0.23775562607, 0.137860330471, 0.324465837567, 0.577345518428, 0.93132579552, 0.916887468022, 0.772599339592, 0.386663366893, 0.279684687435, 0.817169223572, 0.849206029375, 0.100680809996, 0.883365183381, 0.327598205801, 50.8217404229
0.493972029225, 0.169621598891, 0.0943219442463, 0.819144343258, 0.43708008368, 0.0177531159863, 0.617728631928, 0.927854661013, 0.708960328656, 0.664338916953, 0.0216006119898, 0.668459614873, 0.436561449132, 0.459707310524, 0.685446170393, 0.901637149789, 0.108534030071, 0.418817336023, 0.807428215151, 0.0169196984039, 0.260440599588, 0.727699626603, 0.724790142578, 0.0319555493051, 0.314054751073, 0.824076444201, 0.954382213214, 0.493972029225, 0.169621598891, 0.0943219442463, 0.819144343258, 0.43708008368, 0.0177531159863, 0.617728631928, 53.8382980357
0.246332325711, 0.133977206549, 0.908385851736, 0.349711427319, 0.898260157688, 0.0473487044798, 0.07278412925, 0.169274853768, 0.144534695065, 0.245061307447, 0.502463837772, 0.908676486385, 0.437455336937, 0.966851653102, 0.0792771403405, 0.466833116434, 0.80056974294, 0.228378726031, 0.701913158407, 0.491699089411, 0.614567572611, 0.582117752995, 0.820112423618, 0.325685063113, 0.205423536739, 0.971436622342, 0.128036294754, 0.246332325711, 0.133977206549, 0.908385851736, 0.349711427319, 0.898260157688, 0.0473487044798, 0.07278412925, 50.3472556625
0.0599541872878, 0.0227623631091, 0.76403905448, 0.584873880476, 0.32647059828, 0.860902223268, 0.790718675464, 0.506845138656, 0.222829055471, 0.689487374972, 0.834482896348, 0.0664089442014, 0.0773683754982, 0.945471823296, 0.398832952766, 0.296499302997, 0.244921213761, 0.452486293246, 0.786194710432, 0.905592082142, 0.166569385325, 0.268732694601, 0.832848301767, 0.209499856229, 0.0539935139388, 0.651855473044, 0.512682165971, 0.0599541872878, 0.0227623631091, 0.76403905448, 0.584873880476, 0.32647059828, 0.860902223268, 0.790718675464, 47.8190018029
0.856755759116, 0.0297145566481, 0.507067942417, 0.321046106122, 0.213322084951, 0.152582730711, 0.881306646611, 0.448144086632, 0.092922226046, 0.950456349191, 0.384054507803, 0.0276367914576, 0.198630905234, 0.83329983846, 0.37578557027, 0.0112246818923, 0.859272861635, 0.900873268078, 0.475886554353, 0.606464102041, 0.52238302975, 0.221584875214, 0.297930424424, 0.607140929871, 0.0249344782295, 0.853063205309, 0.745440264025, 0.856755759116, 0.0297145566481, 0.507067942417, 0.321046106122, 0.213322084951, 0.152582730711, 0.881306646611, 49.079212356
0.115365431052, 0.459219304175, 0.059480394191, 0.431902357171, 0.273781424967, 0.122421283045, 0.0668167817977, 0.35495470587, 0.584627305776, 0.346688222082, 0.650078843216, 0.0189209505882, 0.433329251368, 0.914402821068, 0.26330507211, 0.686041686283, 0.258791107891, 0.749815103773, 0.805664974504, 0.550189748761, 0.150404443204, 0.484622616548, 0.418374493838, 0.479616118333, 0.890898226206, 0.142636604976, 0.702681703017, 0.115365431052, 0.459219304175, 0.059480394191, 0.431902357171, 0.273781424967, 0.122421283045, 0.0668167817977, 51.346136712
0.670646721213, 0.321982664957, 0.0141650132723, 0.716222588933, 0.222933868397, 0.194201422328, 0.637298601661, 0.930719559428, 0.537554714773, 0.728630412286, 0.280578517597, 0.383527507342, 0.56841818961, 0.4251525838, 0.321100378158, 0.716502388416, 0.0990737785056, 0.0710325093938, 0.794598744989, 0.651391240579, 0.813973457933, 0.979465247822, 0.443008347381, 0.0287843748134, 0.276719753738, 0.26366613905, 0.466002827801, 0.670646721213, 0.321982664957, 0.0141650132723, 0.716222588933, 0.222933868397, 0.194201422328, 0.637298601661, 50.5212502266
0.386584637799, 0.0669447049845, 0.779280516705, 0.161583951426, 0.327407091435, 0.36887145167, 0.803409564673, 0.476983472702, 0.882024841229, 0.558473718763, 0.425009826819, 0.421276175768, 0.403657536441, 0.398963440055, 0.253772783618, 0.489626818478, 0.998281533369, 0.305856439724, 0.480002082628, 0.793183440358, 0.93142348315, 0.495701068853, 0.297322779367, 0.207439872497, 0.0507122114601, 0.327911883621, 0.160679281675, 0.386584637799, 0.0669447049845, 0.779280516705, 0.161583951426, 0.327407091435, 0.36887145167, 0.803409564673, 48.84251696
0.930863048624, 0.919938369993, 0.68777362971, 0.132246710304, 0.000625037866287, 0.946969309721, 0.192308088202, 0.480762407364, 0.62035390083, 0.687805044754, 0.556876847416, 0.405621438725, 0.351212635644, 0.902144628222, 0.350349802264, 0.420610061422, 0.678586882481, 0.246682545684, 0.0361267714365, 0.361778834838, 0.156160335544, 0.955964504183, 0.939055396125, 0.476251733606, 0.268533407797, 0.112596473117, 0.807593097102, 0.930863048624, 0.919938369993, 0.68777362971, 0.132246710304, 0.000625037866287, 0.946969309721, 0.192308088202, 50.1277104537
0.874993505206, 0.0197219954617, 0.132881124067, 0.607907833833, 0.798370967882, 0.0235128198313, 0.107728074633, 0.290789532399, 0.139638738278, 0.691868690317, 0.943205149521, 0.405424664184, 0.213782365315, 0.538735670519, 0.0991831005924, 0.506827916323, 0.912235734724, 0.295377912151, 0.0350425823675, 0.3722394651, 0.151611774867, 0.248450153504, 0.250872746716, 0.0636090321773, 0.067337924397, 0.883001288688, 0.410115942878, 0.874993505206, 0.0197219954617, 0.132881124067, 0.607907833833, 0.798370967882, 0.0235128198313, 0.107728074633, 42.3545587352
0.111865375765, 0.11184155399, 0.233849833148, 0.427855318663, 0.3187703021, 0.500957944508, 0.0712635487431, 0.446708515466, 0.457224068364, 0.894343230815, 0.0407037218523, 0.785137898092, 0.276177929076, 0.860626558606, 0.546728713524, 0.56913234839, 0.467394493693, 0.446467526458, 0.00572382491542, 0.330546501604, 0.332443287058, 0.546965337673, 0.238754080305, 0.00368382699414, 0.0233329321224, 0.134121119543, 0.367430218347, 0.111865375765, 0.11184155399, 0.233849833148, 0.427855318663, 0.3187703021, 0.500957944508, 0.0712635487431, 43.73025731
0.417341090934, 0.326762939832, 0.370120797984, 0.188960755612, 0.774429468847, 0.458129574612, 0.0133219427676, 0.972196317961, 0.69133945751, 0.901222354968, 0.488614713505, 0.370430752788, 0.79813946471, 0.26073499423, 0.817964441571, 0.971566706245, 0.130834296008, 0.347870577762, 0.857594178678, 0.542422722264, 0.496907186821, 0.846968609339, 0.595839076179, 0.228648393494, 0.477951902004, 0.968619878106, 0.369438737034, 0.417341090934, 0.326762939832, 0.370120797984, 0.188960755612, 0.774429468847, 0.458129574612, 0.0133219427676, 59.0968109612
0.39363921443, 0.0297145566481, 0.137534565454, 0.319482668573, 0.105900142017, 0.152582730711, 0.373557679027, 0.705504779466, 0.340860658297, 0.691991225027, 0.756227245133, 0.027937867334, 0.8436709969, 0.833920170499, 0.586758180247, 0.0144869560563, 0.860073822838, 0.260670441975, 0.383268416052, 0.606464102041, 0.693222340533, 0.520999146428, 0.298323171093, 0.616971347618, 0.0258915770442, 0.858733443959, 0.745440264025, 0.39363921443, 0.0297145566481, 0.137534565454, 0.319482668573, 0.105900142017, 0.152582730711, 0.373557679027, 54.0781460977
0.761829460475, 0.736414739117, 0.334419472226, 0.123990020058, 0.104859670043, 0.107311225401, 0.128573713524, 0.711774074204, 0.344706538833, 0.690267936865, 0.371670781846, 0.407990487943, 0.852592148107, 0.870188870066, 0.0672886203285, 0.325094381527, 0.924445884498, 0.403212884954, 0.907248834066, 0.855313827, 0.279819668747, 0.524800954425, 0.506372125061, 0.00128043034404, 0.303329963933, 0.494351060533, 0.970067703571, 0.761829460475, 0.736414739117, 0.334419472226, 0.123990020058, 0.104859670043, 0.107311225401, 0.128573713524, 54.114133282
0.362585816593, 0.271215459405, 0.716086437368, 0.551469010685, 0.296455936406, 0.953176623075, 0.276047101817, 0.515309007576, 0.261404335181, 0.0956318431715, 0.740282221927, 0.340142774623, 0.694720431838, 0.440240236291, 0.257241039198, 0.725781046103, 0.335093547593, 0.999654611482, 0.181834462601, 0.789759088489, 0.661312395693, 0.0958396786995, 0.39638623777, 0.395595710479, 0.184779669113, 0.335722121407, 0.148399960173, 0.362585816593, 0.271215459405, 0.716086437368, 0.551469010685, 0.296455936406, 0.953176623075, 0.276047101817, 46.1893238801
0.130088885507, 0.251474734939, 0.0150170564779, 0.178141745305, 0.515847455311, 0.690321212867, 0.261646977446, 0.103381700995, 0.935601907096, 0.429717619067, 0.583759689318, 0.202384502011, 0.981258170067, 0.443243055034, 0.198537255114, 0.724634560471, 0.410286270844, 0.833522813086, 0.550113552365, 0.172054138182, 0.363697156158, 0.0969438409204, 0.974161802625, 0.167109296799, 0.928350396059, 0.633177927911, 0.0709484141663, 0.130088885507, 0.251474734939, 0.0150170564779, 0.178141745305, 0.515847455311, 0.690321212867, 0.261646977446, 50.8156932539
0.973445587077, 0.277670912549, 0.147895926182, 0.0764231050459, 0.717983119709, 0.8782981939, 0.826226338116, 0.416526611861, 0.472396688393, 0.51207844806, 0.919979816164, 0.462580279668, 0.264178437871, 0.0891834760891, 0.0020814291164, 0.147058127058, 0.68543489665, 0.0772964784488, 0.00692152658763, 0.86789529946, 0.497458867117, 0.0131666250062, 0.807862057336, 0.991408084337, 0.201301095123, 0.98094371819, 0.740575916124, 0.973445587077, 0.277670912549, 0.147895926182, 0.0764231050459, 0.717983119709, 0.8782981939, 0.826226338116, 47.6976307159
0.246332325711, 0.133977206549, 0.908385851736, 0.83138015132, 0.898260157688, 0.0210615977177, 0.07278412925, 0.169274853768, 0.144534695065, 0.245061307447, 0.794533816185, 0.908676486385, 0.41611861205, 0.935074561136, 0.0792771403405, 0.527443259127, 0.80056974294, 0.228378726031, 0.697486925989, 0.491699089411, 0.905524850601, 0.582117752995, 0.924424263683, 0.325685063113, 0.205423536739, 0.968445916986, 0.267428004806, 0.246332325711, 0.133977206549, 0.908385851736, 0.83138015132, 0.898260157688, 0.0210615977177, 0.07278412925, 53.000322022
0.954027003239, 0.194646678589, 0.488658518203, 0.905266760905, 0.318599611189, 0.094125752249, 0.0756149436698, 0.775648032952, 0.770731588303, 0.892633472772, 0.0407383400418, 0.950664819321, 0.011784059207, 0.789278194051, 0.511004979407, 0.383698912204, 0.468392219793, 0.986508364867, 0.00570488697921, 0.775149596835, 0.245276545257, 0.241190133627, 0.237287976412, 0.883098240086, 0.619116006452, 0.0966071998987, 0.131860969642, 0.954027003239, 0.194646678589, 0.488658518203, 0.905266760905, 0.318599611189, 0.094125752249, 0.0756149436698, 50.5208545103
0.218099737282, 0.0669447049845, 0.483744735944, 0.165486384492, 0.930284803306, 0.362635602234, 0.901943717514, 0.446924319658, 0.882024841229, 0.563486075866, 0.391032077333, 0.434587980968, 0.407049235147, 0.0462343110326, 0.376636306539, 0.49465721545, 0.798306741178, 0.306669909648, 0.476123038647, 0.185458103421, 0.531482953459, 0.523459622893, 0.297931138551, 0.197615387574, 0.215632872112, 0.327911883621, 0.160110639781, 0.218099737282, 0.0669447049845, 0.483744735944, 0.165486384492, 0.930284803306, 0.362635602234, 0.901943717514, 44.2491684364
0.130088885507, 0.251474734939, 0.0150170564779, 0.178141745305, 0.145998827828, 0.690321212867, 0.261646977446, 0.103381700995, 0.896848462717, 0.420039964965, 0.583759689318, 0.331601958642, 0.241218344981, 0.745348257417, 0.106712114097, 0.724634560471, 0.324611674165, 0.833522813086, 0.550113552365, 0.172054138182, 0.363697156158, 0.0969438409204, 0.974161802625, 0.154899222247, 0.928350396059, 0.84081814754, 0.931882256065, 0.130088885507, 0.251474734939, 0.0150170564779, 0.178141745305, 0.145998827828, 0.690321212867, 0.261646977446, 52.6206017286
0.694483216888, 0.0834279438503, 0.244457338829, 0.666215323085, 0.153662463458, 0.714010616551, 0.175753867117, 0.554100314786, 0.115916370522, 0.0236048983745, 0.903394138925, 0.77164313677, 0.451083847332, 0.944093907293, 0.227587284763, 0.084641239942, 0.430198048088, 0.0686155290768, 0.259344320864, 0.260084665744, 0.549688496042, 0.529564511199, 0.69616772821, 0.798091621359, 0.248098223541, 0.408182689711, 0.600036400236, 0.694483216888, 0.0834279438503, 0.244457338829, 0.666215323085, 0.153662463458, 0.714010616551, 0.175753867117, 47.3926349469
0.821708092846, 0.0669447049845, 0.483744735944, 0.163567338702, 0.930823220373, 0.362635602234, 0.901943717514, 0.489548762656, 0.882024841229, 0.563570538356, 0.404639398968, 0.434587980968, 0.407049235147, 0.0462343110326, 0.952292539887, 0.490484994594, 0.998281533369, 0.305856439724, 0.479612427452, 0.185458103421, 0.93142348315, 0.523459622893, 0.297322779367, 0.753159014586, 0.159082493496, 0.327911883621, 0.184877781451, 0.821708092846, 0.0669447049845, 0.483744735944, 0.163567338702, 0.930823220373, 0.362635602234, 0.901943717514, 50.2257023148
0.391760812069, 0.941104115504, 0.0150100357002, 0.18504402221, 0.133473870071, 0.528014648389, 0.289278460052, 0.102633646026, 0.198919304374, 0.430903265062, 0.427397083589, 0.781347788229, 0.971817045768, 0.13248314255, 0.999966723263, 0.521058398796, 0.536194847947, 0.581446261714, 0.191452816653, 0.059277694785, 0.363769684822, 0.0500403983661, 0.452979778985, 0.986907549963, 0.92932074055, 0.428680823571, 0.431458161205, 0.391760812069, 0.941104115504, 0.0150100357002, 0.18504402221, 0.133473870071, 0.528014648389, 0.289278460052, 49.9382558133
0.941387356562, 0.402011885062, 0.0853846967639, 0.36632931325, 0.30914257365, 0.927531770948, 0.0883155192268, 0.078343535927, 0.814790802141, 0.761394203398, 0.460625654979, 0.268057619746, 0.510053533367, 0.616530426785, 0.230044439874, 0.909928374155, 0.228020459591, 0.457919347842, 0.704555865954, 0.0285423980706, 0.781065721557, 0.731885476654, 0.0341986197641, 0.521635631439, 0.40188661653, 0.300495301234, 0.290010353221, 0.941387356562, 0.402011885062, 0.0853846967639, 0.36632931325, 0.30914257365, 0.927531770948, 0.0883155192268, 48.0743168719
0.407876510171, 0.193966815373, 0.489981814946, 0.90742861453, 0.127842505483, 0.874204875322, 0.88021307369, 0.190616101166, 0.820476517633, 0.295140070683, 0.40490403347, 0.955714317435, 0.848296142072, 0.724791658523, 0.180343389585, 0.803157877809, 0.469496744149, 0.305359442708, 0.589752908381, 0.77525977743, 0.231105725415, 0.138469394218, 0.238364114742, 0.962986915325, 0.303533018462, 0.298870113445, 0.134324619168, 0.407876510171, 0.193966815373, 0.489981814946, 0.90742861453, 0.127842505483, 0.874204875322, 0.88021307369, 49.6529491565
0.761829460475, 0.736414739117, 0.334419472226, 0.123990020058, 0.104859670043, 0.107605526594, 0.128573713524, 0.587204105021, 0.0889712679303, 0.690267936865, 0.3839375774, 0.407990487943, 0.851647147145, 0.870188870066, 0.661725934729, 0.325094381527, 0.859610379928, 0.398510871953, 0.907248834066, 0.863352881105, 0.279819668747, 0.222199673644, 0.506372125061, 0.000689318571621, 0.0271786953785, 0.565869511147, 0.969837754118, 0.761829460475, 0.736414739117, 0.334419472226, 0.123990020058, 0.104859670043, 0.107605526594, 0.128573713524, 52.889600543
0.528975954746, 0.700361531632, 0.10727268046, 0.915407759632, 0.150079569269, 0.0698745644333, 0.353925885689, 0.142845773613, 0.879664579615, 0.915618927657, 0.454575533231, 0.186666006534, 0.0401507490501, 0.129956639241, 0.528886817147, 0.699671779107, 0.120181020249, 0.864855391137, 0.551118994067, 0.440881890542, 0.342936091952, 0.763028075737, 0.0747338536058, 0.39733709011, 0.953929442054, 0.782034234145, 0.37383663336, 0.528975954746, 0.700361531632, 0.10727268046, 0.915407759632, 0.150079569269, 0.0698745644333, 0.353925885689, 50.0259555944
0.930863048624, 0.920643261516, 0.475479392175, 0.783998886442, 0.00339343768608, 0.356598978313, 0.192308088202, 0.480762407364, 0.622747757929, 0.691917720924, 0.556417158046, 0.421549148239, 0.0865418636559, 0.796655467698, 0.351525700491, 0.496311986795, 0.489657051589, 0.246682545684, 0.484739149945, 0.796536701194, 0.151957152856, 0.501396624468, 0.511053684361, 0.420644894969, 0.352396310942, 0.857791032766, 0.316538630217, 0.930863048624, 0.920643261516, 0.475479392175, 0.783998886442, 0.00339343768608, 0.356598978313, 0.192308088202, 49.630216901
0.107953042708, 0.644614648972, 0.103190177176, 0.854580834551, 0.819580237838, 0.197376866966, 0.405212293837, 0.291034941411, 0.560504155899, 0.00991393694736, 0.419355839902, 0.159980548058, 0.536716701008, 0.744789096944, 0.599515658983, 0.31083455251, 0.283757421215, 0.297270135871, 0.957417126162, 0.36523550465, 0.430537563116, 0.310153548774, 0.120386872223, 0.675688924218, 0.0782879572713, 0.754658455645, 0.82283640346, 0.107953042708, 0.644614648972, 0.103190177176, 0.854580834551, 0.819580237838, 0.197376866966, 0.405212293837, 46.5112159341
0.130088885507, 0.251474734939, 0.0862915997078, 0.459357364625, 0.515847455311, 0.691879412972, 0.964113245064, 0.0668609263937, 0.935601907096, 0.714490015812, 0.583759689318, 0.202384502011, 0.155828524307, 0.443204581644, 0.194720528564, 0.724702988977, 0.410286270844, 0.842029080539, 0.550113552365, 0.172054138182, 0.341571751332, 0.0969438409204, 0.974161802625, 0.160596680963, 0.987976533216, 0.633177927911, 0.0707685324259, 0.130088885507, 0.251474734939, 0.0862915997078, 0.459357364625, 0.515847455311, 0.691879412972, 0.964113245064, 48.7455808176
0.490833784594, 0.102478775207, 0.551856892202, 0.77264594359, 0.615217481458, 0.298894415583, 0.260673183803, 0.451568417772, 0.678186157998, 0.730936948029, 0.029505652965, 0.206378896268, 0.155241337843, 0.917886980183, 0.0334788188883, 0.136219490393, 0.310850495047, 0.821259944204, 0.617632362192, 0.466031615063, 0.344650144068, 0.639194862929, 0.22457221639, 0.0121757349591, 0.0734314309744, 0.928798445172, 0.0389977079947, 0.490833784594, 0.102478775207, 0.551856892202, 0.77264594359, 0.615217481458, 0.298894415583, 0.260673183803, 43.6306522882
0.914739368136, 0.194646678589, 0.997240152934, 0.908356436408, 0.323339885766, 0.094125752249, 0.226971913004, 0.775648032952, 0.770731588303, 0.0355286815103, 0.0493165306064, 0.950664819321, 0.822694925865, 0.798984465145, 0.511004979407, 3.94746071213e-05, 0.124224745801, 0.986508364867, 0.810110625101, 0.775149596835, 0.245276545257, 0.241190133627, 0.237287976412, 0.561633091955, 0.619116006452, 0.0966071998987, 0.131860969642, 0.914739368136, 0.194646678589, 0.997240152934, 0.908356436408, 0.323339885766, 0.094125752249, 0.226971913004, 49.2471931481
0.877404867693, 0.0297145566481, 0.103217229804, 0.319482668573, 0.213322084951, 0.152582730711, 0.189574187951, 0.586517190901, 0.092922226046, 0.963553932873, 0.384033519074, 0.026355305663, 0.216583582888, 0.83329983846, 0.664552347074, 0.0144869560563, 0.859272861635, 0.900873268078, 0.389398846745, 0.606464102041, 0.685265072973, 0.221584875214, 0.298323171093, 0.616971347618, 0.0249344782295, 0.859997039602, 0.745440264025, 0.877404867693, 0.0297145566481, 0.103217229804, 0.319482668573, 0.213322084951, 0.152582730711, 0.189574187951, 51.2755217522
0.797509586421, 0.368851226778, 0.304792633942, 0.607854030804, 0.992376824782, 0.0499219574891, 0.296191896385, 0.0560355165548, 0.0353849263276, 0.585895930957, 0.387245754584, 0.488439935816, 0.754084172773, 0.970783039151, 0.0766660616467, 0.697403039104, 0.991993839679, 0.135100094618, 0.5829228814, 0.736266459519, 0.421870736553, 0.165273788743, 0.070247069248, 0.617373906497, 0.407711568161, 0.636959680525, 0.290461304906, 0.797509586421, 0.368851226778, 0.304792633942, 0.607854030804, 0.992376824782, 0.0499219574891, 0.296191896385, 48.0037629977
0.777631194703, 0.185545751123, 0.932503289901, 0.249612090322, 0.379695160681, 0.315164306975, 0.419470811263, 0.0553928245054, 0.91911913444, 0.731259342747, 0.112437836621, 0.979215623328, 0.76652368778, 0.0371787597481, 0.606474315413, 0.672409017753, 0.0508917977, 0.840728838075, 0.681954723104, 0.384753511711, 0.181998466063, 0.231721092958, 0.85995262227, 0.460725273569, 0.987658493954, 0.13818775229, 0.332528750596, 0.777631194703, 0.185545751123, 0.932503289901, 0.249612090322, 0.379695160681, 0.315164306975, 0.419470811263, 51.1952856487
0.218099737282, 0.920930890758, 0.0908444956849, 0.165486384492, 0.933176454457, 0.362635602234, 0.901943717514, 0.446924319658, 0.882793755996, 0.563486075866, 0.391032077333, 0.434409276551, 0.408446531909, 0.175844248405, 0.376636306539, 0.49465721545, 0.796359797446, 0.306669909648, 0.47509731535, 0.539104329933, 0.363262589622, 0.524778477709, 0.297931138551, 0.197615387574, 0.215632872112, 0.327911883621, 0.183851022553, 0.218099737282, 0.920930890758, 0.0908444956849, 0.165486384492, 0.933176454457, 0.362635602234, 0.901943717514, 45.1566115406
0.358494500331, 0.582951192388, 0.620772578253, 0.194185378413, 0.00740019457029, 0.267702705121, 0.0134353209545, 0.0873646106067, 0.371702228575, 0.249778240564, 0.490047499718, 0.504429476906, 0.482685078033, 0.246638953143, 0.475653187822, 0.177860949346, 0.962693259333, 0.0817900789314, 0.950657943088, 0.436035807278, 0.422215371816, 0.638139289965, 0.878660208073, 0.337479162588, 0.961603915131, 0.994074878794, 0.433884079991, 0.358494500331, 0.582951192388, 0.620772578253, 0.194185378413, 0.00740019457029, 0.267702705121, 0.0134353209545, 52.3200830731
0.0821454860556, 0.0229646018137, 0.144169672209, 0.0303011396918, 0.202941350448, 0.836560426351, 0.790718675464, 0.544547344966, 0.222829055471, 0.689753964332, 0.834482896348, 0.0664089442014, 0.0773683754982, 0.939609028186, 0.398832952766, 0.590817813016, 0.244921213761, 0.452486293246, 0.786194710432, 0.905592082142, 0.166569385325, 0.268732694601, 0.815988692565, 0.778100979117, 0.386270322978, 0.650198061236, 0.499346874555, 0.0821454860556, 0.0229646018137, 0.144169672209, 0.0303011396918, 0.202941350448, 0.836560426351, 0.790718675464, 52.2926595604
0.506689265144, 0.378724408126, 0.814169835662, 0.352648463439, 0.100680809996, 0.472574213124, 0.326676646096, 0.253140543086, 0.313124518795, 0.577972127473, 0.201929576583, 0.530538952689, 0.739506644583, 0.468578643846, 0.980751293372, 0.523672663906, 0.34217622124, 0.00529900310146, 0.667213302867, 0.214419447337, 0.869899632685, 0.561809704256, 0.289959193021, 0.577345518428, 0.92522959221, 0.74301710506, 0.772599339592, 0.506689265144, 0.378724408126, 0.814169835662, 0.352648463439, 0.100680809996, 0.472574213124, 0.326676646096, 53.4413429385
0.299405519182, 0.673774377837, 0.396932489275, 0.237073622029, 0.297873737569, 0.0126051294562, 0.713427150322, 0.956471792814, 0.73914929911, 0.394702903472, 0.767250165132, 0.93584068049, 0.965855989967, 0.00999604971185, 0.399998537179, 0.740601228081, 0.409850254064, 0.234907828688, 0.910986775377, 0.061914837687, 0.0975234747993, 0.385177532299, 0.0114277711177, 0.342587864066, 0.418573057342, 0.800001102013, 0.591477652171, 0.299405519182, 0.673774377837, 0.396932489275, 0.237073622029, 0.297873737569, 0.0126051294562, 0.713427150322, 51.9740272498
0.358127711534, 0.794580541957, 0.293009541471, 0.323621952527, 0.170500671984, 0.0619412681805, 0.0753894565953, 0.8340055702, 0.112241561267, 0.63318996377, 0.303301727831, 0.889907142026, 0.665627330788, 0.533121759413, 0.418034443277, 0.755130139458, 0.259104097671, 0.430829597251, 0.46540531455, 0.773780545258, 0.282638760318, 0.589905159701, 0.83218292565, 0.55571641465, 0.798545495659, 0.655215068337, 0.610059850845, 0.358127711534, 0.794580541957, 0.293009541471, 0.323621952527, 0.170500671984, 0.0619412681805, 0.0753894565953, 56.3384407237
0.946687184526, 0.194646678589, 0.486843155246, 0.150505108579, 0.349807873808, 0.101476205366, 0.558724147341, 0.775648032952, 0.770731588303, 0.980587617604, 0.0500911954152, 0.950664819321, 0.0112132487576, 0.78844598558, 0.824831249842, 0.383698912204, 0.651142500181, 0.990761681387, 0.0259742291722, 0.775149596835, 0.244442138478, 0.386817767896, 0.490058310249, 0.883098240086, 0.619116006452, 0.0839867179939, 0.137739885228, 0.946687184526, 0.194646678589, 0.486843155246, 0.150505108579, 0.349807873808, 0.101476205366, 0.558724147341, 54.395455216
0.60479706574, 0.320890638926, 0.123668908635, 0.96672838136, 0.407069662459, 0.444956976837, 0.599604525794, 0.418481786235, 0.0366030719014, 0.0380404123918, 0.600805816229, 0.0224018293527, 0.581123434912, 0.645448378359, 0.454672312319, 0.13826091811, 0.686853334244, 0.259649909757, 0.58540451926, 0.303405855909, 0.494388907147, 0.566446772034, 0.854104659705, 0.467929171841, 0.273463098349, 0.86912701733, 0.460229053761, 0.60479706574, 0.320890638926, 0.123668908635, 0.96672838136, 0.407069662459, 0.444956976837, 0.599604525794, 47.0287329519
0.85582671542, 0.0197219954617, 0.132881124067, 0.619959787657, 0.374471947817, 0.0235128198313, 0.107728074633, 0.290789532399, 0.135390977986, 0.807915519684, 0.943205149521, 0.980719401205, 0.213782365315, 0.0375769477413, 0.0991831005924, 0.506827916323, 0.89795208415, 0.278478055209, 0.973748014051, 0.548444906237, 0.214277493714, 0.787947192435, 0.245579676405, 0.0621338527394, 0.978442171563, 0.493543534338, 0.410115942878, 0.85582671542, 0.0197219954617, 0.132881124067, 0.619959787657, 0.374471947817, 0.0235128198313, 0.107728074633, 51.0887359985
0.215401727711, 0.451894201598, 0.444429555789, 0.46868144158, 0.952309399826, 0.851521490718, 0.723222954382, 0.446761517728, 0.0338401930042, 0.521332581567, 0.0172608385173, 0.191619241927, 0.206664301891, 0.502357394339, 0.39185010814, 0.0501173075876, 0.796292308014, 0.404126383526, 0.350965334923, 0.400572485391, 0.533570908779, 0.891371387562, 0.624380970736, 0.199516614633, 0.21666930231, 0.205672845035, 0.159937072982, 0.215401727711, 0.451894201598, 0.444429555789, 0.46868144158, 0.952309399826, 0.851521490718, 0.723222954382, 40.9135565657
0.553245650157, 0.775237860182, 0.749637536633, 0.0369009477662, 0.660046687986, 0.367979443944, 0.328946388802, 0.476056784214, 0.696027524061, 0.871636003382, 0.556028063959, 0.666015290735, 0.482380084034, 0.222024926862, 0.0241148283478, 0.172132045702, 0.428656226921, 0.364145203188, 0.530760398349, 0.436492005493, 0.303989375946, 0.968989093004, 0.926778379041, 0.369192102079, 0.442510492747, 0.108217694996, 0.465987112458, 0.553245650157, 0.775237860182, 0.749637536633, 0.0369009477662, 0.660046687986, 0.367979443944, 0.328946388802, 49.4317082494
0.769580855564, 0.65730712618, 0.70792758371, 0.126208574751, 0.708619610539, 0.306054591209, 0.129667651871, 0.101331435341, 0.0259588194253, 0.689708092452, 0.21466071899, 0.40651232638, 0.84585374093, 0.891262249973, 0.213708564133, 0.975841438089, 0.35426109175, 0.985910230567, 0.166769048036, 0.309721211449, 0.564716019497, 0.473517395522, 0.50036073721, 0.348508239984, 0.510296809599, 0.494439653914, 0.117790838336, 0.769580855564, 0.65730712618, 0.70792758371, 0.126208574751, 0.708619610539, 0.306054591209, 0.129667651871, 48.1341539724
0.662770921119, 0.337613312763, 0.824190081728, 0.803001849563, 0.753159850082, 0.441941855324, 0.112343779979, 0.96535921453, 0.692800074037, 0.0989912062056, 0.511117291702, 0.0160519865761, 0.731903031917, 0.647965264402, 0.770483581766, 0.640324711244, 0.233994189091, 0.210990293877, 0.0649231848627, 0.262133597957, 0.331279182953, 0.742740464461, 0.868675667547, 0.686707213743, 0.614459240108, 0.973134872349, 0.306420929628, 0.662770921119, 0.337613312763, 0.824190081728, 0.803001849563, 0.753159850082, 0.441941855324, 0.112343779979, 52.1215631137
0.102728395631, 0.900309626025, 0.501434813218, 0.843713213889, 0.478546128615, 0.0849010028454, 0.649163813852, 0.755042952847, 0.893672682571, 0.0774349875774, 0.384903894786, 0.360637089803, 0.974339866017, 0.267036168246, 0.416338310356, 0.677350846367, 0.943918294764, 0.775961941405, 0.669237602294, 0.251396514099, 0.981016211625, 0.264509054432, 0.65325359275, 0.347932296233, 0.115048281199, 0.127701869859, 0.789248059285, 0.102728395631, 0.900309626025, 0.501434813218, 0.843713213889, 0.478546128615, 0.0849010028454, 0.649163813852, 53.7134935612
0.432805304636, 0.777600574539, 0.0200472625966, 0.198526304075, 0.498050935267, 0.483994519934, 0.878368120983, 0.971614138876, 0.697785265568, 0.240326856096, 0.295516726036, 0.3716553162, 0.797519421182, 0.263261387217, 0.544386772572, 0.168412911629, 0.416694572556, 0.209867555964, 0.857794695825, 0.903912883666, 0.156848866555, 0.26038912636, 0.431212731726, 0.796697106454, 0.246606999252, 0.980264180487, 0.790367942292, 0.432805304636, 0.777600574539, 0.0200472625966, 0.198526304075, 0.498050935267, 0.483994519934, 0.878368120983, 52.6784854358
0.285905786105, 0.0484363937494, 0.334835578121, 0.554799679909, 0.641042974186, 0.0767580928778, 0.543091869131, 0.877839647905, 0.937582244573, 0.0649323227957, 0.89817891519, 0.729625871625, 0.80502776925, 0.189223746434, 0.273913459837, 0.922203693824, 0.66097605711, 0.480262582446, 0.216637388008, 0.991039280701, 0.759202429081, 0.969499545779, 0.0446146676372, 0.639667678486, 0.637040487109, 0.596429983367, 0.794304902794, 0.285905786105, 0.0484363937494, 0.334835578121, 0.554799679909, 0.641042974186, 0.0767580928778, 0.543091869131, 60.5975139489
0.358073692071, 0.297235029511, 0.250324532149, 0.37039699707, 0.14949383781, 0.0228723127703, 0.379213040499, 0.366601664132, 0.328039745984, 0.835513133681, 0.788060363127, 0.333613832357, 0.236053390162, 0.474560990451, 0.106085404187, 0.70744744173, 0.324696188089, 0.462760431863, 0.932789030942, 0.565231929964, 0.904919919223, 0.213590351508, 0.879792986394, 0.604182079254, 0.10929423634, 0.8417376946, 0.935808234688, 0.358073692071, 0.297235029511, 0.250324532149, 0.37039699707, 0.14949383781, 0.0228723127703, 0.379213040499, 55.0132960265
0.409548466402, 0.0796091559599, 0.365402185853, 0.919091970431, 0.774429468847, 0.809576250481, 0.0133219427676, 0.159146453272, 0.691324275528, 0.899948833338, 0.488614713505, 0.222407092015, 0.858189681557, 0.753718613087, 0.817261388486, 0.971566706245, 0.904841162672, 0.309873704097, 0.462238339701, 0.548773275321, 0.481748133362, 0.83916544263, 0.595839076179, 0.225854058608, 0.477951902004, 0.968619878106, 0.987807646897, 0.409548466402, 0.0796091559599, 0.365402185853, 0.919091970431, 0.774429468847, 0.809576250481, 0.0133219427676, 60.3854844891
0.407876510171, 0.279686103916, 0.641849498087, 0.846148300471, 0.127842505483, 0.874204875322, 0.861424807409, 0.187802741839, 0.820476517633, 0.299737209272, 0.40477402908, 0.127989249287, 0.848296142072, 0.724791658523, 0.191916071969, 0.803157877809, 0.0627484937155, 0.305359442708, 0.574432998608, 0.705940344015, 0.231105725415, 0.138469394218, 0.0516165911988, 0.964021378143, 0.303533018462, 0.29789891326, 0.44246501817, 0.407876510171, 0.279686103916, 0.641849498087, 0.846148300471, 0.127842505483, 0.874204875322, 0.861424807409, 45.350098654
0.38838857395, 0.78312942792, 0.299170615536, 0.170229875701, 0.176040859266, 0.915329835746, 0.504384114544, 0.836405562063, 0.375810437184, 0.985924302884, 0.30707134214, 0.208751997147, 0.664977928991, 0.145201886744, 0.390973357186, 0.758257178418, 0.998315302576, 0.615065546534, 0.443742578766, 0.747548531055, 0.110298575785, 0.261795618927, 0.847260297501, 0.502345469975, 0.993448673474, 0.80717402376, 0.726931642227, 0.38838857395, 0.78312942792, 0.299170615536, 0.170229875701, 0.176040859266, 0.915329835746, 0.504384114544, 57.2414239266
0.100591722927, 0.896788463181, 0.501434813218, 0.558601287112, 0.478297078708, 0.0878780045239, 0.658295188423, 0.755042952847, 0.169150401492, 0.928678505528, 0.96781138871, 0.833052859335, 0.963119491953, 0.267036168246, 0.889460283502, 0.885068473555, 0.944593709686, 0.775961941405, 0.677201683061, 0.251396514099, 0.981016211625, 0.264509054432, 0.357895124467, 0.944846233602, 0.114015302904, 0.127701869859, 0.173708222369, 0.100591722927, 0.896788463181, 0.501434813218, 0.558601287112, 0.478297078708, 0.0878780045239, 0.658295188423, 59.5584729842
0.345538672092, 0.65730712618, 0.794262798381, 0.309842398409, 0.707500241576, 0.29078623044, 0.253440631531, 0.101331435341, 0.0259588194253, 0.898399158071, 0.608684800566, 0.705342862375, 0.848494674454, 0.0918922267477, 0.207787507832, 0.975841438089, 0.353021464945, 0.26726112987, 0.16015447977, 0.339377653925, 0.567876535856, 0.473517395522, 0.815728149999, 0.348508239984, 0.510296809599, 0.581195500658, 0.117790838336, 0.345538672092, 0.65730712618, 0.794262798381, 0.309842398409, 0.707500241576, 0.29078623044, 0.253440631531, 47.4938457098
0.877465314674, 0.726343449533, 0.994168004556, 0.191669495239, 0.00866365583144, 0.659802060827, 0.292724274476, 0.477871123531, 0.341783433248, 0.248098762297, 0.380374276192, 0.550281330268, 0.802845967726, 0.799358704506, 0.655339217699, 0.180984815882, 0.942356886738, 0.0868974938287, 0.316332068002, 0.78464913436, 0.51169181256, 0.638527709833, 0.661231132267, 0.33799949946, 0.461795301257, 0.0124556440596, 0.418351020797, 0.877465314674, 0.726343449533, 0.994168004556, 0.191669495239, 0.00866365583144, 0.659802060827, 0.292724274476, 49.533436286
0.778864925095, 0.673774377837, 0.396932489275, 0.237073622029, 0.406737694933, 0.0228581178695, 0.598457371533, 0.923210822516, 0.73914929911, 0.0369813343758, 0.773228411771, 0.93584068049, 0.443307176091, 0.00999604971185, 0.399998537179, 0.740601228081, 0.680872575444, 0.234323701795, 0.588351576963, 0.0632905021603, 0.524413997579, 0.385177532299, 0.454696634722, 0.342587864066, 0.418573057342, 0.800001102013, 0.591477652171, 0.778864925095, 0.673774377837, 0.396932489275, 0.237073622029, 0.406737694933, 0.0228581178695, 0.598457371533, 51.6489894602
0.602721770498, 0.337433188778, 0.827649241458, 0.0207705951743, 0.0998654867291, 0.441615605749, 0.58337020366, 0.421222946959, 0.693087326373, 0.997971186098, 0.0449525346161, 0.201877913251, 0.581390713019, 0.64662157628, 0.338980961836, 0.640324711244, 0.381864969585, 0.563589621157, 0.105574996282, 0.262133597957, 0.331279182953, 0.0385415425416, 0.859947237922, 0.708973477337, 0.0602652768785, 0.210692967507, 0.0800995489867, 0.602721770498, 0.337433188778, 0.827649241458, 0.0207705951743, 0.0998654867291, 0.441615605749, 0.58337020366, 44.9136967672
0.868788344161, 0.0393336284066, 0.333467931369, 0.554799679909, 0.637086299382, 0.0199934774867, 0.545781857561, 0.877990014785, 0.970990065565, 0.0649323227957, 0.89817891519, 0.729625871625, 0.27395320314, 0.189223746434, 0.278698216941, 0.913498538952, 0.66097605711, 0.877144570698, 0.216637388008, 0.729330908491, 0.759202429081, 0.969499545779, 0.281839972941, 0.246581204076, 0.637040487109, 0.596429983367, 0.403124918555, 0.868788344161, 0.0393336284066, 0.333467931369, 0.554799679909, 0.637086299382, 0.0199934774867, 0.545781857561, 57.0689123057
0.738664370588, 0.04247554618, 0.334423002202, 0.136612493223, 0.637750639861, 0.990595927863, 0.201765299778, 0.711249554097, 0.950933194448, 0.875398838897, 0.613330321468, 0.918860302205, 0.76160089174, 0.602570550002, 0.655528227862, 0.922756762498, 0.669834021165, 0.540718149843, 0.221856007056, 0.984779711252, 0.770080088554, 0.964913862822, 0.147471530868, 0.872666197281, 0.443590012731, 0.409751623418, 0.790886384129, 0.738664370588, 0.04247554618, 0.334423002202, 0.136612493223, 0.637750639861, 0.990595927863, 0.201765299778, 64.8437903045
0.491439882687, 0.560544869405, 0.761919403165, 0.225758690587, 0.678673038834, 0.718949707823, 0.260223103366, 0.467507530812, 0.855200158346, 0.693810043688, 0.0442396524273, 0.571951108869, 0.0343994630704, 0.476117780602, 0.237384850539, 0.707287189103, 0.380571774107, 0.286403933014, 0.685691420668, 0.459672643779, 0.366179655332, 0.639507437913, 0.852816974073, 0.0497220352979, 0.433994741616, 0.337010004821, 0.715359750966, 0.491439882687, 0.560544869405, 0.761919403165, 0.225758690587, 0.678673038834, 0.718949707823, 0.260223103366, 48.6473688359
0.107953042708, 0.649146852757, 0.107240400399, 0.854580834551, 0.812799750957, 0.197376866966, 0.40096399448, 0.291034941411, 0.56367453159, 0.909070076977, 0.419355839902, 0.978118555711, 0.536716701008, 0.744789096944, 0.599515658983, 0.31083455251, 0.283757421215, 0.301358705839, 0.957417126162, 0.36523550465, 0.430537563116, 0.31090133339, 0.251431094684, 0.404762249898, 0.0782879572713, 0.775064195673, 0.82283640346, 0.107953042708, 0.649146852757, 0.107240400399, 0.854580834551, 0.812799750957, 0.197376866966, 0.40096399448, 52.1980499873
0.514821675539, 0.732236629735, 0.10752703731, 0.876647128128, 0.150079569269, 0.0698745644333, 0.631702043689, 0.13648336086, 0.866002825965, 0.915618927657, 0.473566654413, 0.969004278883, 0.0467715148142, 0.905048395015, 0.577087091165, 0.634040733738, 0.860441144675, 0.812170650605, 0.384299830663, 0.439615516422, 0.66799952564, 0.768295726915, 0.298967352602, 0.403861386714, 0.953929442054, 0.859433584357, 0.377899176206, 0.514821675539, 0.732236629735, 0.10752703731, 0.876647128128, 0.150079569269, 0.0698745644333, 0.631702043689, 59.5613050087
0.155632199499, 0.511124296874, 0.243333491864, 0.416653356436, 0.684951234695, 0.108678295757, 0.545449828435, 0.868216007211, 0.371699843358, 0.0646842699769, 0.00162857487685, 0.933266098602, 0.422720681604, 0.0542182458278, 0.820081535682, 0.355000083861, 0.0234508558337, 0.121998466525, 0.820256742948, 0.352178496614, 0.843030039533, 0.411727553556, 0.423606238183, 0.402905708779, 0.435723650708, 0.545686767552, 0.248070072166, 0.155632199499, 0.511124296874, 0.243333491864, 0.416653356436, 0.684951234695, 0.108678295757, 0.545449828435, 46.3103240005
0.395939716804, 0.563687298267, 0.296852678018, 0.318862194333, 0.53854845106, 0.195646491476, 0.519190640784, 0.156655570028, 0.111357020925, 0.226221546269, 0.451275946449, 0.890228899616, 0.66425495403, 0.0999575446113, 0.408092398285, 0.960758699723, 0.185688314594, 0.438458208304, 0.458767847343, 0.734441547298, 0.901316325151, 0.594313257291, 0.832202837856, 0.437007607361, 0.710731880046, 0.709227058075, 0.266578088809, 0.395939716804, 0.563687298267, 0.296852678018, 0.318862194333, 0.53854845106, 0.195646491476, 0.519190640784, 52.5497372927
0.118176418832, 0.338900814292, 0.824190081728, 0.800945442747, 0.848449705939, 0.126319453773, 0.11632746703, 0.96535921453, 0.692800074037, 0.504632850279, 0.511117291702, 0.0160571661882, 0.804074544248, 0.647965264402, 0.778762402969, 0.642366816611, 0.234881508938, 0.217639801613, 0.068137621088, 0.208486435053, 0.320296761952, 0.742740464461, 0.868675667547, 0.687424152698, 0.614459240108, 0.658778802784, 0.30269731796, 0.118176418832, 0.338900814292, 0.824190081728, 0.800945442747, 0.848449705939, 0.126319453773, 0.11632746703, 52.5030978924
0.387890034987, 0.781443032409, 0.57254816531, 0.335604418961, 0.569149399469, 0.975950237107, 0.776213182108, 0.0223561154858, 0.990311386843, 0.962805835817, 0.904119022937, 0.550312102459, 0.827053774279, 0.417876070142, 0.035342635303, 0.622261042334, 0.799017973361, 0.168151810746, 0.708934100123, 0.611030613728, 0.574254588612, 0.13098890643, 0.621379692452, 0.0975675170151, 0.000253795017669, 0.245416581839, 0.449765705984, 0.387890034987, 0.781443032409, 0.57254816531, 0.335604418961, 0.569149399469, 0.975950237107, 0.776213182108, 50.068599406
0.874993505206, 0.0197219954617, 0.132881124067, 0.607907833833, 0.78795366835, 0.0129682834725, 0.0976082548422, 0.284175066364, 0.134953162409, 0.811879563337, 0.943205149521, 0.971302763189, 0.213782365315, 0.538735670519, 0.732887802978, 0.510334246455, 0.89795208415, 0.295657800132, 0.0030596221661, 0.320085013285, 0.22521087391, 0.777703611181, 0.250920449163, 0.0621338527394, 0.0615378330973, 0.0559345111008, 0.602979010858, 0.874993505206, 0.0197219954617, 0.132881124067, 0.607907833833, 0.78795366835, 0.0129682834725, 0.0976082548422, 46.5446811528
0.973445587077, 0.277670912549, 0.147895926182, 0.0764231050459, 0.717983119709, 0.8782981939, 0.659919729923, 0.414032191237, 0.170925222689, 0.51207844806, 0.919979816164, 0.462580279668, 0.970276707027, 0.0891834760891, 0.00798510705301, 0.890351482239, 0.68543489665, 0.0772964784488, 0.00692152658763, 0.863677276257, 0.497458867117, 0.0131666250062, 0.807862057336, 0.990377169648, 0.201301095123, 0.128644560449, 0.740575916124, 0.973445587077, 0.277670912549, 0.147895926182, 0.0764231050459, 0.717983119709, 0.8782981939, 0.659919729923, 48.9399735284
0.432805304636, 0.768973258506, 0.015887975654, 0.198526304075, 0.498050935267, 0.483994519934, 0.878368120983, 0.966302618724, 0.697785265568, 0.802032811297, 0.302623007714, 0.3716553162, 0.797519421182, 0.263261387217, 0.544386772572, 0.168412911629, 0.416626394339, 0.209867555964, 0.857794695825, 0.911001886823, 0.156848866555, 0.26038912636, 0.431212731726, 0.657221701181, 0.239378461517, 0.86139612681, 0.790365144553, 0.432805304636, 0.768973258506, 0.015887975654, 0.198526304075, 0.498050935267, 0.483994519934, 0.878368120983, 53.7757570459
0.797509586421, 0.368851226778, 0.120149624933, 0.610171979664, 0.992376824782, 0.0499219574891, 0.295006662167, 0.0562451454272, 0.0431607561627, 0.585895930957, 0.387245754584, 0.498183170937, 0.0470825938524, 0.942400184943, 0.0766660616467, 0.697403039104, 0.119139939368, 0.143165546566, 0.5829228814, 0.441420717581, 0.348512816552, 0.165273788743, 0.0746053574842, 0.617373906497, 0.407459139119, 0.636959680525, 0.290461304906, 0.797509586421, 0.368851226778, 0.120149624933, 0.610171979664, 0.992376824782, 0.0499219574891, 0.295006662167, 41.1142183237
0.954027003239, 0.194646678589, 0.488658518203, 0.349757075155, 0.318599611189, 0.0960629580558, 0.0756149436698, 0.775648032952, 0.747160604094, 0.897923098288, 0.0395702117322, 0.950664819321, 0.011784059207, 0.971124124689, 0.0658974275888, 0.467426758251, 0.468392219793, 0.986508364867, 0.701877713479, 0.775149596835, 0.606715066367, 0.584723920478, 0.823406832869, 0.883098240086, 0.619116006452, 0.0966071998987, 0.131860969642, 0.954027003239, 0.194646678589, 0.488658518203, 0.349757075155, 0.318599611189, 0.0960629580558, 0.0756149436698, 57.1726811971
0.389075231658, 0.321982664957, 0.0141650132723, 0.727163280922, 0.345813493523, 0.194201422328, 0.504994097097, 0.835648703652, 0.633695176047, 0.729625553634, 0.306531822553, 0.210230337023, 0.662558192105, 0.42665171852, 0.388805992126, 0.720036942924, 0.987210376289, 0.0718689754102, 0.441405997583, 0.876400942134, 0.813973457933, 0.442589532462, 0.443008347381, 0.580197693423, 0.427309709647, 0.255963617044, 0.538177733654, 0.389075231658, 0.321982664957, 0.0141650132723, 0.727163280922, 0.345813493523, 0.194201422328, 0.504994097097, 54.339918895
0.459872494457, 0.102745606997, 0.541144895605, 0.789528970449, 0.615279844295, 0.135462802131, 0.609845572309, 0.368897620352, 0.192660401421, 0.448465049477, 0.540574004923, 0.990382851567, 0.162408618017, 0.977063491397, 0.0309781267636, 0.627886532778, 0.31158613253, 0.813212818678, 0.615763178482, 0.157535754879, 0.943148095348, 0.358153317615, 0.234106249065, 0.206848831816, 0.0575040510239, 0.00779039285796, 0.848275561332, 0.459872494457, 0.102745606997, 0.541144895605, 0.789528970449, 0.615279844295, 0.135462802131, 0.609845572309, 47.4996546779
0.943788979635, 0.511124296874, 0.234359707209, 0.0136178141745, 0.737671143036, 0.463232259924, 0.647731224675, 0.867308460732, 0.397679477515, 0.0611030596511, 0.00779064719136, 0.930700607631, 0.327050478442, 0.477523549721, 0.468424119628, 0.351868574841, 0.343345661748, 0.428335087304, 0.819396747813, 0.214706026262, 0.725613614393, 0.551363301773, 0.287380049334, 0.702482912711, 0.417897766124, 0.742301802818, 0.828960767289, 0.943788979635, 0.511124296874, 0.234359707209, 0.0136178141745, 0.737671143036, 0.463232259924, 0.647731224675, 51.0800560902
0.388024586195, 0.765178916605, 0.696330025351, 0.311022544882, 0.781225374572, 0.882327417336, 0.371233886298, 0.260701794673, 0.325417431991, 0.958136046337, 0.758803907077, 0.297067023511, 0.168633931431, 0.43382479388, 0.540827784712, 0.076833591117, 0.612897752044, 0.253656752383, 0.582205859045, 0.128735818217, 0.39249115948, 0.513977145131, 0.31399470116, 0.207606069382, 0.618438366845, 0.271251036523, 0.256970296438, 0.388024586195, 0.765178916605, 0.696330025351, 0.311022544882, 0.781225374572, 0.882327417336, 0.371233886298, 43.5641374438
0.49412504849, 0.751094121816, 0.735481035867, 0.039408656275, 0.33684687947, 0.381869815661, 0.328375767336, 0.488207371588, 0.22773854057, 0.325134616456, 0.354060339687, 0.666015290735, 0.558129411032, 0.459374365007, 0.278851432706, 0.931198902249, 0.258784327039, 0.362564911175, 0.799419644795, 0.649512251965, 0.689364924291, 0.964426922554, 0.926778379041, 0.579797731662, 0.79550031745, 0.650598765779, 0.602499285603, 0.49412504849, 0.751094121816, 0.735481035867, 0.039408656275, 0.33684687947, 0.381869815661, 0.328375767336, 56.8829401935
0.488582163048, 0.269165183376, 0.5515763952, 0.766875576189, 0.0995275644404, 0.951923336874, 0.8351917482, 0.517394888032, 0.694688681252, 0.518664998599, 0.0442532119394, 0.124314262821, 0.227880337805, 0.915509238481, 0.336614723348, 0.831335341452, 0.235976470142, 0.296001451994, 0.826033261811, 0.462363176354, 0.631336678319, 0.639194862929, 0.398649761373, 0.395813754743, 0.601507841065, 0.928798445172, 0.310143535459, 0.488582163048, 0.269165183376, 0.5515763952, 0.766875576189, 0.0995275644404, 0.951923336874, 0.8351917482, 50.7234720111
0.87548221097, 0.335059459962, 0.119722362001, 0.614403765636, 0.507009998489, 0.0195074462837, 0.0991773172096, 0.266666396361, 0.503062105952, 0.77133135792, 0.661027602293, 0.914403340311, 0.282314382662, 0.380575618664, 0.0995328976793, 0.506936357432, 0.898942816709, 0.879067855295, 0.224320401601, 0.743147172167, 0.214283742967, 0.795033502051, 0.285849475198, 0.245373254966, 0.702994382022, 0.86608244699, 0.408258999921, 0.87548221097, 0.335059459962, 0.119722362001, 0.614403765636, 0.507009998489, 0.0195074462837, 0.0991773172096, 53.7459196433
0.345538672092, 0.65606049438, 0.794262798381, 0.309842398409, 0.992445195258, 0.0479872733582, 0.253440631531, 0.0560625635715, 0.0259588194253, 0.88970581444, 0.608684800566, 0.489919156724, 0.851497600795, 0.0951986658305, 0.076049293443, 0.975841438089, 0.993063693094, 0.26726112987, 0.16015447977, 0.741253877395, 0.567876535856, 0.473517395522, 0.815728149999, 0.348508239984, 0.511382670426, 0.581195500658, 0.117790838336, 0.345538672092, 0.65606049438, 0.794262798381, 0.309842398409, 0.992445195258, 0.0479872733582, 0.253440631531, 49.8441190928
0.821708092846, 0.0669447049845, 0.483744735944, 0.163567338702, 0.327407091435, 0.364735276466, 0.803409564673, 0.476983472702, 0.882024841229, 0.563570538356, 0.404639398968, 0.420287866259, 0.403657536441, 0.398963440055, 0.952292539887, 0.489626818478, 0.998281533369, 0.305856439724, 0.480002082628, 0.794281644906, 0.93142348315, 0.495523353906, 0.297322779367, 0.207439872497, 0.0507122114601, 0.327911883621, 0.161341908187, 0.821708092846, 0.0669447049845, 0.483744735944, 0.163567338702, 0.327407091435, 0.364735276466, 0.803409564673, 51.2713016491
0.72107309039, 0.702770634302, 0.413020037466, 0.242761942176, 0.380831793831, 0.198351336589, 0.31686017022, 0.0588369945809, 0.730915663305, 0.991706283688, 0.987485445361, 0.122255917401, 0.434533960558, 0.849969910336, 0.64492874549, 0.196756381183, 0.0492937468759, 0.800865423866, 0.676202045659, 0.417449777789, 0.185743474599, 0.221727509196, 0.688969438315, 0.492664180563, 0.477757915146, 0.0755978154031, 0.759517680831, 0.72107309039, 0.702770634302, 0.413020037466, 0.242761942176, 0.380831793831, 0.198351336589, 0.31686017022, 50.7827119579
0.488499555219, 0.269165183376, 0.5515763952, 0.781026418955, 0.0995275644404, 0.951978971502, 0.260673183803, 0.517394888032, 0.666242740705, 0.0530780614392, 0.0442532119394, 0.124314262821, 0.227880337805, 0.915509238481, 0.335076430448, 0.831335341452, 0.381044909033, 0.296001451994, 0.831646692796, 0.462363176354, 0.631336678319, 0.639194862929, 0.398649761373, 0.394716070978, 0.0743488289333, 0.928798445172, 0.723181377682, 0.488499555219, 0.269165183376, 0.5515763952, 0.781026418955, 0.0995275644404, 0.951978971502, 0.260673183803, 49.3271488051
0.357020375578, 0.297235029511, 0.250790709928, 0.37039699707, 0.14949383781, 0.0228723127703, 0.379213040499, 0.366601664132, 0.322497486269, 0.836897783667, 0.788060363127, 0.33126804491, 0.236053390162, 0.743309680167, 0.106085404187, 0.128178356864, 0.324696188089, 0.462760431863, 0.932789030942, 0.947935914865, 0.90248727363, 0.213975341928, 0.831329347537, 0.60562621472, 0.105515828928, 0.8417376946, 0.933799727534, 0.357020375578, 0.297235029511, 0.250790709928, 0.37039699707, 0.14949383781, 0.0228723127703, 0.379213040499, 55.0514684154
