0.121362356522, 0.843693424987, 93.5511249453, 0.556263280163, 61.9857657696, 1.00365331444, 0.0701413307609, 0.787988835453, 7.69174372455, 1288.24818202, 0.0141625994505, 0.6
0.121362356522, 0.843693424987, 93.5511249453, 0.556263280163, 61.9857657696, 1.00365331444, 0.0701413307609, 0.787988835453, 7.69174372455, 1288.24818202, 0.0141625994505, 0.6
0.122982552161, 0.820456057947, 94.3199111525, 0.467445788075, 91.2444188819, 1.02866382231, 0.541036282887, 4.00442468896, 7.88074483924, 1433.54037173, 0.00349029586748, 0.0
0.122982552161, 0.820456057947, 94.3199111525, 0.467445788075, 91.2444188819, 1.02866382231, 0.541036282887, 4.00442468896, 7.88074483924, 1433.54037173, 0.00349029586748, 0.0
0.672184670818, 0.82089527912, 90.9587755563, 0.689986341221, 14.3226635046, 35.7221039306, 0.383291155998, 0.238424989521, 6.1923005098, 971.71167067, 0.343336891377, 0.0
0.672184670818, 0.82089527912, 90.9587755563, 0.689986341221, 14.3226635046, 35.7221039306, 0.383291155998, 0.238424989521, 6.1923005098, 971.71167067, 0.343336891377, 0.0
0.110215826419, 1.11773370618, 80.3328863004, 0.40758001159, 54.6078834243, 2.649164082, 0.297122509331, 2.62956444424, 17.241569083, 8767.2868366, 0.0050358728514, 0.2
0.110215826419, 1.11773370618, 80.3328863004, 0.40758001159, 54.6078834243, 2.649164082, 0.297122509331, 2.62956444424, 17.241569083, 8767.2868366, 0.0050358728514, 0.2
0.500155809483, 0.82229451225, 81.7050331006, 0.650507448568, 24.9426887897, 9.55061640915, 0.753108701923, 0.0492457999167, 4.09821127596, 1768.64804065, 0.251108309246, 0.0
0.500155809483, 0.82229451225, 81.7050331006, 0.650507448568, 24.9426887897, 9.55061640915, 0.753108701923, 0.0492457999167, 4.09821127596, 1768.64804065, 0.251108309246, 0.0
0.122982552161, 0.820456057947, 84.8510286259, 0.562050620444, 91.2444188819, 4.76345425709, 0.102372303937, 4.00442468896, 7.88074483924, 1785.94958334, 0.0196390433324, 0.111111111111
0.122982552161, 0.820456057947, 84.8510286259, 0.562050620444, 91.2444188819, 4.76345425709, 0.102372303937, 4.00442468896, 7.88074483924, 1785.94958334, 0.0196390433324, 0.111111111111
0.105364778733, 0.82017949244, 94.9850262644, 0.467445788075, 25.3985081727, 1.40292783882, 0.541036282887, 4.00442468896, 7.88074483924, 1615.0492592, 0.00790871003058, 0.125
0.105364778733, 0.82017949244, 94.9850262644, 0.467445788075, 25.3985081727, 1.40292783882, 0.541036282887, 4.00442468896, 7.88074483924, 1615.0492592, 0.00790871003058, 0.125
0.105580911651, 0.82051819464, 91.0355832375, 0.507521876332, 61.9857657696, 1.01115386969, 0.5260113527, 0.0734803818339, 11.16252039, 1571.57121146, 0.0181414881391, 0.611111111111
0.105580911651, 0.82051819464, 91.0355832375, 0.507521876332, 61.9857657696, 1.01115386969, 0.5260113527, 0.0734803818339, 11.16252039, 1571.57121146, 0.0181414881391, 0.611111111111
0.191067290282, 0.821457452027, 85.3843415632, 0.567434577167, 84.5381820169, 2.09237090875, 0.297122509331, 1.66886098502, 17.241569083, 1970.18600875, 0.0282100113131, 0.0
0.191067290282, 0.821457452027, 85.3843415632, 0.567434577167, 84.5381820169, 2.09237090875, 0.297122509331, 1.66886098502, 17.241569083, 1970.18600875, 0.0282100113131, 0.0
0.105364778733, 0.820456057947, 94.9562136452, 0.467445788075, 25.3985081727, 1.40292783882, 0.541036282887, 4.00442468896, 7.88074483924, 2287.57240538, 0.00557593942138, 0.0
0.105364778733, 0.820456057947, 94.9562136452, 0.467445788075, 25.3985081727, 1.40292783882, 0.541036282887, 4.00442468896, 7.88074483924, 2287.57240538, 0.00557593942138, 0.0
0.121362356522, 0.83793369863, 93.5511249453, 0.556263280163, 66.8885551806, 1.01823112193, 0.0701413307609, 0.0687661927666, 7.69174372455, 2141.66468458, 0.00590343690328, 0.0
0.121362356522, 0.83793369863, 93.5511249453, 0.556263280163, 66.8885551806, 1.01823112193, 0.0701413307609, 0.0687661927666, 7.69174372455, 2141.66468458, 0.00590343690328, 0.0
0.122982552161, 0.820456057947, 94.3199111525, 0.467445788075, 91.2444188819, 1.02866382231, 0.541036282887, 4.75413011991, 7.88074483924, 1816.08485095, 0.0090842809262, 0.5
0.122982552161, 0.820456057947, 94.3199111525, 0.467445788075, 91.2444188819, 1.02866382231, 0.541036282887, 4.75413011991, 7.88074483924, 1816.08485095, 0.0090842809262, 0.5
0.273973442341, 0.850010936151, 80.3328863004, 0.585082381312, 79.2011951704, 1.62830431338, 0.844881571658, 0.0810871882554, 15.9372371393, 1683.80642595, 0.0524723153086, 0.222222222222
0.273973442341, 0.850010936151, 80.3328863004, 0.585082381312, 79.2011951704, 1.62830431338, 0.844881571658, 0.0810871882554, 15.9372371393, 1683.80642595, 0.0524723153086, 0.222222222222
0.141735376139, 0.836829189241, 87.8872803819, 0.670350546467, 84.5381820169, 1.0096916591, 0.247410918446, 0.578620356025, 16.9104799303, 1751.6475661, 0.0110152046005, 0.333333333333
0.141735376139, 0.836829189241, 87.8872803819, 0.670350546467, 84.5381820169, 1.0096916591, 0.247410918446, 0.578620356025, 16.9104799303, 1751.6475661, 0.0110152046005, 0.333333333333
0.462352260866, 0.828006681676, 85.23210523, 0.579457539246, 97.7388283183, 44.0516512396, 0.297122509331, 4.23753992778, 17.241569083, 1991.31952555, 0.58086491847, 0.125
0.462352260866, 0.828006681676, 85.23210523, 0.579457539246, 97.7388283183, 44.0516512396, 0.297122509331, 4.23753992778, 17.241569083, 1991.31952555, 0.58086491847, 0.125
0.122982552161, 0.880263891991, 94.9562136452, 0.467445788075, 4.78765908726, 1.46701640342, 1.93599564365, 4.43840238012, 1.09012468661, 4002.87942812, 0.00630330143825, 0.19512195122
0.122982552161, 0.880263891991, 94.9562136452, 0.467445788075, 4.78765908726, 1.46701640342, 1.93599564365, 4.43840238012, 1.09012468661, 4002.87942812, 0.00630330143825, 0.19512195122
0.122982552161, 0.820456057947, 84.8510286259, 0.467445788075, 91.2444188819, 1.16101766285, 0.541036282887, 4.21940295083, 7.88074483924, 2145.52673421, 0.0202446668106, 0.3
0.122982552161, 0.820456057947, 84.8510286259, 0.467445788075, 91.2444188819, 1.16101766285, 0.541036282887, 4.21940295083, 7.88074483924, 2145.52673421, 0.0202446668106, 0.3
0.154241136103, 0.844176164497, 80.7154855977, 0.495601371013, 16.4719654536, 41.8107641602, 0.597894923911, 1.63025883906, 12.829861151, 2150.35496296, 0.415958046186, 0.111111111111
0.154241136103, 0.844176164497, 80.7154855977, 0.495601371013, 16.4719654536, 41.8107641602, 0.597894923911, 1.63025883906, 12.829861151, 2150.35496296, 0.415958046186, 0.111111111111
0.121362356522, 0.850010936151, 93.5511249453, 0.556263280163, 61.9857657696, 1.01637090614, 1.15786262673, 0.0734803818339, 8.43290530424, 4182.40088373, 0.0063902133474, 0.0
0.121362356522, 0.850010936151, 93.5511249453, 0.556263280163, 61.9857657696, 1.01637090614, 1.15786262673, 0.0734803818339, 8.43290530424, 4182.40088373, 0.0063902133474, 0.0
0.122982552161, 0.820338101092, 84.8510286259, 0.467445788075, 91.2444188819, 4.60748527045, 0.541036282887, 4.21940295083, 7.88074483924, 2201.07024834, 0.00697915688985, 0.0
0.122982552161, 0.820338101092, 84.8510286259, 0.467445788075, 91.2444188819, 4.60748527045, 0.541036282887, 4.21940295083, 7.88074483924, 2201.07024834, 0.00697915688985, 0.0
0.500155809483, 0.82229451225, 81.9583933744, 0.650507448568, 61.1021713532, 17.9899069395, 0.753108701923, 0.0492457999167, 4.09821127596, 2126.89240128, 0.355258981516, 0.294117647059
0.500155809483, 0.82229451225, 81.9583933744, 0.650507448568, 61.1021713532, 17.9899069395, 0.753108701923, 0.0492457999167, 4.09821127596, 2126.89240128, 0.355258981516, 0.294117647059
0.295472966012, 0.82023844048, 90.9587755563, 0.534658397857, 65.6088677181, 35.7221039306, 0.126248450675, 0.769707006335, 6.1923005098, 2093.12200612, 0.433623489431, 0.272727272727
0.295472966012, 0.82023844048, 90.9587755563, 0.534658397857, 65.6088677181, 35.7221039306, 0.126248450675, 0.769707006335, 6.1923005098, 2093.12200612, 0.433623489431, 0.272727272727
0.121362356522, 0.850010936151, 93.5511249453, 0.556263280163, 61.9857657696, 9.35362063159, 0.0701413307609, 0.0734803818339, 8.43290530424, 2044.73090591, 0.126713905808, 0.388888888889
0.121362356522, 0.850010936151, 93.5511249453, 0.556263280163, 61.9857657696, 9.35362063159, 0.0701413307609, 0.0734803818339, 8.43290530424, 2044.73090591, 0.126713905808, 0.388888888889
0.462352260866, 0.827821015535, 80.3328863004, 0.580039721859, 75.2669598886, 2.09237090875, 0.844881571658, 1.66886098502, 17.643499619, 1869.40836941, 0.105603643119, 0.657142857143
0.462352260866, 0.827821015535, 80.3328863004, 0.580039721859, 75.2669598886, 2.09237090875, 0.844881571658, 1.66886098502, 17.643499619, 1869.40836941, 0.105603643119, 0.657142857143
0.105364778733, 0.82017949244, 88.3583828535, 0.464911334131, 25.3985081727, 1.40292783882, 0.541036282887, 4.00442468896, 7.88074483924, 2092.03478967, 0.0273148533719, 0.666666666667
0.105364778733, 0.82017949244, 88.3583828535, 0.464911334131, 25.3985081727, 1.40292783882, 0.541036282887, 4.00442468896, 7.88074483924, 2092.03478967, 0.0273148533719, 0.666666666667
0.122982552161, 0.820344116275, 89.1747095651, 0.467445788075, 18.1841222233, 3.64287105508, 0.448903854088, 1.21058154066, 6.80836761776, 2042.05823418, 0.0370519645547, 0.538461538462
0.122982552161, 0.820344116275, 89.1747095651, 0.467445788075, 18.1841222233, 3.64287105508, 0.448903854088, 1.21058154066, 6.80836761776, 2042.05823418, 0.0370519645547, 0.538461538462
0.122982552161, 0.820183325141, 89.1747095651, 0.467445788075, 3.90497583025, 32.4817556588, 0.375676009222, 2.88123792744, 6.80836761776, 1861.58567881, 0.337469954512, 0.538461538462
0.122982552161, 0.820183325141, 89.1747095651, 0.467445788075, 3.90497583025, 32.4817556588, 0.375676009222, 2.88123792744, 6.80836761776, 1861.58567881, 0.337469954512, 0.538461538462
0.500155809483, 0.82229451225, 82.2799739108, 0.650507448568, 61.9752616436, 9.55061640915, 0.753108701923, 0.0492457999167, 1.70173502911, 1881.43776747, 0.281979535234, 0.5
0.500155809483, 0.82229451225, 82.2799739108, 0.650507448568, 61.9752616436, 9.55061640915, 0.753108701923, 0.0492457999167, 1.70173502911, 1881.43776747, 0.281979535234, 0.5
0.201623723261, 0.845188974597, 80.3328863004, 0.590040004081, 92.8891295068, 20.3027209695, 0.697648491978, 1.66886098502, 17.241569083, 2356.63986899, 0.214312728008, 0.0769230769231
0.201623723261, 0.845188974597, 80.3328863004, 0.590040004081, 92.8891295068, 20.3027209695, 0.697648491978, 1.66886098502, 17.241569083, 2356.63986899, 0.214312728008, 0.0769230769231
0.191067290282, 0.821457452027, 85.3843415632, 0.567434577167, 84.5381820169, 2.09237090875, 0.297122509331, 1.66886098502, 16.5825495891, 2552.84362699, 0.0110642572296, 0.0
0.191067290282, 0.821457452027, 85.3843415632, 0.567434577167, 84.5381820169, 2.09237090875, 0.297122509331, 1.66886098502, 16.5825495891, 2552.84362699, 0.0110642572296, 0.0
0.141735376139, 0.836829189241, 80.3328863004, 0.532346113744, 84.5381820169, 1.0096916591, 0.247410918446, 0.965719742253, 16.9104799303, 2344.59974077, 0.013698640228, 0.176470588235
0.141735376139, 0.836829189241, 80.3328863004, 0.532346113744, 84.5381820169, 1.0096916591, 0.247410918446, 0.965719742253, 16.9104799303, 2344.59974077, 0.013698640228, 0.176470588235
0.141735376139, 0.836829189241, 80.3328863004, 0.532346113744, 84.5381820169, 1.0096916591, 0.247410918446, 0.965719742253, 16.9104799303, 2998.30688992, 0.00859740948258, 0.0
0.141735376139, 0.836829189241, 80.3328863004, 0.532346113744, 84.5381820169, 1.0096916591, 0.247410918446, 0.965719742253, 16.9104799303, 2998.30688992, 0.00859740948258, 0.0
0.122982552161, 0.880263891991, 94.9562136452, 0.467445788075, 3.18919800984, 1.46701640342, 1.97497366802, 4.43840238012, 1.09012468661, 5319.14919363, 0.00718935101368, 0.0
0.122982552161, 0.880263891991, 94.9562136452, 0.467445788075, 3.18919800984, 1.46701640342, 1.97497366802, 4.43840238012, 1.09012468661, 5319.14919363, 0.00718935101368, 0.0
0.122982552161, 0.828006681676, 94.9562136452, 0.467445788075, 30.0614014473, 1.04791906131, 1.06078101827, 1.66378181944, 1.22934581162, 2666.59285099, 0.0102777407732, 0.285714285714
0.122982552161, 0.828006681676, 94.9562136452, 0.467445788075, 30.0614014473, 1.04791906131, 1.06078101827, 1.66378181944, 1.22934581162, 2666.59285099, 0.0102777407732, 0.285714285714
0.121362356522, 0.843693424987, 93.5511249453, 0.556263280163, 61.9857657696, 1.01823112193, 0.0701413307609, 0.787988835453, 7.69174372455, 2294.46800509, 0.00904086666039, 0.533333333333
0.121362356522, 0.843693424987, 93.5511249453, 0.556263280163, 61.9857657696, 1.01823112193, 0.0701413307609, 0.787988835453, 7.69174372455, 2294.46800509, 0.00904086666039, 0.533333333333
0.107157323864, 0.875422565063, 93.7799357857, 0.524624559329, 61.9857657696, 1.48370935683, 1.89024207347, 1.20099284871, 5.615696046, 4698.47532241, 0.00802744276788, 0.0357142857143
0.107157323864, 0.875422565063, 93.7799357857, 0.524624559329, 61.9857657696, 1.48370935683, 1.89024207347, 1.20099284871, 5.615696046, 4698.47532241, 0.00802744276788, 0.0357142857143
0.121236110521, 0.820344116275, 89.1747095651, 0.467445788075, 18.1841222233, 3.64287105508, 0.448903854088, 1.21058154066, 8.48339805678, 2394.54735026, 0.0117079492919, 0.0
0.121236110521, 0.820344116275, 89.1747095651, 0.467445788075, 18.1841222233, 3.64287105508, 0.448903854088, 1.21058154066, 8.48339805678, 2394.54735026, 0.0117079492919, 0.0
0.105364778733, 0.820456057947, 94.9562136452, 0.467445788075, 25.3985081727, 1.40292783882, 0.541036282887, 4.00442468896, 7.88074483924, 2216.39257731, 0.0119342236104, 0.2
0.105364778733, 0.820456057947, 94.9562136452, 0.467445788075, 25.3985081727, 1.40292783882, 0.541036282887, 4.00442468896, 7.88074483924, 2216.39257731, 0.0119342236104, 0.2
0.121362356522, 1.09451262913, 90.9497980556, 0.620407680591, 61.9857657696, 1.12092522827, 1.22710214785, 0.480007813157, 18.988939931, 16615.0212181, 0.00774640896657, 0.0
0.121362356522, 1.09451262913, 90.9497980556, 0.620407680591, 61.9857657696, 1.12092522827, 1.22710214785, 0.480007813157, 18.988939931, 16615.0212181, 0.00774640896657, 0.0
0.122982552161, 0.828006681676, 94.9562136452, 0.467445788075, 30.0614014473, 1.04791906131, 1.91346283318, 3.38934637053, 1.22934581162, 3176.32716837, 0.0114099946102, 0.633027522936
0.501218723417, 0.850010936151, 80.3328863004, 0.488737899285, 92.8891295068, 42.8806701692, 0.297122509331, 0.123511565716, 19.4879976661, 2251.05259596, 0.468904232887, 0.25
0.501218723417, 0.850010936151, 80.3328863004, 0.488737899285, 92.8891295068, 42.8806701692, 0.297122509331, 0.123511565716, 19.4879976661, 2251.05259596, 0.468904232887, 0.25
0.462352260866, 0.836351580564, 80.3328863004, 0.405083110924, 75.2988345793, 5.98835369659, 0.297122509331, 1.43118029358, 15.3573579886, 2526.7944013, 0.10056024827, 0.0
0.522725275649, 0.828006681676, 88.7705554672, 0.510522216566, 93.6445482516, 21.1581757351, 0.297122509331, 4.23753992778, 17.241569083, 2386.32847721, 0.447500580734, 0.464285714286
0.122982552161, 0.849574245492, 93.7799357857, 0.467445788075, 7.87028020567, 1.48370935683, 1.9963895915, 4.00442468896, 1.57744236496, 4351.90288709, 0.010726294177, 0.436363636364
0.122982552161, 1.08561544821, 93.7799357857, 0.467445788075, 25.3985081727, 1.2316594257, 1.99739994143, 4.00442468896, 1.57744236496, 10330.7691398, 0.00833139032784, 0.0980392156863
0.122982552161, 1.08561544821, 93.7799357857, 0.467445788075, 18.7314748893, 1.48370935683, 1.9963895915, 4.00442468896, 6.0060722524, 12138.9978225, 0.00999430075196, 0.0810810810811
0.122982552161, 0.849574245492, 93.7799357857, 0.467445788075, 7.87028020567, 1.48370935683, 1.9963895915, 4.00442468896, 1.57744236496, 4351.90288709, 0.010726294177, 0.436363636364
0.122982552161, 1.08561544821, 93.7799357857, 0.467445788075, 18.7314748893, 1.48370935683, 1.9963895915, 4.00442468896, 6.0060722524, 12138.9978225, 0.00999430075196, 0.0810810810811
0.273973442341, 0.850010936151, 80.3328863004, 0.585082381312, 75.2669598886, 1.62830431338, 0.844881571658, 0.0810871882554, 15.9372371393, 2485.53001833, 0.0325485873589, 0.291666666667
0.522725275649, 0.828006681676, 88.7705554672, 0.510522216566, 93.6445482516, 21.1581757351, 0.297122509331, 4.23753992778, 17.241569083, 2386.32847721, 0.447500580734, 0.464285714286
0.141735376139, 0.836829189241, 80.3328863004, 0.532346113744, 84.5381820169, 1.0096916591, 0.247410918446, 0.965719742253, 16.9104799303, 2260.50362381, 0.0183770036243, 0.55
0.122982552161, 1.08561544821, 93.7799357857, 0.467445788075, 25.3985081727, 1.2316594257, 1.99739994143, 4.00442468896, 1.57744236496, 10330.7691398, 0.00833139032784, 0.0980392156863
