0.462352260866, 0.850010936151, 80.3328863004, 0.405083110924, 75.2669598886, 2.09237090875, 0.297122509331, 1.66886098502, 17.241569083, 2759.51385332, 0.0285686579282, 0.384615384615
0.462352260866, 0.850010936151, 80.3328863004, 0.405083110924, 75.2669598886, 2.09237090875, 0.297122509331, 1.66886098502, 17.241569083, 2759.51385332, 0.0285686579282, 0.384615384615
0.746153759737, 0.853322818115, 88.7867002684, 0.697272548622, 71.1361344195, 21.0300016871, 0.367199376821, 4.77557479484, 11.7493096618, 1535.42518102, 0.258878054062, 0.0
0.746153759737, 0.853322818115, 88.7867002684, 0.697272548622, 71.1361344195, 21.0300016871, 0.367199376821, 4.77557479484, 11.7493096618, 1535.42518102, 0.258878054062, 0.0
0.191067290282, 0.850010936151, 80.3328863004, 0.510522216566, 84.5381820169, 2.09237090875, 0.297122509331, 1.66886098502, 17.241569083, 2646.88063481, 0.0548610771168, 0.619047619048
0.191067290282, 0.850010936151, 80.3328863004, 0.510522216566, 84.5381820169, 2.09237090875, 0.297122509331, 1.66886098502, 17.241569083, 2646.88063481, 0.0548610771168, 0.619047619048
0.500155809483, 0.82229451225, 86.282257202, 0.665964402199, 61.9752616436, 9.55061640915, 0.596692709446, 0.0492457999167, 7.26612969982, 1363.48366592, 0.208508375566, 0.416666666667
0.500155809483, 0.82229451225, 86.282257202, 0.665964402199, 61.9752616436, 9.55061640915, 0.596692709446, 0.0492457999167, 7.26612969982, 1363.48366592, 0.208508375566, 0.416666666667
0.294643343363, 0.867158439298, 93.7799357857, 0.467445788075, 25.3985081727, 3.64287105508, 0.966052493636, 4.00442468896, 7.88074483924, 2623.80942544, 0.0684004559316, 0.333333333333
0.294643343363, 0.867158439298, 93.7799357857, 0.467445788075, 25.3985081727, 3.64287105508, 0.966052493636, 4.00442468896, 7.88074483924, 2623.80942544, 0.0684004559316, 0.333333333333
0.462352260866, 0.850010936151, 80.3328863004, 0.510522216566, 84.5381820169, 2.09237090875, 0.297122509331, 3.12912382102, 19.8979333274, 2786.3458925, 0.057567218803, 0.0
0.462352260866, 0.850010936151, 80.3328863004, 0.510522216566, 84.5381820169, 2.09237090875, 0.297122509331, 3.12912382102, 19.8979333274, 2786.3458925, 0.057567218803, 0.0
0.10817962432, 0.991256274585, 91.7242892459, 0.404419461601, 40.8648041978, 7.89705081815, 0.115845044768, 3.77678803147, 1.0121550115, 3276.88467821, 0.0252432100357, 0.0833333333333
0.10817962432, 0.991256274585, 91.7242892459, 0.404419461601, 40.8648041978, 7.89705081815, 0.115845044768, 3.77678803147, 1.0121550115, 3276.88467821, 0.0252432100357, 0.0833333333333
0.122982552161, 0.880263891991, 93.7799357857, 0.467445788075, 25.3985081727, 1.48370935683, 1.84455035402, 4.00442468896, 7.88074483924, 3804.37360417, 0.0161149929223, 0.402985074627
0.122982552161, 0.880263891991, 93.7799357857, 0.467445788075, 25.3985081727, 1.48370935683, 1.84455035402, 4.00442468896, 7.88074483924, 3804.37360417, 0.0161149929223, 0.402985074627
0.121362356522, 1.1392466006, 94.0486205712, 0.507521876332, 61.9857657696, 1.12092522827, 0.532306803387, 0.0734803818339, 8.43290530424, 6507.05903756, 0.00909692148779, 0.0
0.121362356522, 1.1392466006, 94.0486205712, 0.507521876332, 61.9857657696, 1.12092522827, 0.532306803387, 0.0734803818339, 8.43290530424, 6507.05903756, 0.00909692148779, 0.0
0.500155809483, 0.82229451225, 82.2799739108, 0.665964402199, 61.9752616436, 9.55061640915, 0.596692709446, 0.0492457999167, 7.26612969982, 1741.93352499, 0.106848782607, 0.0
0.500155809483, 0.82229451225, 82.2799739108, 0.665964402199, 61.9752616436, 9.55061640915, 0.596692709446, 0.0492457999167, 7.26612969982, 1741.93352499, 0.106848782607, 0.0
0.462352260866, 0.850010936151, 80.3328863004, 0.510522216566, 75.2669598886, 2.09237090875, 0.297122509331, 1.66886098502, 17.241569083, 2724.05524749, 0.0977379791377, 0.454545454545
0.462352260866, 0.850010936151, 80.3328863004, 0.510522216566, 75.2669598886, 2.09237090875, 0.297122509331, 1.66886098502, 17.241569083, 2724.05524749, 0.0977379791377, 0.454545454545
0.122982552161, 0.867158439298, 93.7799357857, 0.467445788075, 25.3985081727, 3.64287105508, 1.84455035402, 4.00442468896, 7.88074483924, 4123.90498017, 0.0296475240752, 0.222222222222
0.122982552161, 0.867158439298, 93.7799357857, 0.467445788075, 25.3985081727, 3.64287105508, 1.84455035402, 4.00442468896, 7.88074483924, 4123.90498017, 0.0296475240752, 0.222222222222
0.10817962432, 0.991256274585, 91.7242892459, 0.402452875758, 40.8648041978, 7.89705081815, 0.115845044768, 3.77678803147, 1.0121550115, 3658.10641058, 0.0341779357006, 0.125
0.10817962432, 0.991256274585, 91.7242892459, 0.402452875758, 40.8648041978, 7.89705081815, 0.115845044768, 3.77678803147, 1.0121550115, 3658.10641058, 0.0341779357006, 0.125
0.122982552161, 0.867158439298, 93.7799357857, 0.467445788075, 25.3985081727, 3.64287105508, 1.84455035402, 3.08483210365, 7.88074483924, 3627.58321225, 0.0537327832579, 0.41935483871
0.122982552161, 0.867158439298, 93.7799357857, 0.467445788075, 25.3985081727, 3.64287105508, 1.84455035402, 3.08483210365, 7.88074483924, 3627.58321225, 0.0537327832579, 0.41935483871
0.10817962432, 0.991256274585, 93.6183192544, 0.615264258381, 40.8648041978, 7.89705081815, 0.115845044768, 3.77678803147, 18.1344703651, 5102.44596116, 0.0353623633201, 0.0833333333333
0.10817962432, 0.991256274585, 93.6183192544, 0.615264258381, 40.8648041978, 7.89705081815, 0.115845044768, 3.77678803147, 18.1344703651, 5102.44596116, 0.0353623633201, 0.0833333333333
0.264083211557, 0.986492979974, 93.7340576232, 0.659078708111, 72.9559560892, 1.4610018463, 0.21115387881, 4.95613329982, 11.5819396784, 5031.57071704, 0.0273452040012, 0.1
0.264083211557, 0.986492979974, 93.7340576232, 0.659078708111, 72.9559560892, 1.4610018463, 0.21115387881, 4.95613329982, 11.5819396784, 5031.57071704, 0.0273452040012, 0.1
0.150249982884, 1.10397681165, 80.8599504903, 0.43508499416, 34.2507222998, 2.4184475889, 1.32481746401, 4.23753992778, 18.1788856805, 9960.85889968, 0.0248181021104, 0.0
0.150249982884, 1.10397681165, 80.8599504903, 0.43508499416, 34.2507222998, 2.4184475889, 1.32481746401, 4.23753992778, 18.1788856805, 9960.85889968, 0.0248181021104, 0.0
0.122837917483, 1.10397681165, 80.8976635903, 0.43508499416, 34.2507222998, 2.4184475889, 1.85151468396, 4.23753992778, 16.3081078446, 14140.2684553, 0.019789024524, 0.214285714286
0.122837917483, 1.10397681165, 80.8976635903, 0.43508499416, 34.2507222998, 2.4184475889, 1.85151468396, 4.23753992778, 16.3081078446, 14140.2684553, 0.019789024524, 0.214285714286
0.211847386723, 1.25369733707, 81.791793991, 0.526418897114, 7.32840348485, 1.18522039193, 1.31031373835, 4.25617293724, 19.6224378186, 30038.6492636, 0.0167771883281, 0.285714285714
0.211847386723, 1.25369733707, 81.791793991, 0.526418897114, 7.32840348485, 1.18522039193, 1.31031373835, 4.25617293724, 19.6224378186, 30038.6492636, 0.0167771883281, 0.285714285714
0.211847386723, 1.25369733707, 81.791793991, 0.542444548701, 17.9344777045, 1.808739409, 1.82654263868, 3.23578081959, 19.6224378186, 29841.6884519, 0.0210618762968, 0.0
0.211847386723, 1.25369733707, 81.791793991, 0.542444548701, 17.9344777045, 1.808739409, 1.82654263868, 3.23578081959, 19.6224378186, 29841.6884519, 0.0210618762968, 0.0
0.121362356522, 1.1392466006, 94.0486205712, 0.583130640188, 61.9857657696, 1.12092522827, 0.532306803387, 0.0369666842392, 8.43290530424, 8881.16230821, 0.0178011022657, 0.5
0.121362356522, 1.1392466006, 94.0486205712, 0.583130640188, 61.9857657696, 1.12092522827, 0.532306803387, 0.0369666842392, 8.43290530424, 8881.16230821, 0.0178011022657, 0.5
0.624373652795, 0.845355223234, 90.7248260094, 0.510890088141, 45.7209938671, 35.7344468185, 0.61833958597, 4.6200775994, 6.4816447267, 1939.23194113, 0.585902375266, 0.2
0.624373652795, 0.845355223234, 90.7248260094, 0.510890088141, 45.7209938671, 35.7344468185, 0.61833958597, 4.6200775994, 6.4816447267, 1939.23194113, 0.585902375266, 0.2
0.456555521663, 0.84433320518, 80.5126205147, 0.539428981817, 48.6823210225, 20.2676226767, 0.116540418722, 0.330460837023, 10.4542404876, 2420.46176907, 0.118103112468, 0.0
0.456555521663, 0.84433320518, 80.5126205147, 0.539428981817, 48.6823210225, 20.2676226767, 0.116540418722, 0.330460837023, 10.4542404876, 2420.46176907, 0.118103112468, 0.0
0.226310231748, 0.865948387314, 81.6208396694, 0.613065595285, 45.7209938671, 48.50642429, 0.663257165155, 3.39436883115, 18.3271581182, 2222.2765121, 0.288878920305, 0.0
0.226310231748, 0.865948387314, 81.6208396694, 0.613065595285, 45.7209938671, 48.50642429, 0.663257165155, 3.39436883115, 18.3271581182, 2222.2765121, 0.288878920305, 0.0
0.31308357589, 1.05292849149, 83.919907514, 0.659078708111, 42.2800729614, 1.4610018463, 1.67195908334, 1.80516041577, 18.3211975145, 10948.8407321, 0.0303337014222, 0.0
0.564199884938, 1.23404684069, 94.2249119913, 0.526418897114, 47.2923868804, 1.30780125878, 1.69158597611, 1.73945083824, 2.91866399023, 16891.0191253, 0.0288962330176, 0.025
0.121362356522, 1.25481282561, 94.0486205712, 0.507521876332, 61.9857657696, 1.12092522827, 0.142644958768, 0.0734803818339, 8.43290530424, 16344.9965894, 0.0201062784, 0.4375
0.836541183171, 0.845355223234, 94.2249119913, 0.542444548701, 80.1862166714, 1.808739409, 1.69158597611, 1.73945083824, 2.91866399023, 3691.73540538, 0.118917657521, 0.602272727273
0.208845835591, 0.844176164497, 84.8392223845, 0.498822232858, 27.2349632681, 41.8107641602, 0.619094972302, 0.457797252389, 6.90125503985, 2227.21425503, 0.360511243156, 0.478260869565
0.500155809483, 0.82089527912, 86.282257202, 0.689986341221, 61.9752616436, 35.7221039306, 0.383291155998, 0.207300793709, 15.9471969004, 2306.3400583, 0.718853503999, 0.0
0.150249982884, 0.987071968862, 80.8976635903, 0.43508499416, 34.2507222998, 2.4184475889, 1.32962103938, 4.43812610903, 16.3081078446, 6188.14705494, 0.0320624095993, 0.116279069767
0.121362356522, 1.25481282561, 94.0486205712, 0.556263280163, 61.9857657696, 1.12092522827, 0.532306803387, 0.0734803818339, 8.43290530424, 15211.4509646, 0.023012729725, 0.217391304348
0.500155809483, 0.82089527912, 85.3034979899, 0.624200725087, 61.9752616436, 35.7221039306, 0.378250720057, 0.207300793709, 15.9471969004, 2269.60926949, 0.457329596722, 0.0869565217391
0.500155809483, 0.82089527912, 86.282257202, 0.689986341221, 61.9752616436, 35.7221039306, 0.383291155998, 0.207300793709, 15.9471969004, 2306.3400583, 0.718853503999, 0.0
0.31308357589, 1.05292849149, 83.919907514, 0.659078708111, 42.2800729614, 1.4610018463, 1.67195908334, 1.80516041577, 18.3211975145, 10948.8407321, 0.0303337014222, 0.0
0.500155809483, 0.82089527912, 85.3034979899, 0.624200725087, 61.9752616436, 35.7221039306, 0.378250720057, 0.207300793709, 15.9471969004, 2269.60926949, 0.457329596722, 0.0869565217391
0.510700870355, 0.902755443879, 80.324306342, 0.495601371013, 64.9700305364, 1.57564393586, 1.30685041171, 2.518383242, 12.8060306927, 3898.71199754, 0.101401289281, 0.542056074766
0.208845835591, 0.844176164497, 86.0817501465, 0.498822232858, 27.2349632681, 41.8107641602, 0.619094972302, 0.457797252389, 12.829861151, 2623.06007837, 0.373149180966, 0.0
0.193109988202, 0.991256274585, 91.7242892459, 0.664474184046, 40.8648041978, 7.89705081815, 0.630579047127, 3.77678803147, 7.08098373743, 3216.0255365, 0.174801920031, 0.4
0.121362356522, 1.25481282561, 94.0486205712, 0.556263280163, 61.9857657696, 1.12092522827, 0.532306803387, 0.0734803818339, 8.43290530424, 15211.4509646, 0.023012729725, 0.217391304348
0.836541183171, 0.845355223234, 94.2249119913, 0.542444548701, 80.1862166714, 1.808739409, 1.69158597611, 1.73945083824, 2.91866399023, 3691.73540538, 0.118917657521, 0.602272727273
0.510700870355, 0.902755443879, 80.324306342, 0.495601371013, 64.9700305364, 1.57564393586, 1.30685041171, 2.518383242, 12.8060306927, 3898.71199754, 0.101401289281, 0.542056074766
0.208845835591, 0.844176164497, 84.8392223845, 0.498822232858, 27.2349632681, 41.8107641602, 0.619094972302, 0.457797252389, 6.90125503985, 2227.21425503, 0.360511243156, 0.478260869565
0.122982552161, 0.867158439298, 93.7799357857, 0.467445788075, 25.3985081727, 3.64287105508, 1.84455035402, 3.5634190186, 7.88074483924, 3946.73193623, 0.048671873273, 0.280487804878
0.194838681572, 0.917491067427, 91.4331147207, 0.656828302047, 43.8753510108, 17.1220087602, 0.375676009222, 3.88156635116, 6.80836761776, 3567.95719168, 0.260519372999, 0.361111111111
0.510700870355, 0.894745912902, 80.2359883208, 0.495601371013, 64.9700305364, 1.57564393586, 1.30685041171, 2.518383242, 12.8060306927, 4880.82899756, 0.0696714453917, 0.244897959184
0.194838681572, 0.917491067427, 91.4331147207, 0.656828302047, 43.8753510108, 17.1220087602, 0.375676009222, 3.88156635116, 6.80836761776, 3567.95719168, 0.260519372999, 0.361111111111
0.155128215512, 0.839970379389, 90.9587755563, 0.635841486462, 43.8753510108, 17.1220087602, 0.375676009222, 1.24594378366, 6.80836761776, 2619.69774393, 0.176066312364, 0.384615384615
0.264083211557, 0.986492979974, 93.7340576232, 0.659078708111, 88.1196022059, 1.4610018463, 0.21115387881, 4.34164724659, 11.5819396784, 4758.8417733, 0.035734187438, 0.466666666667
0.150249982884, 0.987071968862, 80.8976635903, 0.43508499416, 34.2507222998, 2.4184475889, 1.32962103938, 4.43812610903, 16.3081078446, 5853.2665354, 0.0307884777886, 0.305084745763
0.194838681572, 0.917491067427, 91.4331147207, 0.635841486462, 43.8753510108, 17.1220087602, 0.375676009222, 3.88156635116, 6.80836761776, 3606.41775843, 0.237976617596, 0.0
0.121362356522, 1.25481282561, 94.0486205712, 0.507521876332, 61.9857657696, 1.12092522827, 0.142644958768, 0.0734803818339, 8.43290530424, 16344.9965894, 0.0201062784, 0.4375
0.456555521663, 0.84433320518, 80.5126205147, 0.539428981817, 48.6823210225, 20.2676226767, 0.116540418722, 0.330460837023, 10.4542404876, 2344.3466191, 0.347920650016, 0.25
0.564199884938, 1.23404684069, 94.2249119913, 0.526418897114, 47.2923868804, 1.30780125878, 1.69158597611, 1.73945083824, 2.91866399023, 16891.0191253, 0.0288962330176, 0.025
0.510700870355, 0.894745912902, 80.2359883208, 0.495601371013, 64.9700305364, 1.57564393586, 1.30685041171, 2.518383242, 12.8060306927, 4880.82899756, 0.0696714453917, 0.244897959184
0.208845835591, 0.828545487947, 82.8882374829, 0.498822232858, 2.68224913454, 41.8107641602, 1.67159745354, 0.120738527543, 12.829861151, 3294.68476264, 0.314976029267, 0.0
0.122982552161, 0.867158439298, 93.7799357857, 0.467445788075, 25.3985081727, 3.64287105508, 1.84455035402, 4.86881290585, 8.15135018567, 3933.28959263, 0.0449753248389, 0.318181818182
0.150249982884, 0.987071968862, 80.8976635903, 0.43508499416, 34.2507222998, 2.4184475889, 1.32962103938, 4.43812610903, 16.3081078446, 6188.14705494, 0.0320624095993, 0.116279069767
0.193109988202, 0.991256274585, 91.7242892459, 0.664474184046, 40.8648041978, 7.89705081815, 0.630579047127, 3.77678803147, 7.08098373743, 3216.0255365, 0.174801920031, 0.4
0.155128215512, 0.839970379389, 90.9587755563, 0.635841486462, 43.8753510108, 17.1220087602, 0.375676009222, 1.24594378366, 6.80836761776, 2619.69774393, 0.176066312364, 0.384615384615
0.122982552161, 0.867158439298, 93.7799357857, 0.467445788075, 25.3985081727, 3.64287105508, 1.84455035402, 3.5634190186, 7.88074483924, 3946.73193623, 0.048671873273, 0.280487804878
0.150249982884, 0.987071968862, 80.8976635903, 0.43508499416, 34.2507222998, 2.4184475889, 1.32962103938, 4.43812610903, 16.3081078446, 5853.2665354, 0.0307884777886, 0.305084745763
0.456555521663, 0.84433320518, 80.5126205147, 0.539428981817, 48.6823210225, 20.2676226767, 0.116540418722, 0.330460837023, 10.4542404876, 2344.3466191, 0.347920650016, 0.25
0.264083211557, 0.986492979974, 93.7340576232, 0.659078708111, 88.1196022059, 1.4610018463, 0.21115387881, 4.34164724659, 11.5819396784, 4758.8417733, 0.035734187438, 0.466666666667
0.194838681572, 0.917491067427, 91.4331147207, 0.635841486462, 43.8753510108, 17.1220087602, 0.375676009222, 3.88156635116, 6.80836761776, 3606.41775843, 0.237976617596, 0.0
0.122982552161, 0.867158439298, 93.7799357857, 0.467445788075, 25.3985081727, 3.64287105508, 1.84455035402, 4.86881290585, 8.15135018567, 3933.28959263, 0.0449753248389, 0.318181818182
0.208845835591, 0.828545487947, 82.8882374829, 0.498822232858, 2.68224913454, 41.8107641602, 1.67159745354, 0.120738527543, 12.829861151, 3294.68476264, 0.314976029267, 0.0
0.208845835591, 0.828545487947, 84.6201243177, 0.498822232858, 27.2349632681, 44.2269504821, 1.67159745354, 0.120738527543, 12.829861151, 3258.20994041, 0.326095117849, 0.0
