0.770714440361, 0.144198519129, 0.0621700982324, 0.850516216701, 0.137117149684, 0.19434911705, 0.10859398545, 0.469914208553, 0.537563314444, 0.317929177323, 0.371430183167, 0.159980548058, 0.0194137389913, 0.107995355399, 0.401022461797, 0.750307315592, 0.328114528197, 0.279237421653, 0.442753692666, 0.861884558104, 0.428819542457, 0.306527413162, 0.121579733848, 0.00906346037753, 0.306243390466, 0.750788462489, 0.722292200495, 0.770714440361, 0.144198519129, 0.0621700982324, 0.850516216701, 0.137117149684, 0.19434911705, 0.10859398545, 42.9170192488
0.0521779108272, 0.028688420835, 0.128590247348, 0.202110772705, 0.00332575138906, 0.0868962411602, 0.0518546675342, 0.289958024923, 0.163409166075, 0.238721958494, 0.0326453699498, 0.748896067133, 0.41826195295, 0.121670123638, 0.0187482489999, 0.947862955246, 0.98283398019, 0.46043393977, 0.47895151867, 0.436176821496, 0.0598968156401, 0.794119962162, 0.288941865139, 0.364197702696, 0.021146029186, 0.33227908438, 0.181904473799, 0.0521779108272, 0.028688420835, 0.128590247348, 0.202110772705, 0.00332575138906, 0.0868962411602, 0.0518546675342, 42.3988966609
0.081162918319, 0.0193138205602, 0.513173506219, 0.104731117185, 0.114264573731, 0.136728426211, 0.961272002583, 0.486480364146, 0.0372534578848, 0.562902239386, 0.388745974728, 0.434587980968, 0.204495012869, 0.213049600858, 0.960348519392, 0.154056624507, 0.821514565745, 0.746794559505, 0.440096282254, 0.46703043856, 0.206956774143, 0.49680597175, 0.293064308369, 0.872393414098, 0.764787753059, 0.413766334046, 0.186855981265, 0.081162918319, 0.0193138205602, 0.513173506219, 0.104731117185, 0.114264573731, 0.136728426211, 0.961272002583, 48.5256880783
0.101785259149, 0.0883941440127, 0.126783995266, 0.0379836306368, 0.0971169110084, 0.71293507051, 0.111877386401, 0.943462916237, 0.149169383345, 0.349431640812, 0.0350219671417, 0.519967808871, 0.135835934289, 0.949367507106, 0.335558994468, 0.310171382767, 0.425605199714, 0.289125572983, 0.412893242068, 0.463600595441, 0.164821722437, 0.108391778388, 0.293223943362, 0.0388043396788, 0.0638726199321, 0.411290997006, 0.723181377682, 0.101785259149, 0.0883941440127, 0.126783995266, 0.0379836306368, 0.0971169110084, 0.71293507051, 0.111877386401, 41.2918540376
0.770980660118, 0.136552968007, 0.842143881373, 0.0296427398282, 0.13944545161, 0.0626573311431, 0.129073361306, 0.364334651895, 0.0417858674271, 0.335520613371, 0.364173955182, 0.666495752889, 0.0525483826026, 0.105385181195, 0.109966832539, 0.708441917501, 0.315481431168, 0.460830169635, 0.149483324649, 0.890418305648, 0.230292826211, 0.192256366627, 0.214615553665, 0.563009940845, 0.341196574318, 0.292834450449, 0.598233062843, 0.770980660118, 0.136552968007, 0.842143881373, 0.0296427398282, 0.13944545161, 0.0626573311431, 0.129073361306, 40.5035150687
0.359148261847, 0.582951192388, 0.621472033164, 0.0266169460705, 0.00740019457029, 0.0692620261617, 0.0539291802118, 0.134528911563, 0.204737866432, 0.252874797979, 0.490047499718, 0.667571057219, 0.482685078033, 0.66126029539, 0.474063814273, 0.177978051657, 0.411311837921, 0.614629816839, 0.956986076331, 0.436035807278, 0.422496505558, 0.638139289965, 0.878660208073, 0.337479162588, 0.767958549806, 0.645125643872, 0.433884079991, 0.359148261847, 0.582951192388, 0.621472033164, 0.0266169460705, 0.00740019457029, 0.0692620261617, 0.0539291802118, 52.1029519662
0.0596238612509, 0.0885870887012, 0.107615826438, 0.218917711129, 0.269295927903, 0.0335198291665, 0.0291320433276, 0.136366258026, 0.0311501968889, 0.371952292606, 0.934896840239, 0.126983252721, 0.0841788782857, 0.45935640949, 0.166616682844, 0.0890363304165, 0.0704722557058, 0.463221734435, 0.57699995618, 0.838634291897, 0.568103166635, 0.512127890409, 0.053541375248, 0.00849597117425, 0.961462490203, 0.333120713393, 0.44532282959, 0.0596238612509, 0.0885870887012, 0.107615826438, 0.218917711129, 0.269295927903, 0.0335198291665, 0.0291320433276, 41.7992225719
0.886429359275, 0.0374796787596, 0.0838251415093, 0.11724054835, 0.0182671040499, 0.0249691652695, 0.15592378147, 0.713887989957, 0.361623957142, 0.399221740257, 0.512266446141, 0.288868807649, 0.308738835968, 0.540976127486, 0.093489181447, 0.178140454407, 0.347387466998, 0.401689384834, 0.971298449074, 0.432065582854, 0.500351952956, 0.0546713738716, 0.224250585994, 0.0612709987589, 0.967111958274, 0.0618166040896, 0.43321305793, 0.886429359275, 0.0374796787596, 0.0838251415093, 0.11724054835, 0.0182671040499, 0.0249691652695, 0.15592378147, 43.8256479004
0.102762340204, 0.0453580660335, 0.135313008091, 0.104691641367, 0.85707063169, 0.0138607841837, 0.0668830603989, 0.357577860844, 0.178305001553, 0.346688424218, 0.361109380782, 0.41334431147, 0.433224232361, 0.95836333633, 0.299546580252, 0.142081784632, 0.185303585743, 0.43476153469, 0.486434768029, 0.915717355387, 0.154373018054, 0.478864864415, 0.299049319647, 0.604311686219, 0.307146387385, 0.143759311477, 0.0812230396639, 0.102762340204, 0.0453580660335, 0.135313008091, 0.104691641367, 0.85707063169, 0.0138607841837, 0.0668830603989, 42.8432910946
0.0528949847032, 0.0382224867142, 0.0650166859247, 0.0284645693336, 0.0128924051671, 0.049334189222, 0.403848309318, 0.680352126683, 0.0429987765205, 0.0412705378568, 0.931111682389, 0.365965777348, 0.100011868168, 0.0514433580495, 0.117176584517, 0.116063005457, 0.314346215395, 0.297178250223, 0.962755681205, 0.846488102729, 0.203454868592, 0.134147470112, 0.951909303567, 0.71981619845, 0.0727129394485, 0.380954875411, 0.946051918689, 0.0528949847032, 0.0382224867142, 0.0650166859247, 0.0284645693336, 0.0128924051671, 0.049334189222, 0.403848309318, 45.6995231632
0.113833921917, 0.0961556034213, 0.521791958098, 0.214052777302, 0.3187703021, 0.826362072364, 0.0707191372907, 0.442686145496, 0.153860157241, 0.293711785503, 0.0361533901997, 0.156353583397, 0.0350159552046, 0.952800222813, 0.540971651397, 0.0721767083351, 0.428106470026, 0.0567419275988, 0.18397033718, 0.133667280961, 0.552578395154, 0.234484301905, 0.530862834878, 0.822260691188, 0.0217383851387, 0.102592966375, 0.0431674941884, 0.113833921917, 0.0961556034213, 0.521791958098, 0.214052777302, 0.3187703021, 0.826362072364, 0.0707191372907, 36.4018587088
0.0521750589673, 0.043356953826, 0.0877759259104, 0.859297711717, 0.849045069429, 0.889784336569, 0.158674234378, 0.718992740962, 0.0432537143277, 0.34655532907, 0.367164217909, 0.41334431147, 0.0978373119792, 0.100609438496, 0.293744357195, 0.146024145202, 0.185653616809, 0.296377694273, 0.032647872977, 0.0193334314764, 0.276107778106, 0.81292871489, 0.299471086762, 0.634385737092, 0.307146387385, 0.41212281085, 0.0826837442821, 0.0521750589673, 0.043356953826, 0.0877759259104, 0.859297711717, 0.849045069429, 0.889784336569, 0.158674234378, 36.3058532685
0.0529313445994, 0.829605376091, 0.140107072604, 0.899213018239, 0.795558452619, 0.201996559733, 0.0309034759212, 0.925564699192, 0.0316605666622, 0.596791357289, 0.48671899744, 0.0242360141781, 0.41236843173, 0.246176945119, 0.0991831005924, 0.488997884558, 0.425256898971, 0.113274296613, 0.0154514644395, 0.3722394651, 0.215956359898, 0.620235600866, 0.849231390154, 0.0634235964351, 0.154740995965, 0.0520469749479, 0.743008481425, 0.0529313445994, 0.829605376091, 0.140107072604, 0.899213018239, 0.795558452619, 0.201996559733, 0.0309034759212, 40.0165376375
0.410106107152, 0.0821621071722, 0.844351510366, 0.16209416432, 0.913770446225, 0.859595885491, 0.0225058644564, 0.367440222001, 0.20096831233, 0.333567283707, 0.413545106635, 0.160499622477, 0.0916912086803, 0.717811458234, 0.102705766984, 0.0843772549645, 0.0448409298891, 0.289318124577, 0.350143217789, 0.839646135006, 0.164147175267, 0.513560051767, 0.0511220971625, 0.800203134957, 0.0727790459552, 0.293564304824, 0.450933922833, 0.410106107152, 0.0821621071722, 0.844351510366, 0.16209416432, 0.913770446225, 0.859595885491, 0.0225058644564, 37.9263676068
0.707442787297, 0.829605376091, 0.12472071931, 0.160840913305, 0.80314695239, 0.201996559733, 0.0400211046615, 0.0441006254253, 0.038295534607, 0.0222558434577, 0.490127729912, 0.133140529072, 0.0797192872442, 0.696188019972, 0.0963902193445, 0.158569296941, 0.425256898971, 0.299617706471, 0.0383878360491, 0.3722394651, 0.206895779544, 0.641008060076, 0.905125753395, 0.33322571355, 0.248761208032, 0.0222218896879, 0.186157736737, 0.707442787297, 0.829605376091, 0.12472071931, 0.160840913305, 0.80314695239, 0.201996559733, 0.0400211046615, 34.7882239918
0.100075049259, 0.553465220889, 0.133062530359, 0.161755235103, 0.0115247158254, 0.127320675338, 0.0467285629247, 0.53303093887, 0.206529401716, 0.162957208112, 0.394151610579, 0.438695386364, 0.472904107809, 0.978787537235, 0.485247186794, 0.122427777783, 0.4144500684, 0.254997518094, 0.957240330488, 0.355109723045, 0.223243777841, 0.78814289161, 0.901286560142, 0.062831383015, 0.137968348857, 0.146093200915, 0.504106230918, 0.100075049259, 0.553465220889, 0.133062530359, 0.161755235103, 0.0115247158254, 0.127320675338, 0.0467285629247, 46.5253223784
0.0611082579282, 0.088815101025, 0.120206317078, 0.596472045817, 0.133535265182, 0.722006469756, 0.12120623977, 0.035630707148, 0.178284711965, 0.342642797216, 0.378376338206, 0.771742963422, 0.18539019483, 0.493578146605, 0.314353187203, 0.117616969384, 0.284635760575, 0.286374308196, 0.0276248112884, 0.0634807100224, 0.561556339281, 0.626296650305, 0.696145328756, 0.683180499654, 0.307141105175, 0.408182689711, 0.602909292057, 0.0611082579282, 0.088815101025, 0.120206317078, 0.596472045817, 0.133535265182, 0.722006469756, 0.12120623977, 42.114453557
0.0534280585551, 0.0382224867142, 0.8011499988, 0.0284645693336, 0.209286367613, 0.049334189222, 0.124745643239, 0.715687649445, 0.0429987765205, 0.0437108229861, 0.958750074305, 0.36550638053, 0.100011868168, 0.12477282794, 0.11529394564, 0.116063005457, 0.314346215395, 0.297082497265, 0.0288389489, 0.846488102729, 0.0287369766896, 0.134147470112, 0.30680780461, 0.0667464030026, 0.0727129394485, 0.292834450449, 0.946051918689, 0.0534280585551, 0.0382224867142, 0.8011499988, 0.0284645693336, 0.209286367613, 0.049334189222, 0.124745643239, 36.9188342525
0.0454796913635, 0.0378833818416, 0.107615826438, 0.0258619352725, 0.964743762816, 0.0480323535092, 0.0255298683364, 0.136366258026, 0.0425663490369, 0.562954236293, 0.383912065048, 0.126983252721, 0.20525314466, 0.45935640949, 0.181162388478, 0.0885096546468, 0.072906715071, 0.299846774382, 0.422370991457, 0.436100368551, 0.205863405966, 0.122033526173, 0.147925446862, 0.340435982136, 0.945104033852, 0.338549714166, 0.447163597733, 0.0454796913635, 0.0378833818416, 0.107615826438, 0.0258619352725, 0.964743762816, 0.0480323535092, 0.0255298683364, 37.2028258775
0.102762340204, 0.0430964066459, 0.135313008091, 0.111855433203, 0.0889763024186, 0.294094979869, 0.107439887351, 0.146473315726, 0.178305001553, 0.34655669538, 0.00737995885908, 0.41334431147, 0.0694663376581, 0.95836333633, 0.334848856584, 0.144581829552, 0.185628101478, 0.43476153469, 0.486434768029, 0.061914837687, 0.304636807837, 0.392466842722, 0.563171301465, 0.669433859172, 0.0734708617284, 0.414185504052, 0.0826837442821, 0.102762340204, 0.0430964066459, 0.135313008091, 0.111855433203, 0.0889763024186, 0.294094979869, 0.107439887351, 38.3266577062
0.074357202068, 0.21961295351, 0.0875664850101, 0.839247753611, 0.111942813869, 0.195800066976, 0.132346226081, 0.707798613269, 0.178305001553, 0.34655669538, 0.372131150513, 0.032002751104, 0.165747829301, 0.101397810413, 0.0899630912835, 0.508613809309, 0.183962777151, 0.513279009688, 0.990126116034, 0.366271344768, 0.278784277628, 0.393294570052, 0.119938990613, 0.00441085670993, 0.073690718012, 0.709118919741, 0.760357654804, 0.074357202068, 0.21961295351, 0.0875664850101, 0.839247753611, 0.111942813869, 0.195800066976, 0.132346226081, 40.2796537136
0.102739933266, 0.0884075813519, 0.142670447595, 0.0306533790099, 0.0974989246869, 0.00801098171321, 0.749412683907, 0.714325823054, 0.149425106576, 0.337326998002, 0.373039520334, 0.416430833801, 0.0185307047664, 0.0354250796403, 0.327597291269, 0.143528421105, 0.324673688923, 0.483364940012, 0.266346892708, 0.753352843924, 0.209775527803, 0.485122730633, 0.29273955565, 0.785894907513, 0.30909061445, 0.415265188146, 0.630452627349, 0.102739933266, 0.0884075813519, 0.142670447595, 0.0306533790099, 0.0974989246869, 0.00801098171321, 0.749412683907, 42.5233298568
0.0534280585551, 0.71086318, 0.842143881373, 0.0296427398282, 0.13944545161, 0.0626573311431, 0.871997302784, 0.0994981391942, 0.0381073030121, 0.339711366479, 0.0331013985652, 0.667227516412, 0.100011868168, 0.120778830481, 0.11529394564, 0.708441917501, 0.315481431168, 0.460830169635, 0.166639094262, 0.846368003624, 0.0607611327038, 0.192256366627, 0.214615553665, 0.563009940845, 0.382925590634, 0.292834450449, 0.393824662053, 0.0534280585551, 0.71086318, 0.842143881373, 0.0296427398282, 0.13944545161, 0.0626573311431, 0.871997302784, 37.2269017777
0.0741092366543, 0.0213806097429, 0.134091059767, 0.159705294007, 0.928809798292, 0.195800066976, 0.135824961726, 0.707798613269, 0.178305001553, 0.344870611745, 0.389040705188, 0.433453001364, 0.165539471285, 0.101397810413, 0.0899630912835, 0.153015824606, 0.364229067153, 0.742890802902, 0.981536871399, 0.366278224326, 0.278784277628, 0.393294570052, 0.288759519231, 0.0600338267076, 0.073690718012, 0.160472407419, 0.189358888764, 0.0741092366543, 0.0213806097429, 0.134091059767, 0.159705294007, 0.928809798292, 0.195800066976, 0.135824961726, 38.7923284013
0.101785259149, 0.086444634268, 0.550468474952, 0.782007758794, 0.0971169110084, 0.713448795002, 0.0315259713043, 0.94241132243, 0.149167903407, 0.0607705935202, 0.0350219671417, 0.514135413418, 0.206416884893, 0.949367507106, 0.335076430448, 0.152459344392, 0.425605199714, 0.289125572983, 0.412893242068, 0.463600595441, 0.631336678319, 0.108391778388, 0.293199211219, 0.0404667498228, 0.0620059870149, 0.411290997006, 0.723181377682, 0.101785259149, 0.086444634268, 0.550468474952, 0.782007758794, 0.0971169110084, 0.713448795002, 0.0315259713043, 41.4034753531
0.102762340204, 0.043356953826, 0.135313008091, 0.104691641367, 0.849045069429, 0.013661241563, 0.402570784532, 0.146473315726, 0.178305001553, 0.34655669538, 0.370499277615, 0.41334431147, 0.26822882649, 0.95836333633, 0.301280306265, 0.144581829552, 0.185628101478, 0.43476153469, 0.486434768029, 0.061914837687, 0.268624804431, 0.392466842722, 0.299471086762, 0.673433662501, 0.307146387385, 0.414185504052, 0.0826837442821, 0.102762340204, 0.043356953826, 0.135313008091, 0.104691641367, 0.849045069429, 0.013661241563, 0.402570784532, 39.8137532624
0.800578409069, 0.664384778844, 0.0852377396798, 0.131631828909, 0.0982000232471, 0.104885600682, 0.132886609984, 0.707798613269, 0.175270960589, 0.34655669538, 0.369918400267, 0.41334431147, 0.165747829301, 0.105763632186, 0.399998537179, 0.745545371205, 0.187440901804, 0.435514018333, 0.0297191050846, 0.0580152852302, 0.27923407798, 0.391180745593, 0.0114756653692, 0.00441085670993, 0.30319319611, 0.71005362625, 0.591831419023, 0.800578409069, 0.664384778844, 0.0852377396798, 0.131631828909, 0.0982000232471, 0.104885600682, 0.132886609984, 38.6240674519
0.897052869089, 0.00512161341424, 0.690013558282, 0.155203892847, 0.932326995324, 0.362635602234, 0.0387434919114, 0.731610553424, 0.0445367941012, 0.804847176501, 0.389365031296, 0.434587980968, 0.0784766181942, 0.0462343110326, 0.0777885450983, 0.508660383461, 0.363540804262, 0.295087113713, 0.957263655831, 0.372752054838, 0.224054119785, 0.524327858593, 0.297322779367, 0.612080878711, 0.0692212772481, 0.104705281587, 0.188885752102, 0.897052869089, 0.00512161341424, 0.690013558282, 0.155203892847, 0.932326995324, 0.362635602234, 0.0387434919114, 40.8590094065
0.102735028483, 0.924067418107, 0.101518370153, 0.865656933564, 0.0038589990265, 0.0879416307724, 0.958291400339, 0.469914208553, 0.539250641382, 0.0645090825534, 0.397088730348, 0.166257831773, 0.0191626931912, 0.0839708348484, 0.599515658983, 0.253123275399, 0.32791219119, 0.551714900054, 0.442016591293, 0.364626123182, 0.162150567767, 0.393445713305, 0.121579733848, 0.689838249935, 0.158059442446, 0.331241876897, 0.722292200495, 0.102735028483, 0.924067418107, 0.101518370153, 0.865656933564, 0.0038589990265, 0.0879416307724, 0.958291400339, 39.8295615278
0.0752059390554, 0.0888132583521, 0.0661386564798, 0.596522621626, 0.133535265182, 0.721784928366, 0.679978734666, 0.0342335971205, 0.155427266263, 0.140293970858, 0.909076594757, 0.771742963422, 0.27465826116, 0.491093066782, 0.474321462122, 0.117582801438, 0.284855138201, 0.286362353929, 0.0276248112884, 0.27315002272, 0.557913822584, 0.627723158699, 0.693549221274, 0.0618507080067, 0.24827527004, 0.404522759654, 0.821475885376, 0.0752059390554, 0.0888132583521, 0.0661386564798, 0.596522621626, 0.133535265182, 0.721784928366, 0.679978734666, 43.074218085
0.0525177910516, 0.0678473790258, 0.514553828487, 0.892785769707, 0.239043085105, 0.0284597831249, 0.0420197134956, 0.0155750701348, 0.0323096276477, 0.849426943357, 0.389018624245, 0.967823664167, 0.853160845774, 0.02950464606, 0.167030636693, 0.486005836479, 0.884177212788, 0.5348399183, 0.443289908401, 0.919776237766, 0.343506956513, 0.524392037659, 0.292868502142, 0.767421444617, 0.770759914915, 0.04539785299, 0.0451889471958, 0.0525177910516, 0.0678473790258, 0.514553828487, 0.892785769707, 0.239043085105, 0.0284597831249, 0.0420197134956, 49.2318648189
0.700428926624, 0.0884090741269, 0.247833601928, 0.16209416432, 0.138756542824, 0.228312872766, 0.861537766742, 0.136366258026, 0.334269066949, 0.0180330018388, 0.934896840239, 0.132162079348, 0.0841788782857, 0.723850621755, 0.194989164081, 0.0843419255261, 0.0627484937155, 0.463221734435, 0.57699995618, 0.436905506345, 0.206969888827, 0.512153182911, 0.0516165911988, 0.335865408346, 0.25093244867, 0.402794591138, 0.44532282959, 0.700428926624, 0.0884090741269, 0.247833601928, 0.16209416432, 0.138756542824, 0.228312872766, 0.861537766742, 38.3122520495
0.06058353473, 0.0382224867142, 0.0566792092223, 0.0284645693336, 0.207508306209, 0.049334189222, 0.124745643239, 0.715687649445, 0.0429987765205, 0.291341900843, 0.964990377466, 0.363625596183, 0.980293924621, 0.12861729078, 0.107974259116, 0.83252996291, 0.285030195123, 0.297082497265, 0.0329461952294, 0.13038712182, 0.0134508381943, 0.134147470112, 0.305724777692, 0.0667464030026, 0.0709556911563, 0.292834450449, 0.946051918689, 0.06058353473, 0.0382224867142, 0.0566792092223, 0.0284645693336, 0.207508306209, 0.049334189222, 0.124745643239, 41.0452509986
0.101468226337, 0.086444634268, 0.559640229108, 0.77673419819, 0.0971169110084, 0.0490177965894, 0.124745577206, 0.716946423934, 0.149167903407, 0.0435260661471, 0.0350219671417, 0.510247423427, 0.116215938309, 0.950059213942, 0.359772180442, 0.15263592238, 0.54839282916, 0.296973974516, 0.0257014017899, 0.840715325754, 0.629577471116, 0.17800655674, 0.293226415217, 0.0553963849351, 0.0639334511709, 0.284631485502, 0.718264839746, 0.101468226337, 0.086444634268, 0.559640229108, 0.77673419819, 0.0971169110084, 0.0490177965894, 0.124745577206, 40.685758712
0.107390771807, 0.0267453471894, 0.0618111147529, 0.213676902671, 0.101786222507, 0.783356696477, 0.804330438723, 0.468701275149, 0.380953944421, 0.180694103261, 0.389024825384, 0.504429476906, 0.204522158175, 0.545078591744, 0.102414284105, 0.177666430878, 0.445113689113, 0.102357242161, 0.436731771023, 0.135056776397, 0.545048693479, 0.152506960371, 0.233650628836, 0.290455532694, 0.983298415215, 0.0612727946587, 0.292083254385, 0.107390771807, 0.0267453471894, 0.0618111147529, 0.213676902671, 0.101786222507, 0.783356696477, 0.804330438723, 39.210300068
0.407876510171, 0.132958490015, 0.0846297741282, 0.124393788643, 0.0195977973609, 0.078441952621, 0.128562370701, 0.364570391251, 0.569885680193, 0.705822067665, 0.0182490496956, 0.137610119088, 0.208514078807, 0.446230987551, 0.396405742719, 0.159859456846, 0.821040987037, 0.295317481948, 0.00837641901763, 0.850265407539, 0.276418328778, 0.686710769242, 0.88179088738, 0.963086654236, 0.453636789437, 0.0698588079648, 0.402581424083, 0.407876510171, 0.132958490015, 0.0846297741282, 0.124393788643, 0.0195977973609, 0.078441952621, 0.128562370701, 47.150284596
0.0561295958194, 0.204795522844, 0.0875664850101, 0.839247753611, 0.790803479286, 0.0794915847094, 0.132777488609, 0.707798613269, 0.178305001553, 0.34655669538, 0.372131150513, 0.032002751104, 0.165747829301, 0.100729128615, 0.0993703201865, 0.508678965819, 0.183962777151, 0.0755706270153, 0.990126116034, 0.297719420919, 0.278784277628, 0.783552020544, 0.0848105401382, 0.00441085670993, 0.073690718012, 0.709118919741, 0.760357654804, 0.0561295958194, 0.204795522844, 0.0875664850101, 0.839247753611, 0.790803479286, 0.0794915847094, 0.132777488609, 39.6041794531
0.215349219223, 0.0310876577984, 0.0852532197784, 0.194124765039, 0.908472239713, 0.268090547326, 0.90169895508, 0.0927039375117, 0.133693285921, 0.5203292525, 0.485115813831, 0.191619241927, 0.844142926379, 0.0494723703901, 0.389367540291, 0.245507900011, 0.801688414388, 0.08310242804, 0.353120598533, 0.738150219306, 0.638373970558, 0.147871216109, 0.114494076132, 0.22297493898, 0.120162793026, 0.973495220786, 0.426712463243, 0.215349219223, 0.0310876577984, 0.0852532197784, 0.194124765039, 0.908472239713, 0.268090547326, 0.90169895508, 42.4378324297
0.217683202022, 0.0199027793393, 0.134664200085, 0.612346387834, 0.910106094009, 0.0225077304062, 0.8490540609, 0.080351123281, 0.743072125826, 0.812149106841, 0.0134915253663, 0.963641477258, 0.851412571867, 0.0266883458867, 0.197122613631, 0.505726961766, 0.425256898971, 0.292051394979, 0.020966145865, 0.3722394651, 0.342708042161, 0.510703774669, 0.075083226508, 0.0415313402831, 0.074773304522, 0.0546074785493, 0.0449646277462, 0.217683202022, 0.0199027793393, 0.134664200085, 0.612346387834, 0.910106094009, 0.0225077304062, 0.8490540609, 38.5068698114
0.247080415578, 0.164640153622, 0.219094721677, 0.763796678978, 0.150141382742, 0.129562366988, 0.861537766742, 0.0830737155378, 0.169377316876, 0.348356144634, 0.403818841622, 0.199488688865, 0.0900387325608, 0.0926616749515, 0.198861251971, 0.728976883239, 0.393927416346, 0.459608572119, 0.0180159897029, 0.846813979178, 0.232791509668, 0.515281616015, 0.0521368774668, 0.653006745435, 0.7794736338, 0.297361417737, 0.44532282959, 0.247080415578, 0.164640153622, 0.219094721677, 0.763796678978, 0.150141382742, 0.129562366988, 0.861537766742, 40.41329116
0.700738897617, 0.111041720778, 0.109166118167, 0.778444248606, 0.0995275644404, 0.290954536827, 0.871488762957, 0.131348807666, 0.680986088083, 0.0541730262533, 0.0429693651465, 0.130058907999, 0.0800089906311, 0.864193967296, 0.335076430448, 0.15263592238, 0.381044909033, 0.360828950884, 0.0121604538635, 0.463652032846, 0.203750985355, 0.720783777621, 0.528449111724, 0.0606408056808, 0.0734314309744, 0.300562533593, 0.445548206296, 0.700738897617, 0.111041720778, 0.109166118167, 0.778444248606, 0.0995275644404, 0.290954536827, 0.871488762957, 36.878446637
0.0821454860556, 0.00521709028859, 0.682476553028, 0.156482537878, 0.133059129436, 0.838757041774, 0.0256961774796, 0.539481303403, 0.203197019166, 0.348051999445, 0.829514852101, 0.771346061067, 0.0746872312001, 0.818757840641, 0.10190693657, 0.507023799786, 0.430223180013, 0.294392413994, 0.964274583993, 0.898696617441, 0.563814796918, 0.485840928436, 0.824708605736, 0.713672706484, 0.768754740231, 0.273305377348, 0.599312654094, 0.0821454860556, 0.00521709028859, 0.682476553028, 0.156482537878, 0.133059129436, 0.838757041774, 0.0256961774796, 54.9410655149
0.891037852502, 0.587928157781, 0.142596046837, 0.0262371508208, 0.011585094445, 0.0425367231467, 0.0509782597734, 0.547760103116, 0.204668823058, 0.795159520299, 0.900851089785, 0.66691440956, 0.134676496851, 0.973961842322, 0.486295776193, 0.169128952709, 0.411305948998, 0.295694132177, 0.24402025783, 0.354059454617, 0.161344373622, 0.490130662429, 0.817408976776, 0.300751962642, 0.374313675793, 0.416816431894, 0.410705084189, 0.891037852502, 0.587928157781, 0.142596046837, 0.0262371508208, 0.011585094445, 0.0425367231467, 0.0509782597734, 48.508210758
0.691356466445, 0.0700817107916, 0.0775194369092, 0.163344803703, 0.201186513001, 0.0332285039669, 0.614858946089, 0.0394220743751, 0.5614802285, 0.725862622093, 0.933556323037, 0.652391639267, 0.477332806735, 0.0305230139287, 0.478370314882, 0.887349882686, 0.244956923145, 0.120769700796, 0.797605320046, 0.435694062345, 0.205361651687, 0.636759503606, 0.900297718135, 0.245570042616, 0.246008101108, 0.67367482087, 0.824359161509, 0.691356466445, 0.0700817107916, 0.0775194369092, 0.163344803703, 0.201186513001, 0.0332285039669, 0.614858946089, 51.9694110844
0.107149971269, 0.0193138205602, 0.83592017004, 0.201221352679, 0.0044962187257, 0.107621715592, 0.957081705713, 0.47662896472, 0.0372534578848, 0.562902239386, 0.389057847631, 0.404235011964, 0.204495012869, 0.230201213711, 0.0190408923593, 0.945846660461, 0.367994325424, 0.746794559505, 0.440096282254, 0.46703043856, 0.204040568368, 0.524327858593, 0.293064308369, 0.383623350306, 0.159960420863, 0.497991332371, 0.186855981265, 0.107149971269, 0.0193138205602, 0.83592017004, 0.201221352679, 0.0044962187257, 0.107621715592, 0.957081705713, 42.4710090661
0.023832195368, 0.664384778844, 0.0851997582287, 0.131819876557, 0.0982000232471, 0.104942958969, 0.0966128447511, 0.726802225777, 0.176272579648, 0.34655669538, 0.389267379554, 0.434914493, 0.0770911417413, 0.0464296198425, 0.3995256305, 0.741783061731, 0.187440901804, 0.513793284865, 0.318896333076, 0.329746075053, 0.278940157084, 0.393306217631, 0.0114756653692, 0.517099935977, 0.214229491428, 0.710047247172, 0.589233327836, 0.023832195368, 0.664384778844, 0.0851997582287, 0.131819876557, 0.0982000232471, 0.104942958969, 0.0966128447511, 42.364724405
0.101785259149, 0.0869047816689, 0.126992081999, 0.0361001753313, 0.0971169110084, 0.713535685911, 0.111877386401, 0.86331077466, 0.383286899786, 0.350999226462, 0.0309578940037, 0.519967808871, 0.13647274689, 0.949367507106, 0.103198536048, 0.310468879043, 0.425605199714, 0.289866571757, 0.412893242068, 0.137636698489, 0.164821722437, 0.108391778388, 0.293223943362, 0.0398798232827, 0.0638726199321, 0.411290997006, 0.293870651573, 0.101785259149, 0.0869047816689, 0.126992081999, 0.0361001753313, 0.0971169110084, 0.713535685911, 0.111877386401, 38.3129587444
0.0592401075253, 0.0885870887012, 0.107211901639, 0.220039209535, 0.0981581234622, 0.0341187318553, 0.132194292756, 0.136366258026, 0.164563949891, 0.371926775571, 0.934896840239, 0.413498699364, 0.165619555782, 0.45935640949, 0.1588365721, 0.0890363304165, 0.0704722557058, 0.435753903602, 0.0188524386164, 0.849944830818, 0.57575147935, 0.513105931685, 0.0115368475602, 0.00849597117425, 0.991028884434, 0.332345478604, 0.590895790991, 0.0592401075253, 0.0885870887012, 0.107211901639, 0.220039209535, 0.0981581234622, 0.0341187318553, 0.132194292756, 42.0194438808
0.97647322965, 0.0325970800914, 0.100881231989, 0.608130691455, 0.795596975735, 0.0139460252022, 0.10746396665, 0.0333556528624, 0.253221814148, 0.339639907122, 0.37097690781, 0.410512365096, 0.201105232231, 0.102350674911, 0.38870089992, 0.506827916323, 0.42881085186, 0.0811932817077, 0.0292977705151, 0.372317176342, 0.214136465613, 0.801409789231, 0.530819952508, 0.0046327837914, 0.164419198979, 0.671716731024, 0.753195815996, 0.97647322965, 0.0325970800914, 0.100881231989, 0.608130691455, 0.795596975735, 0.0139460252022, 0.10746396665, 39.3944786545
0.79450236211, 0.670720856694, 0.0875664850101, 0.125729122201, 0.106641547909, 0.871145466271, 0.132346226081, 0.707798613269, 0.157305998467, 0.346934171244, 0.374535074187, 0.41334431147, 0.165747829301, 0.111347351279, 0.399998537179, 0.745545371205, 0.185053780528, 0.483188214499, 0.214295595116, 0.061914837687, 0.460024547546, 0.813268974223, 0.0114422133593, 0.634227665566, 0.624732727554, 0.57548363667, 0.594436789136, 0.79450236211, 0.670720856694, 0.0875664850101, 0.125729122201, 0.106641547909, 0.871145466271, 0.132346226081, 44.2128991444
0.879152953077, 0.0884100494016, 0.118501661288, 0.606099097874, 0.133535265182, 0.71668073529, 0.124226853454, 0.932191092357, 0.36263720937, 0.399102818103, 0.512836815112, 0.293303915348, 0.13533854526, 0.533081502239, 0.0941351160425, 0.141767299411, 0.345737261469, 0.287551891987, 0.0276248112884, 0.0625127001222, 0.561621491878, 0.530454902365, 0.203620128921, 0.646173775596, 0.307141105175, 0.408182689711, 0.604301875349, 0.879152953077, 0.0884100494016, 0.118501661288, 0.606099097874, 0.133535265182, 0.71668073529, 0.124226853454, 41.9208271154
0.115904542451, 0.0148326639766, 0.068932526936, 0.582752663567, 0.132558360708, 0.0123216180135, 0.421083080919, 0.147382919835, 0.632677007984, 0.334929375645, 0.347036421871, 0.784293731817, 0.477566841318, 0.0187846302118, 0.476997363669, 0.492122677485, 0.283976842381, 0.296731440552, 0.947446716684, 0.42471038455, 0.205361651687, 0.525680088519, 0.900261994707, 0.691047926915, 0.151189574793, 0.0141418541107, 0.185078434605, 0.115904542451, 0.0148326639766, 0.068932526936, 0.582752663567, 0.132558360708, 0.0123216180135, 0.421083080919, 45.8467349138
0.0534522282128, 0.829605376091, 0.125018369111, 0.084565702419, 0.796157101191, 0.201996559733, 0.0312746175997, 0.925564699192, 0.0371839040172, 0.596791357289, 0.48671899744, 0.00325936430573, 0.204529714924, 0.230348514561, 0.0991831005924, 0.158826233271, 0.425256898971, 0.735177706299, 0.0303297949535, 0.3722394651, 0.206909615337, 0.639204387336, 0.297337030009, 0.0634235964351, 0.167912871835, 0.0520469749479, 0.192185287512, 0.0534522282128, 0.829605376091, 0.125018369111, 0.084565702419, 0.796157101191, 0.201996559733, 0.0312746175997, 36.6829650253
0.0787877168773, 0.664384778844, 0.0851997582287, 0.131819876557, 0.0982000232471, 0.104942958969, 0.13291373199, 0.707798613269, 0.175270960589, 0.34655669538, 0.389267379554, 0.414012025385, 0.165535160147, 0.105686600361, 0.40025337599, 0.745545371205, 0.187440901804, 0.513896562183, 0.0297191050846, 0.329746075053, 0.278763424347, 0.393306217631, 0.0114756653692, 0.00441085670993, 0.0681582690949, 0.710047247172, 0.588920614, 0.0787877168773, 0.664384778844, 0.0851997582287, 0.131819876557, 0.0982000232471, 0.104942958969, 0.13291373199, 39.3369288611
0.94935188602, 0.00234023895144, 0.107375007765, 0.164158847451, 0.792336220221, 0.0596326749348, 0.106662274364, 0.133773308205, 0.0327594587942, 0.371897271329, 0.923903705318, 0.354286750501, 0.206735712869, 0.538594265074, 0.100269738019, 0.538603569039, 0.0719245076493, 0.0692453315171, 0.923173497848, 0.340866945674, 0.50516195426, 0.800377338501, 0.0432321311742, 0.0470356346602, 0.248826435506, 0.331555499951, 0.0494897287959, 0.94935188602, 0.00234023895144, 0.107375007765, 0.164158847451, 0.792336220221, 0.0596326749348, 0.106662274364, 39.254300322
0.213486060209, 0.928251693443, 0.141231161074, 0.886341291703, 0.272218714365, 0.164555353335, 0.109225485741, 0.712766286725, 0.560478451834, 0.337449613775, 0.492999685125, 0.187812731677, 0.0172566447709, 0.0258822083551, 0.665027875088, 0.245959380733, 0.328992153657, 0.11996591857, 0.805477950982, 0.74103343851, 0.2102529257, 0.147035731032, 0.250535648786, 0.0682369736544, 0.0697208643661, 0.0577333347522, 0.290954010872, 0.213486060209, 0.928251693443, 0.141231161074, 0.886341291703, 0.272218714365, 0.164555353335, 0.109225485741, 38.0262538281
0.950006321106, 0.00234023895144, 0.107375007765, 0.164158847451, 0.792336220221, 0.0591105622584, 0.779101020095, 0.133773308205, 0.200983552072, 0.371897271329, 0.900699921182, 0.354286750501, 0.206735712869, 0.578843769833, 0.100269738019, 0.532860453451, 0.0681784742693, 0.0711183713568, 0.924751676901, 0.340477043165, 0.50516195426, 0.800377338501, 0.0432321311742, 0.782577418331, 0.249660940517, 0.332449236693, 0.408776585827, 0.950006321106, 0.00234023895144, 0.107375007765, 0.164158847451, 0.792336220221, 0.0591105622584, 0.779101020095, 43.5587797272
0.11236706495, 0.637570971592, 0.483216688526, 0.149438739322, 0.0326951785055, 0.729367704133, 0.12748880777, 0.986602290526, 0.155427266263, 0.563461825146, 0.909719525746, 0.771742963422, 0.532075104677, 0.101122356395, 0.310976598827, 0.084641239942, 0.427226442875, 0.290341470796, 0.487778187223, 0.938041137515, 0.560713983087, 0.603496807623, 0.603788907812, 0.665409632729, 0.253920432995, 0.273386695816, 0.53768863771, 0.11236706495, 0.637570971592, 0.483216688526, 0.149438739322, 0.0326951785055, 0.729367704133, 0.12748880777, 51.7098120558
0.110060481742, 0.043356953826, 0.0877759259104, 0.125650259483, 0.849045069429, 0.889784336569, 0.395485699685, 0.116096363415, 0.156954349569, 0.34655532907, 0.370499277615, 0.41334431147, 0.26822882649, 0.100609438496, 0.301280306265, 0.146024145202, 0.185653616809, 0.43476153469, 0.459373750111, 0.061914837687, 0.268624804431, 0.81292871489, 0.299471086762, 0.634385737092, 0.307146387385, 0.415381391442, 0.0826837442821, 0.110060481742, 0.043356953826, 0.0877759259104, 0.125650259483, 0.849045069429, 0.889784336569, 0.395485699685, 37.5834229763
0.0534280585551, 0.838864239915, 0.8011499988, 0.903281706567, 0.185039963246, 0.049334189222, 0.156226767792, 0.715687649445, 0.0429987765205, 0.0437108229861, 0.958750074305, 0.182661807165, 0.0998862234071, 0.124694810126, 0.0985226473091, 0.508888090179, 0.314650493057, 0.296099018814, 0.0288389489, 0.846488102729, 0.0281626679135, 0.134147470112, 0.30680780461, 0.0667464030026, 0.0694114679769, 0.292834450449, 0.946051918689, 0.0534280585551, 0.838864239915, 0.8011499988, 0.903281706567, 0.185039963246, 0.049334189222, 0.156226767792, 37.0737379296
0.119907222585, 0.0885870887012, 0.101625338703, 0.216924455303, 0.10199540642, 0.0341187318553, 0.919512220458, 0.136366258026, 0.162731024406, 0.371926775571, 0.947271644666, 0.413498699364, 0.165619555782, 0.45935640949, 0.1588365721, 0.0890363304165, 0.0704722557058, 0.435980796985, 0.0188524386164, 0.00537595795499, 0.57575147935, 0.774612222833, 0.0132272200881, 0.00849597117425, 0.978422962009, 0.332345478604, 0.590895790991, 0.119907222585, 0.0885870887012, 0.101625338703, 0.216924455303, 0.10199540642, 0.0341187318553, 0.919512220458, 39.6912301247
0.212378590553, 0.928251693443, 0.137187829852, 0.272417886714, 0.00145666819765, 0.122388011747, 0.722399303838, 0.961997093653, 0.553628015919, 0.0515373652068, 0.371754218556, 0.354678637565, 0.0210138241934, 0.690482931655, 0.482051263197, 0.748127115362, 0.32540324697, 0.431173967598, 0.993732276597, 0.742375350009, 0.909399069178, 0.146893742844, 0.113527610776, 0.242688376031, 0.119141605198, 0.0758948775678, 0.290954010872, 0.212378590553, 0.928251693443, 0.137187829852, 0.272417886714, 0.00145666819765, 0.122388011747, 0.722399303838, 46.3077751872
0.0805664507238, 0.0193001190829, 0.132881124067, 0.104341625751, 0.109214369751, 0.138758911545, 0.107728074633, 0.284147972153, 0.134953162409, 0.562356792418, 0.942923492072, 0.917051818196, 0.204550319873, 0.982576121093, 0.217516676985, 0.506827916323, 0.821624420517, 0.751389649252, 0.981554073488, 0.3722394651, 0.212923412709, 0.79323931325, 0.290906689679, 0.0621338527394, 0.0267170258291, 0.160158887313, 0.184937266338, 0.0805664507238, 0.0193001190829, 0.132881124067, 0.104341625751, 0.109214369751, 0.138758911545, 0.107728074633, 49.6223391884
0.0611082579282, 0.0884100494016, 0.120206317078, 0.606664162337, 0.133535265182, 0.70601184109, 0.124082359101, 0.932191092357, 0.178284711965, 0.342642797216, 0.378376338206, 0.771742963422, 0.13533854526, 0.948997028849, 0.317017103056, 0.141767299411, 0.420511030837, 0.287551891987, 0.0276248112884, 0.0634807100224, 0.561621491878, 0.527844509188, 0.696145328756, 0.683180499654, 0.307141105175, 0.408182689711, 0.604301875349, 0.0611082579282, 0.0884100494016, 0.120206317078, 0.606664162337, 0.133535265182, 0.70601184109, 0.124082359101, 47.0166208143
0.79450236211, 0.140090621666, 0.0875664850101, 0.125729122201, 0.10653655331, 0.871145466271, 0.132319448038, 0.707798613269, 0.157305998467, 0.346934171244, 0.43557391111, 0.41334431147, 0.448686933666, 0.111347351279, 0.391848939728, 0.349631465502, 0.82426648608, 0.483188214499, 0.269311217571, 0.061914837687, 0.460024547546, 0.491007466779, 0.0114422133593, 0.634227665566, 0.624732727554, 0.571853961284, 0.594436789136, 0.79450236211, 0.140090621666, 0.0875664850101, 0.125729122201, 0.10653655331, 0.871145466271, 0.132319448038, 45.3840369842
0.699496343544, 0.00394506327032, 0.620772578253, 0.885622152998, 0.0182671040499, 0.0285114420156, 0.15592378147, 0.705544507472, 0.373113145892, 0.180694103261, 0.95104832817, 0.187221954443, 0.307160192778, 0.0231313252336, 0.101448141124, 0.177860949346, 0.329174912106, 0.297176100474, 0.807024376476, 0.270388228788, 0.209945520957, 0.0526175274028, 0.224250585994, 0.068294406494, 0.964358232969, 0.057797974974, 0.279586053662, 0.699496343544, 0.00394506327032, 0.620772578253, 0.885622152998, 0.0182671040499, 0.0285114420156, 0.15592378147, 39.0963871947
0.699496343544, 0.0210050665877, 0.140376055905, 0.61831524816, 0.0166419903424, 0.0224858168286, 0.15592378147, 0.932207286368, 0.375353856176, 0.180694103261, 0.955025711973, 0.28921872119, 0.307175748425, 0.543307693017, 0.101510348451, 0.177855382144, 0.351600104794, 0.297176100474, 0.991706189317, 0.26955344187, 0.5574520105, 0.0545603360876, 0.224250585994, 0.0616106471348, 0.964358232969, 0.0650405231826, 0.432274570667, 0.699496343544, 0.0210050665877, 0.140376055905, 0.61831524816, 0.0166419903424, 0.0224858168286, 0.15592378147, 44.9209499603
0.833857357166, 0.0378833818416, 0.106819499022, 0.0258619352725, 0.154672927829, 0.0480592060446, 0.0277911112275, 0.0425235840706, 0.347396736224, 0.249002916688, 0.489744838137, 0.127293536944, 0.0841788782857, 0.45935640949, 0.18822059489, 0.0886186381898, 0.280718576935, 0.297372389589, 0.00257962338587, 0.430306217692, 0.033210302248, 0.151172707423, 0.527890664177, 0.339013624361, 0.315849012249, 0.332505417278, 0.447163597733, 0.833857357166, 0.0378833818416, 0.106819499022, 0.0258619352725, 0.154672927829, 0.0480592060446, 0.0277911112275, 34.4926122294
0.806225081067, 0.924067418107, 0.0872391126011, 0.850516216701, 0.00338982164474, 0.195824891455, 0.108960821779, 0.469914208553, 0.533904839792, 0.318299143574, 0.371430183167, 0.159980548058, 0.0191626931912, 0.744789096944, 0.401022461797, 0.750307315592, 0.32816383963, 0.279237421653, 0.441617972123, 0.364587126231, 0.428819542457, 0.306527413162, 0.121579733848, 0.00306859412507, 0.307112676383, 0.744737118342, 0.722292200495, 0.806225081067, 0.924067418107, 0.0872391126011, 0.850516216701, 0.00338982164474, 0.195824891455, 0.108960821779, 43.1365911667
0.0530195144538, 0.71086318, 0.840591392001, 0.0296427398282, 0.850467829094, 0.084458940122, 0.871997302784, 0.0994981391942, 0.183408248744, 0.346493537929, 0.0331013985652, 0.663352995814, 0.100011868168, 0.934599233976, 0.301795248536, 0.743517256312, 0.315481431168, 0.460830169635, 0.162910286283, 0.846368003624, 0.0629007264336, 0.192256366627, 0.214615553665, 0.563009940845, 0.384724205835, 0.292834450449, 0.0824515324284, 0.0530195144538, 0.71086318, 0.840591392001, 0.0296427398282, 0.850467829094, 0.084458940122, 0.871997302784, 40.065474103
0.217183257492, 0.0821699457027, 0.617643795467, 0.194100331697, 0.905660323858, 0.108476644285, 0.0226967823112, 0.0862567544076, 0.180718959399, 0.518979169399, 0.045121139118, 0.406990987965, 0.852979432616, 0.0494723703901, 0.398554343697, 0.0847719029315, 0.963040511104, 0.0830068695298, 0.416307471554, 0.507976154507, 0.423631310252, 0.0912521748668, 0.0757007159534, 0.793492101425, 0.214094461693, 0.205672845035, 0.0446189881489, 0.217183257492, 0.0821699457027, 0.617643795467, 0.194100331697, 0.905660323858, 0.108476644285, 0.0226967823112, 38.6836749012
0.10215513789, 0.0248100203206, 0.0888659605147, 0.891678790673, 0.270258250738, 0.0121161499977, 0.0323777207983, 0.146666269918, 0.175044634073, 0.342981745748, 0.370635002998, 0.434725359561, 0.270208964589, 0.954176139227, 0.307705108116, 0.491248928879, 0.190581579274, 0.538494058837, 0.445471589289, 0.925509278667, 0.563937438097, 0.524701854491, 0.292908200067, 0.0461110921669, 0.76517019777, 0.330933443637, 0.186855981265, 0.10215513789, 0.0248100203206, 0.0888659605147, 0.891678790673, 0.270258250738, 0.0121161499977, 0.0323777207983, 45.4279227504
0.0224675785976, 0.0850683124626, 0.0846541147321, 0.149352124263, 0.971917658558, 0.870798763186, 0.124082359101, 0.924649530209, 0.15540636055, 0.566904500338, 0.908653643495, 0.771742963422, 0.274129712074, 0.11191711161, 0.307668952898, 0.745024985544, 0.430198048088, 0.285951439013, 0.487778187223, 0.938119677638, 0.557155734732, 0.593504317167, 0.0104600424948, 0.0307147821291, 0.24827527004, 0.406385624495, 0.600047601974, 0.0224675785976, 0.0850683124626, 0.0846541147321, 0.149352124263, 0.971917658558, 0.870798763186, 0.124082359101, 48.927239437
0.778631998238, 0.167851280907, 0.0875664850101, 0.129710848236, 0.149674604782, 0.871145466271, 0.132346226081, 0.707798613269, 0.169255816548, 0.346934171244, 0.374535074187, 0.198510537521, 0.165747829301, 0.111941627687, 0.399998537179, 0.714149755778, 0.185053780528, 0.459370160311, 0.214295595116, 0.061914837687, 0.460024547546, 0.825778759252, 0.0114422133593, 0.634227665566, 0.624732727554, 0.57548363667, 0.593349813159, 0.778631998238, 0.167851280907, 0.0875664850101, 0.129710848236, 0.149674604782, 0.871145466271, 0.132346226081, 43.4010053613
0.396885549923, 0.670720856694, 0.208119084914, 0.125729122201, 0.101614437771, 0.874183584292, 0.024903287226, 0.713520392292, 0.90821945299, 0.342284937396, 0.368553567988, 0.41334431147, 0.165747829301, 0.111374331959, 0.403174324391, 0.175092087985, 0.182879118063, 0.483231419223, 0.214295595116, 0.775011511802, 0.0515287869791, 0.640616954765, 0.0154150422963, 0.558756660861, 0.790806176011, 0.0223598696805, 0.396607872981, 0.396885549923, 0.670720856694, 0.208119084914, 0.125729122201, 0.101614437771, 0.874183584292, 0.024903287226, 43.2247248939
0.845927636552, 0.938210041527, 0.0828278747502, 0.213663530173, 0.0110347653803, 0.111774047238, 0.802873564635, 0.0424772904127, 0.346548831559, 0.289105086439, 0.367764795843, 0.155615642598, 0.965841360617, 0.622841571544, 0.2789898293, 0.869650680283, 0.28338267908, 0.0811006489695, 0.958381992263, 0.135362972269, 0.213153341809, 0.15102342411, 0.53064602174, 0.291117983942, 0.313974787329, 0.486278996868, 0.0423884518128, 0.845927636552, 0.938210041527, 0.0828278747502, 0.213663530173, 0.0110347653803, 0.111774047238, 0.802873564635, 41.7672476189
0.113925915084, 0.070851653946, 0.44419103649, 0.154622488163, 0.786229514722, 0.197376866966, 0.0332624957663, 0.914143327029, 0.383224532614, 0.00991393694736, 0.212483881527, 0.090648115779, 0.538890250494, 0.744789096944, 0.392172533036, 0.0465126148161, 0.285008194887, 0.297277400995, 0.970775935612, 0.0238843864074, 0.430537563116, 0.776450427819, 0.0115216081101, 0.791881708878, 0.217387087053, 0.754658455645, 0.156644744165, 0.113925915084, 0.070851653946, 0.44419103649, 0.154622488163, 0.786229514722, 0.197376866966, 0.0332624957663, 44.4940658786
0.113560060725, 0.0189502164529, 0.513173506219, 0.153717518513, 0.119382191619, 0.198108601121, 0.041116424149, 0.491004808506, 0.0372534578848, 0.50523779467, 0.394967584882, 0.434587980968, 0.204495012869, 0.738656721816, 0.398340033409, 0.154056624507, 0.289117153439, 0.296172332812, 0.440096282254, 0.00391267391053, 0.206956774143, 0.497599154674, 0.293064308369, 0.872525723477, 0.219353020198, 0.756672081085, 0.156129460075, 0.113560060725, 0.0189502164529, 0.513173506219, 0.153717518513, 0.119382191619, 0.198108601121, 0.041116424149, 42.3909786999
0.100075049259, 0.0196984030383, 0.133062530359, 0.161755235103, 0.0144351711046, 0.127193546961, 0.405621498096, 0.0394746589714, 0.130361741143, 0.173076181594, 0.394151610579, 0.436522489062, 0.47356552687, 0.978787537235, 0.213242053035, 0.122427777783, 0.816219323799, 0.297176100474, 0.957240330488, 0.465461697966, 0.224423792913, 0.78814289161, 0.901820575147, 0.0631017947608, 0.137968348857, 0.144906689457, 0.504106230918, 0.100075049259, 0.0196984030383, 0.133062530359, 0.161755235103, 0.0144351711046, 0.127193546961, 0.405621498096, 45.5205588545
0.115050113659, 0.0853181349613, 0.444428789436, 0.159615167363, 0.920638636334, 0.850682990517, 0.897465986324, 0.44523679589, 0.0325893119625, 0.520911864543, 0.214716024853, 0.189875051203, 0.211792269107, 0.0991427803843, 0.374591852771, 0.0437555119969, 0.284973333721, 0.406309407976, 0.333706767298, 0.0234332301734, 0.646402690103, 0.776424195812, 0.30013927694, 0.63242840604, 0.216990882854, 0.205672845035, 0.155696079639, 0.115050113659, 0.0853181349613, 0.444428789436, 0.159615167363, 0.920638636334, 0.850682990517, 0.897465986324, 37.1165086644
0.111832713984, 0.448438346929, 0.0838446314532, 0.454043207773, 0.273781424967, 0.122484153713, 0.0668167817977, 0.353523819058, 0.586503944788, 0.346688222082, 0.650078843216, 0.423032320605, 0.433707938423, 0.914402821068, 0.194931612635, 0.719336066249, 0.427881146564, 0.0454258164885, 0.183291390136, 0.906896815396, 0.153174722935, 0.484622616548, 0.104228620252, 0.479616118333, 0.867016316463, 0.14273302829, 0.0148087860556, 0.111832713984, 0.448438346929, 0.0838446314532, 0.454043207773, 0.273781424967, 0.122484153713, 0.0668167817977, 46.1278259725
0.0534282980525, 0.838866182092, 0.83639838029, 0.084565702419, 0.817106249791, 0.198358797714, 0.0312746175997, 0.71654066478, 0.0430418734407, 0.596791357289, 0.486282631345, 0.003812192638, 0.235831972062, 0.119245753321, 0.0991883095249, 0.156742269296, 0.425256898971, 0.733269918259, 0.0303297949535, 0.372659562325, 0.206909615337, 0.639204387336, 0.297337030009, 0.0632655594672, 0.165912344899, 0.0520469749479, 0.188086482753, 0.0534282980525, 0.838866182092, 0.83639838029, 0.084565702419, 0.817106249791, 0.198358797714, 0.0312746175997, 35.410539367
0.115819683019, 0.0241132051725, 0.068932526936, 0.582752663567, 0.132231913094, 0.0332285039669, 0.405621498096, 0.0394201904543, 0.632677007984, 0.168788836571, 0.905268195109, 0.784293731817, 0.476465069709, 0.0187846302118, 0.478360269788, 0.181950892106, 0.283634055262, 0.296731440552, 0.947446716684, 0.435164914972, 0.205361651687, 0.636759503606, 0.900261994707, 0.691047926915, 0.151189574793, 0.0221796154099, 0.461393683205, 0.115819683019, 0.0241132051725, 0.068932526936, 0.582752663567, 0.132231913094, 0.0332285039669, 0.405621498096, 47.1944530269
0.891037852502, 0.587928157781, 0.142596046837, 0.0262371508208, 0.0108814852942, 0.839614000847, 0.755449969131, 0.547760103116, 0.204660249552, 0.795159520299, 0.834278123383, 0.66691440956, 0.134676496851, 0.95351281313, 0.486295776193, 0.169128952709, 0.411305948998, 0.450904086969, 0.24402025783, 0.348450907016, 0.161344373622, 0.490103555774, 0.817408976776, 0.300751962642, 0.379785501538, 0.416816431894, 0.596806696124, 0.891037852502, 0.587928157781, 0.142596046837, 0.0262371508208, 0.0108814852942, 0.839614000847, 0.755449969131, 48.8454693679
0.0521817198279, 0.0378833818416, 0.107615826438, 0.025596766505, 0.205291187593, 0.0481608358906, 0.619168481859, 0.0392076888068, 0.0413700953972, 0.562954236293, 0.383912065048, 0.13271626595, 0.480392761872, 0.0314859691719, 0.479762760228, 0.885920036683, 0.246708007867, 0.121082565118, 0.803058072479, 0.396922110101, 0.205863405966, 0.126306095799, 0.865480965214, 0.340435982136, 0.914701456249, 0.335562661582, 0.447163597733, 0.0521817198279, 0.0378833818416, 0.107615826438, 0.025596766505, 0.205291187593, 0.0481608358906, 0.619168481859, 44.0146216226
0.359148261847, 0.0151980120679, 0.621472033164, 0.0132711118364, 0.00740019457029, 0.0674912876528, 0.155768094089, 0.134528911563, 0.204535535016, 0.252037093481, 0.491173777794, 0.2879001918, 0.485412986033, 0.66126029539, 0.474063814273, 0.177978051657, 0.411311837921, 0.614629816839, 0.956862199551, 0.270649372074, 0.422496505558, 0.65024531326, 0.878660208073, 0.340729450116, 0.767958549806, 0.645125643872, 0.433884813638, 0.359148261847, 0.0151980120679, 0.621472033164, 0.0132711118364, 0.00740019457029, 0.0674912876528, 0.155768094089, 50.2005600233
0.944064352345, 0.0868076418221, 0.248303771515, 0.608130691455, 0.795596975735, 0.0203764058793, 0.111677681652, 0.0333556528624, 0.334862003104, 0.0217235487885, 0.918911112364, 0.93913879793, 0.201105232231, 0.443718084081, 0.167117483131, 0.506827916323, 0.0621062466078, 0.0811932817077, 0.0292974203464, 0.437098217276, 0.214277493714, 0.800685478933, 0.0554940541502, 0.337540534691, 0.251276189508, 0.403287075321, 0.442505310898, 0.944064352345, 0.0868076418221, 0.248303771515, 0.608130691455, 0.795596975735, 0.0203764058793, 0.111677681652, 39.3761212154
0.208180335331, 0.0268642446343, 0.107615826438, 0.159427556436, 0.269295927903, 0.761458070778, 0.0291320433276, 0.136366258026, 0.0384869494282, 0.355942517907, 0.374918770951, 0.104048758335, 0.0795783903071, 0.54696114052, 0.154385963021, 0.19059249528, 0.0615048604403, 0.747307673832, 0.0356234193894, 0.377385815971, 0.568103166635, 0.490683450211, 0.296218568142, 0.324006559162, 0.98367482333, 0.0618188514133, 0.441402906401, 0.208180335331, 0.0268642446343, 0.107615826438, 0.159427556436, 0.269295927903, 0.761458070778, 0.0291320433276, 38.4778352423
0.886429359275, 0.0203758350307, 0.135832294357, 0.605088152071, 0.130854284048, 0.0225063848477, 0.15592378147, 0.932905373376, 0.744104466538, 0.806968801899, 0.512266446141, 0.961085135495, 0.308761469056, 0.758065145862, 0.197084615989, 0.178140454407, 0.347387466998, 0.402960692448, 0.971298449074, 0.432511226604, 0.500351952956, 0.0546713738716, 0.224250585994, 0.0616021898292, 0.967111958274, 0.0619133930025, 0.43321305793, 0.886429359275, 0.0203758350307, 0.135832294357, 0.605088152071, 0.130854284048, 0.0225063848477, 0.15592378147, 50.9065774557
0.102688250805, 0.086444634268, 0.559640229108, 0.782292831353, 0.0971169110084, 0.0943825810509, 0.124711877866, 0.94241132243, 0.149167903407, 0.0607499607319, 0.0350219671417, 0.514135413418, 0.206402927663, 0.949367507106, 0.335076430448, 0.15263592238, 0.532441326989, 0.289125572983, 0.412893242068, 0.46360251381, 0.629577471116, 0.108218600491, 0.293226415217, 0.0420917444812, 0.0638726199321, 0.411290997006, 0.718264839746, 0.102688250805, 0.086444634268, 0.559640229108, 0.782292831353, 0.0971169110084, 0.0943825810509, 0.124711877866, 41.8813751932
0.0593522096258, 0.204064642312, 0.0875664850101, 0.818094387852, 0.790673676011, 0.0794915847094, 0.132608669621, 0.707798613269, 0.182445187582, 0.329313825309, 0.354622745942, 0.367497018942, 0.165747829301, 0.528879702009, 0.0986604748045, 0.505706827616, 0.183962777151, 0.0755706270153, 0.993397655537, 0.297719420919, 0.314765328872, 0.783552020544, 0.0848105401382, 0.00188362704265, 0.073690718012, 0.709118919741, 0.760357654804, 0.0593522096258, 0.204064642312, 0.0875664850101, 0.818094387852, 0.790673676011, 0.0794915847094, 0.132608669621, 42.330165777
0.21560906731, 0.0702906404152, 0.195524143079, 0.194121474085, 0.924764591844, 0.0332285039669, 0.0199359261086, 0.0204303123573, 0.559040796179, 0.173041929417, 0.933557437074, 0.39877397925, 0.478228918703, 0.050930090647, 0.478370314882, 0.169645313707, 0.28427201009, 0.297176100474, 0.956316327659, 0.506469485266, 0.425658559495, 0.632608049403, 0.900297718135, 0.692028208867, 0.961603915131, 0.38908634122, 0.0512641218731, 0.21560906731, 0.0702906404152, 0.195524143079, 0.194121474085, 0.924764591844, 0.0332285039669, 0.0199359261086, 49.1181495502
