0.237250471709, 0.827517317527, 2.01106218703, 0.475924655549, 74.5282836155, 1.77305451625, 0.0924055593861, 4.65754491411, 1.36158329069, 78.4914812364, 0.0383002650651, 0.454545454545
0.237250471709, 0.827517317527, 2.01106218703, 0.475924655549, 74.5282836155, 1.77305451625, 0.0924055593861, 4.65754491411, 1.36158329069, 78.4914812364, 0.0383002650651, 0.454545454545
0.110424006643, 1.01624112465, 3.03939893835, 0.530554261576, 18.2347558745, 1.14351074931, 0.467825223277, 4.01354208036, 1.03102971276, 128.426764378, 0.0053345592163, 0.0
0.110424006643, 1.01624112465, 3.03939893835, 0.530554261576, 18.2347558745, 1.14351074931, 0.467825223277, 4.01354208036, 1.03102971276, 128.426764378, 0.0053345592163, 0.0
0.106811350114, 0.860832257975, 2.00378829711, 0.406753485089, 18.2347558745, 2.551607931, 0.0223776943793, 3.46732847722, 5.84242964825, 105.31301165, 0.0146201907952, 0.0
0.106811350114, 0.860832257975, 2.00378829711, 0.406753485089, 18.2347558745, 2.551607931, 0.0223776943793, 3.46732847722, 5.84242964825, 105.31301165, 0.0146201907952, 0.0
0.186669616602, 0.837066845807, 2.03458265873, 0.538022620734, 42.7225824927, 4.68728095559, 0.245468368394, 3.28735238869, 2.51365776502, 90.7292288726, 0.0608841992289, 0.0
0.186669616602, 0.837066845807, 2.03458265873, 0.538022620734, 42.7225824927, 4.68728095559, 0.245468368394, 3.28735238869, 2.51365776502, 90.7292288726, 0.0608841992289, 0.0
0.399657759109, 0.95161469097, 2.05986625579, 0.693617582241, 29.2112806489, 19.2306358757, 0.868258648931, 0.0614960831117, 2.51365776502, 101.375299596, 0.0, 0.333333333333
0.399657759109, 0.95161469097, 2.05986625579, 0.693617582241, 29.2112806489, 19.2306358757, 0.868258648931, 0.0614960831117, 2.51365776502, 101.375299596, 0.0, 0.333333333333
0.106811350114, 0.833266060473, 2.00378829711, 0.406753485089, 18.2347558745, 2.551607931, 0.0565536097257, 3.46732847722, 5.84242964825, 89.3440057656, 0.0254972052138, 0.344827586207
0.106811350114, 0.833266060473, 2.00378829711, 0.406753485089, 18.2347558745, 2.551607931, 0.0565536097257, 3.46732847722, 5.84242964825, 89.3440057656, 0.0254972052138, 0.344827586207
0.186669616602, 0.926653782998, 2.00817099357, 0.538022620734, 42.7225824927, 4.68728095559, 0.245468368394, 2.2270707231, 2.51365776502, 80.0845693654, 0.0694297649911, 0.190476190476
0.186669616602, 0.926653782998, 2.00817099357, 0.538022620734, 42.7225824927, 4.68728095559, 0.245468368394, 2.2270707231, 2.51365776502, 80.0845693654, 0.0694297649911, 0.190476190476
0.399657759109, 0.926653782998, 2.05986625579, 0.693617582241, 29.2112806489, 19.2306358757, 0.868258648931, 0.0614960831117, 2.51365776502, 76.8345598426, 0.303000227281, 0.166666666667
0.399657759109, 0.926653782998, 2.05986625579, 0.693617582241, 29.2112806489, 19.2306358757, 0.868258648931, 0.0614960831117, 2.51365776502, 76.8345598426, 0.303000227281, 0.166666666667
0.186669616602, 0.861395202941, 2.03458265873, 0.637149652962, 61.3045190004, 4.68728095559, 0.245468368394, 2.60969751689, 2.51365776502, 87.8019256148, 0.0523245130463, 0.111111111111
0.186669616602, 0.861395202941, 2.03458265873, 0.637149652962, 61.3045190004, 4.68728095559, 0.245468368394, 2.60969751689, 2.51365776502, 87.8019256148, 0.0523245130463, 0.111111111111
0.614480655113, 1.14871669232, 2.01106218703, 0.696302304554, 18.2347558745, 1.10031105523, 0.49439114542, 2.48439577957, 5.72742921876, 95.8674422886, 0.0395642387092, 0.333333333333
0.614480655113, 1.14871669232, 2.01106218703, 0.696302304554, 18.2347558745, 1.10031105523, 0.49439114542, 2.48439577957, 5.72742921876, 95.8674422886, 0.0395642387092, 0.333333333333
0.380822840947, 0.926653782998, 2.03458265873, 0.52976586088, 42.7225824927, 2.20983215895, 0.234200845871, 4.33906717129, 2.51365776502, 60.4003218458, 0.0396991100767, 0.2
0.380822840947, 0.926653782998, 2.03458265873, 0.52976586088, 42.7225824927, 2.20983215895, 0.234200845871, 4.33906717129, 2.51365776502, 60.4003218458, 0.0396991100767, 0.2
0.110424006643, 1.01624112465, 4.21898052929, 0.605355492771, 18.2347558745, 2.551607931, 0.467825223277, 3.94423501187, 1.03033955742, 212.5994635, 0.00763666124265, 0.0833333333333
0.110424006643, 1.01624112465, 4.21898052929, 0.605355492771, 18.2347558745, 2.551607931, 0.467825223277, 3.94423501187, 1.03033955742, 212.5994635, 0.00763666124265, 0.0833333333333
0.100147088402, 0.827517317527, 3.51827029581, 0.472155992248, 74.5282836155, 1.77305451625, 0.0924055593861, 4.65754491411, 1.41861553435, 132.861455048, 0.00936550599306, 0.0
0.100147088402, 0.827517317527, 3.51827029581, 0.472155992248, 74.5282836155, 1.77305451625, 0.0924055593861, 4.65754491411, 1.41861553435, 132.861455048, 0.00936550599306, 0.0
0.110424006643, 0.836607713598, 7.6690216095, 0.538022620734, 54.4267661905, 1.18088267732, 1.11421350591, 2.11183103302, 18.9618284144, 623.573124907, 0.00613563257317, 0.0
0.110424006643, 0.836607713598, 7.6690216095, 0.538022620734, 54.4267661905, 1.18088267732, 1.11421350591, 2.11183103302, 18.9618284144, 623.573124907, 0.00613563257317, 0.0
0.291977022193, 0.82702194789, 2.93759983233, 0.420235290786, 74.5282836155, 1.77305451625, 0.0924055593861, 4.65754491411, 1.04571308346, 119.948169113, 0.0346137814624, 0.0
0.291977022193, 0.82702194789, 2.93759983233, 0.420235290786, 74.5282836155, 1.77305451625, 0.0924055593861, 4.65754491411, 1.04571308346, 119.948169113, 0.0346137814624, 0.0
0.126312029047, 0.975510242589, 2.93759983233, 0.616794155288, 74.5282836155, 1.77305451625, 0.0924055593861, 3.34422174812, 1.28649804506, 120.244240924, 0.015557500739, 0.0
0.126312029047, 0.975510242589, 2.93759983233, 0.616794155288, 74.5282836155, 1.77305451625, 0.0924055593861, 3.34422174812, 1.28649804506, 120.244240924, 0.015557500739, 0.0
0.186669616602, 0.926653782998, 2.00817099357, 0.538022620734, 42.7225824927, 4.68728095559, 0.245468368394, 2.60969751689, 2.42574012438, 115.231507421, 0.0667444278313, 0.0
0.186669616602, 0.926653782998, 2.00817099357, 0.538022620734, 42.7225824927, 4.68728095559, 0.245468368394, 2.60969751689, 2.42574012438, 115.231507421, 0.0667444278313, 0.0
0.110424006643, 0.860632825105, 2.04571073741, 0.420900601987, 18.2347558745, 1.20548837638, 0.467825223277, 1.05527912886, 29.9837341231, 115.540238453, 0.0180710927569, 0.365853658537
0.110424006643, 0.860632825105, 2.04571073741, 0.420900601987, 18.2347558745, 1.20548837638, 0.467825223277, 1.05527912886, 29.9837341231, 115.540238453, 0.0180710927569, 0.365853658537
0.110424006643, 0.999288390872, 2.13046962112, 0.530554261576, 18.2347558745, 2.551607931, 0.467825223277, 3.41477306204, 1.03033955742, 122.844559818, 0.0149054851191, 0.333333333333
0.110424006643, 0.999288390872, 2.13046962112, 0.530554261576, 18.2347558745, 2.551607931, 0.467825223277, 3.41477306204, 1.03033955742, 122.844559818, 0.0149054851191, 0.333333333333
0.186669616602, 0.926653782998, 2.03458265873, 0.538022620734, 42.7225824927, 4.68728095559, 0.245468368394, 2.60969751689, 2.51365776502, 106.715520627, 0.024040976461, 0.4
0.186669616602, 0.926653782998, 2.03458265873, 0.538022620734, 42.7225824927, 4.68728095559, 0.245468368394, 2.60969751689, 2.51365776502, 106.715520627, 0.024040976461, 0.4
0.110424006643, 1.00483421087, 3.03939893835, 0.53327149144, 18.2347558745, 1.22178060861, 0.467825223277, 4.01354208036, 1.03102971276, 142.272970162, 0.00233176141689, 0.375
0.110424006643, 1.00483421087, 3.03939893835, 0.53327149144, 18.2347558745, 1.22178060861, 0.467825223277, 4.01354208036, 1.03102971276, 142.272970162, 0.00233176141689, 0.375
0.126312029047, 1.01624112465, 2.93759983233, 0.475924655549, 74.5282836155, 1.04909376326, 0.0924055593861, 3.04446656789, 3.73942699652, 110.280685475, 0.00382146550048, 0.4
0.126312029047, 1.01624112465, 2.93759983233, 0.475924655549, 74.5282836155, 1.04909376326, 0.0924055593861, 3.04446656789, 3.73942699652, 110.280685475, 0.00382146550048, 0.4
0.110424006643, 0.831626703442, 2.00088445049, 0.500701859929, 18.2347558745, 1.95234985644, 0.467825223277, 4.50569239543, 29.9837341231, 89.3586143199, 0.0276774699531, 0.45
0.110424006643, 0.831626703442, 2.00088445049, 0.500701859929, 18.2347558745, 1.95234985644, 0.467825223277, 4.50569239543, 29.9837341231, 89.3586143199, 0.0276774699531, 0.45
0.129722427227, 0.981921170289, 2.03458265873, 0.611081483511, 42.7225824927, 1.57133082322, 0.234200845871, 3.04972566828, 2.51365776502, 106.408683153, 0.0325127926905, 0.353846153846
0.129722427227, 0.981921170289, 2.03458265873, 0.611081483511, 42.7225824927, 1.57133082322, 0.234200845871, 3.04972566828, 2.51365776502, 106.408683153, 0.0325127926905, 0.353846153846
0.287187322744, 1.18732088008, 2.01106218703, 0.619423361058, 42.7225824927, 1.04207908195, 0.245468368394, 3.5955912738, 33.0999603233, 96.6434895495, 0.0331150614275, 0.4375
0.287187322744, 1.18732088008, 2.01106218703, 0.619423361058, 42.7225824927, 1.04207908195, 0.245468368394, 3.5955912738, 33.0999603233, 96.6434895495, 0.0331150614275, 0.4375
0.867204684497, 0.827765109933, 2.00088445049, 0.500701859929, 18.2347558745, 1.95234985644, 0.467825223277, 4.50569239543, 29.9837341231, 93.7066382463, 0.123755979031, 0.181818181818
0.867204684497, 0.827765109933, 2.00088445049, 0.500701859929, 18.2347558745, 1.95234985644, 0.467825223277, 4.50569239543, 29.9837341231, 93.7066382463, 0.123755979031, 0.181818181818
0.284934452246, 0.921671222694, 2.03458265873, 0.52976586088, 42.7225824927, 4.68728095559, 0.306032838453, 2.60969751689, 1.18014395829, 61.0456803222, 0.0611933148885, 0.631578947368
0.284934452246, 0.921671222694, 2.03458265873, 0.52976586088, 42.7225824927, 4.68728095559, 0.306032838453, 2.60969751689, 1.18014395829, 61.0456803222, 0.0611933148885, 0.631578947368
0.273975388442, 1.01624112465, 2.00395278044, 0.666402079418, 42.7225824927, 4.68728095559, 0.245468368394, 2.60969751689, 2.48094660847, 98.0390046506, 0.113642071354, 0.24
0.273975388442, 1.01624112465, 2.00395278044, 0.666402079418, 42.7225824927, 4.68728095559, 0.245468368394, 2.60969751689, 2.48094660847, 98.0390046506, 0.113642071354, 0.24
0.411175350766, 0.860632825105, 2.93759983233, 0.422438319769, 74.5282836155, 1.40412971393, 0.0924055593861, 4.08377561951, 1.28649804506, 87.8947093832, 0.0881452596914, 0.428571428571
0.411175350766, 0.860632825105, 2.93759983233, 0.422438319769, 74.5282836155, 1.40412971393, 0.0924055593861, 4.08377561951, 1.28649804506, 87.8947093832, 0.0881452596914, 0.428571428571
0.607386435025, 1.01624112465, 2.01314138143, 0.530554261576, 18.2347558745, 2.551607931, 0.467825223277, 3.41477306204, 1.03033955742, 60.451965601, 0.0927324045181, 0.6
0.607386435025, 1.01624112465, 2.01314138143, 0.530554261576, 18.2347558745, 2.551607931, 0.467825223277, 3.41477306204, 1.03033955742, 60.451965601, 0.0927324045181, 0.6
0.110424006643, 1.10007360775, 5.19455632231, 0.640096358307, 18.2347558745, 1.22178060861, 0.229829903743, 4.53851841229, 26.6895373562, 396.255789617, 0.0110554284179, 0.0
0.110424006643, 1.10007360775, 9.84215048163, 0.492582493852, 18.2347558745, 1.22178060861, 0.796531090314, 4.58605489618, 18.9618284144, 790.890468217, 0.00704353618367, 0.111111111111
0.110424006643, 1.01624112465, 3.03939893835, 0.522291341719, 18.2347558745, 2.551607931, 0.467825223277, 4.01354208036, 1.03102971276, 200.023566818, 0.00381798785199, 0.461538461538
0.110424006643, 1.01624112465, 2.13046962112, 0.530554261576, 18.2347558745, 26.5748317291, 0.467825223277, 3.41477306204, 1.03033955742, 111.331946951, 0.151731761744, 0.222222222222
0.186669616602, 0.926653782998, 2.00817099357, 0.538022620734, 42.7225824927, 4.68728095559, 0.245468368394, 2.60969751689, 2.51365776502, 80.2661670283, 0.114548552504, 0.666666666667
0.186669616602, 0.926653782998, 2.00817099357, 0.538022620734, 42.7225824927, 4.68728095559, 0.245468368394, 2.60969751689, 2.51365776502, 80.2661670283, 0.114548552504, 0.666666666667
0.886013323945, 0.882992165481, 2.04713264697, 0.475924655549, 74.5282836155, 1.77305451625, 0.0924055593861, 4.84001230554, 22.0859461294, 121.975712509, 0.0707292676071, 0.0
0.110424006643, 1.10007360775, 9.84215048163, 0.492582493852, 18.2347558745, 1.22178060861, 0.796531090314, 4.58605489618, 18.9618284144, 790.890468217, 0.00704353618367, 0.111111111111
0.110424006643, 1.01624112465, 3.03939893835, 0.522291341719, 18.2347558745, 2.551607931, 0.467825223277, 4.01354208036, 1.03102971276, 200.023566818, 0.00381798785199, 0.461538461538
0.110424006643, 0.957783408607, 9.24643042339, 0.492582493852, 18.2347558745, 1.22178060861, 0.796531090314, 4.58605489618, 18.9618284144, 595.566337886, 0.00665862686026, 0.4
0.110424006643, 1.10007360775, 5.19455632231, 0.640096358307, 18.2347558745, 1.22178060861, 0.229829903743, 4.53851841229, 26.6895373562, 396.255789617, 0.0110554284179, 0.0
0.110424006643, 0.957783408607, 9.24643042339, 0.492582493852, 18.2347558745, 1.22178060861, 0.796531090314, 4.58605489618, 18.9618284144, 595.566337886, 0.00665862686026, 0.4
0.110424006643, 1.10007360775, 3.99337760016, 0.640096358307, 18.2347558745, 1.22178060861, 0.796531090314, 4.53851841229, 26.6895373562, 323.306505055, 0.00912989088869, 0.333333333333
0.110424006643, 1.01624112465, 2.13046962112, 0.530554261576, 18.2347558745, 2.551607931, 0.467825223277, 3.41477306204, 1.03033955742, 98.8707731498, 0.0376173380713, 0.586206896552
0.886013323945, 0.882992165481, 2.04713264697, 0.475924655549, 74.5282836155, 1.77305451625, 0.0924055593861, 4.84001230554, 22.0859461294, 111.498058112, 0.127152781741, 0.222222222222
0.110424006643, 1.01624112465, 2.13046962112, 0.530554261576, 18.2347558745, 2.551607931, 0.467825223277, 3.41477306204, 1.03033955742, 98.8707731498, 0.0376173380713, 0.586206896552
0.862229368585, 1.01624112465, 2.13046962112, 0.530459695126, 18.2347558745, 2.551607931, 0.467825223277, 3.41477306204, 12.1259975813, 121.069502317, 0.144173919487, 0.15
0.862229368585, 1.01624112465, 2.13046962112, 0.530459695126, 18.2347558745, 2.551607931, 0.467825223277, 3.41477306204, 12.1259975813, 121.069502317, 0.144173919487, 0.15
0.121766716114, 1.11783686342, 2.03458265873, 0.423046544299, 42.7225824927, 2.43251498361, 0.123793785502, 3.99613445535, 43.8881578793, 98.4402751194, 0.0496630080179, 0.454545454545
0.886013323945, 0.882992165481, 2.04713264697, 0.475924655549, 74.5282836155, 1.77305451625, 0.0924055593861, 4.84001230554, 22.0859461294, 121.975712509, 0.0707292676071, 0.0
0.291977022193, 0.82702194789, 2.93759983233, 0.420235290786, 74.5282836155, 1.77305451625, 0.0924055593861, 4.95516886311, 1.04571308346, 126.968455188, 0.0277013303653, 0.0
0.319340780639, 0.881310203615, 2.01106218703, 0.517511947663, 24.2835020519, 1.09449055282, 0.806917058778, 0.668939637171, 20.6769604908, 120.798979276, 0.0372777998586, 0.30303030303
0.886013323945, 0.882992165481, 2.04713264697, 0.475924655549, 74.5282836155, 1.77305451625, 0.0924055593861, 4.84001230554, 22.0859461294, 111.498058112, 0.127152781741, 0.222222222222
0.121766716114, 1.11783686342, 2.03458265873, 0.423046544299, 42.7225824927, 2.43251498361, 0.123793785502, 3.99613445535, 43.8881578793, 98.4402751194, 0.0496630080179, 0.454545454545
0.110424006643, 1.10007360775, 3.99337760016, 0.640096358307, 18.2347558745, 1.22178060861, 0.796531090314, 4.53851841229, 26.6895373562, 323.306505055, 0.00912989088869, 0.333333333333
0.126312029047, 1.01624112465, 2.93759983233, 0.475924655549, 74.5282836155, 1.04909376326, 0.0924055593861, 0.937755019754, 3.73942699652, 197.412830839, 0.00943450509306, 0.272727272727
0.110424006643, 1.01624112465, 2.13046962112, 0.55827501893, 18.2347558745, 2.551607931, 0.467825223277, 3.41477306204, 1.03033955742, 116.789395331, 0.00983979628287, 0.4
0.110424006643, 1.01624112465, 2.13046962112, 0.530554261576, 13.6177231377, 2.551607931, 0.467825223277, 3.41477306204, 1.03033955742, 111.695776843, 0.0088524135289, 0.454545454545
0.110424006643, 0.827765109933, 2.00088445049, 0.500701859929, 18.2347558745, 1.95234985644, 0.467825223277, 4.7754885935, 29.9837341231, 122.272479535, 0.0241535140047, 0.357142857143
0.110424006643, 0.827765109933, 2.00088445049, 0.500701859929, 18.2347558745, 1.95234985644, 0.467825223277, 4.7754885935, 29.9837341231, 122.272479535, 0.0241535140047, 0.357142857143
0.110424006643, 0.879758773509, 4.46678049974, 0.582327203033, 18.2347558745, 2.551607931, 0.886059347906, 2.48439577957, 22.7301060519, 169.760146928, 0.0158264394587, 0.0
0.110424006643, 0.879758773509, 4.46678049974, 0.582327203033, 18.2347558745, 2.551607931, 0.886059347906, 2.48439577957, 22.7301060519, 169.760146928, 0.0158264394587, 0.0
