0.999260555089, 0.167531272752, 0.981299597636, 0.554799679909, 0.553565580224, 0.0347264395628, 0.504977813158, 0.956630764756, 0.152595549537, 0.899053290823, 0.879690320997, 0.0522643142335, 0.80255772758, 0.152921500709, 0.0557005556091, 0.922203693824, 0.903796734441, 0.00689678241357, 0.699031441399, 0.99475347301, 0.43975365444, 0.966061244621, 0.374947803421, 0.877149038719, 0.637040487109, 0.494042022319, 0.860401131199, 0.999260555089, 0.167531272752, 0.981299597636, 0.554799679909, 0.553565580224, 0.0347264395628, 0.504977813158, 59.0426396778
0.400452265828, 0.858827817977, 0.000339863616019, 0.658808953198, 0.430159824984, 0.783817483924, 0.992617755559, 0.999641636953, 0.535294738304, 0.761394203398, 0.00249841479743, 0.343757038368, 0.745019912501, 0.997039434197, 0.0961994005838, 0.617020754158, 0.443536964336, 0.382652641799, 0.878681637507, 0.393551502354, 0.815070183086, 0.0377988819982, 0.313802771977, 0.0591234532718, 0.0109942412387, 0.390968208491, 0.549116575133, 0.400452265828, 0.858827817977, 0.000339863616019, 0.658808953198, 0.430159824984, 0.783817483924, 0.992617755559, 48.7271003238
0.0504519572556, 0.0400747284888, 0.517634838643, 0.996335609569, 0.000952687984186, 0.700799660362, 0.237359962653, 0.00154477249041, 0.203278143659, 0.774016038075, 0.602384671979, 0.0769500369729, 0.00614384920999, 0.398781629066, 0.243088257748, 0.0888250758477, 0.0263770008158, 0.429728998363, 0.143940825873, 0.906184775638, 0.440770589075, 0.600073579691, 0.482328849465, 0.71707087571, 0.991109185316, 0.778043115377, 0.965687915947, 0.0504519572556, 0.0400747284888, 0.517634838643, 0.996335609569, 0.000952687984186, 0.700799660362, 0.237359962653, 47.4686544557
0.975350628668, 0.52402881508, 0.290936322066, 0.554799679909, 0.000491416408902, 0.998981399447, 0.237359962653, 0.956630764756, 0.23702253039, 0.511875269486, 0.000701482730645, 0.127989249287, 0.514410378687, 0.758928053268, 0.538267376789, 0.0888250758477, 0.490399262722, 0.566905115521, 0.00849906543305, 0.806250661292, 0.236703583882, 0.418165141068, 0.0314732661076, 0.877179950833, 0.246038471985, 0.565950998555, 0.868083474501, 0.975350628668, 0.52402881508, 0.290936322066, 0.554799679909, 0.000491416408902, 0.998981399447, 0.237359962653, 47.2580767623
0.0290712725311, 0.509624359567, 0.0648933546653, 0.310214600594, 0.634374933914, 0.836560426351, 0.999494813704, 0.640617913455, 0.14848257105, 0.394807499278, 0.91935798081, 0.167340271187, 0.151697654646, 0.590744913222, 0.341426643232, 0.10996054532, 0.387968027579, 0.481755898454, 0.343833207467, 0.472335598266, 0.502330747565, 0.59105558721, 0.283911726712, 0.218511257027, 0.0464083945863, 0.324171264659, 0.694493367718, 0.0290712725311, 0.509624359567, 0.0648933546653, 0.310214600594, 0.634374933914, 0.836560426351, 0.999494813704, 43.462545677
0.000138923455536, 0.057149564774, 0.676117241552, 0.943007346051, 0.279681020026, 0.118761135037, 0.0883155192268, 0.0360293379788, 0.996250092619, 0.935772947718, 0.663302005774, 0.263331380565, 0.270172801142, 0.188138478448, 0.181144498522, 0.239924881225, 0.999987693813, 0.849905683842, 0.446127850927, 0.213473067648, 0.792779975207, 0.487625231746, 0.103241811123, 0.830094734819, 0.684961790754, 0.831740648416, 0.242222088984, 0.000138923455536, 0.057149564774, 0.676117241552, 0.943007346051, 0.279681020026, 0.118761135037, 0.0883155192268, 52.2857317415
0.155698440357, 0.372791171072, 0.886504954525, 9.12606939221e-05, 0.0274776303204, 0.75988817677, 0.470224022531, 0.435590129265, 0.0347805117717, 0.00802362745414, 0.490047499718, 0.113556260587, 0.7501918575, 0.0318520944777, 0.66846267276, 0.978052013767, 0.881907332752, 0.585616339847, 0.758731901818, 0.473837943039, 0.227801307042, 0.95655575105, 0.926117118095, 0.215710225625, 0.267700205187, 0.907600469164, 0.693226723923, 0.155698440357, 0.372791171072, 0.886504954525, 9.12606939221e-05, 0.0274776303204, 0.75988817677, 0.470224022531, 52.6979324321
0.975350628668, 0.52402881508, 0.697185133859, 0.133316015039, 0.660046687986, 0.998981399447, 0.000971569987483, 0.327673064784, 0.00472462490285, 0.511875269486, 0.976036457324, 0.521038147896, 0.0559779442277, 0.00211441480383, 0.218899293403, 0.221601292997, 0.743071417231, 0.167159089032, 0.405976084511, 0.837454109819, 0.973816435174, 0.626871478806, 0.442475370323, 0.837662221519, 0.476922999728, 0.82506688669, 0.204430475526, 0.975350628668, 0.52402881508, 0.697185133859, 0.133316015039, 0.660046687986, 0.998981399447, 0.000971569987483, 48.9746215898
0.474689656465, 0.688431294947, 0.517634838643, 0.108869952671, 0.998488748336, 0.000547901713892, 0.163896018643, 0.0560355165548, 0.396334747275, 0.0712558848842, 0.347784072559, 0.110790268122, 0.749634054081, 0.267036168246, 0.51621674045, 0.0888250758477, 0.782816439143, 0.255327050396, 0.791558453555, 0.260084665744, 0.589150978195, 0.0377988819982, 0.552677301128, 0.08668277786, 0.0126539134533, 0.885891921603, 0.403838457397, 0.474689656465, 0.688431294947, 0.517634838643, 0.108869952671, 0.998488748336, 0.000547901713892, 0.163896018643, 41.7282577664
0.474689656465, 0.688431294947, 0.517634838643, 0.108869952671, 0.998488748336, 0.000547901713892, 0.163896018643, 0.0560355165548, 0.396334747275, 0.0712558848842, 0.347784072559, 0.110790268122, 0.749634054081, 0.267036168246, 0.51621674045, 0.0888250758477, 0.782816439143, 0.255327050396, 0.791558453555, 0.260084665744, 0.589150978195, 0.0377988819982, 0.552677301128, 0.08668277786, 0.0126539134533, 0.885891921603, 0.403838457397, 0.474689656465, 0.688431294947, 0.517634838643, 0.108869952671, 0.998488748336, 0.000547901713892, 0.163896018643, 41.7282577664
0.0557593834998, 0.320771301579, 0.817304067143, 0.833615414788, 0.0232374489625, 0.850597711166, 0.585078721721, 0.0816747351955, 0.0366030719014, 0.419523091183, 0.00141778978196, 0.166080881131, 0.165410435956, 0.864813029741, 0.0138010828377, 0.417888008619, 0.673627175556, 0.053333544637, 0.0172613637951, 0.168966222503, 0.23409094322, 0.119695042567, 0.295357565871, 0.90326343796, 0.219745088073, 0.00687260722145, 0.538276671812, 0.0557593834998, 0.320771301579, 0.817304067143, 0.833615414788, 0.0232374489625, 0.850597711166, 0.585078721721, 34.5842198212
0.0893956374616, 0.177245035026, 0.998450215972, 0.109084058306, 0.933072862141, 0.011452874721, 0.39248872864, 0.132236171066, 0.857651579902, 0.254033726604, 0.664320562769, 0.821473621057, 0.865485188569, 0.0371787597481, 0.584712456405, 0.982006193742, 0.0903657974278, 0.169619549853, 0.11841846988, 0.964723657228, 0.999842979311, 0.803500258814, 0.923089980076, 0.958939473184, 0.257017287091, 0.155729654762, 0.889069168146, 0.0893956374616, 0.177245035026, 0.998450215972, 0.109084058306, 0.933072862141, 0.011452874721, 0.39248872864, 56.7452380761
0.200499981288, 0.979385502431, 0.6061131005, 0.245031464212, 0.583109381504, 0.62502273537, 0.116006000828, 0.612044230642, 0.0140236449433, 0.00731994134821, 0.622605138153, 0.700779841991, 0.471102443945, 0.711481497592, 0.867108581709, 0.334357720923, 0.900151509735, 0.234078114284, 0.0309740091468, 0.237667537729, 0.761650828213, 0.564514756754, 0.978507959266, 0.387716255096, 0.40188661653, 0.390968208491, 0.183329922123, 0.200499981288, 0.979385502431, 0.6061131005, 0.245031464212, 0.583109381504, 0.62502273537, 0.116006000828, 49.2774595867
0.39967267632, 0.00952881096104, 0.749849542529, 0.748488590318, 0.407069662459, 0.116727453742, 0.998154953476, 0.617442513136, 0.0366030719014, 0.0575268399753, 0.549311137848, 0.0128167172734, 0.258376041131, 0.0259237630609, 0.489133446286, 0.474138061746, 0.410286270844, 0.460766535006, 0.955916560564, 0.452010937487, 0.679805637167, 0.566446772034, 0.305366132917, 0.318491736894, 0.544322028962, 0.67712080513, 0.201889237793, 0.39967267632, 0.00952881096104, 0.749849542529, 0.748488590318, 0.407069662459, 0.116727453742, 0.998154953476, 44.3808371579
0.924855478749, 0.255012564589, 0.697185133859, 0.310214600594, 0.166971926645, 0.0076375827143, 0.00053032468503, 0.560923613476, 0.16299365938, 0.399120883433, 0.717546768044, 0.710929353152, 0.963406783621, 0.899694946228, 0.932619891034, 0.159994492488, 0.138420442268, 0.382652641799, 0.918068274555, 0.800178585005, 0.095408403707, 0.976805008667, 0.00140445324909, 0.00573342021717, 0.0892310419627, 0.0692221439299, 0.361851429665, 0.924855478749, 0.255012564589, 0.697185133859, 0.310214600594, 0.166971926645, 0.0076375827143, 0.00053032468503, 48.9367911808
0.161927349902, 0.772318094945, 0.392622619102, 0.252239115839, 0.484951551673, 0.764551662891, 0.937714979297, 0.0715898212939, 0.562198979546, 0.709277297811, 0.158840685824, 0.0886780837667, 0.0394616203202, 0.4251525838, 0.32973141191, 0.438372359007, 0.15803372111, 0.969745388041, 0.625686782627, 0.405443362978, 0.533570908779, 0.0309577585222, 0.541633963529, 0.162118722893, 0.944314856362, 0.95116610154, 0.401066258336, 0.161927349902, 0.772318094945, 0.392622619102, 0.252239115839, 0.484951551673, 0.764551662891, 0.937714979297, 45.7854468975
0.592482858394, 0.649952349075, 0.930472020017, 0.390035075252, 0.983535446835, 0.235447753059, 0.853178519236, 0.427923622251, 0.226936793208, 0.94346744509, 0.0334518603231, 0.120178996428, 0.0184589009809, 0.00244257454302, 0.714839045294, 0.408577900792, 0.0363703820752, 0.269678232115, 0.229403851134, 0.730020804956, 0.0881327580282, 0.907258861908, 0.0853314552179, 0.929149162394, 0.327625949224, 0.494042022319, 0.2277338418, 0.592482858394, 0.649952349075, 0.930472020017, 0.390035075252, 0.983535446835, 0.235447753059, 0.853178519236, 41.0068307616
0.342831329724, 0.44082580774, 0.705308847281, 0.506129656279, 0.00420098723866, 0.65825571997, 0.104185114812, 0.177527864031, 0.0922703213477, 0.0575268399753, 0.836401429406, 0.457248612649, 0.538657082491, 0.598722668825, 0.026865626779, 0.0394554604674, 0.998432665729, 0.771881685112, 0.151282022646, 0.551793025728, 0.00249973886249, 0.274851816895, 0.540380962511, 0.87046690454, 0.651513444047, 0.0608116097056, 0.0323469714524, 0.342831329724, 0.44082580774, 0.705308847281, 0.506129656279, 0.00420098723866, 0.65825571997, 0.104185114812, 43.4471006769
0.0557593834998, 0.194123953942, 0.254616625833, 0.608884829158, 0.456253827035, 0.443514346439, 0.697815945505, 0.0172847403524, 0.169150401492, 0.13607014821, 0.00735201356123, 0.113054123872, 0.40650319695, 0.108199517439, 0.00333170084786, 0.0634933851712, 0.045446845579, 0.613128738601, 0.589263833931, 0.955417071838, 0.836735772432, 0.825287370923, 0.391133632322, 0.0369022838255, 0.0715098359835, 0.0975166166686, 0.412805934316, 0.0557593834998, 0.194123953942, 0.254616625833, 0.608884829158, 0.456253827035, 0.443514346439, 0.697815945505, 36.8955455048
0.0557593834998, 0.320771301579, 0.817304067143, 0.833615414788, 0.0232374489625, 0.850597711166, 0.585078721721, 0.0816747351955, 0.0366030719014, 0.419523091183, 0.00141778978196, 0.166080881131, 0.165410435956, 0.864813029741, 0.0138010828377, 0.417888008619, 0.673627175556, 0.053333544637, 0.0172613637951, 0.168966222503, 0.23409094322, 0.119695042567, 0.295357565871, 0.90326343796, 0.219745088073, 0.00687260722145, 0.538276671812, 0.0557593834998, 0.320771301579, 0.817304067143, 0.833615414788, 0.0232374489625, 0.850597711166, 0.585078721721, 34.5842198212
0.570731352933, 0.959695977968, 0.882198139912, 0.299271614152, 0.841213983493, 0.628254315179, 0.125859052782, 0.273085339106, 0.576259786859, 0.0646842699769, 0.512619837943, 0.146308482748, 0.0418705305351, 0.76719535275, 0.168079621266, 0.266505039339, 0.960925249174, 0.118553821505, 0.0932472801351, 0.413739502186, 0.0610722815119, 0.165273788743, 0.55013914699, 0.311022302578, 0.195923814302, 0.843012928411, 0.12820948431, 0.570731352933, 0.959695977968, 0.882198139912, 0.299271614152, 0.841213983493, 0.628254315179, 0.125859052782, 38.9964239273
0.136022214597, 0.753595372764, 0.448142484166, 0.697349057365, 0.00349849384508, 0.719471214315, 0.905206325531, 0.0816747351955, 0.636445230444, 0.176183484055, 0.337654305572, 0.0503687701157, 0.165410435956, 0.129113931644, 0.0862790597576, 0.566530153819, 0.182221951755, 0.648842282709, 0.828223655529, 0.168966222503, 0.462446510732, 0.0819107943496, 0.295357565871, 0.318491736894, 0.219745088073, 0.00687260722145, 0.794304902794, 0.136022214597, 0.753595372764, 0.448142484166, 0.697349057365, 0.00349849384508, 0.719471214315, 0.905206325531, 37.6153767456
0.0769315985452, 0.0806206985908, 0.546692329588, 0.577333078782, 0.541958124673, 0.926673978647, 0.337112970668, 0.0796245986814, 0.488875392438, 0.0804374870696, 0.382032328974, 0.168878312557, 0.333059830806, 0.813008723632, 0.994578484648, 0.292727911664, 0.842048935878, 0.139572249814, 0.996677352205, 0.171779805029, 0.4250682997, 0.980073641678, 0.53064602174, 0.513941751756, 0.0501985083908, 0.0655677276349, 0.0338105739245, 0.0769315985452, 0.0806206985908, 0.546692329588, 0.577333078782, 0.541958124673, 0.926673978647, 0.337112970668, 45.7371235844
0.897731697651, 0.174399946905, 0.130540273798, 0.252239115839, 0.367822412189, 0.498374321003, 0.533915149972, 0.290789532399, 0.562198979546, 0.00977479212755, 0.663302005774, 0.0167016067489, 0.508089629748, 0.0260382586203, 0.237156093625, 0.438372359007, 0.781604412266, 0.159944041874, 0.200815318347, 0.405443362978, 0.800959696797, 0.000711612228067, 0.34242479048, 0.162118722893, 0.753872490377, 0.661582877179, 0.401066258336, 0.897731697651, 0.174399946905, 0.130540273798, 0.252239115839, 0.367822412189, 0.498374321003, 0.533915149972, 42.2049690277
0.0290712725311, 0.814577285915, 0.0327151775354, 0.310214600594, 0.634374933914, 0.836560426351, 0.999494813704, 0.337015092107, 0.14848257105, 0.394807499278, 0.979684329614, 0.167340271187, 0.0731812795915, 0.566034630992, 0.689065903975, 0.10996054532, 0.539534152336, 0.128783312879, 0.680920979477, 0.472335598266, 0.269140395235, 0.248721606668, 0.431535289143, 0.991413516801, 0.0473249703284, 0.324171264659, 0.694493367718, 0.0290712725311, 0.814577285915, 0.0327151775354, 0.310214600594, 0.634374933914, 0.836560426351, 0.999494813704, 44.8892997326
0.199849053786, 0.848387407912, 0.378475116956, 0.915407759632, 0.0845518227217, 0.634464942683, 0.726971382004, 0.556890164045, 0.122512385088, 0.360321778106, 0.153382513518, 0.660114326981, 0.0133812275574, 0.907258089081, 0.250065467516, 0.0291947186103, 0.516078845961, 0.45141078104, 0.945932208744, 0.935958020742, 0.568734103744, 0.155832751043, 0.374947803421, 0.300715162416, 0.719650564938, 0.0541096017455, 0.0390251417842, 0.199849053786, 0.848387407912, 0.378475116956, 0.915407759632, 0.0845518227217, 0.634464942683, 0.726971382004, 44.1871349438
0.885091714875, 0.391058157167, 0.0875575566184, 0.828831182685, 0.859826252499, 0.0317590891443, 0.284869090745, 0.694626036065, 0.218524690596, 0.0575268399753, 0.412955925569, 0.00144332507204, 0.485698654814, 0.00994620544344, 0.810699661887, 0.303522870056, 0.169338705515, 0.348396462143, 0.717371508969, 0.048317016954, 0.127345463766, 0.0138608956392, 0.971750362607, 0.266741238209, 0.177205780513, 0.212222448455, 0.306200699008, 0.885091714875, 0.391058157167, 0.0875575566184, 0.828831182685, 0.859826252499, 0.0317590891443, 0.284869090745, 37.9279646267
0.707416894134, 0.484416666115, 0.992595495946, 0.00383642805236, 0.533081263329, 0.264531730783, 0.0167725743517, 0.183621607555, 0.814706161721, 0.490182912472, 0.66584277064, 0.506348885745, 0.786920329667, 0.00994620544344, 0.51621674045, 0.239924881225, 0.168622688167, 0.847112747632, 0.789760822246, 0.853180210709, 0.00194866350085, 0.927699648138, 0.103241811123, 0.0978887212268, 0.177205780513, 0.64866130607, 0.750646890954, 0.707416894134, 0.484416666115, 0.992595495946, 0.00383642805236, 0.533081263329, 0.264531730783, 0.0167725743517, 49.9803629664
0.285905786105, 0.294490524606, 0.897974754068, 0.780082511143, 0.553565580224, 0.0347264395628, 0.504977813158, 0.956630764756, 0.152595549537, 0.854124642796, 0.805154372512, 0.127989249287, 0.80255772758, 0.152921500709, 0.0557005556091, 0.922203693824, 0.903796734441, 0.00689678241357, 0.699031441399, 0.99475347301, 0.43975365444, 0.966061244621, 0.367538316208, 0.877149038719, 0.637040487109, 0.324171264659, 0.860401131199, 0.285905786105, 0.294490524606, 0.897974754068, 0.780082511143, 0.553565580224, 0.0347264395628, 0.504977813158, 57.9484429449
0.000711519240086, 0.625304655352, 0.940410169399, 0.0792045029132, 0.143800717933, 0.154900220684, 0.410745386693, 0.01254584816, 0.169150401492, 0.999995214558, 0.467167090519, 0.00473304678333, 0.963119491953, 0.245953531811, 0.00143668600684, 0.8478358206, 0.468701296651, 0.896806456942, 0.677201683061, 0.0522307383464, 0.836735772432, 0.00739162340334, 0.541633963529, 0.811507036444, 0.0244584229788, 0.0562374424926, 0.139131076659, 0.000711519240086, 0.625304655352, 0.940410169399, 0.0792045029132, 0.143800717933, 0.154900220684, 0.410745386693, 45.1062993671
0.987784580308, 0.0322432589524, 0.237000383968, 0.102862605995, 0.0274776303204, 0.3324138827, 0.646487854404, 0.694198722448, 0.846319945427, 0.682537376005, 0.789427441505, 0.0609431534977, 0.621256305708, 0.433626219192, 0.36253928867, 0.793711391318, 0.900863353953, 0.362199619585, 0.999265590915, 0.497652445555, 0.0468362569721, 0.159198368065, 0.443008347381, 0.901968791988, 0.775548544187, 0.685775807205, 0.693226723923, 0.987784580308, 0.0322432589524, 0.237000383968, 0.102862605995, 0.0274776303204, 0.3324138827, 0.646487854404, 57.7025361019
0.87622040573, 0.194646678589, 0.161474249973, 0.445745018278, 0.914651757207, 0.196227136114, 0.732111011379, 0.0796245986814, 0.309995962338, 0.419523091183, 0.174826989343, 0.467016589555, 0.95585480732, 0.970783039151, 0.472743762163, 0.553138529077, 0.045446845579, 0.08469912347, 0.350965334923, 0.168966222503, 0.0459092038997, 0.84643501873, 0.300842648494, 0.0348603043028, 0.0179727526559, 0.470498562982, 0.178439133015, 0.87622040573, 0.194646678589, 0.161474249973, 0.445745018278, 0.914651757207, 0.196227136114, 0.732111011379, 40.0688828062
0.707402338597, 0.940233151001, 0.183998888378, 0.344122770228, 0.166971926645, 0.980740995161, 0.0218418550768, 0.183621607555, 0.367390930652, 0.352833445702, 0.364180446603, 0.148655661102, 0.468341680622, 0.30098173195, 0.405228704627, 0.585069436467, 0.211938605644, 0.690631651595, 0.350965334923, 0.787324467823, 0.0424979954029, 0.825287370923, 0.233320736415, 0.795695110884, 0.822122053014, 0.721897086239, 0.0238188786151, 0.707402338597, 0.940233151001, 0.183998888378, 0.344122770228, 0.166971926645, 0.980740995161, 0.0218418550768, 46.3739337677
0.728842328045, 0.908415272259, 0.534502363852, 0.587934919403, 0.00740019457029, 0.874204875322, 0.785325967101, 0.273085339106, 0.98095634564, 0.417422054419, 0.763122632599, 0.0315779624979, 0.0134919057537, 0.899694946228, 0.00367041331678, 0.0297803511265, 0.00905326383425, 0.191676857756, 0.295071787772, 0.260084665744, 0.648929968118, 0.299711201293, 0.0516165911988, 0.990669294261, 0.0409474990902, 0.0374105120121, 0.120859458102, 0.728842328045, 0.908415272259, 0.534502363852, 0.587934919403, 0.00740019457029, 0.874204875322, 0.785325967101, 37.8933155561
0.0557593834998, 0.194123953942, 0.254616625833, 0.608884829158, 0.456253827035, 0.443514346439, 0.697815945505, 0.0172847403524, 0.169150401492, 0.13607014821, 0.00735201356123, 0.113054123872, 0.40650319695, 0.108199517439, 0.00333170084786, 0.0634933851712, 0.045446845579, 0.613128738601, 0.589263833931, 0.955417071838, 0.836735772432, 0.825287370923, 0.391133632322, 0.0369022838255, 0.0715098359835, 0.0975166166686, 0.412805934316, 0.0557593834998, 0.194123953942, 0.254616625833, 0.608884829158, 0.456253827035, 0.443514346439, 0.697815945505, 36.8955455048
0.200499981288, 0.626125331949, 0.6061131005, 0.245031464212, 0.734493002372, 0.871924778239, 0.308287239956, 0.602938655793, 0.111970682186, 0.00731994134821, 0.143382940349, 0.700779841991, 0.471102443945, 0.711481497592, 0.867108581709, 0.96326022551, 0.808024095408, 0.995686002676, 0.0309740091468, 0.237667537729, 0.553825360671, 0.564514756754, 0.978507959266, 0.93940311198, 0.590840067228, 0.47759320322, 0.258310440395, 0.200499981288, 0.626125331949, 0.6061131005, 0.245031464212, 0.734493002372, 0.871924778239, 0.308287239956, 54.6235819595
0.999260555089, 0.167531272752, 0.981299597636, 0.554799679909, 0.553565580224, 0.0347264395628, 0.504977813158, 0.956630764756, 0.152595549537, 0.899053290823, 0.879690320997, 0.0522643142335, 0.80255772758, 0.152921500709, 0.0557005556091, 0.922203693824, 0.903796734441, 0.00689678241357, 0.699031441399, 0.99475347301, 0.43975365444, 0.966061244621, 0.374947803421, 0.877149038719, 0.637040487109, 0.494042022319, 0.860401131199, 0.999260555089, 0.167531272752, 0.981299597636, 0.554799679909, 0.553565580224, 0.0347264395628, 0.504977813158, 59.0426396778
0.707402338597, 0.103276707435, 0.957597571771, 0.730438716816, 0.482723135031, 0.997829041087, 0.210932903173, 0.632699737509, 0.367390930652, 0.352833445702, 0.756754144849, 0.148655661102, 0.739269900423, 0.30098173195, 0.43316850886, 0.0936973292302, 0.211938605644, 0.690631651595, 0.868875531862, 0.667268174335, 0.0424979954029, 0.825287370923, 0.233320736415, 0.575520067162, 0.552913044053, 0.418294321481, 0.0238188786151, 0.707402338597, 0.103276707435, 0.957597571771, 0.730438716816, 0.482723135031, 0.997829041087, 0.210932903173, 47.1862063257
0.658993157908, 0.391058157167, 0.77265232181, 0.00383642805236, 0.200937073956, 0.178004417016, 0.0218682462815, 0.694626036065, 0.923402478733, 0.766595710306, 0.412955925569, 0.00144332507204, 0.855334988562, 0.416925258454, 0.985906415845, 0.328541020785, 0.169338705515, 0.26292663749, 0.695043524468, 0.0657121478492, 0.331279182953, 0.0385415425416, 0.627650005066, 0.226298280767, 0.0244584229788, 0.390968208491, 0.00208411168093, 0.658993157908, 0.391058157167, 0.77265232181, 0.00383642805236, 0.200937073956, 0.178004417016, 0.0218682462815, 45.0353439214
0.87622040573, 0.194646678589, 0.161474249973, 0.445745018278, 0.914651757207, 0.196227136114, 0.732111011379, 0.0796245986814, 0.309995962338, 0.419523091183, 0.174826989343, 0.467016589555, 0.95585480732, 0.970783039151, 0.472743762163, 0.553138529077, 0.045446845579, 0.08469912347, 0.350965334923, 0.168966222503, 0.0459092038997, 0.84643501873, 0.300842648494, 0.0348603043028, 0.0179727526559, 0.470498562982, 0.178439133015, 0.87622040573, 0.194646678589, 0.161474249973, 0.445745018278, 0.914651757207, 0.196227136114, 0.732111011379, 40.0688828062
0.285905786105, 0.625304655352, 0.570598313524, 0.100532252416, 0.270974929708, 0.585506227244, 0.0251776747123, 0.740685760168, 0.0353849263276, 0.261520768022, 0.994851790907, 0.377021968914, 0.00283560439172, 0.420680642838, 0.165489898908, 0.263127294202, 0.860646706988, 0.0132644399685, 0.31416472228, 0.924360478987, 0.0859556257677, 0.676709124058, 0.059313095998, 0.469160049795, 0.532700326492, 0.849723447628, 0.760372335525, 0.285905786105, 0.625304655352, 0.570598313524, 0.100532252416, 0.270974929708, 0.585506227244, 0.0251776747123, 47.3748338381
0.214501354438, 0.057149564774, 0.676117241552, 0.943007346051, 0.279681020026, 0.118761135037, 0.0112664594619, 0.0143237310269, 0.996250092619, 0.935772947718, 0.663302005774, 0.435026718739, 0.270172801142, 0.188138478448, 0.851772834451, 0.283252538511, 0.999987693813, 0.490331880893, 0.446127850927, 0.213473067648, 0.792779975207, 0.487625231746, 0.112062544748, 0.830094734819, 0.684961790754, 0.831740648416, 0.242222088984, 0.214501354438, 0.057149564774, 0.676117241552, 0.943007346051, 0.279681020026, 0.118761135037, 0.0112664594619, 54.0585358434
0.117038820292, 0.320771301579, 0.686876466308, 0.842631847958, 0.217125067626, 0.0555191275729, 0.794318535887, 0.341096227282, 0.410163998165, 0.00369686921573, 0.805745924328, 0.250329443217, 0.338063340816, 0.887706636917, 0.0945075408647, 0.854319811924, 0.403971421729, 0.00261278466456, 0.124716910832, 0.274166591291, 0.19270638605, 0.019538182914, 0.46885856103, 0.162306572258, 0.904004186743, 0.615705873471, 0.781815651364, 0.117038820292, 0.320771301579, 0.686876466308, 0.842631847958, 0.217125067626, 0.0555191275729, 0.794318535887, 43.638836822
0.200499981288, 0.626125331949, 0.6061131005, 0.245031464212, 0.734493002372, 0.871924778239, 0.308287239956, 0.602938655793, 0.111970682186, 0.00731994134821, 0.143382940349, 0.700779841991, 0.471102443945, 0.711481497592, 0.867108581709, 0.96326022551, 0.808024095408, 0.995686002676, 0.0309740091468, 0.237667537729, 0.553825360671, 0.564514756754, 0.978507959266, 0.93940311198, 0.590840067228, 0.47759320322, 0.258310440395, 0.200499981288, 0.626125331949, 0.6061131005, 0.245031464212, 0.734493002372, 0.871924778239, 0.308287239956, 54.6235819595
0.199849053786, 0.848387407912, 0.378475116956, 0.915407759632, 0.0845518227217, 0.634464942683, 0.726971382004, 0.556890164045, 0.122512385088, 0.360321778106, 0.153382513518, 0.660114326981, 0.0133812275574, 0.907258089081, 0.250065467516, 0.0291947186103, 0.516078845961, 0.45141078104, 0.945932208744, 0.935958020742, 0.568734103744, 0.155832751043, 0.374947803421, 0.300715162416, 0.719650564938, 0.0541096017455, 0.0390251417842, 0.199849053786, 0.848387407912, 0.378475116956, 0.915407759632, 0.0845518227217, 0.634464942683, 0.726971382004, 44.1871349438
0.0893956374616, 0.177245035026, 0.998450215972, 0.109084058306, 0.933072862141, 0.011452874721, 0.39248872864, 0.132236171066, 0.857651579902, 0.254033726604, 0.664320562769, 0.821473621057, 0.865485188569, 0.0371787597481, 0.584712456405, 0.982006193742, 0.0903657974278, 0.169619549853, 0.11841846988, 0.964723657228, 0.999842979311, 0.803500258814, 0.923089980076, 0.958939473184, 0.257017287091, 0.155729654762, 0.889069168146, 0.0893956374616, 0.177245035026, 0.998450215972, 0.109084058306, 0.933072862141, 0.011452874721, 0.39248872864, 56.7452380761
0.951752743094, 0.332301404132, 0.775086177416, 0.140359185716, 0.99297380915, 0.137477088628, 0.910684993164, 0.437188639285, 0.122313861122, 0.140437881081, 0.394429677583, 0.124897818064, 0.420356618604, 0.966210890867, 0.250708368133, 0.0333820890655, 0.971021224383, 0.348396462143, 0.00196281598601, 0.989460798233, 0.533570908779, 0.0707682176675, 0.134720349809, 0.773889975314, 0.331819762454, 0.0261250604044, 0.42991651576, 0.951752743094, 0.332301404132, 0.775086177416, 0.140359185716, 0.99297380915, 0.137477088628, 0.910684993164, 41.8843063435
0.926782180908, 0.582951192388, 0.418670684939, 0.506129656279, 0.00530128206046, 0.405673105555, 0.104185114812, 0.114684007494, 0.0202578334428, 0.991185058655, 0.00487225336063, 0.148065824504, 0.482685078033, 0.214478737706, 0.026865626779, 0.926580092936, 0.978871016096, 0.0226079045191, 0.958820172444, 0.510496979794, 0.0269375823634, 0.825287370923, 0.540380962511, 0.91287811633, 0.651513444047, 0.994074878794, 0.0388558869509, 0.926782180908, 0.582951192388, 0.418670684939, 0.506129656279, 0.00530128206046, 0.405673105555, 0.104185114812, 49.3767029541
0.374095155479, 0.243480487381, 0.167766932052, 0.445745018278, 0.795802806676, 0.196227136114, 0.732111011379, 0.196617477894, 0.336288818969, 0.00731994134821, 0.0510419480292, 0.326646031499, 0.95585480732, 0.970783039151, 0.472743762163, 0.553138529077, 0.045446845579, 0.08469912347, 0.350965334923, 0.882038350087, 0.646599674409, 0.84643501873, 0.0213767223452, 0.00592977992103, 0.0179727526559, 0.504353808613, 0.178439133015, 0.374095155479, 0.243480487381, 0.167766932052, 0.445745018278, 0.795802806676, 0.196227136114, 0.732111011379, 42.1074419558
0.480203685485, 0.649952349075, 0.0975728747618, 0.00650163085351, 0.961755018963, 0.0020967681826, 0.0547503449019, 0.183621607555, 0.0651173738702, 0.0757143549687, 0.319751069425, 0.0309797650365, 0.974787702099, 0.445793596819, 0.561808146947, 0.369999736273, 0.737385763235, 0.777822718541, 0.499619304676, 0.335172734037, 0.872100242298, 0.907258861908, 0.00393416937092, 0.0621338527394, 0.964635706223, 0.0559345111008, 0.206381545506, 0.480203685485, 0.649952349075, 0.0975728747618, 0.00650163085351, 0.961755018963, 0.0020967681826, 0.0547503449019, 46.0198553908
0.170564279934, 0.753595372764, 0.448142484166, 0.833615414788, 0.22080195922, 0.719471214315, 0.833050306604, 0.972878641719, 0.636445230444, 0.00731994134821, 0.00141778978196, 0.0906409548831, 0.165410435956, 0.758928053268, 0.0862790597576, 0.408215077666, 0.673627175556, 0.090425635133, 0.566258245046, 0.782794295978, 0.363722684757, 0.244532446679, 0.0539295161022, 0.318491736894, 0.219745088073, 0.00687260722145, 0.886308758034, 0.170564279934, 0.753595372764, 0.448142484166, 0.833615414788, 0.22080195922, 0.719471214315, 0.833050306604, 41.2649390368
0.28811648461, 0.320771301579, 0.400821806603, 0.242134881978, 0.981723158297, 0.341614059433, 0.578405700408, 0.00517220869601, 0.0366030719014, 0.989620931411, 0.00838422692576, 0.6680532123, 0.749656927278, 0.56695736344, 0.0559966834704, 0.474138061746, 0.943762391685, 0.139572249814, 0.0172613637951, 0.291045536374, 0.331279182953, 0.95655575105, 0.663442166447, 0.276965257652, 0.807312293878, 0.926091951321, 0.0330706267883, 0.28811648461, 0.320771301579, 0.400821806603, 0.242134881978, 0.981723158297, 0.341614059433, 0.578405700408, 47.6107427215
0.000711519240086, 0.625304655352, 0.940410169399, 0.0792045029132, 0.143800717933, 0.154900220684, 0.410745386693, 0.01254584816, 0.169150401492, 0.999995214558, 0.467167090519, 0.00473304678333, 0.963119491953, 0.245953531811, 0.00143668600684, 0.8478358206, 0.468701296651, 0.896806456942, 0.677201683061, 0.0522307383464, 0.836735772432, 0.00739162340334, 0.541633963529, 0.811507036444, 0.0244584229788, 0.0562374424926, 0.139131076659, 0.000711519240086, 0.625304655352, 0.940410169399, 0.0792045029132, 0.143800717933, 0.154900220684, 0.410745386693, 45.1062993671
0.570731352933, 0.878302563385, 0.197237953881, 0.299271614152, 0.0562269715199, 0.298660950169, 0.125859052782, 0.944028261087, 0.576259786859, 0.543129574887, 0.512619837943, 0.666719309499, 0.0418705305351, 0.0724720487439, 0.0904784945087, 0.266505039339, 0.834926792702, 0.118553821505, 0.0932472801351, 0.891663780603, 0.0610722815119, 0.165273788743, 0.739612782866, 0.311022302578, 0.0622416104306, 0.843012928411, 0.12820948431, 0.570731352933, 0.878302563385, 0.197237953881, 0.299271614152, 0.0562269715199, 0.298660950169, 0.125859052782, 44.0635434221
0.0769315985452, 0.0806206985908, 0.546692329588, 0.577333078782, 0.541958124673, 0.926673978647, 0.337112970668, 0.0796245986814, 0.488875392438, 0.0804374870696, 0.382032328974, 0.168878312557, 0.333059830806, 0.813008723632, 0.994578484648, 0.292727911664, 0.842048935878, 0.139572249814, 0.996677352205, 0.171779805029, 0.4250682997, 0.980073641678, 0.53064602174, 0.513941751756, 0.0501985083908, 0.0655677276349, 0.0338105739245, 0.0769315985452, 0.0806206985908, 0.546692329588, 0.577333078782, 0.541958124673, 0.926673978647, 0.337112970668, 45.7371235844
0.130088885507, 0.73661293753, 0.0278457948705, 0.0214390246862, 0.902840249417, 0.792617599843, 0.458611600566, 0.849968220276, 0.031450697591, 0.32754719896, 0.13330674718, 0.752569233564, 0.280379891643, 0.0228247217123, 0.538267376789, 0.0501173075876, 0.276784439034, 0.159944041874, 0.0352531640207, 0.172054138182, 0.236703583882, 0.924219978683, 0.974161802625, 0.797440138656, 0.332551967852, 0.633177927911, 0.0179622508079, 0.130088885507, 0.73661293753, 0.0278457948705, 0.0214390246862, 0.902840249417, 0.792617599843, 0.458611600566, 42.3369075376
0.570731352933, 0.959695977968, 0.882198139912, 0.299271614152, 0.841213983493, 0.628254315179, 0.125859052782, 0.273085339106, 0.576259786859, 0.0646842699769, 0.512619837943, 0.146308482748, 0.0418705305351, 0.76719535275, 0.168079621266, 0.266505039339, 0.960925249174, 0.118553821505, 0.0932472801351, 0.413739502186, 0.0610722815119, 0.165273788743, 0.55013914699, 0.311022302578, 0.195923814302, 0.843012928411, 0.12820948431, 0.570731352933, 0.959695977968, 0.882198139912, 0.299271614152, 0.841213983493, 0.628254315179, 0.125859052782, 38.9964239273
0.342831329724, 0.361563355637, 0.705308847281, 0.820687448548, 0.00420098723866, 0.405673105555, 0.104185114812, 0.960085517755, 0.0922703213477, 0.0575268399753, 0.836401429406, 0.457248612649, 0.538657082491, 0.598722668825, 0.026865626779, 0.423777665056, 0.998432665729, 0.771881685112, 0.151282022646, 0.551793025728, 0.00974153048275, 0.455665978484, 0.540380962511, 0.87046690454, 0.651513444047, 0.0608116097056, 0.0323469714524, 0.342831329724, 0.361563355637, 0.705308847281, 0.820687448548, 0.00420098723866, 0.405673105555, 0.104185114812, 48.0205433995
0.155698440357, 0.372791171072, 0.886504954525, 9.12606939221e-05, 0.0274776303204, 0.75988817677, 0.470224022531, 0.435590129265, 0.0347805117717, 0.00802362745414, 0.490047499718, 0.113556260587, 0.7501918575, 0.0318520944777, 0.66846267276, 0.978052013767, 0.881907332752, 0.585616339847, 0.758731901818, 0.473837943039, 0.227801307042, 0.95655575105, 0.926117118095, 0.215710225625, 0.267700205187, 0.907600469164, 0.693226723923, 0.155698440357, 0.372791171072, 0.886504954525, 9.12606939221e-05, 0.0274776303204, 0.75988817677, 0.470224022531, 52.6979324321
0.767826515907, 0.284266316777, 0.301424253376, 0.893368101369, 0.00740019457029, 0.60591007665, 0.014289390677, 0.00193512798794, 0.124883355585, 0.212004096213, 0.460625654979, 0.450505031452, 0.647360535963, 0.187478781896, 0.0730177090837, 0.321932619808, 0.962693259333, 0.51514468488, 0.00824923010469, 0.551793025728, 0.639513751094, 0.989852511319, 0.0182576285423, 0.342587864066, 0.961603915131, 0.994074878794, 0.779268757496, 0.767826515907, 0.284266316777, 0.301424253376, 0.893368101369, 0.00740019457029, 0.60591007665, 0.014289390677, 48.4546846143
0.592482858394, 0.00969545685771, 0.930472020017, 0.390035075252, 0.994986218211, 0.733769122744, 0.853178519236, 0.427923622251, 0.226936793208, 0.157671926016, 0.0334518603231, 0.186130066305, 0.0184589009809, 0.00244257454302, 0.714839045294, 0.408577900792, 0.416728156824, 0.269678232115, 0.214708167289, 0.730020804956, 0.0881327580282, 0.353005254773, 0.745622561454, 0.929149162394, 0.0109942412387, 0.324171264659, 0.2277338418, 0.592482858394, 0.00969545685771, 0.930472020017, 0.390035075252, 0.994986218211, 0.733769122744, 0.853178519236, 38.3954924769
0.312208141767, 0.941656666449, 0.17527350929, 0.445745018278, 0.310701458, 0.456089583124, 0.0991450304596, 0.46416167029, 0.160192299047, 0.101288819608, 7.11915139364e-05, 0.934045670669, 0.829733012943, 0.527968187423, 0.228911207664, 0.10457737437, 0.127448279707, 0.997065082059, 0.207755528838, 0.897566321593, 0.99310705904, 0.558853707823, 0.440151401666, 0.897483743721, 0.120086577265, 0.434244986127, 0.37383663336, 0.312208141767, 0.941656666449, 0.17527350929, 0.445745018278, 0.310701458, 0.456089583124, 0.0991450304596, 49.274551383
0.707416894134, 0.484416666115, 0.992595495946, 0.00383642805236, 0.533081263329, 0.264531730783, 0.0167725743517, 0.183621607555, 0.814706161721, 0.490182912472, 0.66584277064, 0.506348885745, 0.786920329667, 0.00994620544344, 0.51621674045, 0.239924881225, 0.168622688167, 0.847112747632, 0.789760822246, 0.853180210709, 0.00194866350085, 0.927699648138, 0.103241811123, 0.0978887212268, 0.177205780513, 0.64866130607, 0.750646890954, 0.707416894134, 0.484416666115, 0.992595495946, 0.00383642805236, 0.533081263329, 0.264531730783, 0.0167725743517, 49.9803629664
0.586084446978, 0.351073218743, 0.992107211983, 0.98968889354, 0.333249391126, 0.0969042484477, 0.769742860252, 0.0241584715157, 0.931568004403, 0.419523091183, 0.59540643092, 0.471164699396, 0.692173481272, 0.025869599625, 0.227587284763, 0.211255800615, 0.78009827881, 0.809636007217, 0.446127850927, 0.237104734144, 0.177810098241, 0.169802551472, 0.000398729993057, 0.830094734819, 0.997501095628, 0.819379148636, 0.328507889323, 0.586084446978, 0.351073218743, 0.992107211983, 0.98968889354, 0.333249391126, 0.0969042484477, 0.769742860252, 48.2078469465
0.837064147767, 0.697744676893, 0.220052407134, 0.108869952671, 0.0598307449134, 0.0849782975734, 0.172057720332, 0.0560355165548, 0.0769863150911, 0.60896224446, 0.511562722236, 0.17499408158, 0.760450349917, 0.0151558033484, 0.0600201057447, 0.822152243888, 0.983365253387, 0.229175227507, 0.921795126726, 0.360701673007, 0.61889987577, 0.138469394218, 0.070247069248, 0.112929041952, 0.00267395282595, 0.489298017065, 0.221339286311, 0.837064147767, 0.697744676893, 0.220052407134, 0.108869952671, 0.0598307449134, 0.0849782975734, 0.172057720332, 41.391985066
0.426290109112, 0.186808025584, 0.0326619071181, 0.252239115839, 0.0488608297342, 0.225705837261, 0.203774385355, 0.290789532399, 0.785924102145, 0.0234638784136, 0.663302005774, 0.0167016067489, 0.102243677286, 0.0246606050266, 0.237156093625, 0.163689805544, 0.971021224383, 0.159944041874, 0.200815318347, 0.405443362978, 0.800959696797, 0.000711612228067, 0.946438907011, 0.162118722893, 0.957318076263, 0.661582877179, 0.401066258336, 0.426290109112, 0.186808025584, 0.0326619071181, 0.252239115839, 0.0488608297342, 0.225705837261, 0.203774385355, 44.3784474429
0.767826515907, 0.284266316777, 0.301424253376, 0.474366479507, 0.841213983493, 0.60591007665, 0.014289390677, 0.00403759320337, 0.456545776673, 0.212004096213, 0.460625654979, 0.258636912045, 0.471102443945, 0.187478781896, 0.0730177090837, 0.268381446939, 0.962693259333, 0.51514468488, 0.00824923010469, 0.551793025728, 0.639513751094, 0.989852511319, 0.0182576285423, 0.342587864066, 0.961603915131, 0.994074878794, 0.779268757496, 0.767826515907, 0.284266316777, 0.301424253376, 0.474366479507, 0.841213983493, 0.60591007665, 0.014289390677, 48.1348636836
0.134760006372, 0.463368231215, 0.877394122435, 0.558601287112, 0.0500249563878, 0.809225533477, 0.407144763846, 0.755042952847, 0.105291798021, 0.00313285174482, 0.246119118626, 0.503318690689, 0.215632193337, 0.671721447071, 0.927882167592, 0.0593907287508, 0.067455711076, 0.139701615368, 0.437541761515, 0.991039280701, 0.331279182953, 0.689816600703, 0.996281073529, 0.96296210363, 2.71541994599e-05, 0.0655677276349, 0.199879093696, 0.134760006372, 0.463368231215, 0.877394122435, 0.558601287112, 0.0500249563878, 0.809225533477, 0.407144763846, 45.4032653687
0.831942775563, 0.00969545685771, 0.0975728747618, 0.0506333005796, 0.697740530434, 0.118549671175, 0.0547503449019, 0.358256137657, 0.122586858786, 0.0757143549687, 0.956906962325, 0.435026718739, 0.997309208813, 0.538735670519, 0.354745741554, 0.369999736273, 0.737385763235, 0.768794423799, 0.888296800343, 0.335172734037, 0.399442004745, 0.353005254773, 0.849817771168, 0.930862226665, 0.964635706223, 0.644576138808, 0.75110943125, 0.831942775563, 0.00969545685771, 0.0975728747618, 0.0506333005796, 0.697740530434, 0.118549671175, 0.0547503449019, 57.8874348895
0.15279159712, 0.0484363937494, 0.190656578838, 0.106756303706, 0.320209362005, 0.655458674534, 0.964113245064, 0.996430761737, 0.66818066995, 0.299796239885, 0.13901456892, 0.595902006729, 0.166557861229, 0.928880399475, 0.0730177090837, 0.887272603891, 0.538714979062, 0.0686155290768, 0.608631198056, 0.920189330774, 0.4292628103, 0.475348940783, 0.251386702593, 0.928369957932, 0.76367872253, 0.965377096225, 0.438544213472, 0.15279159712, 0.0484363937494, 0.190656578838, 0.106756303706, 0.320209362005, 0.655458674534, 0.964113245064, 55.41921204
0.872169318978, 0.225701068995, 0.0975728747618, 0.0506333005796, 0.697740530434, 0.118549671175, 0.0547503449019, 0.358256137657, 0.122586858786, 0.0757143549687, 0.956906962325, 0.435026718739, 0.974787702099, 0.545460734261, 0.354745741554, 0.369999736273, 0.737385763235, 0.10813653107, 0.888296800343, 0.335172734037, 0.399442004745, 0.353005254773, 0.849817771168, 0.0621338527394, 0.0126539134533, 0.644576138808, 0.75110943125, 0.872169318978, 0.225701068995, 0.0975728747618, 0.0506333005796, 0.697740530434, 0.118549671175, 0.0547503449019, 48.8994501456
0.570731352933, 0.878302563385, 0.197237953881, 0.299271614152, 0.0562269715199, 0.298660950169, 0.125859052782, 0.944028261087, 0.576259786859, 0.543129574887, 0.512619837943, 0.666719309499, 0.0418705305351, 0.0724720487439, 0.0904784945087, 0.266505039339, 0.834926792702, 0.118553821505, 0.0932472801351, 0.891663780603, 0.0610722815119, 0.165273788743, 0.739612782866, 0.311022302578, 0.0622416104306, 0.843012928411, 0.12820948431, 0.570731352933, 0.878302563385, 0.197237953881, 0.299271614152, 0.0562269715199, 0.298660950169, 0.125859052782, 44.0635434221
0.773588259059, 0.0401320332192, 0.978856596334, 0.194185378413, 0.00363616670402, 0.565850867131, 0.870020039358, 0.0172847403524, 0.0304595031042, 0.212004096213, 0.650078843216, 0.504429476906, 0.000606007273598, 0.187478781896, 0.475653187822, 0.553138529077, 0.964758689162, 0.875665737703, 0.950657943088, 0.551793025728, 0.639513751094, 0.962287087088, 0.0182576285423, 0.342587864066, 0.244204267553, 0.991609676191, 0.302457156795, 0.773588259059, 0.0401320332192, 0.978856596334, 0.194185378413, 0.00363616670402, 0.565850867131, 0.870020039358, 49.1410297197
0.987784580308, 0.0322432589524, 0.237000383968, 0.102862605995, 0.0274776303204, 0.3324138827, 0.646487854404, 0.694198722448, 0.846319945427, 0.682537376005, 0.789427441505, 0.0609431534977, 0.621256305708, 0.433626219192, 0.36253928867, 0.793711391318, 0.900863353953, 0.362199619585, 0.999265590915, 0.497652445555, 0.0468362569721, 0.159198368065, 0.443008347381, 0.901968791988, 0.775548544187, 0.685775807205, 0.693226723923, 0.987784580308, 0.0322432589524, 0.237000383968, 0.102862605995, 0.0274776303204, 0.3324138827, 0.646487854404, 57.7025361019
0.0504519572556, 0.0400747284888, 0.517634838643, 0.996335609569, 0.000952687984186, 0.700799660362, 0.237359962653, 0.00154477249041, 0.203278143659, 0.774016038075, 0.602384671979, 0.0769500369729, 0.00614384920999, 0.398781629066, 0.243088257748, 0.0888250758477, 0.0263770008158, 0.429728998363, 0.143940825873, 0.906184775638, 0.440770589075, 0.600073579691, 0.482328849465, 0.71707087571, 0.991109185316, 0.778043115377, 0.965687915947, 0.0504519572556, 0.0400747284888, 0.517634838643, 0.996335609569, 0.000952687984186, 0.700799660362, 0.237359962653, 47.4686544557
0.225326151648, 0.12729401072, 0.957597571771, 0.0795751396866, 0.456253827035, 0.854179020837, 0.00589575414626, 0.183621607555, 0.0150363120531, 0.492700649638, 0.929631746146, 0.591891968206, 0.102243677286, 0.822154624149, 0.31165961151, 0.984791139579, 0.860646706988, 0.584452317334, 0.668883701536, 0.413739502186, 0.959407955686, 0.69048438569, 0.0314732661076, 0.812879173085, 0.556744514618, 0.934040198692, 0.786946035669, 0.225326151648, 0.12729401072, 0.957597571771, 0.0795751396866, 0.456253827035, 0.854179020837, 0.00589575414626, 57.369044019
0.246378573355, 0.846178140962, 0.817304067143, 0.502770486718, 0.407069662459, 0.0350066241262, 0.756652822242, 0.0816747351955, 0.613881647667, 0.0575268399753, 0.618263090653, 0.294363442924, 0.824928276384, 0.641391145017, 0.580257671586, 0.474138061746, 0.515691597043, 0.699806746844, 0.0172613637951, 0.452010937487, 0.679805637167, 0.566446772034, 0.121985652814, 0.138900708575, 0.598966590462, 0.67712080513, 0.794304902794, 0.246378573355, 0.846178140962, 0.817304067143, 0.502770486718, 0.407069662459, 0.0350066241262, 0.756652822242, 48.9641595416
0.83807808985, 0.174399946905, 0.0326619071181, 0.252239115839, 0.222881737298, 0.433125859085, 0.533915149972, 0.382676125946, 0.562198979546, 0.00977479212755, 0.663302005774, 0.0167016067489, 0.508089629748, 0.0260382586203, 0.237156093625, 0.438372359007, 0.971021224383, 0.159944041874, 0.200815318347, 0.405443362978, 0.800959696797, 0.000711612228067, 0.541633963529, 0.162118722893, 0.753872490377, 0.661582877179, 0.401066258336, 0.83807808985, 0.174399946905, 0.0326619071181, 0.252239115839, 0.222881737298, 0.433125859085, 0.533915149972, 43.9036301012
0.410819158373, 0.176015814577, 0.247816969309, 0.146118758901, 0.0274776303204, 0.378087841979, 0.0709252159223, 0.435590129265, 0.247480184529, 0.844583021097, 0.699590066936, 0.0528275831339, 0.773647910339, 0.584006857187, 0.980333648744, 0.719988791908, 0.943762391685, 0.135405903538, 0.819270920984, 0.991039280701, 0.314334015751, 0.95655575105, 0.343905190286, 0.370545527167, 0.239090274397, 0.666488926609, 0.0330706267883, 0.410819158373, 0.176015814577, 0.247816969309, 0.146118758901, 0.0274776303204, 0.378087841979, 0.0709252159223, 55.7998069511
0.117038820292, 0.943410499227, 0.279653758683, 0.781291487119, 0.18699888282, 0.0249912769108, 0.281080781634, 0.427923622251, 0.410163998165, 0.0264841590914, 0.805745924328, 0.250329443217, 0.814179608373, 0.887706636917, 0.0945075408647, 0.0794515835646, 0.367276527198, 0.0621031947979, 0.842439401499, 0.274166591291, 0.19270638605, 0.019538182914, 0.46885856103, 0.162306572258, 0.904004186743, 0.391152611721, 0.841631517239, 0.117038820292, 0.943410499227, 0.279653758683, 0.781291487119, 0.18699888282, 0.0249912769108, 0.281080781634, 45.1495962372
0.474689656465, 0.858827817977, 0.0152018451499, 0.658808953198, 0.410636852349, 0.783817483924, 0.992617755559, 0.999641636953, 0.535294738304, 0.761394203398, 0.00249841479743, 0.221117405362, 0.745019912501, 0.922085944378, 0.0961994005838, 0.743213760497, 0.310608971269, 0.382652641799, 0.936262010655, 0.800178585005, 0.00219889859557, 0.0377988819982, 0.134317273826, 0.0591234532718, 0.1325181914, 0.390968208491, 0.549116575133, 0.474689656465, 0.858827817977, 0.0152018451499, 0.658808953198, 0.410636852349, 0.783817483924, 0.992617755559, 46.5804627678
0.797346636648, 0.194646678589, 0.934585378407, 0.0938540734837, 0.440569856719, 0.196227136114, 0.872363740037, 0.518007107889, 0.336288818969, 0.0143089633054, 0.00289891321672, 0.026298189674, 0.95585480732, 0.395309099059, 0.727080038367, 0.274301674426, 0.179773278995, 0.145553060452, 0.868875531862, 0.048317016954, 0.871180773234, 0.848986609287, 0.708277044773, 0.00124270124157, 0.120086577265, 0.470498562982, 0.0374574805265, 0.797346636648, 0.194646678589, 0.934585378407, 0.0938540734837, 0.440569856719, 0.196227136114, 0.872363740037, 42.1678889385
0.0151967781615, 0.90264145047, 0.536500733109, 0.194185378413, 0.075012521317, 0.267702705121, 0.709411787223, 0.146522896191, 0.371702228575, 0.249778240564, 0.284188367829, 0.00153341095099, 0.997939034446, 0.246638953143, 0.0600201057447, 0.208758803738, 0.691808458038, 0.889410898977, 0.0592032784358, 0.455246886459, 0.796242199898, 0.138469394218, 0.90934096262, 0.370545527167, 0.901059554598, 0.301722298341, 0.414722631528, 0.0151967781615, 0.90264145047, 0.536500733109, 0.194185378413, 0.075012521317, 0.267702705121, 0.709411787223, 45.9043597711
0.117038820292, 0.943410499227, 0.279653758683, 0.781291487119, 0.18699888282, 0.0249912769108, 0.281080781634, 0.427923622251, 0.410163998165, 0.0264841590914, 0.805745924328, 0.250329443217, 0.814179608373, 0.887706636917, 0.0945075408647, 0.0794515835646, 0.367276527198, 0.0621031947979, 0.842439401499, 0.274166591291, 0.19270638605, 0.019538182914, 0.46885856103, 0.162306572258, 0.904004186743, 0.391152611721, 0.841631517239, 0.117038820292, 0.943410499227, 0.279653758683, 0.781291487119, 0.18699888282, 0.0249912769108, 0.281080781634, 45.1495962372
0.0466580623552, 0.00969545685771, 0.503108184395, 0.0912788783069, 0.998488748336, 0.00318667924766, 0.163896018643, 0.0560355165548, 0.396334747275, 0.0712558848842, 0.653205800908, 0.026355305663, 0.749634054081, 0.267036168246, 0.0470931269958, 0.77086563729, 0.782816439143, 0.0590694912401, 0.300744087741, 0.705940344015, 0.589150978195, 0.719782995087, 0.051898548717, 0.213712216871, 0.964635706223, 0.885891921603, 0.172561620347, 0.0466580623552, 0.00969545685771, 0.503108184395, 0.0912788783069, 0.998488748336, 0.00318667924766, 0.163896018643, 46.2439143554
0.707402338597, 0.940233151001, 0.183998888378, 0.344122770228, 0.166971926645, 0.980740995161, 0.0218418550768, 0.183621607555, 0.367390930652, 0.352833445702, 0.364180446603, 0.148655661102, 0.468341680622, 0.30098173195, 0.405228704627, 0.585069436467, 0.211938605644, 0.690631651595, 0.350965334923, 0.787324467823, 0.0424979954029, 0.825287370923, 0.233320736415, 0.795695110884, 0.822122053014, 0.721897086239, 0.0238188786151, 0.707402338597, 0.940233151001, 0.183998888378, 0.344122770228, 0.166971926645, 0.980740995161, 0.0218418550768, 46.3739337677
0.374095155479, 0.243480487381, 0.167766932052, 0.445745018278, 0.795802806676, 0.196227136114, 0.732111011379, 0.196617477894, 0.336288818969, 0.00731994134821, 0.0510419480292, 0.326646031499, 0.95585480732, 0.970783039151, 0.472743762163, 0.553138529077, 0.045446845579, 0.08469912347, 0.350965334923, 0.882038350087, 0.646599674409, 0.84643501873, 0.0213767223452, 0.00592977992103, 0.0179727526559, 0.504353808613, 0.178439133015, 0.374095155479, 0.243480487381, 0.167766932052, 0.445745018278, 0.795802806676, 0.196227136114, 0.732111011379, 42.1074419558
0.0151967781615, 0.90264145047, 0.536500733109, 0.194185378413, 0.075012521317, 0.267702705121, 0.709411787223, 0.146522896191, 0.371702228575, 0.249778240564, 0.284188367829, 0.00153341095099, 0.997939034446, 0.246638953143, 0.0600201057447, 0.208758803738, 0.691808458038, 0.889410898977, 0.0592032784358, 0.455246886459, 0.796242199898, 0.138469394218, 0.90934096262, 0.370545527167, 0.901059554598, 0.301722298341, 0.414722631528, 0.0151967781615, 0.90264145047, 0.536500733109, 0.194185378413, 0.075012521317, 0.267702705121, 0.709411787223, 45.9043597711
0.101509141211, 0.463368231215, 0.964589796767, 0.558601287112, 0.0500249563878, 0.809225533477, 0.407144763846, 0.755042952847, 0.226936793208, 0.00802362745414, 0.364495928094, 0.503318690689, 0.192883277828, 0.000330168491195, 0.927882167592, 0.0593907287508, 0.0426176126075, 0.239911711925, 0.437541761515, 0.991039280701, 0.331279182953, 0.689816600703, 0.996281073529, 0.96296210363, 0.439845690763, 0.210193809637, 0.250278854621, 0.101509141211, 0.463368231215, 0.964589796767, 0.558601287112, 0.0500249563878, 0.809225533477, 0.407144763846, 46.4220514401
0.480203685485, 0.649952349075, 0.0975728747618, 0.00650163085351, 0.961755018963, 0.0020967681826, 0.0547503449019, 0.183621607555, 0.0651173738702, 0.0757143549687, 0.319751069425, 0.0309797650365, 0.974787702099, 0.445793596819, 0.561808146947, 0.369999736273, 0.737385763235, 0.777822718541, 0.499619304676, 0.335172734037, 0.872100242298, 0.907258861908, 0.00393416937092, 0.0621338527394, 0.964635706223, 0.0559345111008, 0.206381545506, 0.480203685485, 0.649952349075, 0.0975728747618, 0.00650163085351, 0.961755018963, 0.0020967681826, 0.0547503449019, 46.0198553908
0.897731697651, 0.174399946905, 0.130540273798, 0.252239115839, 0.367822412189, 0.498374321003, 0.533915149972, 0.290789532399, 0.562198979546, 0.00977479212755, 0.663302005774, 0.0167016067489, 0.508089629748, 0.0260382586203, 0.237156093625, 0.438372359007, 0.781604412266, 0.159944041874, 0.200815318347, 0.405443362978, 0.800959696797, 0.000711612228067, 0.34242479048, 0.162118722893, 0.753872490377, 0.661582877179, 0.401066258336, 0.897731697651, 0.174399946905, 0.130540273798, 0.252239115839, 0.367822412189, 0.498374321003, 0.533915149972, 42.2049690277
0.0759232216787, 0.835734426847, 0.280360301811, 0.893558191622, 0.272218714365, 0.957271145395, 0.772054949233, 0.177527864031, 0.98097806392, 0.0619723097726, 0.826897544637, 0.358154756303, 0.336843517827, 0.907258089081, 0.0617251979188, 0.948424037187, 0.410650455158, 0.45912282599, 0.945588948289, 0.48831807404, 0.0733850118246, 0.274851816895, 0.0391491719298, 0.240045282241, 0.486121271688, 0.0109502587438, 0.958071805355, 0.0759232216787, 0.835734426847, 0.280360301811, 0.893558191622, 0.272218714365, 0.957271145395, 0.772054949233, 47.192105821
