0.769807963243, 0.842394632802, 2.05538590574, 0.328416532874, 49.7460690803, 43.0909754998, 2.39274821945, 4.74387208649, 24.7135329065, 195.693962605, 0.572679048879, 0.0540540540541
0.78556297541, 0.842394632802, 2.05538590574, 0.328416532874, 49.7460690803, 44.2693689798, 2.32627087434, 4.78016503622, 24.7135329065, 194.325108158, 0.618049171188, 0.34749034749
0.78556297541, 0.842394632802, 2.05538590574, 0.328416532874, 49.7460690803, 44.2693689798, 2.32627087434, 4.78016503622, 24.7135329065, 194.325108158, 0.618049171188, 0.34749034749
0.78556297541, 0.842394632802, 2.05538590574, 0.328416532874, 49.7460690803, 44.2693689798, 2.32627087434, 4.78016503622, 24.7135329065, 194.325108158, 0.618049171188, 0.34749034749
0.78556297541, 0.842394632802, 2.05538590574, 0.328416532874, 49.7460690803, 44.2693689798, 2.32627087434, 4.78016503622, 24.7135329065, 194.325108158, 0.618049171188, 0.34749034749
0.78556297541, 0.842394632802, 2.05538590574, 0.328416532874, 49.7460690803, 44.2693689798, 2.32627087434, 4.78016503622, 24.7135329065, 194.325108158, 0.618049171188, 0.34749034749
0.769807963243, 0.820320520447, 2.05535316521, 0.328416532874, 49.4983198539, 43.0844711065, 2.32627087434, 4.72528224476, 24.7137434926, 188.553330567, 0.561552765241, 0.266666666667
0.769807963243, 0.820320520447, 2.05535316521, 0.328416532874, 49.4983198539, 43.0844711065, 2.32627087434, 4.72528224476, 24.7137434926, 188.553330567, 0.561552765241, 0.266666666667
0.769807963243, 0.820320520447, 2.05535316521, 0.328416532874, 49.4983198539, 43.0844711065, 2.32627087434, 4.72528224476, 24.7137434926, 188.553330567, 0.561552765241, 0.266666666667
0.769807963243, 0.820320520447, 2.05535316521, 0.328416532874, 49.4983198539, 43.0844711065, 2.32627087434, 4.72528224476, 24.7137434926, 188.553330567, 0.561552765241, 0.266666666667
0.769807963243, 0.820320520447, 2.05535316521, 0.328416532874, 49.4983198539, 43.0844711065, 2.32627087434, 4.72528224476, 24.7137434926, 188.553330567, 0.561552765241, 0.266666666667
0.769807963243, 0.820320520447, 2.05535316521, 0.328416532874, 49.4983198539, 43.0844711065, 2.32627087434, 4.72528224476, 24.7137434926, 188.553330567, 0.561552765241, 0.266666666667
0.769807963243, 0.820320520447, 2.05535316521, 0.328416532874, 49.4983198539, 43.0844711065, 2.32627087434, 4.72528224476, 24.7137434926, 188.553330567, 0.561552765241, 0.266666666667
0.769807963243, 0.820320520447, 2.05535316521, 0.328416532874, 49.4983198539, 43.0844711065, 2.32627087434, 4.72528224476, 24.7137434926, 188.553330567, 0.561552765241, 0.266666666667
0.769807963243, 0.820320520447, 2.05535316521, 0.328416532874, 49.4983198539, 43.0844711065, 2.32627087434, 4.72528224476, 24.7137434926, 188.553330567, 0.561552765241, 0.266666666667
0.78556297541, 0.842394632802, 2.05538590574, 0.328416532874, 49.4997788413, 43.1006947629, 2.32627087434, 4.78016503622, 24.2480588746, 195.546374685, 0.61549391561, 0.233766233766
0.78556297541, 0.842394632802, 2.05538590574, 0.328416532874, 49.4997788413, 43.1006947629, 2.32627087434, 4.78016503622, 24.2480588746, 195.546374685, 0.61549391561, 0.233766233766
0.78556297541, 0.842394632802, 2.05538590574, 0.328416532874, 49.4997788413, 43.1006947629, 2.32627087434, 4.78016503622, 24.2480588746, 195.546374685, 0.61549391561, 0.233766233766
0.78556297541, 0.842394632802, 2.05538590574, 0.328416532874, 49.4997788413, 43.1006947629, 2.32627087434, 4.78016503622, 24.2480588746, 195.546374685, 0.61549391561, 0.233766233766
0.78556297541, 0.842394632802, 2.05538590574, 0.328416532874, 49.4997788413, 43.1006947629, 2.32627087434, 4.78016503622, 24.2480588746, 195.546374685, 0.61549391561, 0.233766233766
0.78556297541, 0.842394632802, 2.05538590574, 0.328416532874, 49.4997788413, 43.1006947629, 2.32627087434, 4.78016503622, 24.2480588746, 195.546374685, 0.61549391561, 0.233766233766
0.769807963243, 0.842394632802, 2.05538590574, 0.328416532874, 49.7460690803, 43.0909754998, 2.32728517039, 4.74387208649, 24.7135329065, 194.760470155, 0.573087119846, 0.0140845070423
0.769807963243, 0.842394632802, 2.05538590574, 0.322225650935, 49.7460690803, 43.1399386516, 2.32627087434, 4.74387208649, 24.7135329065, 198.05838316, 0.608377395334, 0.419708029197
0.769807963243, 0.842394632802, 2.05538590574, 0.328416532874, 49.7460690803, 43.0909754998, 2.32627087434, 4.74387208649, 24.7135329065, 193.766361313, 0.618875923279, 0.353135313531
0.769807963243, 0.842394632802, 2.05538590574, 0.328416532874, 49.7460690803, 43.0909754998, 2.32627087434, 4.74387208649, 24.7135329065, 193.766361313, 0.618875923279, 0.353135313531
0.769807963243, 0.820320520447, 2.05535239954, 0.334589901016, 49.7479013397, 43.0841620765, 2.32627087434, 4.72528224476, 24.7135362194, 178.977977604, 0.577832116075, 0.0
0.769807963243, 0.820320520447, 2.05535239954, 0.334589901016, 49.7479013397, 43.0841620765, 2.32627087434, 4.72528224476, 24.7135362194, 178.977977604, 0.577832116075, 0.0
0.769807963243, 0.820320520447, 2.05535239954, 0.334589901016, 49.7479013397, 43.0841620765, 2.32627087434, 4.72528224476, 24.7135362194, 178.977977604, 0.577832116075, 0.0
0.769807963243, 0.820320520447, 2.05535239954, 0.334589901016, 49.7479013397, 43.0841620765, 2.32627087434, 4.72528224476, 24.7135362194, 178.977977604, 0.577832116075, 0.0
0.769807963243, 0.820320520447, 2.05535239954, 0.334589901016, 49.7479013397, 43.0841620765, 2.32627087434, 4.72528224476, 24.7135362194, 178.977977604, 0.577832116075, 0.0
0.769807963243, 0.820320520447, 2.05535239954, 0.334589901016, 49.7479013397, 43.0841620765, 2.32627087434, 4.72528224476, 24.7135362194, 178.977977604, 0.577832116075, 0.0
0.769807963243, 0.820320520447, 2.05535239954, 0.334589901016, 49.7479013397, 43.0841620765, 2.32627087434, 4.72528224476, 24.7135362194, 178.977977604, 0.577832116075, 0.0
0.769807963243, 0.820320520447, 2.05535239954, 0.334589901016, 49.7479013397, 43.0841620765, 2.32627087434, 4.72528224476, 24.7135362194, 178.977977604, 0.577832116075, 0.0
0.769807963243, 0.820320520447, 2.05535239954, 0.334589901016, 49.7479013397, 43.0841620765, 2.32627087434, 4.72528224476, 24.7135362194, 178.977977604, 0.577832116075, 0.0
0.769807963243, 0.820320520447, 2.05535239954, 0.334589901016, 49.7479013397, 43.0841620765, 2.32627087434, 4.72528224476, 24.7135362194, 178.977977604, 0.577832116075, 0.0
0.769807963243, 0.820320520447, 2.05535239954, 0.334589901016, 49.7479013397, 43.0841620765, 2.32627087434, 4.72528224476, 24.7135362194, 178.977977604, 0.577832116075, 0.0
0.769807963243, 0.820320520447, 2.05535239954, 0.334589901016, 49.7479013397, 43.0841620765, 2.32627087434, 4.72528224476, 24.7135362194, 178.977977604, 0.577832116075, 0.0
0.769807963243, 0.820320520447, 2.05535239954, 0.334589901016, 49.7479013397, 43.0841620765, 2.32627087434, 4.72528224476, 24.7135362194, 178.977977604, 0.577832116075, 0.0
0.769807963243, 0.820320520447, 2.05535239954, 0.334589901016, 49.7479013397, 43.0841620765, 2.32627087434, 4.72528224476, 24.7135362194, 178.977977604, 0.577832116075, 0.0
0.769807963243, 0.820320520447, 2.05535239954, 0.334589901016, 49.7479013397, 43.0841620765, 2.32627087434, 4.72528224476, 24.7135362194, 178.977977604, 0.577832116075, 0.0
0.769807963243, 0.820320520447, 2.05535239954, 0.334589901016, 49.7479013397, 43.0841620765, 2.32627087434, 4.72528224476, 24.7135362194, 178.977977604, 0.577832116075, 0.0
0.769807963243, 0.820320520447, 2.05535239954, 0.334589901016, 49.7479013397, 43.0841620765, 2.32627087434, 4.72528224476, 24.7135362194, 178.977977604, 0.577832116075, 0.0
0.769807963243, 0.820320520447, 2.05535239954, 0.334589901016, 49.7479013397, 43.0841620765, 2.32627087434, 4.72528224476, 24.7135362194, 178.977977604, 0.577832116075, 0.0
0.769807963243, 0.820320520447, 2.05535239954, 0.334589901016, 49.7479013397, 43.0841620765, 2.32627087434, 4.72528224476, 24.7135362194, 178.977977604, 0.577832116075, 0.0
0.769807963243, 0.820320520447, 2.05535239954, 0.334589901016, 49.7479013397, 43.0841620765, 2.32627087434, 4.72528224476, 24.7135362194, 178.977977604, 0.577832116075, 0.0
0.769807963243, 0.820320520447, 2.05538808964, 0.364721388546, 49.4983198539, 44.2825821199, 2.32627087434, 4.72528224476, 24.7137434926, 188.533471483, 0.614524046337, 0.0466666666667
0.769807963243, 0.820320520447, 2.05538808964, 0.364721388546, 49.4983198539, 44.2825821199, 2.32627087434, 4.72528224476, 24.7137434926, 188.533471483, 0.614524046337, 0.0466666666667
0.769807963243, 0.820320520447, 2.05538808964, 0.364721388546, 49.4983198539, 44.2825821199, 2.32627087434, 4.72528224476, 24.7137434926, 188.533471483, 0.614524046337, 0.0466666666667
0.769807963243, 0.820320520447, 2.05538808964, 0.364721388546, 49.4983198539, 44.2825821199, 2.32627087434, 4.72528224476, 24.7137434926, 188.533471483, 0.614524046337, 0.0466666666667
0.769807963243, 0.820320520447, 2.05538808964, 0.364721388546, 49.4983198539, 44.2825821199, 2.32627087434, 4.72528224476, 24.7137434926, 188.533471483, 0.614524046337, 0.0466666666667
0.769807963243, 0.820320520447, 2.05538808964, 0.364721388546, 49.4983198539, 44.2825821199, 2.32627087434, 4.72528224476, 24.7137434926, 188.533471483, 0.614524046337, 0.0466666666667
0.769807963243, 0.820320520447, 2.05538808964, 0.364721388546, 49.4983198539, 44.2825821199, 2.32627087434, 4.72528224476, 24.7137434926, 188.533471483, 0.614524046337, 0.0466666666667
0.769807963243, 0.820320520447, 2.05538808964, 0.364721388546, 49.4983198539, 44.2825821199, 2.32627087434, 4.72528224476, 24.7137434926, 188.533471483, 0.614524046337, 0.0466666666667
0.769807963243, 0.820320520447, 2.05538808964, 0.364721388546, 49.4983198539, 44.2825821199, 2.32627087434, 4.72528224476, 24.7137434926, 188.533471483, 0.614524046337, 0.0466666666667
0.769807963243, 0.820320520447, 2.05538808964, 0.364721388546, 49.4983198539, 44.2825821199, 2.32627087434, 4.72528224476, 24.7137434926, 188.533471483, 0.614524046337, 0.0466666666667
0.769807963243, 0.820320520447, 2.05538808964, 0.364721388546, 49.4983198539, 44.2825821199, 2.32627087434, 4.72528224476, 24.7137434926, 188.533471483, 0.614524046337, 0.0466666666667
0.769807963243, 0.820320520447, 2.05538808964, 0.364721388546, 49.4983198539, 44.2825821199, 2.32627087434, 4.72528224476, 24.7137434926, 188.533471483, 0.614524046337, 0.0466666666667
0.769807963243, 0.820320520447, 2.05538808964, 0.364721388546, 49.4983198539, 44.2825821199, 2.32627087434, 4.72528224476, 24.7137434926, 188.533471483, 0.614524046337, 0.0466666666667
0.769807963243, 0.820320520447, 2.05538808964, 0.364721388546, 49.4983198539, 44.2825821199, 2.32627087434, 4.72528224476, 24.7137434926, 188.533471483, 0.614524046337, 0.0466666666667
0.769807963243, 0.820320520447, 2.05538808964, 0.364721388546, 49.4983198539, 44.2825821199, 2.32627087434, 4.72528224476, 24.7137434926, 188.533471483, 0.614524046337, 0.0466666666667
0.769807963243, 0.820320520447, 2.05538808964, 0.364721388546, 49.4983198539, 44.2825821199, 2.32627087434, 4.72528224476, 24.7137434926, 188.533471483, 0.614524046337, 0.0466666666667
0.769807963243, 0.820320520447, 2.05538808964, 0.364721388546, 49.4983198539, 44.2825821199, 2.32627087434, 4.72528224476, 24.7137434926, 188.533471483, 0.614524046337, 0.0466666666667
0.769807963243, 0.820320520447, 2.05538808964, 0.364721388546, 49.4983198539, 44.2825821199, 2.32627087434, 4.72528224476, 24.7137434926, 188.533471483, 0.614524046337, 0.0466666666667
0.769807963243, 0.820320520447, 2.05538808964, 0.364721388546, 49.4983198539, 44.2825821199, 2.32627087434, 4.72528224476, 24.7137434926, 188.533471483, 0.614524046337, 0.0466666666667
0.769807963243, 0.820320520447, 2.05538808964, 0.364721388546, 49.4983198539, 44.2825821199, 2.32627087434, 4.72528224476, 24.7137434926, 188.533471483, 0.614524046337, 0.0466666666667
0.769807963243, 0.820320520447, 2.05535329204, 0.364721388546, 49.4983198539, 44.2825821199, 2.32627087434, 4.72528224476, 24.7137434926, 183.761335884, 0.575185711854, 0.0650887573964
0.769807963243, 0.820320520447, 2.05535329204, 0.364721388546, 49.4983198539, 44.2825821199, 2.32627087434, 4.72528224476, 24.7137434926, 183.761335884, 0.575185711854, 0.0650887573964
0.769807963243, 0.820320520447, 2.05535329204, 0.364721388546, 49.4983198539, 44.2825821199, 2.32627087434, 4.72528224476, 24.7137434926, 183.761335884, 0.575185711854, 0.0650887573964
0.769807963243, 0.820320520447, 2.05535329204, 0.364721388546, 49.4983198539, 44.2825821199, 2.32627087434, 4.72528224476, 24.7137434926, 183.761335884, 0.575185711854, 0.0650887573964
0.769807963243, 0.820320520447, 2.05535329204, 0.364721388546, 49.4983198539, 44.2825821199, 2.32627087434, 4.72528224476, 24.7137434926, 183.761335884, 0.575185711854, 0.0650887573964
0.769807963243, 0.820320520447, 2.05535329204, 0.364721388546, 49.4983198539, 44.2825821199, 2.32627087434, 4.72528224476, 24.7137434926, 183.761335884, 0.575185711854, 0.0650887573964
0.769807963243, 0.820320520447, 2.05535329204, 0.364721388546, 49.4983198539, 44.2825821199, 2.32627087434, 4.72528224476, 24.7137434926, 183.761335884, 0.575185711854, 0.0650887573964
0.769807963243, 0.820320520447, 2.05535329204, 0.364721388546, 49.4983198539, 44.2825821199, 2.32627087434, 4.72528224476, 24.7137434926, 183.761335884, 0.575185711854, 0.0650887573964
0.769807963243, 0.820320520447, 2.05535329204, 0.364721388546, 49.4983198539, 44.2825821199, 2.32627087434, 4.72528224476, 24.7137434926, 183.761335884, 0.575185711854, 0.0650887573964
0.769807963243, 0.820320520447, 2.05535329204, 0.364721388546, 49.4983198539, 44.2825821199, 2.32627087434, 4.72528224476, 24.7137434926, 183.761335884, 0.575185711854, 0.0650887573964
0.769807963243, 0.820320520447, 2.05535329204, 0.364721388546, 49.4983198539, 44.2825821199, 2.32627087434, 4.72528224476, 24.7137434926, 183.761335884, 0.575185711854, 0.0650887573964
0.769807963243, 0.820320520447, 2.05535329204, 0.364721388546, 49.4983198539, 44.2825821199, 2.32627087434, 4.72528224476, 24.7137434926, 183.761335884, 0.575185711854, 0.0650887573964
0.769807963243, 0.820320520447, 2.05535329204, 0.364721388546, 49.4983198539, 44.2825821199, 2.32627087434, 4.72528224476, 24.7137434926, 183.761335884, 0.575185711854, 0.0650887573964
0.769807963243, 0.820320520447, 2.05535329204, 0.364721388546, 49.4983198539, 44.2825821199, 2.32627087434, 4.72528224476, 24.7137434926, 183.761335884, 0.575185711854, 0.0650887573964
0.769807963243, 0.820320520447, 2.05535329204, 0.364721388546, 49.4983198539, 44.2825821199, 2.32627087434, 4.72528224476, 24.7137434926, 183.761335884, 0.575185711854, 0.0650887573964
0.769807963243, 0.820320520447, 2.05535329204, 0.364721388546, 49.4983198539, 44.2825821199, 2.32627087434, 4.72528224476, 24.7137434926, 183.761335884, 0.575185711854, 0.0650887573964
0.769807963243, 0.820320520447, 2.05535329204, 0.364721388546, 49.4983198539, 44.2825821199, 2.32627087434, 4.72528224476, 24.7137434926, 183.761335884, 0.575185711854, 0.0650887573964
0.769807963243, 0.820320520447, 2.05535329204, 0.364721388546, 49.4983198539, 44.2825821199, 2.32627087434, 4.72528224476, 24.7137434926, 183.761335884, 0.575185711854, 0.0650887573964
0.769807963243, 0.820320520447, 2.05535329204, 0.364721388546, 49.4983198539, 44.2825821199, 2.32627087434, 4.72528224476, 24.7137434926, 183.761335884, 0.575185711854, 0.0650887573964
0.769807963243, 0.820320520447, 2.05535329204, 0.364721388546, 49.4983198539, 44.2825821199, 2.32627087434, 4.72528224476, 24.7137434926, 183.761335884, 0.575185711854, 0.0650887573964
0.769807963243, 0.820320520447, 2.0129849824, 0.364721388546, 49.4983198539, 44.2825821199, 2.32627087434, 4.72528224476, 24.7137434926, 188.787479226, 0.596926306756, 0.00769230769231
0.769807963243, 0.820320520447, 2.0129849824, 0.364721388546, 49.4983198539, 44.2825821199, 2.32627087434, 4.72528224476, 24.7137434926, 188.787479226, 0.596926306756, 0.00769230769231
0.769807963243, 0.820320520447, 2.0129849824, 0.364721388546, 49.4983198539, 44.2825821199, 2.32627087434, 4.72528224476, 24.7137434926, 188.787479226, 0.596926306756, 0.00769230769231
0.769807963243, 0.820320520447, 2.0129849824, 0.364721388546, 49.4983198539, 44.2825821199, 2.32627087434, 4.72528224476, 24.7137434926, 188.787479226, 0.596926306756, 0.00769230769231
0.769807963243, 0.820320520447, 2.0129849824, 0.364721388546, 49.4983198539, 44.2825821199, 2.32627087434, 4.72528224476, 24.7137434926, 188.787479226, 0.596926306756, 0.00769230769231
0.769807963243, 0.820320520447, 2.0129849824, 0.364721388546, 49.4983198539, 44.2825821199, 2.32627087434, 4.72528224476, 24.7137434926, 188.787479226, 0.596926306756, 0.00769230769231
0.769807963243, 0.820320520447, 2.0129849824, 0.364721388546, 49.4983198539, 44.2825821199, 2.32627087434, 4.72528224476, 24.7137434926, 188.787479226, 0.596926306756, 0.00769230769231
