0.173724606495, 0.83977165445, 2.17254985672, 0.403161923816, 38.756634128, 1.0684510251, 0.312422768575, 2.61741178035, 2.54203474264, 56.3166237998, 0.0148398525095, 0.625
0.173724606495, 0.83977165445, 2.17254985672, 0.403161923816, 38.756634128, 1.0684510251, 0.312422768575, 2.61741178035, 2.54203474264, 56.3166237998, 0.0148398525095, 0.625
0.128202063506, 0.83977165445, 2.17254985672, 0.453691513069, 73.8638101253, 1.3388124278, 0.0943794883777, 3.98734184773, 2.32134647988, 128.117220821, 0.00287324112013, 0.758620689655
0.128202063506, 0.83977165445, 2.17254985672, 0.453691513069, 73.8638101253, 1.3388124278, 0.0943794883777, 3.98734184773, 2.32134647988, 128.117220821, 0.00287324112013, 0.758620689655
0.173724606495, 0.834231537664, 2.67814344964, 0.592641818833, 95.3275960912, 27.2691325168, 0.39544261756, 2.16056401456, 1.49444239482, 72.3338418562, 0.215364747799, 0.0
0.173724606495, 0.834231537664, 2.67814344964, 0.592641818833, 95.3275960912, 27.2691325168, 0.39544261756, 2.16056401456, 1.49444239482, 72.3338418562, 0.215364747799, 0.0
0.100472398452, 0.842702152794, 4.21278268024, 0.435776768951, 63.2749784676, 1.00344347126, 0.844408332689, 4.48421501871, 40.1341549351, 183.090323512, 0.00442003618187, 0.3
0.100472398452, 0.842702152794, 4.21278268024, 0.435776768951, 63.2749784676, 1.00344347126, 0.844408332689, 4.48421501871, 40.1341549351, 183.090323512, 0.00442003618187, 0.3
0.173724606495, 0.83977165445, 2.17254985672, 0.403161923816, 38.756634128, 1.3388124278, 0.937827109651, 2.61741178035, 2.54203474264, 68.3703573148, 0.010044378705, 0.230769230769
0.173724606495, 0.83977165445, 2.17254985672, 0.403161923816, 38.756634128, 1.3388124278, 0.937827109651, 2.61741178035, 2.54203474264, 68.3703573148, 0.010044378705, 0.230769230769
0.12957971432, 0.83977165445, 2.08959251963, 0.48096969649, 80.8432619173, 1.3388124278, 0.332224464034, 4.95200080143, 2.22245182005, 96.4168482007, 0.00450844783118, 0.0
0.12957971432, 0.83977165445, 2.08959251963, 0.48096969649, 80.8432619173, 1.3388124278, 0.332224464034, 4.95200080143, 2.22245182005, 96.4168482007, 0.00450844783118, 0.0
0.173724606495, 0.83977165445, 2.17254985672, 0.653456648066, 73.8638101253, 1.01185909367, 0.230835478592, 1.91234918263, 2.54203474264, 73.6068153173, 0.00666009792291, 0.0
0.173724606495, 0.83977165445, 2.17254985672, 0.653456648066, 73.8638101253, 1.01185909367, 0.230835478592, 1.91234918263, 2.54203474264, 73.6068153173, 0.00666009792291, 0.0
0.183260476772, 0.83977165445, 2.17254985672, 0.466105063367, 93.4739327756, 1.20708288738, 0.192247729332, 2.55651753203, 2.54203474264, 66.1967332383, 0.0348110461064, 0.7
0.183260476772, 0.83977165445, 2.17254985672, 0.466105063367, 93.4739327756, 1.20708288738, 0.192247729332, 2.55651753203, 2.54203474264, 66.1967332383, 0.0348110461064, 0.7
0.173724606495, 0.839331396791, 2.17254985672, 0.503398885324, 43.2518970204, 1.3388124278, 0.332224464034, 3.07497478014, 2.54203474264, 71.1124920234, 0.0119270404806, 0.461538461538
0.173724606495, 0.839331396791, 2.17254985672, 0.503398885324, 43.2518970204, 1.3388124278, 0.332224464034, 3.07497478014, 2.54203474264, 71.1124920234, 0.0119270404806, 0.461538461538
0.100472398452, 0.842702152794, 4.21278268024, 0.435776768951, 63.2749784676, 1.00344347126, 0.980798851929, 4.40809634146, 40.1341549351, 307.506914006, 0.00521831825557, 0.588235294118
0.100472398452, 0.842702152794, 4.21278268024, 0.435776768951, 63.2749784676, 1.00344347126, 0.980798851929, 4.40809634146, 40.1341549351, 307.506914006, 0.00521831825557, 0.588235294118
0.173724606495, 0.83977165445, 2.17254985672, 0.536385587355, 76.1940056787, 1.3388124278, 0.3283276374, 0.421879987324, 1.69475031054, 113.778165211, 0.00472010913904, 0.758620689655
0.173724606495, 0.83977165445, 2.17254985672, 0.536385587355, 76.1940056787, 1.3388124278, 0.3283276374, 0.421879987324, 1.69475031054, 113.778165211, 0.00472010913904, 0.758620689655
0.173724606495, 0.839331396791, 2.17254985672, 0.503398885324, 23.2145281076, 1.01553436988, 0.332224464034, 2.64640652322, 2.54203474264, 104.411198606, 0.00597093906814, 0.0
0.173724606495, 0.839331396791, 2.17254985672, 0.503398885324, 23.2145281076, 1.01553436988, 0.332224464034, 2.64640652322, 2.54203474264, 104.411198606, 0.00597093906814, 0.0
0.106231634748, 0.831300906047, 2.00618148272, 0.694880562144, 64.6690471417, 1.556152231, 0.651431319998, 2.64640652322, 42.2327513148, 119.446736746, 0.00592729332512, 0.0
0.106231634748, 0.831300906047, 2.00618148272, 0.694880562144, 64.6690471417, 1.556152231, 0.651431319998, 2.64640652322, 42.2327513148, 119.446736746, 0.00592729332512, 0.0
0.210298760737, 0.828244651986, 2.17254985672, 0.48096969649, 45.5582353787, 3.07233946466, 0.305416377046, 3.50793341029, 1.10780244253, 87.7843062309, 0.0187134869665, 0.0
0.210298760737, 0.828244651986, 2.17254985672, 0.48096969649, 45.5582353787, 3.07233946466, 0.305416377046, 3.50793341029, 1.10780244253, 87.7843062309, 0.0187134869665, 0.0
0.473840779667, 0.893415436946, 2.02307086089, 0.403693522187, 87.910477184, 4.38877901534, 0.854170352169, 1.68465341306, 6.92636486442, 78.6557436228, 0.0948542607978, 0.0
0.473840779667, 0.893415436946, 2.02307086089, 0.403693522187, 87.910477184, 4.38877901534, 0.854170352169, 1.68465341306, 6.92636486442, 78.6557436228, 0.0948542607978, 0.0
0.173724606495, 0.83977165445, 2.056246493, 0.466105063367, 93.4739327756, 1.20708288738, 0.290144782068, 2.41314792646, 2.54203474264, 87.5789454399, 0.0286933864402, 0.414634146341
0.173724606495, 0.83977165445, 2.056246493, 0.466105063367, 93.4739327756, 1.20708288738, 0.290144782068, 2.41314792646, 2.54203474264, 87.5789454399, 0.0286933864402, 0.414634146341
0.173724606495, 1.07513068304, 2.17254985672, 0.495647251544, 73.8638101253, 1.06048160615, 0.332224464034, 4.20190764209, 2.54203474264, 97.5453418754, 0.00754255644593, 0.0
0.173724606495, 1.07513068304, 2.17254985672, 0.495647251544, 73.8638101253, 1.06048160615, 0.332224464034, 4.20190764209, 2.54203474264, 97.5453418754, 0.00754255644593, 0.0
0.173724606495, 1.07513068304, 2.17254985672, 0.495647251544, 73.8638101253, 1.00015243782, 0.332224464034, 4.20190764209, 2.54203474264, 88.4388509925, 0.00796316423035, 0.0
0.173724606495, 1.07513068304, 2.17254985672, 0.495647251544, 73.8638101253, 1.00015243782, 0.332224464034, 4.20190764209, 2.54203474264, 88.4388509925, 0.00796316423035, 0.0
0.112577255043, 0.83977165445, 2.00858144452, 0.48096969649, 94.0740893535, 1.3388124278, 0.00614142436505, 3.98734184773, 2.54203474264, 76.9600616725, 0.0253779553003, 0.5
0.112577255043, 0.83977165445, 2.00858144452, 0.48096969649, 94.0740893535, 1.3388124278, 0.00614142436505, 3.98734184773, 2.54203474264, 76.9600616725, 0.0253779553003, 0.5
0.114136656438, 0.83977165445, 2.08518178421, 0.459651850976, 94.0740893535, 1.95585493355, 0.00295514133038, 1.16763352536, 2.54203474264, 74.6658955951, 0.0162794624502, 0.608695652174
0.114136656438, 0.83977165445, 2.08518178421, 0.459651850976, 94.0740893535, 1.95585493355, 0.00295514133038, 1.16763352536, 2.54203474264, 74.6658955951, 0.0162794624502, 0.608695652174
0.161397088142, 0.833499182826, 2.17254985672, 0.48096969649, 70.193265828, 1.3388124278, 0.332224464034, 2.64640652322, 1.41645827977, 84.1148939256, 0.0284235019917, 0.485714285714
0.161397088142, 0.833499182826, 2.17254985672, 0.48096969649, 70.193265828, 1.3388124278, 0.332224464034, 2.64640652322, 1.41645827977, 84.1148939256, 0.0284235019917, 0.485714285714
0.100554961383, 0.924193337123, 4.21278268024, 0.422450119433, 60.6569079734, 1.14230171435, 0.282212189373, 4.40390319835, 27.4772102733, 240.353293383, 0.00633545240771, 0.0625
0.100554961383, 0.924193337123, 4.21278268024, 0.422450119433, 60.6569079734, 1.14230171435, 0.282212189373, 4.40390319835, 27.4772102733, 240.353293383, 0.00633545240771, 0.0625
0.173724606495, 0.83977165445, 2.10265813995, 0.471606269482, 80.4957602566, 1.3388124278, 0.332224464034, 4.87280939002, 2.54203474264, 147.071160427, 0.00675656975497, 0.5
0.173724606495, 0.83977165445, 2.10265813995, 0.471606269482, 80.4957602566, 1.3388124278, 0.332224464034, 4.87280939002, 2.54203474264, 147.071160427, 0.00675656975497, 0.5
0.100170934598, 1.05757793262, 4.17017093885, 0.425119854431, 60.6569079734, 1.14230171435, 0.325089647766, 2.88217265883, 21.2554208033, 220.785595772, 0.00740613768918, 0.416666666667
0.100170934598, 1.05757793262, 4.17017093885, 0.425119854431, 60.6569079734, 1.14230171435, 0.325089647766, 2.88217265883, 21.2554208033, 220.785595772, 0.00740613768918, 0.416666666667
0.100170934598, 1.05757793262, 4.17017093885, 0.425119854431, 64.586173784, 1.14230171435, 0.325089647766, 2.88217265883, 21.2554208033, 263.244364189, 0.0062093442503, 0.0
0.100170934598, 1.05757793262, 4.17017093885, 0.425119854431, 64.586173784, 1.14230171435, 0.325089647766, 2.88217265883, 21.2554208033, 263.244364189, 0.0062093442503, 0.0
0.173724606495, 0.834231537664, 2.32306095976, 0.592641818833, 89.0429880895, 27.2691325168, 0.39544261756, 1.11113951225, 1.49444239482, 79.8979488931, 0.234982393629, 0.117647058824
0.173724606495, 0.834231537664, 2.32306095976, 0.592641818833, 89.0429880895, 27.2691325168, 0.39544261756, 1.11113951225, 1.49444239482, 79.8979488931, 0.234982393629, 0.117647058824
0.473840779667, 0.979478706414, 2.00867901691, 0.455196891579, 87.910477184, 4.38877901534, 0.0864628922274, 0.592867573505, 8.75415680716, 83.0046349202, 0.158033655155, 0.454545454545
0.473840779667, 0.979478706414, 2.00867901691, 0.455196891579, 87.910477184, 4.38877901534, 0.0864628922274, 0.592867573505, 8.75415680716, 83.0046349202, 0.158033655155, 0.454545454545
0.173724606495, 0.834231537664, 2.13958353077, 0.541194095949, 73.8638101253, 2.1303803888, 0.45566305676, 2.90471567982, 1.33033508051, 88.1215459723, 0.0308982480573, 0.461538461538
0.173724606495, 0.834231537664, 2.13958353077, 0.541194095949, 73.8638101253, 2.1303803888, 0.45566305676, 2.90471567982, 1.33033508051, 88.1215459723, 0.0308982480573, 0.461538461538
0.100472398452, 1.037974649, 3.89461660035, 0.435776768951, 64.7381891278, 1.02276261731, 0.774649920584, 4.40390319835, 7.71472227339, 203.66981048, 0.00755570368722, 0.269230769231
0.100472398452, 1.037974649, 3.89461660035, 0.435776768951, 64.7381891278, 1.02276261731, 0.774649920584, 4.40390319835, 7.71472227339, 203.66981048, 0.00755570368722, 0.269230769231
0.12957971432, 1.09053494733, 2.08959251963, 0.48096969649, 80.8432619173, 1.3388124278, 0.332224464034, 4.95200080143, 1.99473426252, 123.600855212, 0.0109769741363, 0.0588235294118
0.12957971432, 1.09053494733, 2.08959251963, 0.48096969649, 80.8432619173, 1.3388124278, 0.332224464034, 4.95200080143, 1.99473426252, 123.600855212, 0.0109769741363, 0.0588235294118
0.173724606495, 0.83977165445, 2.17254985672, 0.536385587355, 76.1940056787, 1.3388124278, 0.3283276374, 0.421879987324, 2.04252063412, 88.8059086391, 0.0252160207362, 0.4
0.173724606495, 0.83977165445, 2.17254985672, 0.536385587355, 76.1940056787, 1.3388124278, 0.3283276374, 0.421879987324, 2.04252063412, 88.8059086391, 0.0252160207362, 0.4
0.173724606495, 0.858349722106, 2.59934687574, 0.592641818833, 73.8638101253, 1.22744826939, 0.966859665929, 4.27324476379, 2.54203474264, 92.8665827549, 0.0130684586307, 0.0
0.173724606495, 0.858349722106, 2.59934687574, 0.592641818833, 73.8638101253, 1.22744826939, 0.966859665929, 4.27324476379, 2.54203474264, 92.8665827549, 0.0130684586307, 0.0
0.173724606495, 0.839331396791, 2.17254985672, 0.503398885324, 43.2518970204, 1.3388124278, 0.953682035901, 3.07497478014, 2.54203474264, 99.5574888328, 0.0110221181553, 0.0
0.173724606495, 0.839331396791, 2.17254985672, 0.503398885324, 43.2518970204, 1.3388124278, 0.953682035901, 3.07497478014, 2.54203474264, 99.5574888328, 0.0110221181553, 0.0
0.173724606495, 0.834231537664, 2.05595422066, 0.592641818833, 80.5989317497, 17.8454025944, 0.167513517383, 1.01239230183, 2.54203474264, 92.643168821, 0.161386178015, 0.0833333333333
0.173724606495, 0.834231537664, 2.05595422066, 0.592641818833, 80.5989317497, 17.8454025944, 0.167513517383, 1.01239230183, 2.54203474264, 92.643168821, 0.161386178015, 0.0833333333333
0.173724606495, 0.858349722106, 2.06184181895, 0.592641818833, 73.8638101253, 1.22744826939, 0.966859665929, 4.27324476379, 2.54203474264, 92.2413891075, 0.0132511460146, 0.111111111111
0.173724606495, 0.858349722106, 2.06184181895, 0.592641818833, 73.8638101253, 1.22744826939, 0.966859665929, 4.27324476379, 2.54203474264, 92.2413891075, 0.0132511460146, 0.111111111111
0.173724606495, 0.822592306853, 2.13958353077, 0.66557337313, 29.666928535, 1.07301004075, 0.21947535767, 2.90471567982, 1.33033508051, 86.7119214899, 0.0310429999206, 0.5625
0.100554961383, 0.924193337123, 4.21278268024, 0.422450119433, 60.6569079734, 1.14230171435, 0.748039995725, 4.40390319835, 27.4772102733, 272.52263154, 0.00631481023805, 0.0
0.100554961383, 0.924193337123, 4.21278268024, 0.422450119433, 60.6569079734, 1.14230171435, 0.748039995725, 4.40390319835, 27.4772102733, 272.52263154, 0.00631481023805, 0.0
0.183260476772, 0.834231537664, 2.05595422066, 0.592641818833, 16.6570132715, 17.8454025944, 0.167513517383, 1.01239230183, 28.2338670974, 99.2747225563, 0.112431866802, 0.0
0.173724606495, 0.83977165445, 2.17254985672, 0.408179545383, 98.1560020509, 1.22744826939, 0.27793071082, 3.8038076531, 1.96999024612, 92.8262665607, 0.0179698920469, 0.75
0.314567121225, 0.83977165445, 2.17254985672, 0.465997819729, 76.1940056787, 9.62956475557, 0.198296759466, 2.64640652322, 2.04252063412, 94.9620704474, 0.109605382275, 0.357142857143
0.376545064269, 0.838847548067, 2.17254985672, 0.48096969649, 40.6101414531, 1.3388124278, 0.332224464034, 2.64640652322, 2.54203474264, 96.2620209091, 0.034879739566, 0.111111111111
0.100472398452, 0.878552458838, 4.67893804847, 0.435776768951, 8.55344264688, 1.02276261731, 0.774649920584, 4.40390319835, 21.2554208033, 267.712586352, 0.00991291377488, 0.275862068966
0.100472398452, 1.037974649, 2.16314854562, 0.435776768951, 64.7381891278, 1.02276261731, 0.774649920584, 4.40390319835, 7.71472227339, 188.648374623, 0.0118111623532, 0.0
0.173724606495, 0.83977165445, 2.17254985672, 0.466105063367, 93.4739327756, 1.20708288738, 0.290144782068, 1.91234918263, 2.54203474264, 108.461645837, 0.0130236926587, 0.1
0.173724606495, 0.83977165445, 2.17254985672, 0.48096969649, 73.8638101253, 1.3388124278, 0.332224464034, 2.78210943268, 1.18077869589, 94.0796767472, 0.0185344243078, 0.388888888889
0.173724606495, 1.0951806123, 3.69428563759, 0.538313359197, 38.756634128, 1.3388124278, 0.332224464034, 4.31102318606, 2.54203474264, 166.814471981, 0.0126795944462, 0.125
0.173724606495, 1.0951806123, 3.69428563759, 0.538313359197, 38.756634128, 1.3388124278, 0.332224464034, 4.31102318606, 2.54203474264, 166.814471981, 0.0126795944462, 0.125
0.173724606495, 0.83977165445, 2.17254985672, 0.408179545383, 98.1560020509, 1.22744826939, 0.27793071082, 3.8038076531, 1.96999024612, 92.8262665607, 0.0179698920469, 0.75
0.173724606495, 0.83977165445, 2.17254985672, 0.466105063367, 93.4739327756, 1.20708288738, 0.290144782068, 1.91234918263, 2.54203474264, 108.461645837, 0.0130236926587, 0.1
0.173724606495, 0.822592306853, 2.13958353077, 0.66557337313, 29.666928535, 1.07301004075, 0.21947535767, 2.90471567982, 1.33033508051, 86.7119214899, 0.0310429999206, 0.5625
0.106231634748, 0.831300906047, 2.00618148272, 0.546653014043, 64.6690471417, 1.556152231, 0.651431319998, 2.64640652322, 42.2327513148, 96.1679797442, 0.0184443173985, 0.631578947368
0.100472398452, 0.878552458838, 4.67893804847, 0.435776768951, 8.55344264688, 1.02276261731, 0.774649920584, 4.40390319835, 21.2554208033, 267.712586352, 0.00991291377488, 0.275862068966
0.100472398452, 1.037974649, 2.16314854562, 0.435776768951, 64.7381891278, 1.02276261731, 0.774649920584, 4.40390319835, 7.71472227339, 188.648374623, 0.0118111623532, 0.0
0.106231634748, 0.831300906047, 2.00618148272, 0.546653014043, 64.6690471417, 1.556152231, 0.651431319998, 2.64640652322, 42.2327513148, 96.1679797442, 0.0184443173985, 0.631578947368
0.314567121225, 0.83977165445, 2.17254985672, 0.465997819729, 76.1940056787, 9.62956475557, 0.198296759466, 2.64640652322, 2.04252063412, 94.9620704474, 0.109605382275, 0.357142857143
0.173724606495, 0.822592306853, 2.13958353077, 0.541194095949, 29.666928535, 2.1303803888, 0.21947535767, 2.90471567982, 1.33033508051, 102.772614978, 0.0157146293906, 0.111111111111
