0.00760498992907, 0.00652904951423, 0.0971495228823, 0.83588431655, 0.000656751621405, 0.638520709077, 0.144711113479, 0.0451065862548, 0.00757121283778, 0.183954873231, 0.0672206233227, 0.205923745943, 0.366018724718, 0.0509912114364, 0.125948839928, 0.013639458553, 0.438679716003, 0.00644461302625, 0.0427689541538, 0.716126323907, 0.400357446675, 0.169217234948, 0.00760498992907, 0.00652904951423, 12.1492643688
0.0227102938118, 0.00306298433089, 0.482720894531, 0.00782198829669, 0.219172498629, 0.0202272558885, 0.0603564251705, 0.319014843618, 0.386402978761, 0.409192639823, 0.0135983909758, 0.205923745943, 0.365572486255, 0.692893984334, 0.200527777609, 0.16206162055, 0.0336343616316, 0.00641097708141, 0.0621558299461, 0.238479146948, 0.400357446675, 0.444916392622, 0.0227102938118, 0.00306298433089, 12.3821951479
0.0318156490752, 0.00152001419142, 0.084963186808, 0.0043414924839, 0.0688934040062, 0.00367868823199, 0.150056992059, 0.00888088831107, 0.00936025544778, 0.406557802019, 0.458761633319, 0.388577821121, 0.378705751738, 0.243664338836, 0.329477795559, 0.0106839456973, 0.0937055223242, 0.0434076494304, 0.533485394771, 0.242804377581, 0.0391115042291, 0.22521717871, 0.0318156490752, 0.00152001419142, 11.0212148753
0.0233178547591, 0.000705948350577, 0.0729133183259, 0.8094960229, 0.255937924849, 0.077238695671, 0.0478473205302, 0.036175789421, 0.018760847798, 0.558324182414, 0.180742024725, 0.385870471197, 0.365929133369, 0.739382428407, 0.163625411176, 0.00901894576584, 0.235413765931, 0.00948061395973, 0.0645097734498, 0.194004168145, 0.0794056093708, 0.103019395018, 0.0233178547591, 0.000705948350577, 11.9447444192
0.0357225211742, 0.00150362305956, 0.084963186808, 0.0043414924839, 0.0688934040062, 0.00688222531143, 0.150056992059, 0.00782553180889, 0.0155717564932, 0.0229515039255, 0.458761633319, 0.388577821121, 0.116565527424, 0.236573419034, 0.171167409437, 0.0129939425648, 0.127760235802, 0.176279795767, 0.533032018427, 0.510120389243, 0.0391115042291, 0.231795961875, 0.0357225211742, 0.00150362305956, 10.5343749938
0.022841705602, 3.06059432267e-05, 0.539034787869, 0.0122235137016, 0.266065489709, 0.0712105175617, 0.0402677142036, 0.319056010413, 0.0100911619575, 0.405684607778, 0.711669074172, 0.184062242393, 0.380089712365, 0.0318471367665, 0.380379340068, 0.0531954356775, 0.0396724596757, 0.21537083625, 0.0633448975854, 0.172386059751, 0.768238698079, 0.0138376694375, 0.022841705602, 3.06059432267e-05, 12.3102059369
0.162439369554, 0.000382501757075, 0.104443995909, 0.046363087072, 0.213278963719, 0.126720968976, 0.051158026052, 0.424089436919, 0.00866777828539, 0.0114904644289, 0.0484901312897, 0.40506398579, 0.402015776846, 0.0632343908975, 0.166671442739, 0.051654762252, 0.0662438841412, 0.475733616095, 0.246081823886, 0.400719870979, 0.402591347174, 0.00312243938034, 0.162439369554, 0.000382501757075, 10.9686322185
0.00806497871098, 0.000259166568642, 0.0917409279396, 0.0117401698991, 0.254624931633, 0.263397213677, 0.158805137049, 0.419024057602, 0.00439467485145, 0.537276020577, 0.11075313872, 0.189885204558, 0.323203913452, 0.755112383784, 0.467125557009, 0.472816674017, 0.128596950515, 0.0148123410718, 0.442283979928, 0.400740494667, 0.106362146715, 0.473909802391, 0.00806497871098, 0.000259166568642, 13.5942666848
0.00528569516948, 0.12712683051, 0.0426033953995, 0.833758325539, 0.64233194429, 0.270103980614, 0.0532473667843, 0.123192837128, 0.497490433028, 0.0207072222048, 0.127861781639, 0.386035119893, 0.442883791183, 0.933176023185, 0.173017759867, 0.422392599373, 0.127749780368, 0.176234914275, 0.457701289746, 0.401151984638, 0.382690939678, 0.472318416146, 0.00528569516948, 0.12712683051, 15.3806116703
0.0228022044011, 0.00872337135668, 0.0445228188959, 0.112584872732, 0.0453330608648, 0.0642986229106, 0.167985307808, 0.317712113053, 0.510459167619, 0.318609029071, 0.134928399731, 0.196723039433, 0.363772451592, 0.0587026924232, 0.179117229409, 0.162681075442, 0.07079768735, 0.0289418440393, 0.0679750950573, 0.420824270054, 0.0125531176446, 0.725396238399, 0.0228022044011, 0.00872337135668, 11.3993628973
0.0252815823264, 0.0389263149578, 0.101872803865, 0.184819366127, 0.0693131764329, 0.00452493923054, 0.172722655603, 0.0088810068449, 0.0155717564932, 0.408179153131, 0.458761633319, 0.229094848769, 0.116565527424, 0.318607516497, 0.746048818992, 0.102425572217, 0.071651115226, 0.17724611899, 0.0765298143383, 0.50387531469, 0.094412432369, 0.0241822089963, 0.0252815823264, 0.0389263149578, 11.2318557326
0.0033363160731, 0.12949323785, 0.104443995909, 0.046363087072, 0.210999042307, 0.130664579431, 0.0662815647948, 0.425427318519, 0.00866777828539, 0.525400889877, 0.0484901312897, 0.40506398579, 0.402015776846, 0.0634217977531, 0.118294650304, 0.0484697018704, 0.066844505428, 0.475733616095, 0.246081823886, 0.395757198715, 0.397307968214, 0.00312243938034, 0.0033363160731, 0.12949323785, 11.6135446447
0.0345904825962, 1.98805718804e-05, 0.0392411482819, 0.835887982042, 0.308016238601, 0.114701149067, 0.450810332447, 0.162888126944, 0.006304978182, 0.696932075408, 0.115736431527, 0.384016653452, 0.484572307352, 0.324246965155, 0.175220292863, 0.411611751411, 0.131740424958, 0.145151408613, 0.986491556155, 0.228677686811, 0.123720302782, 0.472330562995, 0.0345904825962, 1.98805718804e-05, 14.898610155
0.00870566039661, 0.00306217716011, 0.096553531296, 0.00809258377363, 0.718454953083, 0.0626034555346, 0.16975677961, 0.328717231583, 0.472906585406, 0.474174026838, 0.110771075186, 0.199511666359, 0.380403302885, 0.057535265805, 0.707227540605, 0.363877824529, 0.1277908865, 0.00430952302438, 0.0508468323315, 0.247254915844, 0.132762071957, 0.495403221002, 0.00870566039661, 0.00306217716011, 13.0298439418
0.00878666320072, 0.00927757276988, 0.040147307745, 0.0298813358909, 0.241018886984, 0.00475863171929, 0.350113842098, 0.0424499086937, 0.0181762975707, 0.422160125557, 0.711870934181, 0.166785245101, 0.237679013444, 0.246622519327, 0.153893608037, 0.425474231777, 0.137835525634, 0.18720638878, 0.164246484289, 0.500762912539, 0.0361395217941, 0.0241822089963, 0.00878666320072, 0.00927757276988, 11.5877231248
0.0110496542227, 3.06059432267e-05, 0.539034787869, 0.0122235137016, 0.266065489709, 0.136064937629, 0.196534106525, 0.313279925345, 0.0100911619575, 0.405684607778, 0.711669074172, 0.184062242393, 0.273104244313, 0.0318471367665, 0.380379340068, 0.0531954356775, 0.0396724596757, 0.21537083625, 0.0572121923249, 0.334979105482, 0.902350274735, 0.161137681515, 0.0110496542227, 3.06059432267e-05, 13.0501590952
0.0362039212342, 0.000287758492375, 0.08612913135, 0.00425862186749, 0.191397976211, 0.0051084038704, 0.150056992059, 0.423999009589, 0.00794108453924, 0.407023581378, 0.447130938004, 0.849667988435, 0.116565527424, 0.243664338836, 0.174841208498, 0.0462590530515, 0.12287200601, 0.192109421389, 0.0633164810551, 0.505237352669, 0.0320298941124, 0.228064241598, 0.0362039212342, 0.000287758492375, 11.7938694317
0.00856384967588, 0.00306298433089, 0.482720894531, 0.00782198829669, 0.218907850107, 0.0202272558885, 0.0609366578062, 0.0451065862548, 0.386402978761, 0.409201013346, 0.0135983909758, 0.205923745943, 0.365572486255, 0.69287107869, 0.200527777609, 0.109765456666, 0.131556587004, 0.00641097708141, 0.283921958652, 0.324345685886, 0.400357446675, 0.465631276921, 0.00856384967588, 0.00306298433089, 12.5207987642
0.00760498992907, 0.00652904951423, 0.0971495228823, 0.83588431655, 0.218671102401, 0.639328426687, 0.333035936044, 0.0451065862548, 0.471750324398, 0.408971130759, 0.0672206233227, 0.205923745943, 0.366168350026, 0.0502570294355, 0.164493533257, 0.00878203794409, 0.438679716003, 0.00641097708141, 0.0427689541538, 0.329237847973, 0.400357446675, 0.169217234948, 0.00760498992907, 0.00652904951423, 13.1514983992
0.0223620478294, 0.00733613731643, 0.37842526137, 0.0111589475223, 0.055233057185, 0.0637599030318, 0.459725405486, 0.31912919712, 0.0145945410667, 0.404943405914, 0.0466747039052, 0.386060674897, 0.380300128142, 0.67302673002, 0.178711641272, 0.0582783447994, 0.404145959099, 0.24018898862, 0.0565505741804, 0.137844266661, 0.026700710863, 0.471919783248, 0.0223620478294, 0.00733613731643, 12.4299636898
0.0335200175843, 0.00911954687206, 0.0962541974739, 0.056282191216, 0.215219733746, 0.330834108036, 0.142541661536, 0.130123538765, 0.0503397326451, 0.00568320348211, 0.0412341300231, 0.170707630365, 0.234296415684, 0.629215452466, 0.271201911544, 0.0847145629265, 0.39031912695, 0.0468812898731, 0.099204206867, 0.268988968183, 0.0187617423649, 0.488829092486, 0.0335200175843, 0.00911954687206, 11.0833048181
0.0307313897626, 0.00439455218035, 0.0448548581008, 0.00645116394432, 0.253898933208, 0.323500468671, 0.0717884832641, 0.443363901626, 0.501164019231, 0.0220844657196, 0.0127926478945, 0.19992981897, 0.384090231958, 0.45926866414, 0.338147525895, 0.436356043152, 0.0783759074729, 0.042044383456, 0.520047673396, 0.242618151876, 0.0366404677302, 0.227346608052, 0.0307313897626, 0.00439455218035, 12.2629470101
0.0407282189753, 0.00249084955323, 0.0370146061471, 0.820632638882, 0.0681925638364, 0.00475863171929, 0.0551893977637, 0.155235333456, 0.013408812266, 0.406557802019, 0.457164670464, 0.38645499502, 0.116565527424, 0.247222295176, 0.106647554187, 0.0120868997438, 0.0720347856387, 0.18720638878, 0.0660517196039, 0.196182207419, 0.0360662158373, 0.0241822089963, 0.0407282189753, 0.00249084955323, 10.6741084036
0.0362039212342, 0.137496374397, 0.084963186808, 0.0043414924839, 0.0688934040062, 0.0051084038704, 0.170823080807, 0.0088810068449, 0.0155717564932, 0.406557802019, 0.104732916678, 0.103782013825, 0.116565527424, 0.243758938855, 0.153976594629, 0.0106839456973, 0.12287200601, 0.180830114497, 0.533686672862, 0.505237352669, 0.401530493708, 0.232367498354, 0.0362039212342, 0.137496374397, 10.6433545436
0.0362039212342, 0.00152001419142, 0.084963186808, 0.0043414924839, 0.0688934040062, 0.0051084038704, 0.150056992059, 0.0088810068449, 0.0155717564932, 0.406557802019, 0.458761633319, 0.388577821121, 0.116565527424, 0.243664338836, 0.171147942554, 0.0106839456973, 0.12287200601, 0.187292712825, 0.533485394771, 0.505237352669, 0.0391115042291, 0.229365856899, 0.0362039212342, 0.00152001419142, 11.0562762455
0.0252670516083, 0.00251728588112, 0.101455420253, 0.00384761751757, 0.046721163572, 0.0723433187996, 0.197513659534, 0.388910232493, 0.499166419846, 0.318144577737, 0.134928399731, 0.389940664025, 0.364284055013, 0.0587404574658, 0.123219260669, 0.100095277828, 0.269956625019, 0.177136809089, 0.0693160842727, 0.561598362559, 0.0942004810025, 0.827761740566, 0.0252670516083, 0.00251728588112, 12.473208605
0.0228630864837, 0.000504393282614, 0.442721038832, 0.0127931250449, 0.267587981247, 0.0712105175617, 0.199965244047, 0.319056010413, 0.0101526092631, 0.405684607778, 0.711669074172, 0.207214213596, 0.425990350744, 0.0524865038456, 0.18024788546, 0.161216819359, 0.0345983279895, 0.21537083625, 0.0633157330674, 0.421243147617, 0.768238698079, 0.0230190272507, 0.0228630864837, 0.000504393282614, 12.7366555567
0.0362039212342, 0.000201915824318, 0.418875990923, 0.00425862186749, 0.191397976211, 0.00661598055358, 0.149899651982, 0.423999009589, 0.777366619168, 0.406557802019, 0.458992646986, 0.161818690205, 0.354991800937, 0.243664338836, 0.17476521722, 0.0462590530515, 0.12287200601, 0.192109421389, 0.0628390268349, 0.505237352669, 0.0941078879089, 0.229365856899, 0.0362039212342, 0.000201915824318, 12.7765701769
0.0294533590898, 0.000338769732697, 0.0306393922697, 0.75876113659, 0.214442010123, 0.0769678956852, 0.901423174975, 0.0348396492128, 0.0175704564252, 0.016004650101, 0.453143775085, 0.218712120876, 0.398037621166, 0.247987560441, 0.173716093929, 0.0107002674484, 0.235286801223, 0.00631742226715, 0.468487782284, 0.194139048243, 0.126787416676, 0.101422404069, 0.0294533590898, 0.000338769732697, 12.3188193399
0.448466160401, 0.00103726668779, 0.0850065424047, 0.182350075706, 0.0461028648695, 0.300074254843, 0.171350771826, 0.000779382196298, 0.0199758122452, 0.751075742887, 0.0450001451044, 0.226903339548, 0.114405025125, 0.629230768356, 0.264984190339, 0.0436899059257, 0.0716289537781, 0.0272760591169, 0.265198170438, 0.255649177003, 0.0458562655238, 0.484489613128, 0.448466160401, 0.00103726668779, 11.4334122967
0.00872576140235, 0.000314128414611, 0.481311678033, 0.83149418707, 0.19058033944, 0.637044859081, 0.148832981073, 0.0488465403255, 0.496992946948, 0.0160326010251, 0.313097983103, 0.399944377172, 0.119167338297, 0.587388956806, 0.165682721592, 0.424980825903, 0.175524399727, 0.194339549803, 0.0673523140436, 0.400494029807, 0.0103703994314, 0.474016105224, 0.00872576140235, 0.000314128414611, 14.3458353959
0.00856384967588, 0.00303065535477, 0.482429981898, 0.83588431655, 0.218671102401, 0.329871350467, 0.0500345297667, 0.424407061237, 0.499318045919, 0.430022486212, 0.0672206233227, 0.206000420296, 0.366168350026, 0.252637203307, 0.261504592634, 0.369006102812, 0.131672959984, 0.00748411907936, 0.042322710489, 0.329825163956, 0.0939428254242, 0.465553184725, 0.00856384967588, 0.00303065535477, 13.9140399182
0.00863756037879, 0.00101810310025, 0.485049137971, 0.837006234608, 0.238408709841, 0.022353134105, 0.950466394654, 0.0451065862548, 0.501601936226, 0.408971130759, 0.712046644291, 0.20594983446, 0.365572486255, 0.737391327406, 0.200527777609, 0.370560144213, 0.100376085038, 0.00460036422587, 0.0426128522123, 0.331625501493, 0.400357446675, 0.0118222195107, 0.00863756037879, 0.00101810310025, 15.4106290706
0.0044382719212, 0.13205222448, 0.0425486623191, 0.0235933432539, 0.0681925638364, 0.00475863171929, 0.343884428961, 0.12347805709, 0.0128721894249, 0.422160125557, 0.489925612527, 0.166087180296, 0.23847163884, 0.683900959088, 0.19590153316, 0.425529628109, 0.127818933305, 0.18720638878, 0.452264795744, 0.505237352669, 0.0361395217941, 0.474387030461, 0.0044382719212, 0.13205222448, 12.7369104829
0.0295488836997, 0.00931927153504, 0.429228100813, 0.119448409374, 0.217749376729, 0.873161638462, 0.11677538371, 0.0376027574729, 0.296419284683, 0.016020836114, 0.301899534521, 0.168177976138, 0.225267442589, 0.240500216646, 0.173674748915, 0.0101992891962, 0.072482823286, 0.00565877195485, 0.533499357339, 0.161962253145, 0.338440038055, 0.230370747158, 0.0295488836997, 0.00931927153504, 12.1594670146
0.022841705602, 3.06059432267e-05, 0.437992310866, 0.0122235137016, 0.266065489709, 0.0712105175617, 0.459206006195, 0.319056010413, 0.0101526092631, 0.405684607778, 0.711669074172, 0.207214213596, 0.425990350744, 0.67302673002, 0.178711641272, 0.162878284432, 0.0328939115217, 0.21537083625, 0.0633448975854, 0.240050176634, 0.768238698079, 0.0138376694375, 0.022841705602, 3.06059432267e-05, 13.6558569157
0.0224819517792, 7.67503820837e-05, 0.526172420129, 0.00491689011525, 0.217383642937, 0.863037365394, 0.0224919957158, 0.298947030141, 0.00131502399309, 0.547373410611, 0.12823877639, 0.184682956968, 0.426723019932, 0.681085230827, 0.399676262885, 0.708601338768, 0.598198436939, 0.0185363397589, 0.450774636927, 0.234162059425, 0.103196854453, 0.780577899178, 0.0224819517792, 7.67503820837e-05, 15.7090602181
0.0127820187873, 0.00151647679393, 0.0406410581692, 0.835695990424, 0.255807766792, 0.271020314768, 0.0513954042347, 0.123298034691, 0.497490433028, 0.0261888340723, 0.0469599163588, 0.386550821222, 0.443145145861, 0.330713027488, 0.173529659018, 0.418562920653, 0.127807004863, 0.176234914275, 0.457701289746, 0.401151984638, 0.124937323626, 0.472343551325, 0.0127820187873, 0.00151647679393, 13.639649346
0.0150812077239, 0.000286154517385, 0.526500540624, 0.00835139745489, 0.218924164265, 0.454471800844, 0.179666507067, 0.298947030141, 0.498379775078, 0.53332772894, 0.145822931218, 0.160059415437, 0.324916662141, 0.693301761247, 0.371898633166, 0.109302298143, 0.233868907856, 0.0282813185339, 0.285402734647, 0.329286597852, 0.385802562023, 0.500497060508, 0.0150812077239, 0.000286154517385, 14.4840587191
0.0257931021051, 7.67503820837e-05, 0.526172420129, 0.0117175454526, 0.219552382483, 0.855692047864, 0.0470636160419, 0.0287318689178, 0.515790025948, 0.167878575774, 0.127953966708, 0.184373531501, 0.328112312721, 0.695142210779, 0.534751559865, 0.109302298143, 0.0728340565835, 0.027330869094, 0.0710815342301, 0.234266867012, 0.09315947387, 0.780398476834, 0.0257931021051, 7.67503820837e-05, 13.596334263
0.022486975989, 0.000295610516025, 0.42284405924, 0.00437864256945, 0.71836755622, 0.316638364144, 0.172205675024, 0.424776060476, 0.771528408758, 0.00686352186418, 0.48994965165, 0.185174383236, 0.359870509342, 0.24722294895, 0.160015435331, 0.0632213894846, 0.131422162366, 0.174726907036, 0.260051186276, 0.268858205935, 0.0318649750726, 0.514313310431, 0.022486975989, 0.000295610516025, 13.7226731168
0.0223464157534, 0.000312279774333, 0.436503929289, 0.00562677815951, 0.220329804218, 0.836718229691, 0.0473711553934, 0.439846074491, 0.0050428702478, 0.463863639573, 0.127960807518, 0.193999219506, 0.363896695035, 0.242947779695, 0.526295859214, 0.095810728008, 0.0347867104677, 0.175058389314, 0.439462854838, 0.420938246208, 0.0931340702782, 0.497481994219, 0.0223464157534, 0.000312279774333, 13.6454867398
0.166757389942, 0.000336608085544, 0.381551310146, 0.734712160771, 0.209781486307, 0.137289614026, 0.0659873419723, 0.0268616838705, 0.00887630597479, 0.525400889877, 0.0489137718394, 0.184087952576, 0.272420913135, 0.0625308440158, 0.10801490162, 0.109189451516, 0.598277156066, 0.0680238036756, 0.246035917081, 0.181197234901, 0.406295305463, 0.231030591638, 0.166757389942, 0.000336608085544, 12.1622614114
0.0362039212342, 0.000287758492375, 0.0845154321393, 0.00425862186749, 0.191397976211, 0.0051084038704, 0.150056992059, 0.423999009589, 0.505156710289, 0.406557802019, 0.458761633319, 0.849667988435, 0.116565527424, 0.243664338836, 0.174841208498, 0.0462590530515, 0.12287200601, 0.192109421389, 0.0633164810551, 0.505237352669, 0.0320298941124, 0.229365856899, 0.0362039212342, 0.000287758492375, 12.4793775151
0.0190793965062, 0.14629800479, 0.0987932832304, 0.0461700953039, 0.0458274593192, 0.331460389103, 0.197513659534, 0.388910232493, 0.00609954773869, 0.318046768982, 0.131438608294, 0.785762970759, 0.364284055013, 0.0587404574658, 0.120226337176, 0.100095277828, 0.0668695286632, 0.177101741401, 0.069193728854, 0.421615951768, 0.39366661875, 0.849522180158, 0.0190793965062, 0.14629800479, 12.6566940362
0.0228004085331, 0.00734468476822, 0.380259458719, 0.0111589475223, 0.055233057185, 0.0637599030318, 0.459725405486, 0.31912919712, 0.0101526092631, 0.404233755377, 0.300982311529, 0.207296418996, 0.380300128142, 0.67302673002, 0.178711641272, 0.162878284432, 0.386068295172, 0.239548457294, 0.0565505741804, 0.238395051812, 0.600456270745, 0.162668392925, 0.0228004085331, 0.00734468476822, 13.1358407473
0.0228674153192, 0.738606646456, 0.528063705259, 0.00890942226547, 0.26613836478, 0.0727756104699, 0.00297190702557, 0.311801831063, 0.0172604789322, 0.407041696169, 0.0158970417008, 0.180136059291, 0.0449855324125, 0.256386384963, 0.464699720712, 0.695787045855, 0.131298718658, 0.212112573353, 0.450037216525, 0.325543273576, 0.126779799142, 0.502443875766, 0.0228674153192, 0.738606646456, 12.5625417415
0.0407282189753, 0.00927757276988, 0.040147307745, 0.0462688156095, 0.0662122492954, 0.12413481311, 0.343884428961, 0.155235333456, 0.0159547365996, 0.487186105153, 0.049467845094, 0.166785245101, 0.399630549366, 0.248975657389, 0.156875059076, 0.418470250641, 0.0721132484699, 0.181175851359, 0.25140044412, 0.396563084363, 0.0361395217941, 0.00324635660495, 0.0407282189753, 0.00927757276988, 10.930630918
0.051640408359, 0.00305781496582, 0.0766068243267, 0.00903906419045, 0.0687494736567, 0.0207875019305, 0.0477252642604, 0.0451257970418, 0.0175704564252, 0.930934294312, 0.0164666608211, 0.218337790691, 0.0526951752158, 0.232797615164, 0.173939490494, 0.408736164557, 0.132079113582, 0.00637699572867, 0.466825215468, 0.324833655997, 0.126787416676, 0.101422404069, 0.051640408359, 0.00305781496582, 10.6831368289
0.0362039212342, 0.746587599075, 0.0410279084286, 0.0043414924839, 0.173645426996, 0.0051084038704, 0.150056992059, 0.0088810068449, 0.0155717564932, 0.0103169202723, 0.458761633319, 0.388603846872, 0.43582573382, 0.243664338836, 0.171153609097, 0.0106839456973, 0.122848264592, 0.187292712825, 0.534584862433, 0.504919298205, 0.0388802904402, 0.229365856899, 0.0362039212342, 0.746587599075, 10.8400317501
0.0362039212342, 0.00152001419142, 0.084963186808, 0.0473829042693, 0.0688934040062, 0.0051084038704, 0.150056992059, 0.414641321275, 0.0155717564932, 0.406557802019, 0.0454370358311, 0.388715435169, 0.403578836158, 0.23648178714, 0.166667874842, 0.0100252100489, 0.12287200601, 0.187292712825, 0.60698131483, 0.505237352669, 0.0391115042291, 0.229798653046, 0.0362039212342, 0.00152001419142, 11.5746889948
0.458227449893, 0.00154121469744, 0.0978338185791, 0.00419912669295, 0.214106831887, 0.626370303175, 0.0472005145578, 0.127217135534, 0.501552341298, 0.516945771739, 0.0672055728906, 0.209074026036, 0.116918738699, 0.239355268028, 0.163521460424, 0.05829641994, 0.100691294231, 0.00467296234521, 0.0519703459893, 0.3314639288, 0.0391809318532, 0.503756457425, 0.458227449893, 0.00154121469744, 11.4232105863
0.0307313897626, 0.00303748033806, 0.0448169780299, 0.00502426657989, 0.253898933208, 0.323500468671, 0.864239738622, 0.155382890595, 0.4975988931, 0.0222029530749, 0.0412795573423, 0.19992981897, 0.219239154606, 0.45926866414, 0.168143370214, 0.448167498618, 0.380527928897, 0.0463691241509, 0.540581037083, 0.271357861683, 0.0443502848974, 0.22723760734, 0.0307313897626, 0.00303748033806, 13.0300977536
0.0296288523396, 0.00136842342826, 0.422476921062, 0.00342724277867, 0.217835553145, 0.0786255672404, 0.961110402017, 0.0361890425143, 0.461325445955, 0.562767088017, 0.181143544582, 0.393672460602, 0.394623125657, 0.0234938071845, 0.123205488251, 0.00902885829233, 0.267887977866, 0.193370972998, 0.0645097734498, 0.561013206322, 0.0794056093708, 0.362665155097, 0.0296288523396, 0.00136842342826, 13.2798956297
0.0308622684021, 0.00259437770988, 0.0949412994842, 0.00192417201141, 0.0616926035435, 0.0852073685818, 0.919325509584, 0.449630203649, 0.00937788238879, 0.532167099524, 0.534655659902, 0.390697862966, 0.39566679565, 0.247095256483, 0.165202305208, 0.0987843121604, 0.0906398211667, 0.0420443829534, 0.556556511039, 0.428864508037, 0.094597321789, 0.024993217065, 0.0308622684021, 0.00259437770988, 13.0449159952
0.0295675818506, 0.00114374783074, 0.0266345652543, 0.0052098331559, 0.706767619028, 0.0730716170996, 0.919593226287, 0.0358550144716, 0.296419284683, 0.02214039252, 0.299808384984, 0.387281786595, 0.380159610083, 0.931818283002, 0.164772750493, 0.00881951402111, 0.123075637123, 0.0745319974012, 0.544710224636, 0.191869807199, 0.128788787474, 0.227614087417, 0.0295675818506, 0.00114374783074, 13.4839391305
0.0308690276326, 0.00101183376206, 0.0420625638521, 0.00562677815951, 0.219709667042, 0.337063717217, 0.17125354199, 0.44089485173, 8.84533206241e-05, 0.464064552679, 0.127960807518, 0.385120870242, 0.343693100487, 0.323910460026, 0.173681542001, 0.095810728008, 0.0347867104677, 0.176356844807, 0.438209042087, 0.428752748956, 0.0943577610831, 0.495408909508, 0.0308690276326, 0.00101183376206, 12.4713834457
0.0318674461027, 0.00259475701598, 0.0949412994842, 0.00192417201141, 0.0611358374309, 0.0852073685818, 0.919325509584, 0.0358537508524, 0.00937788238879, 0.532167099524, 0.461523113562, 0.390697862966, 0.39566679565, 0.246326661585, 0.165202305208, 0.38927836179, 0.0937505295594, 0.0420443829534, 0.556556511039, 0.191110624623, 0.0366160994204, 0.024993217065, 0.0318674461027, 0.00259475701598, 12.382970991
0.0131378804516, 0.000314724440707, 0.435673816076, 0.830227570173, 0.723762959375, 0.453565219556, 0.0531534195992, 0.208279737647, 0.00569263309721, 0.462462391531, 0.105811293043, 0.170085867014, 0.477808883051, 0.69126791887, 0.372408850418, 0.740438233814, 0.0664188669397, 0.0603774433575, 0.468213018851, 0.24689941121, 0.395907708555, 0.472562147976, 0.0131378804516, 0.000314724440707, 16.0421924513
0.0107572585199, 0.00303070725797, 0.0406051347179, 0.833758325539, 0.645796407918, 0.269944106257, 0.179170092701, 0.121900262937, 0.464532916173, 0.0089459929518, 0.0519025655286, 0.386035119893, 0.442995803234, 0.621156240063, 0.171637025921, 0.370257063794, 0.074085474215, 0.0281600651067, 0.453131873485, 0.401151984638, 0.125103471689, 0.472318416146, 0.0107572585199, 0.00303070725797, 14.3166112164
0.00856384967588, 0.00303065535477, 0.482429981898, 0.83588431655, 0.218671102401, 0.530162419526, 0.0500345297667, 0.0451065862548, 0.499318045919, 0.408971130759, 0.0672206233227, 0.205923745943, 0.366168350026, 0.744852368996, 0.200505613268, 0.369006102812, 0.131672959984, 0.00641097708141, 0.0426128522123, 0.329825163956, 0.400357446675, 0.465553184725, 0.00856384967588, 0.00303065535477, 14.6385014365
0.00856384967588, 0.00333293722008, 0.482429981898, 0.83588431655, 0.218671102401, 0.639328426687, 0.0666483148304, 0.0451065862548, 0.499318045919, 0.408971130759, 0.0672206233227, 0.205923745943, 0.366168350026, 0.583783359389, 0.164493533257, 0.00878203794409, 0.449750834539, 0.00641097708141, 0.0426128522123, 0.329825163956, 0.400357446675, 0.171607245843, 0.00856384967588, 0.00333293722008, 14.0885331953
0.0194271557564, 0.140216993087, 0.0820804660245, 0.83588431655, 0.218671102401, 0.629429585585, 0.333035936044, 0.0451065862548, 0.471750324398, 0.405952388145, 0.0672206233227, 0.108206407382, 0.366168350026, 0.0502570294355, 0.130465073081, 0.0088441388354, 0.434832013498, 0.00589259040188, 0.244223775385, 0.327026814419, 0.394029256018, 0.169217234948, 0.0194271557564, 0.140216993087, 13.1392900906
0.0192840664057, 0.142246271229, 0.50070167968, 0.234887974293, 0.211293664847, 0.127904925044, 0.170956719369, 0.388910232493, 0.0100547048151, 0.536836355241, 0.105621329214, 0.107435304268, 0.364469286165, 0.250861127898, 0.131162299722, 0.0634246034042, 0.0344062185694, 0.17987974558, 0.242441710853, 0.421615951768, 0.394155035744, 0.816026509428, 0.0192840664057, 0.142246271229, 13.0910647099
0.00528569516948, 0.133306701023, 0.0426033953995, 0.833758325539, 0.288618978875, 0.27010345589, 0.0524040084959, 0.236018716318, 0.497490433028, 0.00923052793551, 0.000808527195717, 0.386035119893, 0.442883791183, 0.631366896288, 0.0461834736697, 0.370022286749, 0.127749780368, 0.028068858687, 0.121502265037, 0.402158283512, 0.382690939678, 0.472318416146, 0.00528569516948, 0.133306701023, 13.5675897233
0.00856384967588, 0.148475942008, 0.482429981898, 0.828506151678, 0.218671102401, 0.639328426687, 0.0631963474282, 0.377789570542, 0.0094982246899, 0.409891641835, 0.0672206233227, 0.205923745943, 0.366168350026, 0.0356745990519, 0.164493533257, 0.198009354873, 0.449750834539, 0.00802517038153, 0.0426128522123, 0.329825163956, 0.0970422620951, 0.171607245843, 0.00856384967588, 0.148475942008, 12.9195960018
0.029720140228, 0.0412570492309, 0.526577156677, 0.808651553167, 0.252194498056, 0.00922179811377, 0.0630605264035, 0.0361888368108, 0.297630611054, 0.561538816153, 0.182203590764, 0.389381509791, 0.366006449574, 0.725208198649, 0.164168407121, 0.00901894576584, 0.127068993193, 0.00646439262618, 0.0645097734498, 0.194004168145, 0.0794056093708, 0.315337619388, 0.029720140228, 0.0412570492309, 12.9732081866
0.0297817708946, 3.33399377827e-05, 0.442755478574, 0.835138578068, 0.216405831603, 0.459063538105, 0.459690753026, 0.13967166595, 0.00591333516312, 0.00162609214181, 0.70087033638, 0.110531711844, 0.387509488392, 0.690521060469, 0.175210062476, 0.723699608277, 0.0335472894729, 0.14861824336, 0.050868868596, 0.400568553209, 0.123823493914, 0.498038341264, 0.0297817708946, 3.33399377827e-05, 14.9079189687
0.0297291546761, 3.33399377827e-05, 0.101790814233, 0.835534685055, 0.216405831603, 0.425784658507, 0.46071925729, 0.162576067726, 0.00651102967665, 0.00496824396887, 0.70087033638, 0.109439175448, 0.389684522307, 0.686780708397, 0.1752474779, 0.710054477549, 0.232870376926, 0.176216795988, 0.050868868596, 0.382924006962, 0.340029688118, 0.498075848256, 0.0297291546761, 3.33399377827e-05, 14.9933292458
0.0128641932031, 0.00300479079012, 0.0406410581692, 0.833758325539, 0.267795881689, 0.099195300474, 0.051745199824, 0.123192837128, 0.499007176195, 0.0207072222048, 0.699690607923, 0.183517205283, 0.443145145861, 0.928104941963, 0.173014176938, 0.0513454062357, 0.127807004863, 0.176234914275, 0.457701289746, 0.401151984638, 0.771235241788, 0.0151488554749, 0.0128641932031, 0.00300479079012, 14.5881634094
0.0127955407897, 0.00303070725797, 0.0409839426063, 0.833758325539, 0.624483083007, 0.0181350823116, 0.061059941503, 0.152924249406, 0.497485710601, 0.0166541347499, 0.127868905625, 0.390163779625, 0.443144080103, 0.790929182013, 0.173080618578, 0.422464550379, 0.0727726639082, 0.178992147776, 0.0383765089371, 0.238367800211, 0.123476156385, 0.472330562995, 0.0127955407897, 0.00303070725797, 13.7153116908
0.0127820187873, 0.00302132789995, 0.0406410581692, 0.833758325539, 0.648436791986, 0.27010345589, 0.051745199824, 0.123193385254, 0.497490433028, 0.0207072222048, 0.32655262246, 0.386549219094, 0.443145145861, 0.928062391071, 0.173016208387, 0.421024176429, 0.127807004863, 0.176234914275, 0.457701289746, 0.401151984638, 0.124937323626, 0.472318416146, 0.0127820187873, 0.00302132789995, 15.3446288566
0.0178616177567, 0.00119283387302, 0.0267247450725, 0.0535359795726, 0.195733294264, 0.0595053321345, 0.896428505036, 0.328717231583, 0.506812429511, 0.475155820779, 0.221582887115, 0.727237988049, 0.380339750414, 0.925526585791, 0.704165191075, 0.0843232620413, 0.0289033783027, 0.0736664310509, 0.0368177079894, 0.246756670964, 0.132027289134, 0.478499155753, 0.0178616177567, 0.00119283387302, 14.8819351917
0.0178616177567, 0.00119032933725, 0.0267247450725, 0.811314035779, 0.0668720645652, 0.0594797402761, 0.896428505036, 0.155612725256, 0.505164258858, 0.475155820779, 0.221582887115, 0.384460786875, 0.380339750414, 0.925526585791, 0.167310363634, 0.403958758141, 0.0289033783027, 0.0728086231051, 0.250702660015, 0.348194256035, 0.132027289134, 0.478499155753, 0.0178616177567, 0.00119032933725, 15.1634886059
0.0179262621189, 0.00119283387302, 0.0267247450725, 0.0481462662638, 0.199292380967, 0.054066352511, 0.348053250314, 0.327021655478, 0.506812429511, 0.475155820779, 0.217316567284, 0.727237988049, 0.370667826456, 0.951795676533, 0.704165191075, 0.0843232620413, 0.387542864177, 0.169962660027, 0.0368177079894, 0.246756670964, 0.132027289134, 0.47233744113, 0.0179262621189, 0.00119283387302, 14.7520308392
0.0297291546761, 0.000202716448217, 0.442808923334, 0.835534685055, 0.216405831603, 0.425784658507, 0.460009986173, 0.162576067726, 0.00591333516312, 0.00667477865631, 0.454608225742, 0.105663870026, 0.355342061881, 0.247183430316, 0.174762013952, 0.723699608277, 0.233899605784, 0.0313487141969, 0.050868868596, 0.383812589682, 0.0952141391697, 0.4951193812, 0.0297291546761, 0.000202716448217, 13.967553866
0.0295495539109, 0.00302121832744, 0.525009071005, 0.115782342242, 0.217796089698, 0.873161638462, 0.176377347933, 0.383640784431, 0.00301840781718, 0.0179716357962, 0.225058779134, 0.185837787008, 0.396413023509, 0.724953101509, 0.361174244046, 0.00881951402111, 0.132658723432, 0.180394550136, 0.443260285023, 0.0999593405798, 0.341477491142, 0.230370747158, 0.0295495539109, 0.00302121832744, 13.6106883952
0.0278077765918, 0.000287168762813, 0.439409826741, 0.145021317143, 0.218687631094, 0.455495629437, 0.0482468240175, 0.331476519087, 0.497860478187, 0.544516856746, 0.704966849077, 0.189921852383, 0.445006229993, 0.693659551398, 0.173073982218, 0.424365818688, 0.231537189768, 0.0346117363942, 0.289597360926, 0.331003641971, 0.390485797775, 0.46360816195, 0.0278077765918, 0.000287168762813, 15.513691991
0.0527852223261, 7.67503820837e-05, 0.526172420129, 0.0117180113929, 0.217383642937, 0.863037365394, 0.0536214907825, 0.298947030141, 0.00131502399309, 0.546052307714, 0.127953966708, 0.184623483185, 0.324916662141, 0.695142210779, 0.400185528852, 0.109302298143, 0.594146944018, 0.0185363397589, 0.0710815342301, 0.234162059425, 0.385802562023, 0.780577899178, 0.0527852223261, 7.67503820837e-05, 14.6849564161
0.0228642634292, 0.00114374783074, 0.0242258836364, 0.0604671061371, 0.254766172366, 0.874525198732, 0.384160794799, 0.0358550144716, 0.19056000072, 0.0239538712724, 0.711470684981, 0.190708879763, 0.426754133336, 0.926749474576, 0.164772750493, 0.00881951402111, 0.0314685646817, 0.0255857959074, 0.545358328223, 0.261759992187, 0.341806232914, 0.227614087417, 0.0228642634292, 0.00114374783074, 13.70498912
0.0293992819605, 0.000314128414611, 0.683736662532, 0.83149418707, 0.19038459592, 0.00325092041109, 0.149888494563, 0.441410791274, 0.496972798176, 0.0160326010251, 0.313097983103, 0.399944377172, 0.119167338297, 0.930025196896, 0.165701321151, 0.424980825903, 0.175524399727, 0.193976783606, 0.0675006596401, 0.400494029807, 0.0329793857144, 0.474016105224, 0.0293992819605, 0.000314128414611, 14.7818160682
0.553413873666, 0.000314724440707, 0.436503929289, 0.00562677815951, 0.220318033729, 0.329724602727, 0.0473711553934, 0.439846074491, 0.00077236071536, 0.464366524054, 0.127960807518, 0.193999219506, 0.363896695035, 0.242947779695, 0.26153332246, 0.095810728008, 0.0347867104677, 0.176356844807, 0.438209042087, 0.42053657714, 0.0943577610831, 0.495408909508, 0.553413873666, 0.000314724440707, 12.5899788661
0.0362039212342, 0.000287758492375, 0.0845154321393, 0.00596018298179, 0.191397976211, 0.0051084038704, 0.150180589546, 0.423999009589, 0.505156710289, 0.974431588487, 0.458761633319, 0.849667988435, 0.116565527424, 0.243664338836, 0.174841208498, 0.0462590530515, 0.12287200601, 0.192109421389, 0.263720899461, 0.505235911946, 0.0320298941124, 0.228482267537, 0.0362039212342, 0.000287758492375, 13.5172540268
0.051640408359, 0.000338769732697, 0.0766068243267, 0.75876113659, 0.0687494736567, 0.0775127936794, 0.0477252642604, 0.0348396492128, 0.0175704564252, 0.930934294312, 0.454625977264, 0.218712120876, 0.0526951752158, 0.247987560441, 0.173716093929, 0.408736164557, 0.235286801223, 0.00953271734418, 0.468487782284, 0.579045189454, 0.126787416676, 0.101422404069, 0.051640408359, 0.000338769732697, 12.8576953597
0.0231126156981, 0.147565596033, 0.0445228188959, 0.112584872732, 0.0453353098611, 0.322703981481, 0.192232702835, 0.388910232493, 0.510459167619, 0.318609029071, 0.134928399731, 0.79145325528, 0.364284055013, 0.0587404574658, 0.32654215869, 0.197951967167, 0.0683188807712, 0.0289418440393, 0.069193728854, 0.421615951768, 0.0450532681832, 0.703200674168, 0.0231126156981, 0.147565596033, 12.8895916163
0.0253157454713, 0.147565596033, 0.0987932832304, 0.112584872732, 0.0453353098611, 0.331460389103, 0.192814992031, 0.388910232493, 0.00651054829874, 0.318609029071, 0.134928399731, 0.812613859188, 0.364284055013, 0.0587404574658, 0.33052176317, 0.197951967167, 0.233221462755, 0.177101741401, 0.069193728854, 0.421615951768, 0.0943455848074, 0.703200674168, 0.0253157454713, 0.147565596033, 12.8179461364
0.0318575106149, 0.148382218843, 0.0955719461807, 0.647960170271, 0.0611358374309, 0.0852073685818, 0.981106639532, 0.00872782804286, 0.00937788238879, 0.528481023294, 0.458767511764, 0.227226333768, 0.378532283098, 0.243681073111, 0.332910984662, 0.389369620035, 0.091958837934, 0.0419888076791, 0.0665754433932, 0.241634138696, 0.0366160994204, 0.024993217065, 0.0318575106149, 0.148382218843, 12.6263492972
0.167753546565, 0.000355275438069, 0.523427376298, 0.0134563528267, 0.213470511858, 0.267559550233, 0.0656022384104, 0.390961374571, 0.00544385934771, 0.5378597301, 0.0489137718394, 0.184087952576, 0.402082158756, 0.061198104808, 0.469018135775, 0.112820781461, 0.598277156066, 0.475733616095, 0.246258112648, 0.181197234901, 0.404569966785, 0.782680660569, 0.167753546565, 0.000355275438069, 14.015403815
0.0271984633106, 0.263666627284, 0.388741568362, 0.072051697269, 0.347300375963, 0.639604931536, 0.384243013002, 0.137076182842, 0.296279575046, 0.019194667413, 0.381236086038, 0.299291879721, 0.20842290475, 0.0172861235677, 0.17069762721, 0.0019508791532, 0.128509545379, 0.246565736147, 0.521043075068, 0.332251634811, 0.412856841405, 0.161822970233, 0.0271984633106, 0.263666627284, 12.8931198144
0.0176509159839, 0.742171557176, 0.0940493322579, 0.116724246087, 0.266065489709, 0.0712105175617, 0.969292117279, 0.318992238177, 0.498382059814, 0.4015409331, 0.0196386500418, 0.180245606874, 0.425990350744, 0.252083075495, 0.818273609713, 0.0850839088068, 0.0308940144321, 0.0729571291823, 0.0589382982294, 0.422830095909, 0.402439289187, 0.0138376694375, 0.0176509159839, 0.742171557176, 13.2228387858
0.176372718286, 0.00368101369139, 0.369725652881, 0.072051697269, 0.0613872691455, 0.639604931536, 0.0660425690548, 0.00957330223075, 0.0157222006059, 0.402110103122, 0.0359840180652, 0.215202783166, 0.379375719374, 0.239499727517, 0.164772682386, 0.00859361453566, 0.239010815682, 0.239496198338, 0.545491876086, 0.19513565703, 0.125234825139, 0.168338001844, 0.176372718286, 0.00368101369139, 11.6017828282
0.752081571326, 0.141320621162, 0.389642448717, 0.0805830978509, 0.0744939985524, 0.138689811929, 0.197635327168, 0.0389322206157, 0.753409787718, 0.00582659685139, 0.143177055865, 0.197223216673, 0.272404358612, 0.23730728101, 0.125488803803, 0.0870924712533, 0.0339318691938, 0.0458139463126, 0.529690582285, 0.332742634155, 0.039105492181, 0.161639143145, 0.752081571326, 0.141320621162, 10.9962791115
