0.022841705602, 3.06059432267e-05, 0.437992310866, 0.0122235137016, 0.266065489709, 0.0712105175617, 0.459206006195, 0.319056010413, 0.0101526092631, 0.405684607778, 0.711669074172, 0.207214213596, 0.425990350744, 0.67302673002, 0.178711641272, 0.162878284432, 0.0328939115217, 0.21537083625, 0.0633448975854, 0.240050176634, 0.768238698079, 0.0138376694375, 0.022841705602, 3.06059432267e-05, 13.6558569157
0.0253157454713, 0.14629800479, 0.0987932832304, 0.116930141476, 0.0453353098611, 0.331460389103, 0.197513659534, 0.388910232493, 0.499166419846, 0.318144577737, 0.134928399731, 0.785762970759, 0.364284055013, 0.0587404574658, 0.330575936917, 0.100095277828, 0.0346180453368, 0.177101741401, 0.069193728854, 0.421615951768, 0.0943455848074, 0.849522180158, 0.0253157454713, 0.14629800479, 13.2546733065
0.0127955407897, 0.00303070725797, 0.0410020196201, 0.833758325539, 0.624483083007, 0.0181350823116, 0.061059941503, 0.152924249406, 0.499852387166, 0.661440770741, 0.181232775396, 0.390163779625, 0.481746957476, 0.690479863974, 0.173080618578, 0.422464550379, 0.0727726639082, 0.178992147776, 0.0699562356144, 0.238367800211, 0.125308279572, 0.472330562995, 0.0127955407897, 0.00303070725797, 14.6224748896
0.0307313897626, 0.00303748033806, 0.0448548581008, 0.00645116394432, 0.253898933208, 0.323500468671, 0.872496865802, 0.155382890595, 0.501164019231, 0.0220844657196, 0.0127926478945, 0.19992981897, 0.774911100324, 0.45926866414, 0.168143370214, 0.436426215156, 0.0783759074729, 0.0277517158228, 0.542916435817, 0.131489164697, 0.0443502848974, 0.22723760734, 0.0307313897626, 0.00303748033806, 13.1249702153
0.00856384967588, 0.00303065535477, 0.482429981898, 0.83588431655, 0.218671102401, 0.530162419526, 0.0500345297667, 0.0451065862548, 0.499318045919, 0.408971130759, 0.0672206233227, 0.205923745943, 0.366168350026, 0.744852368996, 0.200505613268, 0.369006102812, 0.131672959984, 0.00641097708141, 0.0426128522123, 0.329825163956, 0.400357446675, 0.465553184725, 0.00856384967588, 0.00303065535477, 14.6385014365
0.00856384967588, 0.00333293722008, 0.482429981898, 0.83588431655, 0.218671102401, 0.639328426687, 0.0666483148304, 0.0451065862548, 0.499318045919, 0.408971130759, 0.0672206233227, 0.205923745943, 0.366168350026, 0.583783359389, 0.164493533257, 0.00878203794409, 0.449750834539, 0.00641097708141, 0.0426128522123, 0.329825163956, 0.400357446675, 0.171607245843, 0.00856384967588, 0.00333293722008, 14.0885331953
0.0317757992486, 0.00103560863621, 0.42284405924, 0.0136225407785, 0.211164024437, 0.318145516596, 0.17135042812, 0.156337462891, 0.777588809387, 0.751352730995, 0.0413276522613, 0.197978685409, 0.238736741019, 0.612896976067, 0.20726096229, 0.0696016838262, 0.0742683951729, 0.0198023198276, 0.256413038746, 0.266752982103, 0.0458756615271, 0.494811780564, 0.0317757992486, 0.00103560863621, 13.2123602363
0.0178616177567, 0.00914190968292, 0.0962447033963, 0.0535359795726, 0.718454953083, 0.0637215877944, 0.16975677961, 0.328717231583, 0.506812429511, 0.475155820779, 0.217640701003, 0.722230683919, 0.380339750414, 0.054350360415, 0.707280579172, 0.0843232620413, 0.385911659977, 0.0736664310509, 0.0368177079894, 0.246756670964, 0.132027289134, 0.495403221002, 0.0178616177567, 0.00914190968292, 14.0255151722
0.0362039212342, 0.00152001419142, 0.084963186808, 0.0043414924839, 0.0688934040062, 0.0051084038704, 0.150056992059, 0.0088810068449, 0.0155717564932, 0.406557802019, 0.458761633319, 0.388577821121, 0.116565527424, 0.243664338836, 0.171147942554, 0.0106839456973, 0.12287200601, 0.187292712825, 0.533485394771, 0.505237352669, 0.0391115042291, 0.229365856899, 0.0362039212342, 0.00152001419142, 11.0562762455
0.051640408359, 0.000338769732697, 0.0766068243267, 0.75876113659, 0.0687494736567, 0.0775127936794, 0.0477252642604, 0.0348396492128, 0.0175704564252, 0.930934294312, 0.454625977264, 0.218712120876, 0.0526951752158, 0.247987560441, 0.173716093929, 0.408736164557, 0.235286801223, 0.00953271734418, 0.468487782284, 0.579045189454, 0.126787416676, 0.101422404069, 0.051640408359, 0.000338769732697, 12.8576953597
0.0295675818506, 0.00114374783074, 0.0264204623601, 0.00647519352227, 0.217749376729, 0.873161638462, 0.919593226287, 0.0358550144716, 0.296419284683, 0.0179716357962, 0.299808384984, 0.390222221057, 0.395668898642, 0.931818283002, 0.164772750493, 0.00881951402111, 0.122861050815, 0.0273242890488, 0.550128348803, 0.191869807199, 0.34027589315, 0.227614087417, 0.0295675818506, 0.00114374783074, 14.1531001257
0.0228859591909, 0.00114374783074, 0.0264204623601, 0.0604671061371, 0.217749376729, 0.873398180759, 0.919593226287, 0.0358550144716, 0.19056000072, 0.0165723725215, 0.711470684981, 0.388155047554, 0.426754133336, 0.926749474576, 0.164772750493, 0.00881951402111, 0.0314685646817, 0.0255857959074, 0.550128348803, 0.233275899455, 0.34027589315, 0.227614087417, 0.0228859591909, 0.00114374783074, 14.6015098657
0.0489332523892, 0.000286154517385, 0.526172420129, 0.0117180113929, 0.254784842946, 0.454440004553, 0.0536214907825, 0.298947030141, 0.385298015778, 0.546052307714, 0.142704877155, 0.184623483185, 0.324916662141, 0.692573095422, 0.400185528852, 0.109302298143, 0.233868907856, 0.024912771789, 0.285402734647, 0.329286597852, 0.385802562023, 0.474151755883, 0.0489332523892, 0.000286154517385, 14.2466998197
0.0527852223261, 0.000259166568642, 0.526261542897, 0.0117180113929, 0.254765735783, 0.749238570098, 0.0522825609615, 0.419175709788, 0.00439467485145, 0.546052307714, 0.128556739647, 0.189824635146, 0.324916662141, 0.755112383784, 0.467125557009, 0.696402268088, 0.132057738689, 0.0316160233574, 0.442358721567, 0.233928178956, 0.106411321449, 0.498301918794, 0.0527852223261, 0.000259166568642, 14.8546381888
0.0256783484336, 0.0426277593607, 0.490748980321, 0.0116937420349, 0.61777865132, 0.063100057638, 0.655420958976, 0.0261680132159, 0.508015080289, 0.171667546531, 0.0116644301921, 0.27328330317, 0.27306513806, 0.540747942763, 0.178957374387, 0.296790394828, 0.067859653741, 0.0274812241762, 0.549319438778, 0.244288764553, 0.0913864287207, 0.766654287547, 0.0256783484336, 0.0426277593607, 13.9020635066
0.0278077765918, 0.000287168762813, 0.439409826741, 0.145021317143, 0.218687631094, 0.455495629437, 0.0482468240175, 0.331476519087, 0.497860478187, 0.544516856746, 0.704966849077, 0.189921852383, 0.445006229993, 0.693659551398, 0.173073982218, 0.424365818688, 0.231537189768, 0.0346117363942, 0.289597360926, 0.331003641971, 0.390485797775, 0.46360816195, 0.0278077765918, 0.000287168762813, 15.513691991
0.0345904825962, 0.0010090523974, 0.0406721914471, 0.835893917161, 0.254500255739, 0.114701149067, 0.169364683431, 0.156335078958, 0.499733244111, 0.696932075408, 0.115736431527, 0.386035119893, 0.482711439411, 0.324246965155, 0.173080618578, 0.411611751411, 0.131740424958, 0.0273708714395, 0.990611661915, 0.236313201617, 0.124931539563, 0.472330562995, 0.0345904825962, 0.0010090523974, 14.961229029
0.0297291546761, 0.000298877170491, 0.442808923334, 0.831042757605, 0.216071968936, 0.450950815876, 0.639927831859, 0.162576067726, 0.00591333516312, 0.0123511986288, 0.152951408877, 0.109439175448, 0.389684522307, 0.690521060469, 0.175213378586, 0.725099876191, 0.2330338625, 0.152849438676, 0.437606700451, 0.278581205224, 0.330772413577, 0.498075848256, 0.0297291546761, 0.000298877170491, 15.3550895423
0.0256213697612, 0.737225255461, 0.422721766373, 0.115020039824, 0.0654213934134, 0.0171421779838, 0.96264478306, 0.289601626872, 0.471386867107, 0.530357603413, 0.0138061820913, 0.180725031916, 0.42938080757, 0.0187394466275, 0.21808179595, 0.157395746151, 0.208396057219, 0.181442220112, 0.0596630334331, 0.633601917599, 0.402565109231, 0.205043205545, 0.0256213697612, 0.737225255461, 13.3119336829
0.00856384967588, 0.00303065535477, 0.482720894531, 0.83588431655, 0.218671102401, 0.0202272558885, 0.950466394654, 0.0451065862548, 0.499318045919, 0.408971130759, 0.0135983909758, 0.205923745943, 0.365572486255, 0.730031437974, 0.200527777609, 0.369006102812, 0.131556587004, 0.00641097708141, 0.0426128522123, 0.324345685886, 0.400357446675, 0.465553184725, 0.00856384967588, 0.00303065535477, 15.0652810051
0.022486975989, 0.00691742784946, 0.42284405924, 0.116443296657, 0.71836755622, 0.316638364144, 0.172205675024, 0.383041196327, 0.771528408758, 0.00686352186418, 0.48994965165, 0.193223507198, 0.362884135461, 0.722834849036, 0.160015435331, 0.0632213894846, 0.034541974278, 0.174726907036, 0.260051186276, 0.268858205935, 0.0185605371445, 0.49481523827, 0.022486975989, 0.00691742784946, 14.2980222404
0.0335200175843, 0.00911954687206, 0.0962541974739, 0.0551699642365, 0.950308938064, 0.331401951757, 0.347780165401, 0.15208813646, 0.0471278150071, 0.00428177404396, 0.490043521968, 0.170707630365, 0.234296415684, 0.629215452466, 0.697347398992, 0.0844689686964, 0.39031912695, 0.00714907112517, 0.099204206867, 0.268988968183, 0.0187617423649, 0.488947559645, 0.0335200175843, 0.00911954687206, 13.5013199699
0.0332580940874, 0.00653292030306, 0.0967249352695, 0.652116188105, 0.00427506183797, 0.0852073685818, 0.336300140901, 0.328548690985, 0.471777554443, 0.528481023294, 0.443097573259, 0.716915309425, 0.371879857419, 0.0497945309708, 0.699219033519, 0.0620939241167, 0.0748407155886, 0.0392712926495, 0.0667709160807, 0.374749684039, 0.0462969444091, 0.179559318294, 0.0332580940874, 0.00653292030306, 13.5883714832
0.0192840664057, 0.146274441848, 0.50070167968, 0.116930141476, 0.0453353098611, 0.328973907314, 0.19048309645, 0.388910232493, 0.499359167584, 0.318144577737, 0.105552687365, 0.789820088821, 0.364284055013, 0.250861127898, 0.16182654228, 0.100095277828, 0.0344062185694, 0.177101741401, 0.726583821043, 0.421615951768, 0.0943455848074, 0.826874919462, 0.0192840664057, 0.146274441848, 14.6354677901
0.165165416498, 0.0107747932043, 0.104443995909, 0.046363087072, 0.213326663456, 0.130664579431, 0.0655036075143, 0.424089436919, 0.00866777828539, 0.525400889877, 0.0484901312897, 0.40506398579, 0.402015776846, 0.0625308440158, 0.118294650304, 0.0484697018704, 0.066844505428, 0.475733616095, 0.246081823886, 0.395757198715, 0.403001646724, 0.00312243938034, 0.165165416498, 0.0107747932043, 11.606035413
0.434718651887, 0.00154589495246, 0.0448548581008, 0.010971617034, 0.253898933208, 0.323500468671, 0.174401479009, 0.155382890595, 0.501164019231, 0.0219875459505, 0.0457699273947, 0.19796480686, 0.774911100324, 0.45926866414, 0.379116898398, 0.436426215156, 0.0783759074729, 0.0277517158228, 0.240066093623, 0.131489164697, 0.0423198259377, 0.496940119131, 0.434718651887, 0.00154589495246, 12.4613670488
0.0407282189753, 0.0393882504622, 0.084963186808, 0.184819366127, 0.0681925638364, 0.0051084038704, 0.172722655603, 0.0088810068449, 0.0155717564932, 0.406557802019, 0.458761633319, 0.227627349473, 0.116565527424, 0.243664338836, 0.746048818992, 0.40412242336, 0.071651115226, 0.187292712825, 0.256394078296, 0.505237352669, 0.036325639153, 0.0241822089963, 0.0407282189753, 0.0393882504622, 11.6854332598
0.0407282189753, 0.00249084955323, 0.040147307745, 0.820606077692, 0.0681925638364, 0.00475863171929, 0.172722655603, 0.155235333456, 0.0155717564932, 0.406557802019, 0.458761633319, 0.38645499502, 0.116565527424, 0.246622519327, 0.174483116612, 0.40412242336, 0.0720347856387, 0.18720638878, 0.251379260559, 0.505237352669, 0.0360662158373, 0.0241822089963, 0.0407282189753, 0.00249084955323, 12.1284780002
0.448466160401, 0.00103726668779, 0.0475240090847, 0.0190767128524, 0.724739884989, 0.323159544069, 0.171350771826, 0.156460674308, 0.502616120255, 0.751075742887, 0.0450001451044, 0.193120942347, 0.382797826753, 0.629230768356, 0.264984190339, 0.0436899059257, 0.0742683951729, 0.0272760591169, 0.0519703459893, 0.255649177003, 0.0458562655238, 0.471458450408, 0.448466160401, 0.00103726668779, 12.9853434092
0.0525031087346, 0.00154589495246, 0.657914137047, 0.00835146696112, 0.219023777371, 0.45554685264, 0.176893015223, 0.155382890595, 0.501085488621, 0.0219875459505, 0.0459398519913, 0.189759409233, 0.774911100324, 0.693310671633, 0.0459597012217, 0.436426215156, 0.0786400215166, 0.0283148719771, 0.253436526724, 0.131489164697, 0.041284572755, 0.500551874751, 0.0525031087346, 0.00154589495246, 13.2975368535
0.0309863927361, 0.0418088407852, 0.502714905826, 0.072250480211, 0.254276659741, 0.34225129585, 0.15019161657, 0.0634785208863, 0.469130755765, 0.185984971816, 0.0480446266, 0.389370900896, 0.392857445323, 0.765829005752, 0.123278272709, 0.0484228379403, 0.563743406059, 0.00669228222713, 0.0995288678888, 0.496981070341, 0.736083634638, 0.437468789551, 0.0309863927361, 0.0418088407852, 14.2817661831
0.0390747358187, 0.00175639900443, 0.439525153086, 0.0550315053733, 0.346051433173, 0.459124294249, 0.0537011854343, 0.14004118979, 0.498214079218, 0.543747042523, 0.122327038952, 0.399944377172, 0.0541406710663, 0.67872315394, 0.179448620169, 0.00341383613399, 0.0323434033395, 0.990220579537, 0.234544261065, 0.400516268956, 0.128467548786, 0.491384257373, 0.0390747358187, 0.00175639900443, 14.428074244
0.0345904825962, 0.00303530008707, 0.0406408501246, 0.830898799929, 0.254500255739, 0.114701149067, 0.169364683431, 0.156335078958, 0.499733244111, 0.696954244901, 0.115654079213, 0.3867232662, 0.482711439411, 0.32809754987, 0.173080949495, 0.411910682142, 0.131740424958, 0.0273708714395, 0.444842194713, 0.236330709812, 0.124931539563, 0.472330562995, 0.0345904825962, 0.00303530008707, 14.2240959011
0.0295675818506, 0.00114374783074, 0.426390905157, 0.00647519352227, 0.711498732303, 0.873161638462, 0.178492134734, 0.0358550144716, 0.296419284683, 0.0179716357962, 0.484151318571, 0.388181017078, 0.395312725362, 0.724911167521, 0.164772750493, 0.00881951402111, 0.127158795661, 0.173891405011, 0.550128348803, 0.191869807199, 0.341221361384, 0.227614087417, 0.0295675818506, 0.00114374783074, 14.5302220952
0.553413873666, 0.000314724440707, 0.436503774706, 0.00756527148217, 0.220318033729, 0.452832709698, 0.0522825609615, 0.439702871164, 0.00077236071536, 0.475330944669, 0.127960807518, 0.193215233659, 0.380646545128, 0.684540718246, 0.26153332246, 0.724687938706, 0.2330338625, 0.120135217649, 0.442358721567, 0.24106124688, 0.13109519708, 0.495408909508, 0.553413873666, 0.000314724440707, 14.2500844226
0.0527852223261, 0.000314724440707, 0.526172420129, 0.0117180113929, 0.254784842946, 0.321610626948, 0.0536214907825, 0.298947030141, 0.385298015778, 0.546052307714, 0.127953966708, 0.184623483185, 0.324916662141, 0.692573095422, 0.400185528852, 0.109302298143, 0.594146944018, 0.0185363397589, 0.0710815342301, 0.234260344535, 0.385802562023, 0.780577899178, 0.0527852223261, 0.000314724440707, 14.5196558934
0.0489713852616, 0.000287168762813, 0.642861168908, 0.823338009684, 0.218687631094, 0.452832709698, 0.0308990671384, 0.157999219369, 0.497860478187, 0.544579349211, 0.127953966708, 0.189783192017, 0.446028599605, 0.692573095422, 0.044825998096, 0.417638347772, 0.231537189768, 0.113458917368, 0.289597360926, 0.331003641971, 0.391545137274, 0.157943833552, 0.0489713852616, 0.000287168762813, 15.1696256428
0.0323323627574, 0.145664180949, 0.429658951823, 0.00739709248587, 0.110008615092, 0.32124254089, 0.833326181934, 0.171365438469, 0.00547985004762, 0.408746293908, 0.386868714727, 0.359402951241, 0.114349102353, 0.925642677545, 0.30843101205, 0.349179062181, 0.0975672560646, 0.0291154351559, 0.190021177636, 0.226499549053, 0.779559699874, 0.0236654630583, 0.0323323627574, 0.145664180949, 14.1413921581
0.0318575106149, 0.148525442685, 0.0956321275605, 0.652116188105, 0.0611358374309, 0.0852073685818, 0.978691728548, 0.328548690985, 0.471661358084, 0.528481023294, 0.453015067675, 0.702436473932, 0.381928262735, 0.056660036922, 0.332910984662, 0.38927836179, 0.0937505295594, 0.0419888076791, 0.0651753496195, 0.254799665971, 0.0463033048768, 0.156196669924, 0.0318575106149, 0.148525442685, 14.272652879
0.0294173178923, 0.000314128414611, 0.667628398789, 0.83149418707, 0.217775418604, 0.270439501203, 0.0510435005144, 0.441410791274, 0.497503137638, 0.0160326010251, 0.313097983103, 0.399944377172, 0.443323730196, 0.930025196896, 0.165701321151, 0.418403080806, 0.236192945788, 0.994662026683, 0.458200414863, 0.400494029807, 0.128467548786, 0.474016105224, 0.0294173178923, 0.000314128414611, 17.2719571855
0.0293383473222, 0.00141775875005, 0.0406734268002, 0.00650777727252, 0.227226144203, 0.90017423495, 0.0224004082319, 0.330247255007, 0.779370123111, 0.0199905296475, 0.300758179348, 0.387998206338, 0.391781571609, 0.930797822518, 0.759761549709, 0.666746445482, 0.121869838988, 0.0273242890488, 0.246502954896, 0.51554387475, 0.33379230903, 0.179098467164, 0.0293383473222, 0.00141775875005, 15.6965176676
0.0473658585174, 0.000298639607792, 0.646381510493, 0.0105470715557, 0.191763965995, 0.453408798531, 0.0534240635479, 0.419985218095, 0.49752956388, 0.544683932412, 0.12025188421, 0.860010811509, 0.445006229993, 0.712865436894, 0.17485067101, 0.0477217251684, 0.231537189768, 0.990514299572, 0.0631490082197, 0.24106124688, 0.276409938759, 0.436773578347, 0.0473658585174, 0.000298639607792, 15.999782856
0.0428476902548, 0.000318742914948, 0.435937292711, 0.830940031851, 0.228754080515, 0.069270565928, 0.349348674289, 0.0135396860559, 0.722690667376, 0.544899105684, 0.127897910641, 0.236809190941, 0.114891592736, 0.323799248828, 0.699700162774, 0.413885358462, 0.234809611437, 0.0332298371123, 0.43807578275, 0.882831482224, 0.780007886088, 0.0241098428052, 0.0428476902548, 0.000318742914948, 16.1196130359
0.0321982478381, 0.000314724440707, 0.435673816076, 0.830227570173, 0.723762959375, 0.453565219556, 0.0531534195992, 0.671248619654, 0.00569263309721, 0.543619189216, 0.105811293043, 0.198066302253, 0.477808883051, 0.69126791887, 0.373968193013, 0.73633106079, 0.0664188669397, 0.0234331777986, 0.443044577861, 0.24106124688, 0.390377224851, 0.498069970127, 0.0321982478381, 0.000314724440707, 16.7403173941
0.0345904825962, 0.0010090523974, 0.040737895428, 0.835893917161, 0.249624039633, 0.114872984882, 0.169364683431, 0.677603311257, 0.506191339592, 0.696932075408, 0.0134704898766, 0.386035119893, 0.482711439411, 0.324246965155, 0.172997594434, 0.411611751411, 0.131686028803, 0.0273708714395, 0.990611661915, 0.236368643195, 0.644208646596, 0.472330562995, 0.0345904825962, 0.0010090523974, 16.2296298222
0.0256213697612, 0.737225255461, 0.422496155528, 0.115020039824, 0.0601309099717, 0.0171421779838, 0.96264478306, 0.289601626872, 0.471386867107, 0.530357603413, 0.0138061820913, 0.801366889805, 0.426286366731, 0.0187394466275, 0.218732991086, 0.157395746151, 0.208396057219, 0.181498404158, 0.0596630334331, 0.633601917599, 0.0935082882331, 0.205043205545, 0.0256213697612, 0.737225255461, 13.716367977
0.0189291665402, 0.0103983154037, 0.0782333583545, 0.0743082819492, 0.996466981461, 0.130664579431, 0.448417769849, 0.424495555808, 0.072613492975, 0.406431197343, 0.0486740728793, 0.372410063953, 0.48599734957, 0.62296606166, 0.470933785321, 0.623957278211, 0.764338384144, 0.475733616095, 0.246035917081, 0.0892050661604, 0.0472248195535, 0.00573291867116, 0.0189291665402, 0.0103983154037, 15.2876884605
0.0127820187873, 0.00303070725797, 0.0406410581692, 0.833758325539, 0.648436791986, 0.27010345589, 0.051745199824, 0.123192837128, 0.497490433028, 0.0207072222048, 0.32655262246, 0.386035119893, 0.443145145861, 0.928062391071, 0.173014176938, 0.421024176429, 0.127807004863, 0.176234914275, 0.457701289746, 0.401151984638, 0.124937323626, 0.472318416146, 0.0127820187873, 0.00303070725797, 15.3439294493
0.0245483892221, 0.0413196125379, 0.421937849472, 0.802811868184, 0.254287057563, 0.00922179811377, 0.0630605264035, 0.419910973187, 0.469102442214, 0.561538816153, 0.182203590764, 0.38937575021, 0.366006449574, 0.758554734865, 0.122737230148, 0.0428904053363, 0.389332914704, 0.00646439262618, 0.0645097734498, 0.493760956245, 0.0794056093708, 0.360381740221, 0.0245483892221, 0.0413196125379, 14.4306987069
0.022841705602, 0.141324775148, 0.443892437682, 0.0607220338182, 0.266065489709, 0.0712105175617, 0.459206006195, 0.319056010413, 0.00784479943733, 0.405684607778, 0.711669074172, 0.207214213596, 0.425990350744, 0.254976822477, 0.825243828065, 0.159967630551, 0.0308940144321, 0.21537083625, 0.260004903911, 0.421503129358, 0.768238698079, 0.0138376694375, 0.022841705602, 0.141324775148, 14.4838294466
0.0318185445068, 0.00870847781442, 0.096553531296, 0.0051985089488, 0.716231727842, 0.0648671313027, 0.16975677961, 0.670065003797, 0.472906585406, 0.406012996368, 0.106251792809, 0.722230683919, 0.380339750414, 0.657855256151, 0.707227540605, 0.0426508053025, 0.0741263885342, 0.0736664310509, 0.0508468323315, 0.250552149806, 0.132027289134, 0.495403221002, 0.0318185445068, 0.00870847781442, 14.4880849842
0.0256241424697, 0.698125923872, 0.423415116639, 0.115485527788, 0.241454558098, 0.0115564021997, 0.653485872132, 0.967353541102, 0.372129370146, 0.406787929173, 0.00987589776093, 0.392086507738, 0.827365992377, 0.0165263798958, 0.162747961425, 0.406207584586, 0.0684015735649, 0.197830650286, 0.0539411162524, 0.141400917482, 0.378707119909, 0.495980045921, 0.0256241424697, 0.698125923872, 14.3803104638
0.0263293067642, 0.0381484674677, 0.525278548344, 0.172764585888, 0.254815114739, 0.339510365274, 0.385686429072, 0.151077359028, 0.375006003078, 0.720711975195, 0.506386436735, 0.193537692807, 0.425074794201, 0.760728426375, 0.333864636053, 0.29139356406, 0.0691406581803, 0.0202880234923, 0.0958360179301, 0.268639591407, 0.10227473685, 0.705948556879, 0.0263293067642, 0.0381484674677, 15.0253393823
0.0283595115778, 0.00952847870334, 0.440276792627, 0.159985208112, 0.256159016884, 0.0708540646163, 0.461812594839, 0.330568440499, 0.00476580329387, 0.405684607778, 0.706079722658, 0.207214213596, 0.425990350744, 0.328110299126, 0.259763433223, 0.159967630551, 0.399017515713, 0.973696237042, 0.216601651954, 0.249189572701, 0.292104503576, 0.0153177038142, 0.0283595115778, 0.00952847870334, 14.5812217915
0.0335200175843, 0.00911954687206, 0.0962541974739, 0.054312511001, 0.949934501342, 0.331401951757, 0.347780165401, 0.321691854657, 0.0471278150071, 0.0701950383683, 0.217827952375, 0.170707630365, 0.370438939376, 0.629215452466, 0.697309875157, 0.0844689686964, 0.39031912695, 0.0352167546825, 0.0992739285015, 0.246744370953, 0.377892760618, 0.399597723075, 0.0335200175843, 0.00911954687206, 14.0057158348
0.0335200175843, 0.00909457880885, 0.0962541974739, 0.054312511001, 0.996292736046, 0.331401951757, 0.347780165401, 0.322772803121, 0.0732689423516, 0.0701950383683, 0.217294281336, 0.170707630365, 0.370438939376, 0.629215452466, 0.697309875157, 0.09008613852, 0.39031912695, 0.471865223396, 0.0964628415183, 0.246744370953, 0.0447377548609, 0.399597723075, 0.0335200175843, 0.00909457880885, 14.2476965056
0.0193581089448, 0.146274441848, 0.508951959589, 0.116930141476, 0.0455000322902, 0.328973907314, 0.19196470598, 0.388910232493, 0.499359167584, 0.558737975198, 0.105552687365, 0.789820088821, 0.365218189566, 0.250861127898, 0.16182654228, 0.100095277828, 0.0344062185694, 0.177101741401, 0.723795586713, 0.247914923591, 0.0943455848074, 0.826874919462, 0.0193581089448, 0.146274441848, 14.7362703304
0.16743905818, 0.0111670742555, 0.104443995909, 0.734712160771, 0.213215786653, 0.130664579431, 0.0656022384104, 0.424497562269, 0.00660214408914, 0.525400889877, 0.0486740728793, 0.11550081326, 0.402972195225, 0.0625308440158, 0.132446812222, 0.063523644139, 0.066844505428, 0.475733616095, 0.246035917081, 0.181197234901, 0.406295305463, 0.00437330514377, 0.16743905818, 0.0111670742555, 11.8975224134
0.040817005751, 0.747013990877, 0.421892771569, 0.59991308818, 0.0670288382084, 0.0171421779838, 0.0315154893491, 0.23559995578, 0.471386867107, 0.530357603413, 0.00240742288695, 0.180552788613, 0.0785233101467, 0.0224583327475, 0.0443673886584, 0.157395746151, 0.202694178401, 0.0147497456645, 0.122393316589, 0.633601917599, 0.402565109231, 0.204964973194, 0.040817005751, 0.747013990877, 11.7767177818
0.0453089906494, 0.00869272956078, 0.096553531296, 0.00529873725453, 0.718454953083, 0.0626034555346, 0.16975677961, 0.328717231583, 0.472906585406, 0.475155820779, 0.109723913022, 0.722230683919, 0.380339750414, 0.054350360415, 0.707227540605, 0.0653205913405, 0.0742683951729, 0.0736664310509, 0.0508468323315, 0.248781673754, 0.132027289134, 0.495403221002, 0.0453089906494, 0.00869272956078, 13.3355330948
0.0407483047102, 0.0393322434199, 0.084963186808, 0.184819366127, 0.0681925638364, 0.0051084038704, 0.170173476258, 0.00872671835799, 0.0155717564932, 0.935094808972, 0.458761633319, 0.222447528735, 0.116565527424, 0.243664338836, 0.746492871734, 0.403788685848, 0.239282941221, 0.0171085930329, 0.259414981234, 0.504481478855, 0.036325639153, 0.0228363186894, 0.0407483047102, 0.0393322434199, 12.3853822093
0.448466160401, 0.00154121469744, 0.0447698827329, 0.781738765512, 0.724739884989, 0.323159544069, 0.171384240262, 0.156460674308, 0.502616120255, 0.722329898591, 0.0451137683844, 0.193224376233, 0.380434028908, 0.62887192704, 0.264984190339, 0.0655593021685, 0.0742683951729, 0.0276250280399, 0.0519703459893, 0.255649177003, 0.0455539773159, 0.472033236299, 0.448466160401, 0.00154121469744, 13.998743873
0.461881357325, 0.00154121469744, 0.0394922385764, 0.781738765512, 0.214176044402, 0.36589390618, 0.0329962662005, 0.156460674308, 0.502616120255, 0.722329898591, 0.0451137683844, 0.193224376233, 0.380344773943, 0.582094434775, 0.264984190339, 0.0575306840528, 0.122857587462, 0.0276273178422, 0.0519703459893, 0.255649177003, 0.0455539773159, 0.472033236299, 0.461881357325, 0.00154121469744, 13.1692378421
0.104027812231, 0.00268886213721, 0.526172420129, 0.0117180113929, 0.219462191801, 0.34164960929, 0.0454078320309, 0.439982210183, 5.09013304481e-05, 0.0252571140813, 0.127953966708, 0.178534950381, 0.324916662141, 0.683490047417, 0.171475634228, 0.723549562857, 0.232948711325, 0.0317100562944, 0.442358721567, 0.400076953517, 0.390377224851, 0.171744135839, 0.104027812231, 0.00268886213721, 13.3746367063
0.104027812231, 0.00301053486912, 0.526172420129, 0.0117180113929, 0.25475054732, 0.341259635713, 0.0466157721525, 0.438026298575, 0.00443997781799, 0.0252571140813, 0.127953966708, 0.184303278581, 0.324916662141, 0.683490047417, 0.379445480387, 0.723549562857, 0.132251473916, 0.0317100562944, 0.442358721567, 0.233928178956, 0.390377224851, 0.171744135839, 0.104027812231, 0.00301053486912, 13.3549499085
0.0229742338715, 0.586539548068, 0.423075543506, 0.0100816930526, 0.71836755622, 0.317909761956, 0.0468260786468, 0.0406991285396, 0.77302589754, 0.460916511541, 0.492356382068, 0.193223507198, 0.365952042928, 0.722834849036, 0.168054699409, 0.0687170362167, 0.131843771223, 0.190648577273, 0.261200068808, 0.482056154296, 0.100916402014, 0.465599457741, 0.0229742338715, 0.586539548068, 14.6445409414
0.726328500814, 0.141440597664, 0.50070167968, 0.0596151990115, 0.0453353098611, 0.231688988773, 0.191243078381, 0.319337107175, 0.048470461884, 0.310132457785, 0.218161691026, 0.171458393089, 0.364026069273, 0.25171138339, 0.258714246357, 0.100095277828, 0.032449569323, 0.0308354176739, 0.0914366163395, 0.421615951768, 0.0913337734748, 0.843032832869, 0.726328500814, 0.141440597664, 11.9498350961
0.728024926134, 0.141320621162, 0.389642448717, 0.869461632531, 0.0744939985524, 0.0723463248953, 0.192101713683, 0.0310137863634, 0.75963425654, 0.438790565871, 0.148004711945, 0.20080012867, 0.364968558084, 0.333954015624, 0.125339581115, 0.0850221657003, 0.033200777386, 0.22640480222, 0.259738061835, 0.422060063807, 0.044894865342, 0.161643008341, 0.728024926134, 0.141320621162, 12.8140833865
0.0916408044494, 0.267964503283, 0.388741568362, 0.072051697269, 0.347300375963, 0.639604931536, 0.384243013002, 0.137076182842, 0.296279575046, 0.019194667413, 0.309927871546, 0.29950266612, 0.271520636147, 0.0169761134758, 0.164765999665, 0.010069317393, 0.128455983963, 0.248591160258, 0.529879543888, 0.332251634811, 0.412856841405, 0.161822970233, 0.0916408044494, 0.267964503283, 12.8771063217
0.367197595591, 0.112952291841, 0.526506778105, 0.00159822234673, 0.242771130067, 0.339510365274, 0.386559426897, 0.180038220027, 0.000667955966421, 0.030298606991, 0.502369446364, 0.192587572035, 0.274148624861, 0.0184146566431, 0.372276862788, 0.29139356406, 0.0756328893899, 0.000707362027059, 0.275763782156, 0.886647904097, 0.389224093634, 0.438466898821, 0.367197595591, 0.112952291841, 13.2402719722
0.0492645878718, 0.267964503283, 0.389888945369, 0.0919285928825, 0.25460377963, 0.639604931536, 0.0662465823165, 0.136923476772, 0.296279575046, 0.019194667413, 0.309583417114, 0.296002717738, 0.0510957239728, 0.692837835568, 0.401020263959, 0.0074104877418, 0.0797610825561, 0.242184922134, 0.266422802701, 0.915763562868, 0.412856841405, 0.168338001844, 0.0492645878718, 0.267964503283, 13.6541243061
0.0905513152437, 0.267964503283, 0.388741568362, 0.072051697269, 0.207531114997, 0.639604931536, 0.0662117595942, 0.137076182842, 0.00318087702358, 0.401011527058, 0.0384236622321, 0.33573282291, 0.0510957239728, 0.760121557376, 0.164765999665, 0.00424444738485, 0.38992112938, 0.239496198338, 0.545496634545, 0.915763562868, 0.044990722758, 0.168338001844, 0.0905513152437, 0.267964503283, 13.417648146
0.587631574002, 0.557761164453, 0.0326536837852, 0.00529873725453, 0.718454953083, 0.063938127188, 0.172205675024, 0.156337462891, 0.619529789451, 0.475155820779, 0.106653183652, 0.193223507198, 0.380421131018, 0.628421738468, 0.262642593948, 0.0653205913405, 0.0742683951729, 0.0736664310509, 0.0508736400253, 0.248781673754, 0.130421585673, 0.495403221002, 0.587631574002, 0.557761164453, 12.6403449863
0.726066177996, 0.0381564882802, 0.0929717115738, 0.734126439028, 0.207512390346, 0.7589534919, 0.0620975091953, 0.424646756773, 0.00818238766602, 0.4042918548, 0.0464858397491, 0.227904001913, 0.40295515807, 0.758554734865, 0.131777132098, 0.0607124294521, 0.0662399655402, 0.473597243439, 0.0645097734498, 0.17877584414, 0.105112707716, 0.0256535837929, 0.726066177996, 0.0381564882802, 12.8593023959
0.0274453927917, 0.738276091388, 0.201151341677, 0.833801805187, 0.256027447751, 0.197073434984, 0.97300856447, 0.165545888674, 0.128079319838, 0.0170058476257, 0.325138210676, 0.388216942238, 0.594394856693, 0.0190743448845, 0.160726324849, 0.418497171639, 0.573133804137, 0.0248986645359, 0.465108269371, 0.182632746254, 0.130523636294, 0.0917112682032, 0.0274453927917, 0.738276091388, 14.0593001782
0.0194226875217, 0.737225255461, 0.422544877437, 0.1169586315, 0.620190925869, 0.0171421779838, 0.965204817178, 0.289601626872, 0.499937786402, 0.547977396111, 0.0138061820913, 0.182221466521, 0.42938080757, 0.019097281069, 0.22107580597, 0.157395746151, 0.208396057219, 0.178463916492, 0.606512011221, 0.483854982229, 0.358467055764, 0.797379395346, 0.0194226875217, 0.737225255461, 15.3819165971
0.460448946653, 0.00303070725797, 0.0406410581692, 0.830875907975, 0.254500255739, 0.451678720221, 0.169364683431, 0.156335078958, 0.00911993532834, 0.0160985648685, 0.128048128539, 0.190863876787, 0.482711439411, 0.692576573805, 0.172222109502, 0.7120143174, 0.128842281101, 0.151421913712, 0.441709720992, 0.238781601297, 0.307836047558, 0.471061622274, 0.460448946653, 0.00303070725797, 14.1564161566
0.813218584115, 0.00303065535477, 0.390085181992, 0.0103366385475, 0.217469421597, 0.530162419526, 0.380764829062, 0.0456681775375, 0.499318045919, 0.408959958625, 0.0672206233227, 0.179701370429, 0.435734141008, 0.686125418833, 0.200505613268, 0.371719818426, 0.131672959984, 0.0276035123641, 0.0450549216557, 0.740452503924, 0.399580693684, 0.465553184725, 0.813218584115, 0.00303065535477, 14.102632097
0.0407850774129, 0.0398233381248, 0.390086724868, 0.747730918704, 0.477362722221, 0.334021936275, 0.0632554573423, 0.668304059231, 0.0228527252499, 0.070103118718, 0.418423111482, 0.201010558311, 0.482374710385, 0.327714238174, 0.125569506714, 0.0973565419984, 0.234840648567, 0.0183072603491, 0.2433808916, 0.724495576112, 0.043907017173, 0.1621209891, 0.0407850774129, 0.0398233381248, 13.8810586935
0.02570916606, 0.0366461952495, 0.389185398977, 0.74237813137, 0.532506396116, 0.0171421779838, 0.969218071384, 0.654974562825, 0.499911915363, 0.438595190324, 0.0167777065489, 0.201378294618, 0.42938080757, 0.019097281069, 0.167682272139, 0.157395746151, 0.208380841508, 0.178463916492, 0.606680942888, 0.483642196838, 0.0376915429547, 0.21737428635, 0.02570916606, 0.0366461952495, 15.3900725909
0.100386270237, 0.00967215068049, 0.526172420129, 0.0117180113929, 0.25475054732, 0.318172062964, 0.171957244888, 0.131633476135, 0.00795341403206, 0.025560042444, 0.127953966708, 0.184392264069, 0.324916662141, 0.683693839872, 0.382155694947, 0.723549562857, 0.132251473916, 0.0319492455855, 0.442358721567, 0.233928178956, 0.389138069915, 0.501473929055, 0.100386270237, 0.00967215068049, 13.5321892
0.0256213697612, 0.737225255461, 0.422544877437, 0.115020039824, 0.61830316474, 0.0171421779838, 0.96264478306, 0.289601626872, 0.499911915363, 0.438595190324, 0.0138061820913, 0.178512083456, 0.42938080757, 0.019097281069, 0.22107580597, 0.157395746151, 0.208396057219, 0.178463916492, 0.606680942888, 0.482921355352, 0.358467055764, 0.205090209672, 0.0256213697612, 0.737225255461, 14.4306545944
0.827845919951, 0.00307160410185, 0.493781902651, 0.172764585888, 0.255833570644, 0.339510365274, 0.389266697506, 0.290417466449, 0.378586382987, 0.170838567512, 0.107372764587, 0.193537692807, 0.272705668587, 0.0022767241363, 0.406147291268, 0.291461727051, 0.0681569340643, 0.0196782152763, 0.981993758765, 0.268632171448, 0.102264605411, 0.766503009775, 0.827845919951, 0.00307160410185, 13.7470858863
0.0245483892221, 0.0413196125379, 0.422476921062, 0.802811868184, 0.255094348177, 0.0717039689377, 0.961824903133, 0.419342563342, 0.469102442214, 0.561129393437, 0.181143544582, 0.393672460602, 0.366006449574, 0.0143692179352, 0.123205488251, 0.0428904053363, 0.209192458708, 0.193370972998, 0.0645097734498, 0.5598690438, 0.0794056093708, 0.360381740221, 0.0245483892221, 0.0413196125379, 14.8272378184
0.0517002383585, 0.0393319281793, 0.0760879935721, 0.758163539492, 0.0687494736567, 0.0775127936794, 0.926719915522, 0.0348396492128, 0.0175704564252, 0.93028497649, 0.454625977264, 0.222459530202, 0.116434448078, 0.243773923814, 0.152121769566, 0.418455888147, 0.235286801223, 0.0200891464271, 0.259368290321, 0.579045189454, 0.0183497079323, 0.101422404069, 0.0517002383585, 0.0393319281793, 13.6862535312
0.59257288482, 0.00691742784946, 0.461656674895, 0.00519819450713, 0.254881000423, 0.340459720606, 0.172205675024, 0.140821399204, 0.770836383265, 0.00428679157686, 0.505159512307, 0.226778085458, 0.433757593658, 0.722834849036, 0.122772762449, 0.0631542017495, 0.383653146814, 0.00813724534536, 0.257380023981, 0.268858205935, 0.0109477031112, 0.493011677468, 0.59257288482, 0.00691742784946, 13.5826518135
0.0536427159947, 0.0113238192945, 0.462330275921, 0.802811868184, 0.254287057563, 0.34327795343, 0.0656203390348, 0.419910973187, 0.00204398020303, 0.561968138958, 0.0371720822497, 0.22609719728, 0.403251663563, 0.0167301938537, 0.127863558046, 0.0585380351458, 0.389332914704, 0.00483275778312, 0.0368772495506, 0.180843115392, 0.774697762337, 0.444408720464, 0.0536427159947, 0.0113238192945, 13.5604043022
0.025400589151, 0.150013221902, 0.0956321275605, 0.652116188105, 0.0611358374309, 0.113981752493, 0.978691728548, 0.328548690985, 0.471661358084, 0.529403684102, 0.453015067675, 0.702436473932, 0.381928262735, 0.0621988265583, 0.332911655513, 0.367591747555, 0.0931029207612, 0.0419888076791, 0.0651753496195, 0.487681835686, 0.0463033048768, 0.156196669924, 0.025400589151, 0.150013221902, 14.604544741
0.0256238383537, 0.0413196125379, 0.421937849472, 0.804776553264, 0.0665829961581, 0.00922179811377, 0.0630605264035, 0.289488378836, 0.471380810099, 0.561267401609, 0.182203590764, 0.390158881778, 0.429335040325, 0.756387666666, 0.120832373467, 0.0430775632669, 0.389332914704, 0.00646439262618, 0.0645244417272, 0.493760956245, 0.41494041759, 0.358079591523, 0.0256238383537, 0.0413196125379, 14.5373714099
0.112849357639, 0.00303065535477, 0.031714106335, 0.00650777727252, 0.218825527046, 0.86585441807, 0.926207875457, 0.0257476941939, 0.00292985703902, 0.0179716357962, 0.308130508684, 0.388510539866, 0.402105952787, 0.930797822518, 0.166070749455, 0.832218455762, 0.12309383919, 0.0273242890488, 0.273737400317, 0.241381290061, 0.34128205332, 0.227614087417, 0.112849357639, 0.00303065535477, 14.5413724359
0.0297291546761, 0.00202983921136, 0.442808923334, 0.831042757605, 0.2300707387, 0.450950815876, 0.638660825174, 0.162576067726, 0.00591333516312, 0.0123511986288, 0.505633463203, 0.111339133839, 0.424242532968, 0.690521060469, 0.326463075577, 0.729588588671, 0.2330338625, 0.152861465893, 0.439675118836, 0.278581205224, 0.330665370986, 0.702588842803, 0.0297291546761, 0.00202983921136, 16.3858291284
0.0127955407897, 0.00303070725797, 0.0406410581692, 0.833758325539, 0.624483083007, 0.0181350823116, 0.171528569673, 0.152924249406, 0.499733244111, 0.695736027019, 0.127957144666, 0.386035119893, 0.481746957476, 0.690479863974, 0.173080618578, 0.421024176429, 0.127807004863, 0.176234914275, 0.605995728052, 0.238367800211, 0.124931539563, 0.472330562995, 0.0127955407897, 0.00303070725797, 15.5313676351
