1.03277300107, 1.19300136012, 1.01336213112, 1.07088401592, 3.12769418256, 1.13538080904, 5.90352011129, 1.1600606587, 1.04592499674, 1.65889706247, 4.11792208461, 0.833566159945, 1.93412931152, 1.106676646, 0.873965542061, 1.61247928321, 1.07652528906, 1.04726403138, 8.62330146774, 1.16330669524, 0.898199449373, 155.638675708, 0.968355895236, 5.37301524911, 1.00455921062, 4.99069019004, 1.04203420076, 963.008492971, 23.54266805, 5043.32616544
5.19236725918, 1.12995829466, 0.868366840811, 0.960334118812, 5.65558232151, 1.07148857217, 4.81279456886, 1.19879726304, 1.02990608506, 2.44628946776, 5.3067391907, 1.11648004166, 2.11522938587, 1.0869210883, 0.78, 1.08374161792, 1.08799028217, 1.0832936884, 8.65726400835, 1.00137395107, 0.779984027167, 81.1363499664, 0.962007276226, 1.53246769029, 1.07370272426, 2.9628910317, 1.24813777401, 1288.02605872, 33.7155625584, 11129.7991635
1.48066543819, 1.3277133746, 0.924547051634, 0.934180311849, 6.25266933159, 1.04407487749, 2.72485362069, 0.965949405851, 1.04116750674, 4.39973594251, 6.00097034397, 1.17802296423, 4.02492612083, 0.81, 0.92888876874, 1.0, 1.05172676283, 0.875476972102, 7.28326936018, 1.13767708268, 0.788353079131, 201.567776782, 0.84, 4.95300604291, 1.14029065295, 1.01, 0.984452108722, 1143.31189859, 32.279622436, 16566.0420243
3.0549853992, 1.20971128119, 1.40804081924, 1.1686991359, 4.96449811923, 1.00697519492, 5.30701797973, 0.880583221414, 1.07776074426, 2.89619230509, 4.48517160559, 0.950318422121, 3.80021841022, 1.21008389942, 0.837239466466, 1.38901304421, 1.14593630792, 1.1828551831, 7.64903334826, 1.14372705496, 0.943933174023, 394.700915793, 1.16504510793, 4.47497191724, 1.20048275363, 3.24949718001, 1.17742735653, 1222.62464822, 31.370438595, 15057.7261224
5.31396682057, 1.13731277416, 1.0538863042, 0.823113044445, 3.49791983266, 1.19, 1.40497023636, 1.06839792355, 0.919548872239, 3.22051750256, 1.86508379326, 0.846143254886, 3.04744378373, 0.922318949712, 0.971759685864, 1.37008568874, 1.10524921158, 0.983558016992, 5.57365664361, 0.962506634402, 0.914213709057, 289.210830325, 0.84, 2.02394130289, 1.09197242446, 2.90887870282, 0.87, 2405.19756425, 40.3225243072, 25189.7570549
2.13897700373, 1.26373878854, 1.38162919178, 1.22, 6.31718697728, 1.17735294495, 6.0, 0.912972590477, 0.96982169781, 3.91389361507, 5.54474877576, 0.81, 2.1445771979, 1.16333525201, 1.00382876584, 1.63, 1.13170002857, 1.07772916414, 4.83509871544, 1.05588119019, 0.82560140368, 188.917370531, 1.08152506233, 2.44916309598, 1.20204197581, 1.42133979765, 1.02109501233, 254.731001774, 13.9695773418, 3002.97063761
3.13573960505, 1.4140595983, 1.54347311364, 0.848334625245, 4.14422780766, 1.0811807142, 3.77784405813, 0.949040143555, 0.900463330947, 4.85184465611, 3.2011880228, 1.0115582223, 4.41478737402, 1.16876159534, 0.847111860664, 1.24525700269, 1.09756454733, 0.991053786284, 4.38254079661, 1.1541253894, 0.978439777371, 388.438002751, 0.973417102733, 5.4633160467, 1.13955911809, 5.22428144435, 1.01268922905, 874.87804107, 28.1354490932, 8806.81378133
2.49375558474, 1.30706153242, 1.57642131884, 1.02188699793, 6.9868594674, 0.959977742392, 2.89592119466, 1.26, 1.01469531188, 3.29403818034, 2.03831407638, 1.22, 2.67063627324, 1.15680136092, 0.998049096873, 1.03971846266, 1.04515175387, 0.903008959573, 7.96274385018, 1.15636180623, 0.929567540884, 335.747134287, 1.02935012577, 4.34090288409, 0.95, 4.17848245265, 0.912905302818, 237.16018474, 15.81242906, 1018.12226828
4.05249895551, 1.0, 0.984099475735, 0.874321045857, 2.6201416166, 1.19, 3.0244567641, 1.17573845804, 1.07858530068, 5.82818113476, 7.8, 0.930261307453, 5.00151451353, 0.862104564607, 1.01835317607, 1.59497068152, 1.05823235782, 1.19627931827, 4.56254061869, 1.16341565828, 0.775580060502, 209.899215304, 0.900617742728, 5.88460152965, 1.22618805909, 2.24066132017, 0.889280887071, 1028.91843461, 23.6391581011, 11047.83264
6.0, 1.20951888994, 1.42794457481, 0.864434702979, 2.6040862949, 0.995104224046, 4.30780824152, 1.14726762419, 0.923516153895, 6.2, 3.71561096789, 1.19665785881, 1.51247358586, 1.0768362581, 0.879718342657, 1.30662499352, 1.07208682508, 1.19997893184, 3.26612116822, 1.12288396292, 0.944125414683, 194.775900995, 0.948758983536, 1.14746174488, 0.971888998001, 1.07606875677, 0.995624681151, 1180.09204794, 24.7217967942, 5565.15278291
3.12559222887, 1.28316250263, 1.28387510925, 0.914577476067, 6.30011593419, 0.958809108315, 1.56615030394, 1.21043777683, 1.01695296125, 3.44165411029, 2.59679951069, 1.15684886466, 2.56790019133, 0.940912501822, 0.874048868204, 1.46014709456, 1.03386791268, 1.03222670542, 5.71189648489, 1.06823808918, 0.92103119494, 86.4248049697, 0.89119067596, 3.90643197656, 1.24, 2.54437263698, 0.90469318485, 186.372774959, 14.4916848362, 798.666226618
4.47109765038, 1.30279955512, 1.71511185089, 0.8, 1.98034018352, 0.817338533721, 2.38394888585, 1.10929562087, 0.926494641127, 4.40873534428, 5.92540382093, 0.959166091085, 3.63380479725, 0.953496974996, 0.955413363081, 1.29462672265, 1.01775370074, 0.856455884481, 7.01876218317, 0.946985897281, 0.778657378243, 274.347600571, 0.854017381638, 1.64699438149, 0.95, 1.01, 0.960551417206, 830.689200566, 40.1991747938, 11573.2815306
4.27305726031, 1.07671880548, 1.16405986774, 1.06006339045, 6.72732124991, 0.944156651344, 5.36693398397, 1.2132306645, 0.96785192306, 4.11655309459, 7.65654285758, 1.10819123205, 2.81087100022, 1.21738662886, 0.822202424197, 1.63, 1.14211399619, 0.915735861787, 6.61386370421, 0.990156937567, 0.890616566018, 39.0127234171, 1.12890895032, 4.98754506469, 1.11379837436, 1.0647674784, 0.923058513715, 1721.49546684, 36.3058736821, 14128.7302969
2.6466459169, 1.37744729042, 1.51915854288, 1.09152402018, 7.03398234076, 0.7856745767, 5.75549081388, 0.999788228817, 1.05289519569, 5.32619657364, 3.84983610251, 1.08797173163, 4.1113854599, 1.01354935752, 0.906409953927, 1.03852234347, 1.15116104225, 1.02522987503, 9.01589674822, 0.974203492325, 0.919466841873, 34.35495143, 1.07506829084, 3.33521050676, 1.21110618029, 5.36597087109, 0.914273598299, 523.229000865, 24.5217043828, 8500.85205926
6.0, 1.19913396152, 0.901190093589, 1.05850059186, 3.54677975712, 0.865280466289, 2.12315495579, 1.0975426593, 1.03570040664, 4.88806475522, 3.44467999459, 1.00660507792, 1.80163788283, 0.978041262771, 0.78, 1.63, 1.0722311966, 1.07505815721, 10.0, 1.06501936753, 0.76, 78.9224718219, 0.888464132002, 4.89295978664, 1.1367003151, 2.84901405589, 1.16261370652, 3613.71455081, 60.0239394294, 21873.8236825
4.43983408036, 1.01695011401, 0.962906137762, 1.11162663861, 5.21659259988, 0.834259504454, 3.2042447069, 1.16333881352, 1.13554882424, 1.91901706219, 4.05277916611, 0.813514299081, 1.74773595851, 1.21967643249, 0.85628521774, 1.21788072132, 1.0929133923, 0.9416013043, 7.0600901548, 1.07567794091, 0.844234484716, 64.7298905761, 0.972532095574, 4.87781484864, 0.978695546756, 2.57118007061, 1.00094918931, 2190.83635537, 32.1799290822, 19329.1649761
2.01293000354, 1.00345210182, 1.26280203205, 0.975800039827, 3.24516952417, 0.866260385944, 5.53418983611, 1.12565002222, 1.04467561107, 3.75215822927, 7.71001875474, 0.892139634487, 3.73030923989, 1.01944653426, 0.987952866721, 1.37302193576, 1.13143052628, 1.15388680686, 7.14847428897, 1.01328017088, 0.926641370178, 147.098637748, 1.01996679197, 3.50160993034, 1.08386535351, 1.85215325543, 0.970358719048, 2682.90542499, 27.4895019261, 11277.7782657
5.78152276327, 1.02103519531, 0.829560351079, 1.04519584212, 4.49825066827, 0.723321617006, 3.90014103176, 1.07975224989, 0.918108306349, 3.37922903671, 6.81802547609, 1.02703447838, 4.156452896, 0.861639643488, 0.967339553248, 1.17334711266, 1.16349786937, 0.837297578319, 4.54946678328, 1.16933087716, 0.890426030502, 156.484473119, 1.17155700827, 4.99367442684, 1.02676564994, 5.01869097276, 1.29280757724, 1707.78154981, 28.1236954943, 18822.8742667
2.5253637803, 1.14334612717, 1.25954566514, 0.819652381865, 5.63549294635, 1.19, 3.91356018124, 0.956930637964, 0.9, 3.70089293975, 1.56, 1.1237045756, 1.70376214511, 0.81, 0.883340746403, 1.47795925077, 1.01013724564, 1.23, 3.60483116614, 1.19, 0.78475153903, 143.149833914, 1.10546165131, 3.01044544392, 1.04972196306, 5.48, 1.18727052799, 769.027230384, 22.7425744687, 3279.27754711
4.13624050231, 1.28617010699, 1.00273895227, 1.06174964615, 1.97918909159, 0.72149166104, 3.09329214882, 1.24288811564, 0.98012219616, 1.24, 2.80181188729, 0.90267367945, 3.30789904322, 1.08967636815, 1.05949110446, 1.50744987824, 1.04015162306, 1.08134854951, 9.65471414623, 0.91, 0.843299904777, 408.163928648, 1.18335958867, 5.13009277651, 1.24, 3.75619479144, 1.17095737925, 2044.72088682, 27.5462561938, 7432.18715464
4.17456702582, 1.18232864154, 1.5430049262, 0.877355855678, 5.11292710768, 0.787047618256, 3.60535637164, 0.999745780868, 0.933589731027, 5.60720737756, 6.05024753455, 0.839758798363, 3.28675927909, 1.00783430578, 0.844516736724, 1.06479168472, 1.08421007445, 0.965370661127, 9.33280465002, 1.16035020641, 0.975514545365, 252.996238794, 1.13834734507, 4.6537795277, 1.10561657719, 2.70791440694, 1.16825821231, 867.713418359, 20.2451948332, 11452.0596609
2.44741913571, 1.23328202365, 1.50592713126, 1.20556426843, 4.69043316558, 0.981926342276, 2.12545857123, 1.06439530327, 1.02151119911, 5.29039221197, 3.64503131257, 0.881860846084, 3.51166279158, 1.19129682703, 1.02014099517, 1.56175219674, 1.02922728036, 1.22417784723, 8.48580906033, 1.02816904237, 0.863310414547, 338.068560319, 0.978765921325, 2.69476451225, 1.17005429055, 2.83463326506, 1.07012367847, 641.158844038, 20.8915925548, 1533.48993374
6.0, 1.40683781654, 1.28120763794, 0.942671868395, 1.72075140166, 0.929344453321, 5.78663129002, 0.945159123579, 1.1013751067, 4.75054569725, 1.61433007418, 1.10113877213, 2.63198446889, 1.22623574605, 1.01297394499, 1.38965258403, 1.08658874367, 1.11718031994, 7.63376537256, 1.19, 0.946380152432, 418.0, 1.02150147844, 6.0, 1.05389883012, 4.72322765918, 1.12839402307, 2815.95190573, 28.4543398199, 8413.63357684
4.43250001307, 1.24829345533, 1.36622153306, 1.07336247299, 4.5256999382, 0.73765038052, 2.09994518774, 1.24004403993, 0.967783816916, 3.67809425634, 6.95254449387, 1.13575940719, 4.08777216356, 1.10444344699, 0.965897492771, 1.19747795003, 1.06346451798, 0.855708168105, 7.60802352677, 0.990016308788, 0.814712524048, 335.336458036, 1.09497888571, 4.07682224154, 0.972383484888, 1.70421245679, 1.06721796531, 967.259008338, 31.0055368435, 4941.48280486
1.0, 1.21423057627, 1.25335164256, 1.19362136803, 2.36602422543, 1.01640445798, 2.63418759978, 1.09765109635, 1.09890938755, 1.64367567746, 1.7690934577, 0.995813316684, 2.33519475074, 1.10933594279, 1.05620305385, 1.16445055482, 1.0599494637, 1.12258978925, 7.79677513471, 0.934869544847, 0.972242247165, 134.254396958, 1.04926049425, 5.37368085138, 1.017202252, 2.73035553992, 1.3, 1046.38204803, 21.477444375, 2305.14771456
5.49369620987, 1.42552810414, 0.854822243204, 1.09147663408, 4.58628601226, 0.714073644621, 1.18981688486, 1.22296148423, 1.11948306455, 4.23932511152, 6.85181351515, 1.11333768202, 4.46875029248, 0.953945681729, 0.875202447372, 1.44730893712, 1.12139166319, 0.861911099207, 5.90822671507, 1.09284761452, 0.872860475323, 381.329736678, 1.05403824503, 5.18582736725, 0.997744222675, 4.18824347188, 1.04780451811, 23.8825046397, 9.74703539041, 127.518377899
2.47810773453, 1.22882100706, 1.39212913945, 1.03793787491, 1.71187431576, 0.898516471538, 1.65923810174, 0.903187202583, 1.08412974384, 3.56127382303, 7.52893116892, 0.945300344279, 4.76831641656, 0.814288419139, 1.03396066174, 1.07617783834, 1.075140664, 1.08578233217, 4.8916318501, 0.937906775395, 0.956918948729, 395.148714348, 0.891487124728, 1.24745355908, 1.18196502242, 3.49629488664, 0.926764050688, 957.256320917, 25.8847744834, 9386.02153257
5.29755404964, 1.08553209258, 1.29800392188, 1.18214167926, 4.46434368781, 0.71, 3.88412015314, 1.10832994494, 1.07503092059, 3.8348958737, 3.80341555188, 1.21481223174, 3.04711508776, 0.95335647504, 0.800411091828, 1.28287509341, 1.13405703022, 1.05606823304, 5.62328368723, 1.1686895305, 0.863802238657, 98.0316300709, 0.923594263632, 5.05669002042, 1.1367003151, 5.48, 0.953319693086, 513.201962768, 24.0721518934, 1191.17491757
3.9911487168, 1.43, 1.08833309666, 1.16515088509, 4.36393517185, 0.828257551073, 5.1900426215, 1.21616317894, 1.08590303317, 4.2497049458, 5.1099684888, 0.955458850976, 2.97975733409, 1.07187996514, 0.976706517357, 1.02807359997, 1.08726090504, 0.821298155741, 5.42607325444, 1.00895270977, 0.920930719071, 303.321615166, 1.17414157613, 5.80566804406, 0.966073444103, 2.28859497138, 1.11741141057, 1535.92928, 25.6058783966, 11598.9999126
2.81223561585, 1.38906434485, 1.10867016572, 0.888775382169, 5.30773840018, 0.864233114595, 5.4743525622, 1.07511807321, 1.04761250132, 3.17020280865, 6.22225786493, 1.14450321238, 3.63802517076, 1.23785375283, 1.05136140139, 1.18294998784, 1.13663723671, 1.0812469009, 7.20254207212, 1.13651895193, 0.841549387559, 92.3136592168, 0.988040472356, 4.4133431546, 1.1201034008, 4.25839424156, 0.972975797009, 1757.72067547, 36.7346201958, 29837.7139821
2.47023214714, 1.25589002457, 0.847805289158, 0.8, 2.32098571785, 0.741251555081, 5.22603725281, 1.10489256843, 0.9, 1.85076438582, 7.8, 0.81675121408, 1.9774895539, 0.87459495268, 1.04925109915, 1.09319482057, 1.01107473312, 0.903144893625, 9.04567994904, 1.13053472684, 0.98698352313, 296.862930766, 0.941440527201, 5.41035206706, 1.21013753822, 5.03037069547, 0.87, 1185.27153245, 26.7678005511, 14848.0649372
4.34006580297, 1.26193372459, 0.896111513538, 1.15298558009, 6.24578762104, 1.02201859974, 4.55964561214, 0.82, 1.07125642946, 2.19994260005, 4.64371934587, 1.13213417405, 4.39222298425, 1.05909342271, 0.882350222074, 1.07578440227, 1.07401042064, 0.926513696114, 7.8353019998, 1.01677553641, 0.911798009567, 215.749255316, 1.0776864333, 3.60363622998, 0.992375026955, 5.48, 1.02515786036, 245.234044879, 26.9824383203, 762.024301201
5.19960915675, 1.06261930454, 1.32672614753, 0.831635442485, 3.13183959043, 0.957320301818, 3.35722117686, 1.12696327058, 1.03233759187, 4.62972253692, 5.86263658569, 1.17730240638, 5.07, 1.29, 0.96209728762, 1.05158783857, 1.11452606738, 1.00854248437, 4.9595412751, 1.16890135535, 0.894803714251, 306.24806792, 0.847244920442, 3.87756325749, 1.02431573453, 1.71876966723, 0.949213247969, 1609.19850945, 24.6199365293, 3425.01071664
5.44327580558, 1.08935544193, 1.24638506998, 1.21957969923, 1.9772302379, 0.91284949542, 4.08943120771, 1.15124261625, 0.999971682928, 5.9719371077, 3.03741147254, 1.15262161182, 3.05576354098, 0.859952288821, 0.818938187486, 1.63, 1.02525263219, 1.00861280994, 9.76972754062, 0.9426194799, 0.961726359885, 222.416592857, 0.919167678232, 3.11301401302, 0.988546971396, 1.01, 0.93443768299, 309.791792874, 17.5103522448, 2050.77482644
4.68357404115, 1.43, 1.48665793068, 0.983490511321, 5.37371657186, 0.800092566412, 2.57022777546, 1.25632220714, 1.00491812067, 5.0392143371, 6.1978517085, 1.05614632291, 2.14623043519, 0.836687993533, 0.78, 1.52895675946, 1.0025554969, 1.09026935689, 7.20232205802, 1.01209453777, 0.82682448372, 184.972060194, 0.880984705549, 1.60892683371, 1.02095067642, 1.89351137039, 1.18103309491, 492.488837696, 16.9388242954, 3462.50612929
2.2186241622, 1.17813589661, 1.40674702145, 1.14805484405, 3.57313812944, 1.1698673312, 4.62532371735, 1.14138296233, 1.10683925445, 2.11153571741, 3.6712191243, 0.874301670342, 1.826756476, 1.05036443409, 0.981034259107, 1.43921342916, 1.03256679386, 0.994081492017, 6.61757802142, 1.0077391975, 0.895821441075, 255.683895451, 1.15323621623, 4.94544091094, 1.15620773795, 2.43899259479, 0.978523538628, 1497.78948233, 27.1930927581, 10748.52372
2.61425009534, 1.42106297069, 1.70782103472, 0.857736465377, 5.92086618194, 0.714770049547, 3.03956378964, 1.23940333822, 1.12628890376, 1.86536974501, 1.91291729587, 1.18747450521, 4.85405155619, 1.26722767491, 0.781691457657, 1.35072964627, 1.15362629438, 1.05692004537, 3.29361122432, 1.05151306395, 0.793677660847, 389.393242069, 0.918173955668, 5.62820751785, 1.13182997632, 3.06608747239, 0.939968417853, 328.236755743, 29.0964608136, 2240.39412838
2.42470660747, 1.21951081974, 1.33612903814, 0.964819712978, 3.41012099525, 0.918334910066, 1.44233131953, 0.92397817497, 0.94418521337, 2.21554930512, 4.31656868155, 1.18871707144, 1.56070870665, 1.16182301763, 1.01597073369, 1.07878224828, 1.10154891678, 0.948005212483, 4.5736471512, 1.05996924712, 0.894308670917, 207.512822676, 0.860953493024, 1.61483889951, 0.968062149603, 4.31297763431, 0.971217663056, 189.090509677, 14.8710206176, 713.21403668
4.29540192535, 1.21804122782, 1.25648364637, 0.878715126351, 2.07557547629, 1.148129226, 1.29754986774, 0.895086985159, 1.03779901605, 4.68343504437, 3.34240917027, 1.09643407907, 2.75069110451, 1.09158583756, 0.95258921272, 1.11102141801, 1.0857200413, 1.19282529557, 6.8132359817, 1.07949870949, 0.917626605235, 265.460246051, 1.12326819273, 1.73744128847, 1.11144138801, 3.48070069273, 1.03618767306, 501.530030707, 31.7290095602, 8681.26676411
5.4640484458, 1.36549881265, 1.5994754979, 1.22, 6.7822011417, 0.829804547143, 4.0688494558, 1.13814946128, 1.11940812308, 5.32189556064, 6.78873887115, 1.03116662596, 1.99163841099, 0.856933767078, 0.936810939622, 1.33030944471, 1.01833469779, 0.913285341355, 3.22010840462, 0.926653497764, 0.867327379043, 223.680985975, 0.895596444602, 1.95525594417, 1.10430837705, 2.96931207056, 1.3, 1443.93719736, 24.8701322793, 8575.26632626
5.72641638019, 1.3275115085, 1.33399419339, 0.938738334547, 5.7028642315, 0.967231806852, 2.64997370021, 1.05795848687, 0.956317265902, 6.18002705133, 5.88375558808, 0.950895032036, 2.91827865956, 1.06493587896, 0.863890131214, 1.17349068395, 1.03245847044, 0.904058401263, 6.15899244642, 1.08447143619, 0.879514553386, 134.241367622, 0.8981929979, 3.62723251223, 1.15319200299, 2.78428775355, 1.02165307119, 258.926269594, 17.0882045001, 1478.82358733
3.43459318083, 1.20568633198, 1.74, 0.934444376225, 3.33853627897, 1.04815889962, 2.50904443704, 0.82, 1.08840391336, 1.57362227672, 3.87132024896, 1.16694073467, 4.20161284272, 1.02220796523, 0.828064833099, 1.55317568635, 1.16677363035, 1.17474625207, 8.36877410253, 1.04917999937, 0.854392885872, 49.3221987767, 0.84, 6.0, 1.22200872394, 5.48, 0.897209343298, 2242.81940906, 36.993622657, 11607.9271518
2.5010350414, 1.43, 1.57856038034, 1.11776368483, 7.01895343531, 0.933382695893, 1.0, 1.26, 1.13321479981, 5.57839942572, 2.36129104351, 1.22, 4.65915760731, 1.25286989955, 0.78, 1.49853615996, 1.02140756309, 1.00002754389, 3.91200081001, 1.16933913035, 0.809154702304, 391.256373587, 0.937277537014, 5.5230777643, 1.17381581039, 3.05023596101, 1.02713230711, 3092.42316575, 36.1228254222, 4290.19009114
4.27838416384, 1.41816917198, 0.73, 0.907592494702, 3.42937057548, 0.840966993412, 5.22803743143, 0.835013233362, 0.9, 5.46201116185, 5.09174225151, 0.921939505634, 1.75716185357, 1.29, 1.01419941196, 1.40676184037, 1.1156348442, 1.21847321858, 9.66040213544, 1.17133785396, 0.884409410804, 359.270744118, 0.84, 4.87724112858, 1.05258791095, 1.4190875454, 1.25684259907, 1147.46784506, 43.3757441803, 4668.39460298
2.07097797678, 1.32947317379, 0.975935547637, 0.927097816439, 4.33998593994, 1.00922472603, 3.98524294338, 0.8861507993, 1.01593082406, 5.69380741158, 6.17377099996, 0.946600729589, 4.52537462937, 1.14237381725, 0.8786472097, 1.43914764071, 1.05101935344, 1.11556017104, 5.35392375362, 1.08171661462, 0.83608154762, 180.681442513, 1.17011875934, 4.87321976127, 1.07228092563, 5.40738533472, 1.24185987599, 1180.91230357, 29.9994825896, 1394.25773292
2.83756774335, 1.01340277146, 1.51703106281, 1.1915424169, 4.99827094273, 1.11240953147, 4.76890850847, 0.842963746336, 1.13979591073, 3.92575698115, 6.01927883256, 0.978024100226, 2.71266394415, 1.11848571815, 0.819042708284, 1.50501171062, 1.08968572484, 0.81, 6.58250058371, 1.16802276956, 0.829796878769, 204.64109334, 0.86884172392, 2.82932246114, 1.0940659165, 3.01140283326, 1.13099717109, 637.660596699, 22.3549741015, 5000.03847965
3.97190343709, 1.06746095779, 1.04151263436, 1.08087872779, 4.44146830634, 1.04547746908, 5.93912570251, 1.04967941594, 1.03292051894, 5.54276473174, 2.53575553421, 0.86217925863, 2.60478416666, 1.10820104242, 0.903391774898, 1.44218920998, 1.09824505438, 1.07184491591, 5.75749788433, 1.14061391986, 0.910480419621, 87.1106506686, 1.14217323177, 4.61120695078, 1.21511143734, 5.02788177147, 1.08327112186, 3464.52900976, 32.8935247944, 9165.9454986
4.38091772514, 1.2992729078, 1.02650548264, 0.883080068119, 7.07, 0.819893368222, 2.0579975099, 1.21959246338, 1.04979758873, 4.20966085093, 1.84169099245, 0.921945755863, 4.44512733877, 1.15890630389, 0.948578312231, 1.16142009266, 1.1431092157, 0.900339776382, 3.78865766367, 0.916601866702, 0.872068534014, 370.633195444, 0.984322850433, 4.71453008749, 1.24, 4.35099741534, 1.04307433499, 639.797351906, 21.9719951332, 10928.4701746
3.91596476193, 1.13652017368, 0.73, 1.115940133, 1.48765628211, 0.71, 5.66160544816, 1.22174751204, 1.14, 2.18443452439, 2.11333723317, 1.02917736037, 1.94953392932, 1.07671970036, 0.848875996652, 1.41284530445, 1.02252648913, 1.1337201786, 9.45802355908, 0.932051311386, 0.961918934224, 189.569303943, 0.883948542719, 3.7549727431, 1.15640639537, 4.3883986111, 1.09194015936, 2018.46846544, 26.2589853793, 8102.34799274
5.27246874572, 1.15013157323, 1.11189525996, 1.03325779307, 3.27591991912, 0.769566457601, 3.1696321341, 0.980088303819, 1.00716452993, 5.99502417265, 1.71483248039, 1.04033382551, 2.03237611128, 1.19519531872, 0.784936352092, 1.58484726677, 1.12601507005, 1.16247602713, 8.70632611872, 1.17483041812, 0.865323146766, 413.682709426, 1.1861194357, 2.86481760585, 1.06830368077, 1.19562374229, 0.981254155843, 186.060386133, 18.0192167051, 2580.15498428
1.75808249463, 1.19454979913, 1.1107103978, 1.1277980239, 2.31043185964, 0.890246990779, 6.0, 0.967063976268, 0.921455078418, 3.89449913887, 7.72724249224, 1.04865493064, 1.01, 1.26138997164, 0.928164583133, 1.32423445433, 1.17, 1.12830218376, 6.80557567113, 1.0962682137, 0.940786691221, 74.9024457564, 1.03084427536, 2.68325846111, 1.24, 4.71101448845, 1.19468735084, 609.325721176, 21.0073010686, 1575.92094765
4.93044329571, 1.06594192358, 0.73, 1.11532252579, 3.61838410318, 0.86862160206, 4.16849290756, 0.943845583833, 0.978831597003, 5.08552274102, 5.74170853122, 0.85479309009, 4.36812392202, 1.29, 0.899177420604, 1.52750409786, 1.17, 1.22553170979, 6.57921771919, 1.19, 0.992324496832, 338.511983874, 1.2, 2.96519786141, 1.12882761715, 5.17515445487, 1.02533767915, 1534.99786092, 36.6785055824, 8145.22674873
5.04373177674, 1.03379339964, 1.34225044214, 1.15653795684, 5.55672913254, 0.852283431358, 6.0, 0.999822490397, 0.912485612678, 2.69108838508, 7.8, 0.841621004814, 3.05949769489, 0.873796510744, 0.981855589418, 1.38586623222, 1.03853886233, 1.15381057041, 9.42268268067, 1.13538194678, 0.806835705993, 7.0, 0.873477454735, 3.29253660398, 1.08054033014, 2.22880284303, 1.06420221937, 665.633711951, 26.0312190501, 3046.05510565
1.35315877781, 1.34560246941, 1.70095132123, 1.00237461754, 6.22092104792, 0.846790437778, 3.92357325941, 1.16559956907, 1.0249267849, 2.00040386849, 2.29611406667, 0.971595534957, 4.61020266732, 0.825055528364, 1.00703784419, 1.00607949973, 1.10118914177, 0.859938338429, 8.54678255029, 1.17652022447, 0.840159274387, 255.540168118, 1.00689327107, 4.36493376484, 1.01948230417, 2.57874904109, 1.18774218115, 785.642273047, 22.3048244585, 6217.06064801
1.0, 1.42314558734, 1.06326238915, 1.10014162605, 3.76310381931, 1.19, 5.32526161262, 1.12650363785, 1.0038785942, 5.47274167815, 5.32599638556, 1.15852725023, 1.56515687329, 0.851122833174, 0.96316763897, 1.63, 1.05112543679, 1.23, 5.14074691179, 1.01561716107, 0.944544013565, 18.7639713223, 1.0771019864, 3.34251265372, 1.10267628445, 2.47457738234, 0.942429263416, 628.703902699, 18.6644382016, 1673.03641743
2.16544877547, 1.22634064765, 1.02515029614, 0.857126911944, 3.76226663819, 1.15592706233, 3.12117445334, 1.02676975025, 1.00062753495, 2.12881275594, 4.8784511593, 0.979420729099, 2.09276828648, 0.818684583681, 0.919360709902, 1.60304542563, 1.06139106456, 1.18162571625, 4.97524442286, 1.1833392468, 0.770516113138, 123.129666932, 0.886587914381, 2.23131962542, 1.0262615198, 3.26963329682, 1.06518824905, 2184.26311322, 30.848868485, 6196.96259868
4.08511792198, 1.25456666387, 1.31870499845, 0.923464584729, 4.30799864878, 0.764845811804, 5.96524113347, 1.0692943448, 0.901269123484, 3.55750847827, 7.55977924318, 0.965762093006, 4.22980882055, 0.977723626272, 0.904742339619, 1.43933358978, 1.03133403956, 0.973223578066, 6.63691674409, 1.08991300689, 0.965856713837, 136.821342793, 1.04277244103, 4.26906852932, 1.15559184676, 2.31002136095, 0.997750116407, 619.530727364, 17.9906504687, 3981.81047078
1.7969213297, 1.41706541792, 1.69529975594, 0.889064157796, 6.28184766287, 0.909461511349, 6.0, 0.992379824918, 1.02628323244, 4.58071839293, 2.77781627759, 1.00627818719, 3.96087115847, 1.1089020284, 1.02994776357, 1.19274047713, 1.12178420082, 0.849163442162, 8.46146029619, 1.07066636175, 0.931088644202, 345.888321798, 1.14772499416, 3.85219627768, 1.05575067775, 2.86190164054, 1.3, 2191.52429829, 27.8976256759, 9981.82885957
1.80597079053, 1.0, 1.64617409123, 0.90534917459, 2.02585795177, 0.900940848266, 3.41264768078, 1.2150836211, 1.0562503241, 5.8055077685, 6.95033882762, 1.18324280473, 3.00855732317, 0.862691653074, 0.926098527651, 1.13802330689, 1.08943657663, 0.823219536906, 9.11114280375, 1.01963719376, 0.76, 418.0, 1.19784048034, 3.94670683873, 0.95, 1.48903036141, 0.967907040839, 864.204577596, 20.0416568393, 6838.65395949
2.52058800051, 1.4278734697, 1.41703765707, 1.2168920767, 4.52681617969, 1.0767748161, 5.03872806677, 0.9761250095, 0.972118562589, 5.94178543034, 7.54927146222, 0.931787730355, 3.3842902793, 0.9016552725, 1.01724453034, 1.61923826784, 1.01824439453, 1.0135574934, 7.88127724522, 0.913502297258, 0.880769705913, 196.182197222, 0.955714402043, 3.48237281097, 1.13982798166, 1.22272396754, 0.903539317799, 711.860941874, 19.1231367844, 6427.83645937
4.06696870399, 1.0916160514, 1.6544777155, 0.855801886746, 6.26611553826, 0.984190704145, 3.69409039092, 0.965358987998, 1.02859546596, 6.07089908821, 1.56, 1.16444996884, 4.07476365105, 0.8312154527, 0.959908658163, 1.16961689753, 1.02372209894, 1.16406568663, 3.71489186639, 0.929465064512, 0.776993784258, 387.96061883, 1.01927312125, 6.0, 1.10830597287, 5.3893244871, 0.995979457104, 2267.18837726, 31.4947784071, 16895.405096
1.42759463218, 1.32603495319, 1.66831228094, 0.802147087336, 6.33881120097, 0.935991175609, 1.53858871225, 0.865560208906, 0.918480956355, 5.06765970471, 5.71089288459, 0.853083039385, 1.86882372631, 0.870788939129, 1.06032879905, 1.27721967485, 1.06930305841, 0.885126889008, 4.33137247552, 1.07649099455, 0.909212267635, 384.071778544, 1.15019996873, 4.12915204517, 0.972516345545, 3.49626732939, 1.00661446516, 806.151296044, 20.1372013095, 2855.50900664
1.43907579437, 1.38316277526, 1.13802894751, 0.899408534725, 5.51336278218, 0.823321368474, 1.03548582533, 1.13667364519, 1.03983030444, 4.80468853915, 6.22372165898, 0.924623543815, 4.62132454369, 1.2615402847, 0.935919074805, 1.2783011756, 1.08918480105, 0.856183683725, 6.11346439968, 0.939813680081, 0.926331665008, 212.791230214, 1.14159315617, 3.21799030719, 0.966585817671, 3.23154666256, 1.02025876471, 2414.52905986, 34.0553294569, 4620.86473626
4.39256122295, 1.21520309349, 0.919500040601, 0.948309011225, 3.12965066832, 1.1119926404, 1.24396452136, 0.842980901473, 1.06816536259, 5.58110616268, 5.40067343994, 1.00068363403, 2.92365130671, 0.985149352844, 0.975325692943, 1.08999956612, 1.0946840594, 0.998081961033, 3.17169980784, 1.0822991454, 0.919783844142, 284.170007875, 1.03260212479, 1.38420929366, 0.970797029443, 1.48603112312, 1.08484268974, 142.804635054, 12.0357841146, 2097.96015142
4.82578189839, 1.10385341503, 0.817270038385, 0.8, 4.53606981905, 0.82944639841, 1.84917295988, 1.08249460724, 0.9, 4.61937973246, 2.16760802659, 0.989243511585, 1.32757957509, 0.81, 1.07023879014, 1.17885838085, 1.00412294646, 1.029988903, 10.0, 1.16239803274, 0.817105598799, 245.155839019, 0.909933575374, 3.59989567468, 1.06855465614, 5.48, 0.920585994893, 152.579441326, 17.7308197327, 1671.50250657
3.47630986023, 1.33497374719, 0.858442537751, 0.87424742217, 1.86948715349, 0.93183198739, 2.08171920296, 1.22130816551, 0.929464680516, 1.24, 2.83146269334, 0.888036181172, 3.97635543979, 1.25295589284, 1.09, 1.13631410276, 1.03649540587, 0.958052999944, 9.18848858854, 0.91, 0.828857612886, 243.295817908, 1.08359219333, 4.01963654236, 0.958646641344, 1.51590205511, 0.907204918884, 1837.14984919, 25.8596984537, 7750.11175267
3.51859587133, 1.02034832708, 0.935328498469, 0.935508918316, 6.02186159351, 1.0385992544, 2.66346257023, 1.10937629384, 1.05047125247, 1.24, 3.18472849676, 1.12418908473, 1.01, 1.11168137836, 0.858806626427, 1.1385260837, 1.05361012527, 1.16614544635, 9.86980923678, 1.01240873322, 0.836504929995, 364.957899984, 1.10747575758, 5.80672621042, 1.05995928123, 3.85563560133, 0.941535420662, 3331.21594442, 36.6339867479, 23202.7788514
4.70089270233, 1.03566198465, 1.1392044249, 1.0726697065, 5.39748028079, 1.17495572996, 4.38116758336, 1.02284310699, 1.0110456312, 1.53892892497, 4.39760371592, 0.838931751571, 5.04461633318, 1.21695194382, 0.810512475614, 1.23799514747, 1.13650197449, 1.08722780829, 9.57389380192, 1.08643180385, 0.9279845607, 96.0197059603, 1.2, 3.41864095347, 1.15503172212, 2.79114479363, 0.943806781179, 955.063607377, 30.6131468643, 13778.4007874
4.98291819264, 1.1779502236, 0.772190446752, 1.18282413838, 2.86827583855, 0.845000015877, 5.7302735626, 0.940786814591, 1.05595802235, 2.78058575296, 5.64038751078, 1.01104565882, 1.71214947529, 1.08979336372, 1.07460348731, 1.47646973037, 1.05076380054, 1.03250479355, 4.11342897762, 1.09685191369, 0.997651607741, 187.305028002, 1.1163754971, 3.45071506189, 1.23691193453, 4.35636936886, 1.29857942969, 1047.14588542, 31.2728294461, 27669.6774928
1.58951068155, 1.18830139771, 1.70827273551, 0.8, 4.51986155995, 1.06364364016, 1.25297186891, 1.0652085319, 1.00644195368, 2.8373048697, 6.95987669036, 1.04781025062, 3.33590056974, 1.12735536687, 0.939034236756, 1.54362101429, 1.08011643292, 1.02979168103, 7.6867111859, 1.10089512033, 1.0, 215.694806469, 0.874329995731, 3.96495588895, 1.1439362188, 3.73546977926, 1.08852773572, 429.106625848, 23.7310026692, 1874.68895743
1.74183394068, 1.29949114181, 1.36267334919, 0.817522499815, 2.99801101873, 0.967928013317, 5.85877942347, 1.24561695247, 1.08428222261, 4.6389258593, 7.8, 1.06295052548, 1.01, 0.877110556007, 0.861959275762, 1.02180081016, 1.04639469583, 1.0425836763, 4.67738861249, 1.158134866, 0.76, 277.61102263, 0.982509950263, 3.41729995283, 0.95, 2.70740900007, 0.962742044393, 2541.58083642, 28.5807666104, 26561.4844524
1.11118841031, 1.35990491326, 1.11597300311, 0.818907224671, 3.54630932746, 1.05479330792, 4.17028660832, 0.863508136906, 1.08713530258, 1.37958323763, 7.76641593685, 0.861707106954, 1.23836936526, 0.98010255174, 0.792207382535, 1.51131857797, 1.00732076528, 0.868812503911, 4.81036488666, 1.19, 0.988619561982, 396.757047806, 1.01830290244, 4.7926027215, 1.11643774541, 2.96057863713, 1.25303229757, 1119.59938241, 43.4896602301, 14805.3742272
4.77545595302, 1.37877275463, 1.13044973695, 0.823462205201, 2.38269287008, 0.867452944901, 4.85083844329, 1.23668415792, 1.10159013164, 5.25137223541, 4.6831818985, 1.10808498885, 1.59893245762, 1.18331048682, 0.783945474959, 1.38657690813, 1.14808200002, 1.18587693907, 8.16947253856, 1.12843543445, 0.938195890597, 136.680198919, 1.13387620227, 3.81673042107, 1.00880786793, 1.61565855348, 1.22837069427, 260.520651836, 16.5721255461, 9253.22162145
5.8917065322, 1.27254261296, 0.73, 1.16991202903, 3.79134852693, 0.775331367812, 4.53512236242, 1.21146419917, 0.996016674283, 1.24, 4.64800889001, 1.00368403775, 4.15083679141, 0.928649690208, 0.953078232237, 1.42453443235, 1.08863241223, 0.988974799795, 4.38348297688, 1.05679514784, 0.920956323481, 68.3639232258, 1.04161229118, 5.1573178591, 1.20186578654, 4.79822471856, 1.008750435, 138.156487099, 14.0681536104, 551.443791874
4.70949503621, 1.43, 1.21978160027, 1.13855027584, 4.48297728462, 1.19, 1.13732891274, 0.949710063879, 0.926522332795, 4.85875162368, 4.75273703863, 1.07744126062, 2.45838039594, 1.28302826395, 0.93490592565, 1.15045745854, 1.10282537479, 1.00992566352, 5.88399632475, 1.07468846272, 0.992538187883, 317.171675344, 0.970611902019, 1.10728055435, 1.08719080956, 3.47515953814, 1.27715232656, 617.819579595, 21.2089859107, 4348.06901155
4.47523432056, 1.37716962181, 1.66354742859, 1.18929324697, 5.21544756707, 0.728171519652, 1.0, 1.01989285921, 1.03695520862, 3.61355170458, 5.0445642025, 0.98933649748, 4.19486282124, 1.24165651434, 1.04369463126, 1.6181640814, 1.16158284901, 0.903627018252, 3.0, 1.07919671962, 0.927726455571, 355.811425917, 0.84, 4.83733811061, 0.950845980763, 2.29402462048, 0.909556345872, 3117.48970634, 29.5463263241, 15035.3820996
4.18715264343, 1.00734801086, 1.58745833559, 0.968629554631, 6.7537917855, 1.03022957274, 1.44894537064, 1.26, 0.902737260513, 5.01722488128, 6.1227651737, 1.14621026515, 1.01, 0.997471499493, 0.920167990045, 1.12349717998, 1.0, 0.81, 4.04615632345, 1.0864876415, 0.78438038247, 328.744010027, 1.07663759364, 3.71688816604, 1.0039274985, 2.05050324426, 1.16409441922, 477.170391219, 16.3803813766, 2879.98585868
2.09114793458, 1.25822308491, 1.26313150789, 0.971124422253, 6.86292896306, 0.942309358859, 6.0, 1.16019308926, 1.01118745205, 6.12876557962, 7.60372470523, 1.06406377764, 3.02084915157, 0.847674235348, 0.802355826394, 1.00092750423, 1.1468268094, 0.875450832683, 6.59079914082, 1.09550519889, 0.964539570048, 7.0, 1.12227648036, 1.36179638344, 1.1938502567, 2.39584301432, 0.907973381449, 1063.59135166, 24.9284119061, 7809.99650566
2.24078695041, 1.20500982259, 1.46119104126, 0.995189370247, 4.39207830917, 1.00809790433, 4.10432011008, 1.20312200633, 0.965926770674, 4.14098183809, 3.42126319011, 1.16067475318, 1.47361067753, 0.991694160732, 0.807114967595, 1.4956275378, 1.12975581179, 1.21245400727, 6.75865733625, 1.01591192856, 0.839694685702, 204.685094966, 0.98468904463, 2.29313617741, 1.0258436455, 3.2330119257, 0.940748653062, 1034.39924949, 32.5220407115, 4044.33442565
2.58674608184, 1.42494724432, 0.90435596254, 1.10734450262, 4.92295288047, 0.895523474315, 1.26626092077, 1.2171715942, 0.912470972282, 1.74750181349, 3.37840317147, 0.895115942646, 2.03452645989, 1.09112693731, 0.810146954707, 1.63, 1.09226127011, 1.1677679805, 9.22286171649, 1.01138079076, 0.966292994281, 216.523130625, 1.01975952753, 4.82717125013, 0.979585214116, 2.91526226241, 1.0589333344, 328.665244426, 21.6819489898, 2592.65306545
4.11215508715, 1.21749004366, 1.18237474855, 1.22, 3.22733655679, 0.717021358411, 1.40621847978, 1.01107439773, 0.925672033879, 2.62506681913, 6.29932890292, 1.14064520456, 3.33331025162, 0.81, 0.936870992379, 1.63, 1.06098945498, 0.883962344586, 6.55331984991, 1.06308743032, 0.986020931008, 251.504323441, 1.0740797654, 1.81008010457, 1.19967892147, 3.39764841626, 0.910197407842, 469.433370227, 32.7843121018, 2986.29676944
1.0, 1.3679712987, 1.04454104392, 0.880295865337, 4.31419604742, 1.19, 1.37131544451, 1.1641402318, 0.973951840424, 5.40260791202, 5.22365449665, 1.03136796769, 1.69958802608, 0.969525990173, 0.947604288097, 1.18937835252, 1.08592376168, 1.11754168994, 4.85267626576, 1.13268335768, 0.888799147492, 277.1581407, 0.84, 1.2937039127, 1.12025790633, 2.77463773865, 1.2044291048, 1096.54243826, 46.1683284001, 3153.30497852
1.21230590868, 1.43, 1.45582227521, 0.949051182631, 7.07, 0.71, 5.8411526138, 1.08881649441, 1.13024212889, 5.62679367487, 7.8, 0.978109931444, 4.19858356033, 1.20256314887, 0.968335843664, 1.63, 1.07234965144, 0.877567948286, 7.14051098113, 1.01230412262, 0.817630414533, 172.821115164, 1.11581385593, 4.46908330825, 1.09045422806, 4.83666365371, 1.22790372275, 188.436530879, 13.0507403573, 1010.87793609
1.30425644686, 1.33686373093, 1.62177117031, 1.12989132421, 6.85972182672, 1.01802545503, 1.88944908, 1.04985066747, 1.10125670535, 6.02951067023, 6.86733396333, 0.897791968267, 2.97961772609, 1.11266515534, 0.931229790055, 1.16915676262, 1.1602432214, 0.99169705834, 4.05353942727, 1.0015449882, 0.803169398912, 67.3014445876, 0.886792262236, 3.71835281808, 1.16222361307, 1.14955833169, 1.198403087, 1002.90347273, 25.9229642725, 5264.78046472
5.94821392457, 1.19493717549, 1.69736327062, 1.19127862221, 5.51808298049, 0.878215344895, 1.78830586916, 0.984112110064, 1.07829834174, 3.78772805792, 4.73889559093, 1.08280369951, 2.36299707518, 1.05565580833, 0.892316355515, 1.03925920503, 1.09255717936, 1.0777149583, 6.07798154528, 1.05983846489, 0.777620812915, 274.851961855, 0.845165938894, 5.54397700769, 1.22833594881, 3.58393095146, 1.24926379905, 135.692986301, 11.7652111331, 528.414721445
2.29441846378, 1.04922935236, 1.32443718194, 1.06971997451, 2.00110560534, 0.71, 5.81824034553, 1.1759486108, 0.957628855799, 6.18628194199, 1.65783974203, 0.914010168239, 1.68217689079, 1.26777606205, 0.976819526676, 1.18392620284, 1.0, 0.90097765376, 3.65396208696, 0.956956894012, 0.952813802011, 223.26222669, 1.02452923714, 2.79039719398, 1.00955710984, 4.71396146504, 0.87, 229.749351838, 27.8715168351, 382.658230101
5.65879150487, 1.38470276971, 0.776803144705, 0.960406397944, 2.75485864953, 0.739032218559, 1.69861588525, 1.13963569201, 1.11601467389, 3.94035812863, 6.54697318318, 0.992442462466, 1.42631429104, 1.19183377833, 0.794793055285, 1.39299305074, 1.16341152836, 1.05620694645, 3.08842967221, 1.11584809378, 0.967101774244, 112.642499305, 0.937848354127, 1.84543434301, 0.981223691083, 3.7307530182, 1.0717763067, 1604.29400598, 25.7134804382, 5484.50732412
1.49476679483, 1.43, 0.817801254163, 0.846329232435, 4.28542215678, 1.19, 5.24558183101, 0.82, 1.12206281269, 3.65424852331, 5.25839068916, 0.967908029658, 2.62677022447, 1.23460554684, 0.879160567951, 1.0, 1.16622585146, 0.95751136702, 4.28851379912, 1.19, 0.87817474033, 114.382171008, 0.863006529092, 5.13704126659, 1.18348648998, 3.47314019901, 1.13705771452, 253.311770754, 19.9923899779, 3066.19601814
5.5287712795, 1.05094129626, 0.859623566344, 0.898273980246, 5.66290301916, 1.06455264125, 5.1835759241, 1.26, 1.08243178095, 2.80444051524, 6.69997866879, 0.950404401023, 1.15628242288, 0.968341099319, 0.882737246062, 1.28724197015, 1.10352721002, 0.94693261271, 7.17720252369, 1.07891099449, 0.940936648891, 376.968206453, 0.983910552953, 3.21890983304, 1.023511631, 1.01, 1.3, 821.661111442, 23.1014616889, 4147.69209835
4.54958086197, 1.02900241999, 1.35185684801, 0.87246918186, 4.02206231371, 1.08637523901, 2.84582370405, 1.1367445722, 0.966077700379, 2.17387901382, 2.6786405025, 0.86299895372, 4.32490955768, 0.966426736394, 0.893734393724, 1.56639975149, 1.0, 0.991788989908, 5.54947445833, 0.98732644171, 0.917754833991, 52.7567167566, 0.914649997259, 4.54751360617, 1.10785218271, 1.28099058696, 0.897843762437, 1175.4314569, 31.845223377, 17343.7999502
5.89422464637, 1.26503356721, 1.71461145022, 0.950288556193, 3.95359761577, 0.71, 2.65223022958, 0.97166907397, 1.13299814958, 4.99872379043, 1.88387031149, 1.08819572071, 2.10578489248, 0.81, 0.92101052326, 1.59715580717, 1.01651660701, 0.856345866495, 8.73863330582, 1.09184699633, 0.824748554574, 354.500715881, 0.936081774673, 4.00800285548, 1.24, 2.72938572865, 0.888940378317, 1170.0071566, 21.2942457128, 4201.63991561
2.35413781025, 1.24902362686, 1.3477155466, 1.0688160575, 2.63257997628, 1.18773595801, 3.56830763028, 0.848702323658, 0.987727660938, 4.44244499684, 4.08639404948, 1.02445730435, 4.99382252127, 1.01484392021, 1.02694019734, 1.44196569742, 1.04317553337, 0.953832931762, 5.41372126132, 1.04465073839, 0.880647641272, 210.908140582, 0.888242437904, 2.42610403271, 1.23645170763, 5.23774865489, 0.937974109321, 3086.93305805, 36.3076448219, 32223.5398043
