0.664480523586, 0.842127996986, 3.18768820518, 0.614297092724, 45.1206188856, 13.943637109, 0.0337213858953, 4.56274500324, 3.35091857441, 65.534239945, 0.412091112993, 0.809523809524
0.723021234775, 0.842127996986, 3.18768820518, 0.614297092724, 45.1206188856, 13.943637109, 0.220684241169, 4.56274500324, 3.35091857441, 42.178428115, 0.26466014442, 0.222222222222
0.723021234775, 0.842127996986, 3.18768820518, 0.614297092724, 45.1206188856, 13.943637109, 0.220684241169, 4.56274500324, 3.35091857441, 42.178428115, 0.26466014442, 0.222222222222
0.723021234775, 0.842127996986, 3.18768820518, 0.614297092724, 45.1206188856, 13.943637109, 0.220684241169, 4.56274500324, 3.35091857441, 42.178428115, 0.26466014442, 0.222222222222
0.723021234775, 0.842127996986, 3.18768820518, 0.614297092724, 45.1206188856, 13.943637109, 0.220684241169, 4.56274500324, 3.35091857441, 42.178428115, 0.26466014442, 0.222222222222
0.723021234775, 0.842127996986, 3.18768820518, 0.614297092724, 45.1206188856, 13.943637109, 0.220684241169, 4.56274500324, 3.35091857441, 42.178428115, 0.26466014442, 0.222222222222
0.723021234775, 0.842127996986, 3.18768820518, 0.614297092724, 45.1206188856, 13.943637109, 0.220684241169, 4.56274500324, 3.35091857441, 42.178428115, 0.26466014442, 0.222222222222
0.723021234775, 0.842127996986, 3.18768820518, 0.614297092724, 45.1206188856, 13.943637109, 0.220684241169, 4.56274500324, 3.35091857441, 42.178428115, 0.26466014442, 0.222222222222
0.723021234775, 0.842127996986, 3.18768820518, 0.614297092724, 45.1206188856, 13.943637109, 0.220684241169, 4.56274500324, 3.35091857441, 42.178428115, 0.26466014442, 0.222222222222
0.723021234775, 0.842127996986, 3.18768820518, 0.614297092724, 45.1206188856, 13.943637109, 0.220684241169, 4.56274500324, 3.35091857441, 42.178428115, 0.26466014442, 0.222222222222
0.723021234775, 0.842127996986, 2.50040321825, 0.597032922219, 45.1206188856, 13.943637109, 0.220684241169, 4.81481832473, 3.35091857441, 65.8634965352, 0.32047599529, 0.3
0.723021234775, 0.842127996986, 3.18768820518, 0.614297092724, 45.1206188856, 13.943637109, 0.220684241169, 4.56274500324, 3.35091857441, 45.9889403123, 0.123631305873, 0.142857142857
0.723021234775, 0.842127996986, 3.18768820518, 0.614297092724, 45.1206188856, 13.943637109, 0.220684241169, 4.56274500324, 3.35091857441, 45.9889403123, 0.123631305873, 0.142857142857
0.723021234775, 0.842127996986, 3.18768820518, 0.614297092724, 45.1206188856, 13.943637109, 0.220684241169, 4.56274500324, 3.35091857441, 45.9889403123, 0.123631305873, 0.142857142857
0.723021234775, 0.842127996986, 3.18768820518, 0.614297092724, 45.1206188856, 13.943637109, 0.220684241169, 4.56274500324, 3.35091857441, 45.9889403123, 0.123631305873, 0.142857142857
0.723021234775, 0.842127996986, 3.18768820518, 0.614297092724, 45.1206188856, 13.943637109, 0.220684241169, 4.56274500324, 3.35091857441, 45.9889403123, 0.123631305873, 0.142857142857
0.723021234775, 0.842127996986, 3.18768820518, 0.614297092724, 45.1206188856, 13.943637109, 0.220684241169, 4.56274500324, 3.35091857441, 45.9889403123, 0.123631305873, 0.142857142857
0.723021234775, 0.842127996986, 3.18768820518, 0.614297092724, 45.1206188856, 13.943637109, 0.220684241169, 4.56274500324, 3.35091857441, 45.9889403123, 0.123631305873, 0.142857142857
0.723021234775, 0.842127996986, 3.18768820518, 0.614297092724, 45.1206188856, 13.943637109, 0.220684241169, 4.56274500324, 3.35091857441, 45.9889403123, 0.123631305873, 0.142857142857
0.723021234775, 0.842127996986, 3.18768820518, 0.614297092724, 45.1206188856, 13.943637109, 0.220684241169, 4.56274500324, 3.35091857441, 45.9889403123, 0.123631305873, 0.142857142857
0.723021234775, 0.842127996986, 3.18768820518, 0.614297092724, 45.1206188856, 13.943637109, 0.220684241169, 4.56274500324, 3.35091857441, 56.2904629422, 0.211594008547, 0.375
0.723021234775, 0.842127996986, 3.18768820518, 0.614297092724, 45.1206188856, 13.943637109, 0.164784956953, 4.56274500324, 3.35091857441, 24.8340277686, 0.0, 0.0
0.723021234775, 0.842127996986, 3.18768820518, 0.614297092724, 45.1206188856, 13.943637109, 0.164784956953, 4.56274500324, 3.35091857441, 24.8340277686, 0.0, 0.0
0.723021234775, 0.842127996986, 3.18768820518, 0.614297092724, 45.1206188856, 13.943637109, 0.164784956953, 4.56274500324, 3.35091857441, 24.8340277686, 0.0, 0.0
0.723021234775, 0.842127996986, 3.18768820518, 0.614297092724, 45.1206188856, 13.943637109, 0.164784956953, 4.56274500324, 3.35091857441, 24.8340277686, 0.0, 0.0
0.723021234775, 0.842127996986, 3.18768820518, 0.614297092724, 45.1206188856, 13.943637109, 0.164784956953, 4.56274500324, 3.35091857441, 24.8340277686, 0.0, 0.0
0.723021234775, 0.842127996986, 3.18768820518, 0.614297092724, 45.1206188856, 13.943637109, 0.164784956953, 4.56274500324, 3.35091857441, 24.8340277686, 0.0, 0.0
0.723021234775, 0.842127996986, 3.18768820518, 0.614297092724, 45.1206188856, 13.943637109, 0.164784956953, 4.56274500324, 3.35091857441, 24.8340277686, 0.0, 0.0
0.723021234775, 0.842127996986, 3.18768820518, 0.614297092724, 45.1206188856, 13.943637109, 0.164784956953, 4.56274500324, 3.35091857441, 24.8340277686, 0.0, 0.0
0.723021234775, 0.842127996986, 3.18768820518, 0.614297092724, 45.1206188856, 13.943637109, 0.164784956953, 4.56274500324, 3.35091857441, 24.8340277686, 0.0, 0.0
0.723021234775, 0.842127996986, 3.18768820518, 0.614297092724, 45.1206188856, 13.943637109, 0.164784956953, 4.56274500324, 3.35091857441, 24.8340277686, 0.0, 0.0
0.723021234775, 0.842127996986, 3.18768820518, 0.614297092724, 45.1206188856, 13.943637109, 0.164784956953, 4.56274500324, 3.35091857441, 24.8340277686, 0.0, 0.0
0.723021234775, 0.842127996986, 3.18768820518, 0.614297092724, 45.1206188856, 13.943637109, 0.164784956953, 4.56274500324, 3.35091857441, 24.8340277686, 0.0, 0.0
0.723021234775, 0.842127996986, 3.18768820518, 0.614297092724, 45.1206188856, 13.943637109, 0.164784956953, 4.56274500324, 3.35091857441, 24.8340277686, 0.0, 0.0
0.723021234775, 0.842127996986, 3.18768820518, 0.614297092724, 45.1206188856, 13.943637109, 0.164784956953, 4.56274500324, 3.35091857441, 24.8340277686, 0.0, 0.0
0.723021234775, 0.842127996986, 3.18768820518, 0.614297092724, 45.1206188856, 13.943637109, 0.164784956953, 4.56274500324, 3.35091857441, 24.8340277686, 0.0, 0.0
0.723021234775, 0.842127996986, 3.18768820518, 0.614297092724, 45.1206188856, 13.943637109, 0.164784956953, 4.56274500324, 3.35091857441, 24.8340277686, 0.0, 0.0
0.723021234775, 0.842127996986, 3.18768820518, 0.614297092724, 45.1206188856, 13.943637109, 0.164784956953, 4.56274500324, 3.35091857441, 24.8340277686, 0.0, 0.0
0.723021234775, 0.842127996986, 3.18768820518, 0.614297092724, 45.1206188856, 13.943637109, 0.164784956953, 4.56274500324, 3.35091857441, 24.8340277686, 0.0, 0.0
0.723021234775, 0.842127996986, 3.18768820518, 0.614297092724, 45.1206188856, 13.943637109, 0.164784956953, 4.56274500324, 3.35091857441, 24.8340277686, 0.0, 0.0
0.723021234775, 0.842127996986, 3.18768820518, 0.614297092724, 45.1206188856, 13.943637109, 0.164784956953, 4.56274500324, 3.35091857441, 24.8340277686, 0.0, 0.0
0.723021234775, 0.842127996986, 3.04867589969, 0.614297092724, 45.1206188856, 13.943637109, 0.164431477793, 4.56274500324, 3.35091857441, 54.4817514783, 0.266676989739, 0.2
0.723021234775, 0.842127996986, 3.04867589969, 0.614297092724, 45.1206188856, 13.943637109, 0.164431477793, 4.56274500324, 3.35091857441, 54.4817514783, 0.266676989739, 0.2
0.723021234775, 0.842127996986, 3.04867589969, 0.614297092724, 45.1206188856, 13.943637109, 0.164431477793, 4.56274500324, 3.35091857441, 54.4817514783, 0.266676989739, 0.2
0.723021234775, 0.842127996986, 3.04867589969, 0.614297092724, 45.1206188856, 13.943637109, 0.164431477793, 4.56274500324, 3.35091857441, 54.4817514783, 0.266676989739, 0.2
0.723021234775, 0.842127996986, 3.04867589969, 0.614297092724, 45.1206188856, 13.943637109, 0.164431477793, 4.56274500324, 3.35091857441, 54.4817514783, 0.266676989739, 0.2
0.723021234775, 0.842127996986, 3.04867589969, 0.614297092724, 45.1206188856, 13.943637109, 0.164431477793, 4.56274500324, 3.35091857441, 54.4817514783, 0.266676989739, 0.2
0.723021234775, 0.842127996986, 3.04867589969, 0.614297092724, 45.1206188856, 13.943637109, 0.164431477793, 4.56274500324, 3.35091857441, 54.4817514783, 0.266676989739, 0.2
0.723021234775, 0.842127996986, 3.04867589969, 0.614297092724, 45.1206188856, 13.943637109, 0.164431477793, 4.56274500324, 3.35091857441, 54.4817514783, 0.266676989739, 0.2
0.723021234775, 0.842127996986, 3.04867589969, 0.614297092724, 45.1206188856, 13.943637109, 0.164431477793, 4.56274500324, 3.35091857441, 54.4817514783, 0.266676989739, 0.2
0.723021234775, 0.842127996986, 3.04867589969, 0.614297092724, 45.1206188856, 13.943637109, 0.164431477793, 4.56274500324, 3.35091857441, 54.4817514783, 0.266676989739, 0.2
0.723021234775, 0.842127996986, 3.04867589969, 0.614297092724, 45.1206188856, 13.943637109, 0.164431477793, 4.56274500324, 3.35091857441, 54.4817514783, 0.266676989739, 0.2
0.769009954161, 0.842127996986, 3.18768820518, 0.614297092724, 46.8352717931, 13.943637109, 0.220684241169, 4.56274500324, 3.35091857441, 71.7427468871, 0.195587802275, 0.444444444444
0.644831072583, 0.862275727809, 3.18768820518, 0.614297092724, 45.1206188856, 13.943637109, 0.177495020664, 4.22995936733, 3.35091857441, 55.5493914417, 0.189061815008, 0.454545454545
0.644831072583, 0.862275727809, 3.18768820518, 0.614297092724, 45.1206188856, 13.943637109, 0.177495020664, 4.22995936733, 3.35091857441, 55.5493914417, 0.189061815008, 0.454545454545
0.723021234775, 0.842127996986, 3.18768820518, 0.614297092724, 48.2716675011, 13.943637109, 0.222715943283, 4.56274500324, 3.35091857441, 51.5076131497, 0.180288961725, 0.0
0.723021234775, 0.842127996986, 3.18768820518, 0.614297092724, 48.2716675011, 13.943637109, 0.222715943283, 4.56274500324, 3.35091857441, 51.5076131497, 0.180288961725, 0.0
0.723021234775, 0.842127996986, 3.18768820518, 0.614297092724, 45.1206188856, 13.943637109, 0.220684241169, 4.56274500324, 3.35091857441, 27.9382812397, 0.293474593193, 0.333333333333
0.723021234775, 0.842127996986, 3.18768820518, 0.614297092724, 45.1206188856, 13.943637109, 0.220684241169, 4.56274500324, 3.35091857441, 27.9382812397, 0.293474593193, 0.333333333333
0.723021234775, 0.842127996986, 3.18768820518, 0.614297092724, 45.1206188856, 13.943637109, 0.220684241169, 4.56274500324, 3.35091857441, 27.9382812397, 0.293474593193, 0.333333333333
0.723021234775, 0.842127996986, 3.18768820518, 0.614297092724, 45.1206188856, 13.943637109, 0.220684241169, 4.56274500324, 3.35091857441, 27.9382812397, 0.293474593193, 0.333333333333
0.723021234775, 0.842127996986, 3.18768820518, 0.614297092724, 45.1206188856, 13.943637109, 0.220684241169, 4.56274500324, 3.35091857441, 27.9382812397, 0.293474593193, 0.333333333333
0.723021234775, 0.842127996986, 3.18768820518, 0.614297092724, 45.1206188856, 13.943637109, 0.220684241169, 4.56274500324, 3.35091857441, 27.9382812397, 0.293474593193, 0.333333333333
0.723021234775, 0.842127996986, 3.18768820518, 0.614297092724, 45.1206188856, 13.943637109, 0.220684241169, 4.56274500324, 3.35091857441, 27.9382812397, 0.293474593193, 0.333333333333
0.723021234775, 0.842127996986, 3.18768820518, 0.614297092724, 45.1206188856, 13.943637109, 0.220684241169, 4.56274500324, 3.35091857441, 27.9382812397, 0.293474593193, 0.333333333333
0.723021234775, 0.842127996986, 3.18768820518, 0.614297092724, 45.1206188856, 13.943637109, 0.220684241169, 4.56274500324, 3.35091857441, 27.9382812397, 0.293474593193, 0.333333333333
0.723021234775, 0.842127996986, 3.18768820518, 0.614297092724, 45.1206188856, 13.943637109, 0.220684241169, 4.56274500324, 3.35091857441, 27.9382812397, 0.293474593193, 0.333333333333
0.723021234775, 0.842127996986, 3.18768820518, 0.614297092724, 45.1206188856, 13.943637109, 0.220684241169, 4.56274500324, 3.35091857441, 27.9382812397, 0.293474593193, 0.333333333333
0.723021234775, 0.842127996986, 3.18768820518, 0.614297092724, 45.1206188856, 13.943637109, 0.220684241169, 4.56274500324, 3.35091857441, 27.9382812397, 0.293474593193, 0.333333333333
0.723021234775, 0.842127996986, 3.18768820518, 0.614297092724, 45.1206188856, 13.943637109, 0.220684241169, 4.56274500324, 3.35091857441, 27.9382812397, 0.293474593193, 0.333333333333
0.723021234775, 0.842127996986, 3.18768820518, 0.614297092724, 45.1206188856, 13.943637109, 0.220684241169, 4.56274500324, 3.35091857441, 27.9382812397, 0.293474593193, 0.333333333333
0.723021234775, 0.842127996986, 3.18768820518, 0.614297092724, 45.1206188856, 13.943637109, 0.220684241169, 4.56274500324, 3.35091857441, 27.9382812397, 0.293474593193, 0.333333333333
0.723021234775, 0.842127996986, 3.18768820518, 0.614297092724, 45.1206188856, 13.943637109, 0.220684241169, 4.56274500324, 3.35091857441, 27.9382812397, 0.293474593193, 0.333333333333
0.723021234775, 0.842127996986, 3.18768820518, 0.614297092724, 45.1206188856, 13.943637109, 0.220684241169, 4.56274500324, 3.35091857441, 27.9382812397, 0.293474593193, 0.333333333333
0.723021234775, 0.842127996986, 3.18768820518, 0.614297092724, 45.1206188856, 13.943637109, 0.220684241169, 4.56274500324, 3.35091857441, 27.9382812397, 0.293474593193, 0.333333333333
0.723021234775, 0.842127996986, 3.18768820518, 0.614297092724, 45.1206188856, 13.943637109, 0.220684241169, 4.56274500324, 3.35091857441, 27.9382812397, 0.293474593193, 0.333333333333
0.723021234775, 0.842127996986, 3.18768820518, 0.614297092724, 45.1206188856, 13.943637109, 0.164784956953, 4.56274500324, 3.35091857441, 59.4790294705, 0.430088292324, 0.5
0.723021234775, 0.842127996986, 3.18768820518, 0.614297092724, 45.1206188856, 13.943637109, 0.164784956953, 4.56274500324, 3.35091857441, 59.4790294705, 0.430088292324, 0.5
0.723021234775, 0.842127996986, 3.18768820518, 0.614297092724, 45.1206188856, 13.943637109, 0.164784956953, 4.56274500324, 3.35091857441, 59.4790294705, 0.430088292324, 0.5
0.723021234775, 0.842127996986, 3.16086471543, 0.614297092724, 45.1206188856, 13.943637109, 0.220684241169, 4.56274500324, 3.35091857441, 61.3708478258, 0.347735624859, 0.0
0.723021234775, 0.842127996986, 3.04867589969, 0.614297092724, 45.1206188856, 13.943637109, 0.164431477793, 4.56274500324, 3.35091857441, 59.9868761921, 0.334121387258, 0.5625
0.723021234775, 0.842127996986, 3.04867589969, 0.614297092724, 45.1206188856, 13.943637109, 0.164431477793, 4.56274500324, 3.35091857441, 59.9868761921, 0.334121387258, 0.5625
0.723021234775, 0.842127996986, 3.04867589969, 0.614297092724, 45.1206188856, 13.943637109, 0.164431477793, 4.56274500324, 3.35091857441, 59.9868761921, 0.334121387258, 0.5625
0.723021234775, 0.842127996986, 3.18768820518, 0.614297092724, 45.1206188856, 18.2890832308, 0.220684241169, 4.56274500324, 3.35091857441, 46.3568518348, 0.265352133123, 0.0
0.723021234775, 0.842127996986, 3.18768820518, 0.614297092724, 45.1206188856, 18.2890832308, 0.220684241169, 4.56274500324, 3.35091857441, 46.3568518348, 0.265352133123, 0.0
0.723021234775, 0.842127996986, 3.18768820518, 0.614297092724, 45.1206188856, 18.2890832308, 0.220684241169, 4.56274500324, 3.35091857441, 46.3568518348, 0.265352133123, 0.0
0.723021234775, 0.842127996986, 3.18768820518, 0.614297092724, 45.1206188856, 18.2890832308, 0.220684241169, 4.56274500324, 3.35091857441, 46.3568518348, 0.265352133123, 0.0
0.723021234775, 0.842127996986, 3.18768820518, 0.614297092724, 45.1206188856, 18.2890832308, 0.220684241169, 4.56274500324, 3.35091857441, 46.3568518348, 0.265352133123, 0.0
0.723021234775, 0.842127996986, 3.18768820518, 0.614297092724, 45.1206188856, 18.2890832308, 0.220684241169, 4.56274500324, 3.35091857441, 46.3568518348, 0.265352133123, 0.0
0.723021234775, 0.842127996986, 3.18768820518, 0.614297092724, 45.1206188856, 18.2890832308, 0.220684241169, 4.56274500324, 3.35091857441, 46.3568518348, 0.265352133123, 0.0
0.723021234775, 0.842127996986, 3.18768820518, 0.614297092724, 45.1206188856, 18.2890832308, 0.220684241169, 4.56274500324, 3.35091857441, 46.3568518348, 0.265352133123, 0.0
0.723021234775, 0.842127996986, 3.18768820518, 0.614297092724, 45.1206188856, 18.2890832308, 0.220684241169, 4.56274500324, 3.35091857441, 46.3568518348, 0.265352133123, 0.0
