0.56415249784, 0.826667344086, 80.2714051547, 0.549777566126, 61.3263340206, 4.29409335236, 0.716708902764, 0.207300793709, 19.9709197328, 2901.16092296, 0.0701077165795, 0.125
0.56415249784, 0.826667344086, 80.2714051547, 0.549777566126, 61.3263340206, 4.29409335236, 0.716708902764, 0.207300793709, 19.9709197328, 2901.16092296, 0.0701077165795, 0.125
0.150249982884, 0.837988139952, 85.0597241565, 0.43508499416, 34.2507222998, 2.4184475889, 1.32962103938, 4.53184682496, 11.0239930469, 3327.06591754, 0.0238948132346, 0.147540983607
0.150249982884, 0.837988139952, 85.0597241565, 0.43508499416, 34.2507222998, 2.4184475889, 1.32962103938, 4.53184682496, 11.0239930469, 3327.06591754, 0.0238948132346, 0.147540983607
0.624373652795, 0.821083231565, 87.1937884591, 0.510890088141, 79.0858823846, 4.98302683922, 0.61833958597, 4.6200775994, 15.8140474542, 1947.35730041, 0.131396687158, 0.0
0.624373652795, 0.821083231565, 87.1937884591, 0.510890088141, 79.0858823846, 4.98302683922, 0.61833958597, 4.6200775994, 15.8140474542, 1947.35730041, 0.131396687158, 0.0
0.300461742832, 0.825537864201, 94.2517638173, 0.464069083922, 91.154441679, 10.8690055767, 0.816745322742, 4.43987653923, 10.3288395609, 1762.94571838, 0.137219721476, 0.125
0.300461742832, 0.825537864201, 94.2517638173, 0.464069083922, 91.154441679, 10.8690055767, 0.816745322742, 4.43987653923, 10.3288395609, 1762.94571838, 0.137219721476, 0.125
0.152489511942, 0.894273144633, 84.5889343829, 0.632891432028, 51.959619991, 17.1220087602, 0.460391896234, 4.28017235478, 17.112727374, 3051.69795431, 0.0910213768814, 0.0
0.152489511942, 0.894273144633, 84.5889343829, 0.632891432028, 51.959619991, 17.1220087602, 0.460391896234, 4.28017235478, 17.112727374, 3051.69795431, 0.0910213768814, 0.0
0.56415249784, 0.826667344086, 81.791793991, 0.54318128213, 61.3263340206, 5.54428282489, 0.596692709446, 0.207300793709, 5.33083305708, 1397.7972377, 0.131874952831, 0.333333333333
0.56415249784, 0.826667344086, 81.791793991, 0.54318128213, 61.3263340206, 5.54428282489, 0.596692709446, 0.207300793709, 5.33083305708, 1397.7972377, 0.131874952831, 0.333333333333
0.289784141558, 0.825537864201, 94.2517638173, 0.464069083922, 91.154441679, 10.8690055767, 0.816745322742, 4.77682451082, 11.989233554, 2834.7909784, 0.112612205107, 0.272727272727
0.289784141558, 0.825537864201, 94.2517638173, 0.464069083922, 91.154441679, 10.8690055767, 0.816745322742, 4.77682451082, 11.989233554, 2834.7909784, 0.112612205107, 0.272727272727
0.100197530513, 0.981407096667, 87.7205627194, 0.692614728242, 25.8639442405, 34.7044064941, 0.0119003101729, 4.27585191714, 6.37997152841, 4686.39381439, 0.0687674018714, 0.0
0.100197530513, 0.981407096667, 87.7205627194, 0.692614728242, 25.8639442405, 34.7044064941, 0.0119003101729, 4.27585191714, 6.37997152841, 4686.39381439, 0.0687674018714, 0.0
0.103962347709, 0.981407096667, 89.5133338739, 0.692614728242, 25.8639442405, 12.0997501881, 0.0384608358258, 3.99288461097, 6.37997152841, 6019.72836082, 0.000147868364212, 0.0
0.103962347709, 0.981407096667, 89.5133338739, 0.692614728242, 25.8639442405, 12.0997501881, 0.0384608358258, 3.99288461097, 6.37997152841, 6019.72836082, 0.000147868364212, 0.0
0.357929470011, 0.845355223234, 91.8335633549, 0.510890088141, 81.9732527392, 4.98302683922, 0.61833958597, 4.6200775994, 7.52393040369, 2998.27797028, 0.0398057305556, 0.25
0.357929470011, 0.845355223234, 91.8335633549, 0.510890088141, 81.9732527392, 4.98302683922, 0.61833958597, 4.6200775994, 7.52393040369, 2998.27797028, 0.0398057305556, 0.25
0.56415249784, 0.826667344086, 80.5604480491, 0.549777566126, 61.3263340206, 5.54428282489, 0.596692709446, 0.207300793709, 19.9709197328, 1891.14469397, 0.0812426132322, 0.4
0.56415249784, 0.826667344086, 80.5604480491, 0.549777566126, 61.3263340206, 5.54428282489, 0.596692709446, 0.207300793709, 19.9709197328, 1891.14469397, 0.0812426132322, 0.4
0.150249982884, 0.837180195875, 84.414048588, 0.535624673471, 34.2507222998, 2.4184475889, 1.32962103938, 4.23753992778, 16.3081078446, 4626.03570362, 0.034650007846, 0.166666666667
0.150249982884, 0.837180195875, 84.414048588, 0.535624673471, 34.2507222998, 2.4184475889, 1.32962103938, 4.23753992778, 16.3081078446, 4626.03570362, 0.034650007846, 0.166666666667
0.122470759624, 0.867158439298, 93.7799357857, 0.467445788075, 14.7643624052, 2.67223326268, 1.84455035402, 4.81905308313, 5.48187605267, 3895.04897998, 0.0345664711328, 0.344827586207
0.122470759624, 0.867158439298, 93.7799357857, 0.467445788075, 14.7643624052, 2.67223326268, 1.84455035402, 4.81905308313, 5.48187605267, 3895.04897998, 0.0345664711328, 0.344827586207
0.624373652795, 0.845355223234, 91.8335633549, 0.510890088141, 79.0570722638, 4.98302683922, 0.61833958597, 4.6200775994, 7.52393040369, 2787.90156021, 0.141215917448, 0.0
0.624373652795, 0.845355223234, 91.8335633549, 0.510890088141, 79.0570722638, 4.98302683922, 0.61833958597, 4.6200775994, 7.52393040369, 2787.90156021, 0.141215917448, 0.0
0.518920774096, 0.872481942558, 80.7232132967, 0.526418897114, 46.5046813872, 11.7774279824, 0.470885376915, 4.16271484974, 11.2292953896, 2481.34532778, 0.26951186763, 0.0
0.518920774096, 0.872481942558, 80.7232132967, 0.526418897114, 46.5046813872, 11.7774279824, 0.470885376915, 4.16271484974, 11.2292953896, 2481.34532778, 0.26951186763, 0.0
0.194838681572, 0.899549352019, 85.1672034893, 0.643618396346, 51.959619991, 49.8887536218, 0.460391896234, 4.28017235478, 19.8515965397, 2588.80301762, 0.253851303286, 0.0
0.194838681572, 0.899549352019, 85.1672034893, 0.643618396346, 51.959619991, 49.8887536218, 0.460391896234, 4.28017235478, 19.8515965397, 2588.80301762, 0.253851303286, 0.0
0.702226199768, 0.865948387314, 81.6208396694, 0.475740470913, 46.3266987862, 39.8360850466, 0.038308657424, 1.77662247327, 18.3271581182, 2463.08425296, 0.269482158562, 0.1
0.702226199768, 0.865948387314, 81.6208396694, 0.475740470913, 46.3266987862, 39.8360850466, 0.038308657424, 1.77662247327, 18.3271581182, 2463.08425296, 0.269482158562, 0.1
0.300461742832, 0.825537864201, 94.2517638173, 0.464069083922, 91.154441679, 10.8690055767, 0.816745322742, 4.77682451082, 6.45805297426, 2219.80381938, 0.230837165047, 0.238095238095
0.300461742832, 0.825537864201, 94.2517638173, 0.464069083922, 91.154441679, 10.8690055767, 0.816745322742, 4.77682451082, 6.45805297426, 2219.80381938, 0.230837165047, 0.238095238095
0.16393710044, 0.920826105033, 88.5673989292, 0.402520212276, 92.1225605081, 8.75583708112, 1.83476622764, 3.53691915428, 4.09377849229, 4307.51437273, 0.0918869868621, 0.116666666667
0.16393710044, 0.920826105033, 88.5673989292, 0.402520212276, 92.1225605081, 8.75583708112, 1.83476622764, 3.53691915428, 4.09377849229, 4307.51437273, 0.0918869868621, 0.116666666667
0.194838681572, 0.899549352019, 85.1672034893, 0.699576636687, 51.959619991, 17.1220087602, 0.460391896234, 4.28017235478, 14.2827236157, 3366.36827399, 0.12571977595, 0.0
0.194838681572, 0.899549352019, 85.1672034893, 0.699576636687, 51.959619991, 17.1220087602, 0.460391896234, 4.28017235478, 14.2827236157, 3366.36827399, 0.12571977595, 0.0
0.624373652795, 0.821083231565, 91.8335633549, 0.510890088141, 79.0570722638, 4.98302683922, 0.61833958597, 4.6200775994, 7.52393040369, 1870.32857698, 0.137994969735, 0.461538461538
0.624373652795, 0.821083231565, 91.8335633549, 0.510890088141, 79.0570722638, 4.98302683922, 0.61833958597, 4.6200775994, 7.52393040369, 1870.32857698, 0.137994969735, 0.461538461538
0.215779238454, 1.09838514754, 82.982948495, 0.498115251737, 20.8456490822, 11.5268713812, 0.388594899568, 4.47260967688, 1.84909600415, 7232.0453423, 0.108262633977, 0.1
0.215779238454, 1.09838514754, 82.982948495, 0.498115251737, 20.8456490822, 11.5268713812, 0.388594899568, 4.47260967688, 1.84909600415, 7232.0453423, 0.108262633977, 0.1
0.150249982884, 0.934899094936, 84.414048588, 0.43508499416, 34.2507222998, 2.4184475889, 1.32962103938, 4.40527677744, 16.3081078446, 6621.69099074, 0.0235169634056, 0.209302325581
0.150249982884, 0.934899094936, 84.414048588, 0.43508499416, 34.2507222998, 2.4184475889, 1.32962103938, 4.40527677744, 16.3081078446, 6621.69099074, 0.0235169634056, 0.209302325581
0.19471278726, 1.09838514754, 82.982948495, 0.419138600907, 20.8456490822, 11.5268713812, 1.48976912798, 4.47260967688, 3.20376196931, 10754.6458681, 0.104848176142, 0.0227272727273
0.19471278726, 1.09838514754, 82.982948495, 0.419138600907, 20.8456490822, 11.5268713812, 1.48976912798, 4.47260967688, 3.20376196931, 10754.6458681, 0.104848176142, 0.0227272727273
0.166692521155, 1.25369733707, 86.282257202, 0.542444548701, 17.9344777045, 1.808739409, 1.58649993939, 3.05141580288, 15.9471969004, 24167.9582669, 0.0126510913394, 0.0
0.166692521155, 1.25369733707, 86.282257202, 0.542444548701, 17.9344777045, 1.808739409, 1.58649993939, 3.05141580288, 15.9471969004, 24167.9582669, 0.0126510913394, 0.0
0.782029871981, 0.9281796116, 84.5960802266, 0.495452657675, 28.052202047, 4.35272002018, 1.20375246259, 2.94145298341, 18.7928600148, 6120.10317173, 0.121025461062, 0.0625
0.782029871981, 0.9281796116, 84.5960802266, 0.495452657675, 28.052202047, 4.35272002018, 1.20375246259, 2.94145298341, 18.7928600148, 6120.10317173, 0.121025461062, 0.0625
0.564199884938, 1.11220193556, 94.2249119913, 0.553392222689, 47.2923868804, 1.30780125878, 0.525297812484, 1.73945083824, 16.8899426691, 8779.78153575, 0.0741750779933, 0.1
0.564199884938, 1.11220193556, 94.2249119913, 0.553392222689, 47.2923868804, 1.30780125878, 0.525297812484, 1.73945083824, 16.8899426691, 8779.78153575, 0.0741750779933, 0.1
0.150249982884, 1.10397681165, 80.434854947, 0.406074138793, 34.2507222998, 2.4184475889, 1.56480730918, 4.23753992778, 16.3081078446, 13005.7057022, 0.0271215061303, 0.125
0.150249982884, 1.10397681165, 80.434854947, 0.406074138793, 34.2507222998, 2.4184475889, 1.56480730918, 4.23753992778, 16.3081078446, 13005.7057022, 0.0271215061303, 0.125
0.150249982884, 1.10397681165, 80.7926990152, 0.43508499416, 34.2507222998, 2.4184475889, 1.32962103938, 4.23753992778, 16.3081078446, 14627.8640692, 0.0241075598227, 0.0
0.150249982884, 1.10397681165, 80.7926990152, 0.43508499416, 34.2507222998, 2.4184475889, 1.32962103938, 4.23753992778, 16.3081078446, 14627.8640692, 0.0241075598227, 0.0
0.215779238454, 0.832419825739, 86.1816590938, 0.663239403197, 17.3293447435, 7.11136514241, 1.64894717083, 4.61942142662, 1.20673102824, 3353.78777055, 0.0520706585452, 0.526315789474
0.215779238454, 0.832419825739, 86.1816590938, 0.663239403197, 17.3293447435, 7.11136514241, 1.64894717083, 4.61942142662, 1.20673102824, 3353.78777055, 0.0520706585452, 0.526315789474
0.708605100395, 0.968887475279, 88.7924634985, 0.523843298668, 54.7040481412, 4.00121373853, 0.116540418722, 4.66999666975, 10.7175593762, 3745.34947637, 0.125578163682, 0.36
0.708605100395, 0.968887475279, 88.7924634985, 0.523843298668, 54.7040481412, 4.00121373853, 0.116540418722, 4.66999666975, 10.7175593762, 3745.34947637, 0.125578163682, 0.36
0.702226199768, 0.865948387314, 85.5670176744, 0.613065595285, 46.3266987862, 47.0632108716, 0.038308657424, 3.28358268532, 18.3271581182, 2936.75126466, 0.583694477789, 0.0
0.194838681572, 0.917491067427, 85.1672034893, 0.648420437086, 13.3790802925, 17.1220087602, 0.460391896234, 4.28017235478, 17.112727374, 4233.32487517, 0.132064906724, 0.0
0.56415249784, 0.826667344086, 80.5604480491, 0.549777566126, 36.2087839877, 5.54428282489, 0.375660471957, 0.207300793709, 14.789904197, 1938.74366016, 0.179389251217, 0.533333333333
0.211847386723, 1.25369733707, 86.282257202, 0.542444548701, 17.9344777045, 1.808739409, 1.74776895094, 3.05141580288, 9.19495184627, 25157.2655085, 0.0277805268409, 0.148936170213
0.211847386723, 1.25369733707, 86.282257202, 0.542444548701, 17.9344777045, 1.808739409, 1.74776895094, 3.05141580288, 9.19495184627, 25157.2655085, 0.0277805268409, 0.148936170213
0.564199884938, 1.17821465134, 94.2249119913, 0.553392222689, 47.2923868804, 1.30780125878, 0.525297812484, 1.73945083824, 6.27229797845, 14824.3398501, 0.0371574789099, 0.666666666667
0.224766081735, 1.10397681165, 80.8976635903, 0.43508499416, 34.2507222998, 2.4184475889, 1.32962103938, 4.23753992778, 16.3081078446, 10905.0118168, 0.0444088529983, 0.283333333333
0.624373652795, 0.845355223234, 91.8335633549, 0.510890088141, 79.0570722638, 16.0943571916, 0.61833958597, 4.6200775994, 7.52393040369, 2773.61418591, 0.374942333109, 0.111111111111
0.564199884938, 1.17821465134, 94.2249119913, 0.553392222689, 47.2923868804, 1.30780125878, 0.525297812484, 1.73945083824, 6.27229797845, 14824.3398501, 0.0371574789099, 0.666666666667
0.702226199768, 0.865948387314, 85.5670176744, 0.613065595285, 46.3266987862, 47.0632108716, 0.038308657424, 3.28358268532, 18.3271581182, 2936.75126466, 0.583694477789, 0.0
0.108673779539, 0.981407096667, 89.5133338739, 0.692614728242, 25.8639442405, 12.0997501881, 0.0384608358258, 3.99288461097, 6.37997152841, 4522.8440358, 0.112637608483, 0.326530612245
0.300461742832, 0.825537864201, 94.2517638173, 0.464069083922, 99.2899897639, 10.8690055767, 0.816745322742, 4.77682451082, 11.989233554, 2665.27128899, 0.232109958122, 0.36170212766
0.211847386723, 1.25369733707, 86.282257202, 0.542444548701, 17.9344777045, 1.808739409, 0.403661843363, 3.05141580288, 18.2628379479, 19815.9287493, 0.02799206234, 0.0769230769231
0.56415249784, 0.826667344086, 80.5604480491, 0.549777566126, 36.2087839877, 5.54428282489, 0.375660471957, 0.207300793709, 14.789904197, 1938.74366016, 0.179389251217, 0.533333333333
0.624373652795, 0.845355223234, 91.8335633549, 0.510890088141, 79.0570722638, 16.0943571916, 0.61833958597, 4.6200775994, 7.52393040369, 2773.61418591, 0.374942333109, 0.111111111111
0.211847386723, 1.25369733707, 86.282257202, 0.542444548701, 17.9344777045, 1.808739409, 0.403661843363, 3.05141580288, 18.2628379479, 19815.9287493, 0.02799206234, 0.0769230769231
0.224766081735, 1.10397681165, 80.8976635903, 0.43508499416, 34.2507222998, 2.4184475889, 1.32962103938, 4.23753992778, 16.3081078446, 10905.0118168, 0.0444088529983, 0.283333333333
0.108673779539, 0.981407096667, 89.5133338739, 0.692614728242, 25.8639442405, 12.0997501881, 0.0384608358258, 3.99288461097, 6.37997152841, 4522.8440358, 0.112637608483, 0.326530612245
0.300461742832, 0.825537864201, 94.2517638173, 0.464069083922, 99.2899897639, 10.8690055767, 0.816745322742, 4.77682451082, 11.989233554, 2665.27128899, 0.232109958122, 0.36170212766
0.122470759624, 0.867158439298, 93.7799357857, 0.467445788075, 14.7643624052, 2.67223326268, 1.84455035402, 4.81905308313, 5.48187605267, 3945.49497771, 0.0488512439264, 0.4125
0.56415249784, 0.826667344086, 81.791793991, 0.549777566126, 77.1654798145, 2.64361343636, 0.596692709446, 0.207300793709, 19.9709197328, 2482.33550067, 0.151470991185, 0.461538461538
0.56415249784, 0.826667344086, 81.791793991, 0.549777566126, 77.1654798145, 2.64361343636, 0.596692709446, 0.207300793709, 19.9709197328, 2482.33550067, 0.151470991185, 0.461538461538
0.122470759624, 0.867158439298, 93.7799357857, 0.467445788075, 14.7643624052, 2.67223326268, 1.84455035402, 4.81905308313, 5.48187605267, 3945.49497771, 0.0488512439264, 0.4125
0.708605100395, 0.968887475279, 88.7924634985, 0.523843298668, 54.7040481412, 4.00121373853, 0.116540418722, 3.78433388778, 13.7958698414, 3751.31670427, 0.162907538031, 0.125
0.122982552161, 0.867158439298, 93.7799357857, 0.467445788075, 5.03999262603, 2.67223326268, 1.84455035402, 4.81905308313, 7.88074483924, 4363.85171215, 0.0410521678573, 0.428571428571
0.708605100395, 0.968887475279, 88.7924634985, 0.523843298668, 54.7040481412, 4.00121373853, 0.116540418722, 3.78433388778, 13.7958698414, 3751.31670427, 0.162907538031, 0.125
0.300461742832, 0.825537864201, 94.2517638173, 0.464069083922, 95.4456843703, 10.8690055767, 0.816745322742, 4.77682451082, 18.4376567528, 3133.77810655, 0.168196614797, 0.0
0.194838681572, 0.917491067427, 85.1672034893, 0.648420437086, 13.3790802925, 17.1220087602, 0.460391896234, 4.28017235478, 17.112727374, 4233.32487517, 0.132064906724, 0.0
0.122982552161, 0.867158439298, 93.7799357857, 0.467445788075, 5.03999262603, 2.67223326268, 1.84455035402, 4.81905308313, 7.88074483924, 4363.85171215, 0.0410521678573, 0.428571428571
0.300461742832, 0.825537864201, 94.2517638173, 0.464069083922, 95.4456843703, 10.8690055767, 0.816745322742, 4.77682451082, 18.4376567528, 3133.77810655, 0.168196614797, 0.0
