4.98315071443, 1.00000017822, 1.00459317115, 0.928489783997, 4.50067923179, 0.792514961978, 2.82300545397, 1.20342862199, 0.956721390108, 4.66189898349, 5.01253076377, 1.1935290566, 1.40148849575, 1.06591543215, 1.090000221, 1.07565098713, 1.01248168662, 1.08504657757, 3.70435934021, 0.962484304446, 0.908541083858, 538.138761846, 1.14970922592, 3.02122196509, 1.02890120963, 1.28221126089, 1.08615642456, 30.6658878327, 14.03776017, 55.7970669864
2.63477310999, 1.00000060939, 1.3367895745, 1.16631622632, 4.02736113919, 0.845817218767, 1.04372213541, 1.10734902163, 0.911137883853, 3.1637904679, 5.68261622492, 0.931862498806, 2.42864753762, 1.20731525523, 1.09000047365, 1.09095105264, 1.00619429792, 1.19325785789, 7.93823883003, 0.97359707283, 0.848309154079, 693.445183084, 1.13162109232, 1.92430877602, 1.14534675488, 3.80479350564, 1.19427192748, 49.4791028182, 8.85831849605, 73.8828940312
3.59500455002, 1.00000009299, 1.24060981467, 1.12988782254, 2.54665593363, 0.993872304781, 4.64231098851, 1.23548048759, 0.982117657368, 5.86369179303, 5.40500540258, 0.993318385882, 3.52215831083, 1.28757247234, 1.09000051561, 1.05338638197, 1.01660251606, 1.05331029506, 7.70153890614, 0.971212571995, 0.996747096883, 811.86193076, 1.16440017322, 4.13401755811, 0.991300170847, 5.13655805804, 0.90056023275, 45.9582607761, 15.7708938119, 144.979486308
3.10876717072, 1.00000060805, 1.55000953852, 1.20399088176, 3.41389647336, 0.856186349037, 1.55867461807, 1.18075296494, 0.982153433184, 4.57566998818, 5.18446377552, 1.21007119195, 3.38862746226, 0.883427919837, 1.0900001298, 1.03227621787, 1.00997006643, 1.10701389672, 9.47417919293, 1.10313175268, 0.830650454157, 46.664290132, 0.988607351113, 4.20209967024, 1.13745033975, 2.19806634369, 0.914638836594, 79.6713447092, 19.1913270707, 87.9448627191
4.01202957776, 1.00000020265, 1.05482536539, 1.12866045096, 1.72922151963, 0.913747446532, 4.70682373574, 1.13042543106, 0.982112290703, 5.87892532539, 5.50012470306, 0.878532146023, 1.18279502582, 1.08399759272, 1.09000034768, 1.09842365699, 1.0079014393, 0.953152872231, 7.96864151723, 0.975526762458, 0.812033967033, 5.69367638563, 0.923812536155, 3.76144335075, 0.978058611556, 4.43476920751, 0.893653492843, 57.5684554909, 8.98554567511, 252.765672714
5.30723796737, 1.00000030242, 1.30799464065, 1.06200310101, 4.01778029571, 0.905858888955, 1.40735602857, 1.06810599103, 0.936973042394, 1.45669261503, 6.09886471564, 0.87030007493, 2.15544154741, 0.96061963312, 1.09000054725, 1.01786342186, 1.03293216783, 0.882549564971, 7.68084809623, 0.916396640932, 0.842304668297, 740.983824778, 1.0768011086, 3.68091095849, 0.990337386494, 3.87188170747, 1.25044539857, 51.0423354149, 12.2484534199, 532.047956443
5.05360351829, 1.00000056684, 1.6620096172, 0.831303925742, 4.43996245919, 0.799110471096, 3.69128220526, 1.01399812227, 0.949402200402, 3.89701743377, 5.51270385445, 1.11275101511, 2.91017926442, 1.24751712691, 1.09000023646, 1.0391433374, 1.03515756122, 0.91383294575, 6.60496966768, 1.12871701512, 0.93098769541, 715.176571919, 1.16669067318, 3.01785314187, 1.16726463216, 4.60084215858, 1.01192944119, 59.670842555, 8.93795643143, 1412.75743051
3.10647152823, 1.00000087774, 1.23907270423, 0.826257489854, 4.06632403362, 0.999068520744, 1.28794863301, 1.2510992024, 0.936976625321, 4.02632974488, 6.02413856209, 0.902057948104, 3.65820432163, 1.20686065678, 1.09000034128, 1.10738646652, 1.0153544128, 0.843352031284, 9.88845978516, 1.02681039392, 0.920428798462, 346.905299027, 0.972020643817, 1.03610057254, 0.999483803384, 3.59826259148, 0.960907755491, 105.721633821, 12.8585701393, 201.707946576
5.83344290848, 1.00000065631, 1.41421883704, 0.890330694488, 2.76362571528, 0.945525278922, 4.13023741986, 1.25730924828, 0.920438829322, 4.33617859069, 6.14715481166, 0.932518526019, 3.74452914864, 1.23252620336, 1.0900005124, 1.03287924821, 1.02709058189, 1.00408192702, 6.00135883349, 1.06627937666, 0.988198327152, 201.451687724, 0.931963409881, 2.63615419042, 1.12517497689, 1.45576699614, 1.19932203762, 63.1465466662, 12.9637939167, 250.089363826
4.98315071443, 1.00000017024, 1.00475935689, 0.928489783997, 4.38645904606, 0.792895587126, 2.69970191173, 1.20342862199, 0.956714317915, 4.6568716373, 5.72873343904, 1.18626472975, 4.35746736249, 1.04892193026, 1.09000022132, 1.0636972411, 1.00766153678, 1.08504657757, 3.70223398539, 1.17281812369, 0.908541083858, 538.138761846, 1.14970922592, 3.02122196509, 1.04218257918, 1.28221126089, 1.08615642456, 73.9766776602, 9.65166519271, 1000.85428926
4.98315071443, 1.00000017822, 1.00459317115, 0.928489783997, 4.50067923179, 0.76981648293, 2.70140118291, 1.20342862199, 0.956705678579, 4.66189898349, 5.72017506179, 1.19407179239, 1.40148849575, 1.2785044466, 1.090000221, 1.06351393597, 1.01248168662, 1.08504657757, 3.70435934021, 0.962484304446, 0.908541083858, 537.350305357, 1.14970922592, 3.02122196509, 1.029134816, 1.28221126089, 1.25412421252, 63.0806277287, 18.6232639599, 306.845494875
5.30820956949, 1.00000065625, 1.12360125792, 1.20655751636, 4.42239594148, 0.937303793148, 1.40188117407, 1.00538077068, 0.938339969414, 2.74480090355, 5.56447812329, 0.93084330794, 4.74720961491, 1.07666419435, 1.09000051075, 1.10570912342, 1.02951847733, 1.01106977607, 6.96620042921, 1.0026564343, 0.940650147745, 307.383459468, 0.946867603018, 2.15380405063, 1.23393338227, 1.22642726071, 1.219515408, 63.094476911, 13.6884864894, 378.105772531
2.66132174318, 1.00000087718, 1.44432412827, 1.17257978674, 4.04758982454, 0.909949782385, 4.51365691785, 1.00735846393, 0.98987550646, 2.08348620059, 6.02413856209, 0.910859791759, 1.33279613931, 1.01727471619, 1.09000051088, 1.04183761605, 1.04380056661, 1.05777456795, 9.92556676403, 0.97479254514, 0.8534797074, 349.34956445, 0.913215248515, 1.00650389011, 1.08104957367, 4.37582280544, 0.960878836419, 120.11415723, 11.2436280474, 332.666975049
3.54561798506, 1.00000056784, 1.66107550124, 1.20399088176, 4.42774673027, 0.853705211082, 1.57432867485, 1.17668394747, 0.925971063124, 4.57850614602, 5.19524849237, 1.21675057052, 3.38862746226, 1.12564261397, 1.0900001298, 1.03228756318, 1.04252893631, 1.14485929181, 7.08141814197, 1.10335190631, 0.933776133005, 714.909253157, 0.988607351113, 4.20209967024, 0.963542243699, 2.18839936501, 0.935908017578, 86.4809307602, 12.3440277646, 606.526477288
5.30820956949, 1.00000038787, 1.12360125792, 0.841388077755, 4.43998789245, 0.937292344328, 1.40188117407, 1.24722666717, 0.938339969414, 2.74313460748, 5.56447812329, 0.857054864834, 4.74720961491, 0.834335021661, 1.09000026104, 1.04739710983, 1.03184503113, 1.00993486923, 4.37983620603, 1.0026564343, 0.940650147745, 307.383459468, 0.946867603018, 2.11442256651, 1.06968678706, 5.00697213402, 1.25172349337, 117.083911145, 16.3842453435, 232.237963668
3.34687099367, 1.00000049822, 1.56405146465, 1.05145383687, 4.87690507583, 0.937679901295, 4.04281022354, 1.07521678898, 0.975622463388, 2.37791598553, 4.96789051289, 1.09105737029, 2.81644002181, 1.19541246574, 1.09000096703, 1.05533026926, 1.04562823435, 0.819794592914, 8.11266784843, 0.974455700974, 0.811137816298, 747.117856543, 0.914695527455, 4.85100470037, 1.18612673417, 5.17372677455, 1.20076254299, 154.124705164, 16.6235613253, 211.095221778
3.99122750051, 1.00000041627, 1.40867700558, 1.0613625665, 5.79159979407, 0.824852355874, 5.50472411857, 1.00680585757, 0.990017637946, 3.0783274378, 5.54828585911, 1.06588998231, 1.13143084039, 1.00826539139, 1.09000059604, 1.04111737088, 1.03253287526, 0.937201175475, 3.06245277057, 1.1234001473, 0.953401384998, 492.148093429, 0.915802050235, 2.59474665309, 1.07676582388, 4.37008353987, 0.95799152977, 68.4285692857, 17.8666472409, 262.007701371
1.22202141574, 1.00000055588, 1.15725379754, 0.960223194654, 6.39802259126, 0.798100924911, 2.70053388449, 1.03809153248, 0.949366371274, 4.29770431426, 5.73243378795, 1.06335641491, 4.34570792594, 1.25489511593, 1.09000000917, 1.06285518627, 1.00766296065, 0.920463889064, 3.64696724261, 1.17384949126, 0.973184400744, 569.915306049, 0.948727227164, 2.44086380759, 1.04223634088, 2.74400020694, 0.96266035679, 205.913149082, 15.0924487959, 287.959244203
4.35928237253, 1.00000003837, 1.71032188162, 1.0762804993, 5.00782709292, 0.71000486166, 3.09716105074, 1.23102479899, 0.902320165804, 2.74596288832, 5.84540555573, 0.819250248471, 5.01027780305, 1.21213575233, 1.09000023489, 1.04551958357, 1.02223732048, 0.98250100356, 5.59555425502, 1.00345025968, 0.914568642152, 513.140917084, 1.08357696587, 3.93629567249, 1.08434165875, 3.48358405592, 1.04286884735, 105.354344981, 10.8946143322, 1050.03722607
4.76781169338, 1.00000065508, 1.12360125792, 1.16778170404, 4.44475755768, 0.937292344328, 3.3796216795, 1.25182523117, 0.938339969414, 2.8127178735, 4.95899052, 0.963670916724, 4.74720961491, 0.814902727615, 1.09000099144, 1.08111118941, 1.03533189474, 1.00890758034, 4.52751350748, 1.0026916975, 0.938961843392, 307.357955704, 0.946867603018, 2.12446279326, 1.0679245593, 4.47805575624, 1.24893720283, 170.040036024, 15.0945448992, 592.169721095
3.10647152823, 1.00000087774, 1.46853110342, 0.826257489854, 4.06632403362, 0.887799448074, 1.28794863301, 1.2510992024, 0.936976625321, 4.02336743519, 6.02413856209, 0.902057948104, 3.6641949039, 1.20686065678, 1.0900003411, 1.10729919142, 1.0153544128, 0.854949680621, 9.88845978516, 1.02687215275, 0.930202919684, 369.908966466, 0.972020643817, 1.03610057254, 1.09646305106, 3.59826259148, 0.960907755491, 223.121138397, 13.3474108285, 911.538622007
1.31172269813, 1.00000039105, 1.44605314409, 0.891470067554, 5.94228193232, 0.787242172424, 4.44998223377, 1.00452513419, 0.922753295647, 5.18616756464, 5.98474129847, 1.11753380062, 2.5797005533, 1.01641906289, 1.09000052384, 1.04008049812, 1.02553450773, 1.05766478317, 5.04307496976, 1.15518510592, 0.878856097408, 82.8706221547, 1.00240668663, 4.25660028652, 1.06750558772, 4.6519462371, 1.11321921092, 82.4243872225, 19.1820101241, 359.757874777
3.54561798506, 1.00000056784, 1.66107550124, 1.20399088176, 4.42774673027, 0.853705211082, 2.67669885392, 1.17668394747, 0.926217768733, 4.57850614602, 5.19524849237, 0.907280006613, 3.38862746226, 1.12526004651, 1.09000024242, 1.03228756318, 1.04252893631, 1.14485929181, 7.20248970803, 1.10231865644, 0.973488732879, 732.967014833, 0.988607351113, 4.18643910332, 0.962761966727, 2.18839936501, 0.935908017578, 75.3400467049, 19.0140224661, 432.076475572
5.74181828729, 1.00000067951, 1.38090907972, 1.0806122907, 4.43036262674, 0.761993353815, 3.07041773791, 1.09200118482, 0.938338361058, 2.81730702417, 5.4715082307, 0.951029551036, 4.95801450943, 1.20127989144, 1.0900008624, 1.09600369681, 1.03533035135, 1.01060924791, 5.73022457995, 0.944150582749, 0.98887463192, 692.190129103, 0.947505250205, 5.64843366656, 1.07091236927, 5.01147766962, 1.253757991, 109.041234741, 12.7860233974, 2112.80046444
5.83609583202, 1.00000049593, 1.20746629135, 1.05163853215, 5.58236789616, 0.764051580522, 2.98092753338, 1.06977384613, 0.906412011827, 2.31032382932, 5.80681686055, 0.929767638551, 2.78025788436, 1.21326392632, 1.09000051158, 1.08156507231, 1.03131231678, 0.94271679816, 7.07835521468, 1.05783139443, 0.910483761342, 949.729622685, 0.941826843219, 5.03179253678, 1.23625633333, 4.41156889216, 1.23341047096, 125.971984844, 16.1975577617, 1222.0521474
5.30820956949, 1.00000065648, 1.12360125792, 0.820961183407, 4.43976940843, 0.932566841152, 1.35278218726, 1.00538077068, 0.938094804574, 3.89426485692, 5.56560598674, 0.930811287311, 2.88935320965, 1.07666419435, 1.09000022845, 1.10692414365, 1.02951847733, 1.01106977607, 6.60761561598, 1.0026564343, 0.940747178927, 307.383459468, 1.17000473951, 2.15380405063, 1.16684894433, 4.5982102439, 1.219515408, 144.213921585, 11.8463608067, 1277.1097709
5.76966649699, 1.00000065085, 1.41421883704, 0.821673957539, 4.00152033804, 0.952462059481, 4.13453819706, 1.01042460215, 0.93689513611, 3.97454618637, 5.78091826183, 0.932518526019, 4.249739484, 1.07970291634, 1.0900005129, 1.10894357355, 1.02951529631, 0.94498134543, 6.77229658523, 1.06023405794, 0.989617207629, 465.933803375, 0.999160066162, 5.57048137122, 1.23550964636, 1.25521304527, 1.25378195229, 158.706806217, 13.9967074377, 1090.80664415
4.35928237253, 1.00000011271, 1.71627564115, 0.843704260479, 5.01070607992, 0.711870104902, 3.094826647, 1.2480162445, 0.90232479114, 2.74587257459, 5.84540555573, 0.819250248471, 5.01027780305, 1.21213575233, 1.0900002351, 1.04551958357, 1.02223732048, 1.00988792671, 4.34198786351, 1.031831383, 0.914568642152, 513.140917084, 1.08357696587, 2.12200358797, 1.06969721252, 3.48358405592, 1.25804288978, 126.559226194, 11.6417113905, 1446.71064324
2.27901943433, 1.00000017678, 1.00548484238, 0.928729174036, 4.38570003964, 0.941093719254, 2.98265805005, 1.06942586523, 0.904474238677, 1.2459450137, 5.60592405993, 1.19077927596, 4.42231744204, 1.06490777763, 1.09000022318, 1.07567773704, 1.03122180743, 1.08539523642, 7.07835521468, 1.01565152791, 0.910483761342, 949.729622685, 1.14942246539, 2.94932465754, 1.02375693994, 4.15740233035, 1.23341047096, 120.155933374, 16.5807817371, 1709.6269547
3.07054667976, 1.00000010767, 1.23763863389, 0.826630271273, 2.22160206729, 0.993669313411, 1.63920487179, 1.06854162252, 0.937007126505, 4.00845928314, 5.49917054813, 0.902673158124, 1.03940448083, 1.2875842835, 1.0900003456, 1.09606023587, 1.01636243804, 1.05909505152, 5.57030599131, 0.997792972355, 0.922529151034, 795.420647789, 0.999094264715, 1.34159896929, 0.991261746191, 4.6037272353, 1.25046665765, 205.728800576, 18.3420721875, 860.886081374
3.01556494601, 1.00000020029, 1.46864238411, 0.826853687684, 3.58173689496, 0.886576231547, 2.42622296495, 1.18186972519, 0.905358783345, 1.86996203709, 5.60329779312, 0.98336790359, 1.20471990511, 0.823676320517, 1.09000031617, 1.07408406265, 1.00937481705, 0.852287240742, 7.89387338084, 0.97391608247, 0.930348406213, 179.368732618, 1.13126306535, 1.35727018884, 0.992584108047, 4.18560867754, 1.27914974207, 228.829848345, 15.697411825, 795.806025832
2.3732432075, 1.00000064222, 1.33435442228, 0.952473451325, 6.8581884492, 0.915229942084, 5.1960672932, 1.21654654845, 0.953763074784, 1.56313819334, 6.02864267016, 0.932245271219, 4.3795054977, 1.12379586693, 1.09000051296, 1.05957290496, 1.00614370581, 1.18482930863, 5.9899596829, 0.957720043251, 0.812225309623, 204.450890121, 1.19107306531, 4.47348569712, 0.983162438118, 1.37396896485, 0.892446321429, 137.638730417, 22.5890381954, 459.75905784
5.05147472811, 1.00000074879, 1.03679037448, 0.917727798806, 5.96147618685, 0.947494402313, 5.41808342502, 1.12350481917, 0.946967359088, 6.03699058288, 5.83155862391, 1.01863693547, 2.24304847546, 1.27865862631, 1.09000070231, 1.01739973112, 1.03916150923, 1.06455384147, 6.43364026949, 1.10197176365, 0.981813803076, 657.756501166, 1.03188875632, 3.33152303608, 1.23761878731, 4.06470211504, 1.2945393297, 87.701551965, 19.3308616132, 764.311722467
4.01202957776, 1.0000001098, 1.2233780626, 1.0112312826, 1.73383568459, 0.766767248994, 4.70682373574, 1.12776310782, 0.980985553994, 5.87892532539, 5.50356824157, 0.926685790747, 1.18279502582, 1.08399759272, 1.09000034866, 1.0232948847, 1.0079014393, 0.948816097232, 4.33160327768, 0.973159946172, 0.998735582142, 11.6148714244, 0.923812536155, 2.91637980929, 0.978790145844, 4.43624982185, 1.01730759867, 213.152673152, 19.2741217029, 440.400403676
3.98912092597, 1.00000084267, 1.09288558002, 1.21929680908, 3.86533703905, 0.99296597625, 5.05368339996, 1.0707790926, 0.971271447524, 5.49973834056, 5.25479702602, 0.938141770246, 3.48918781216, 0.834867385842, 1.09000074143, 1.05232401202, 1.02041303567, 1.12984015919, 7.0236370203, 1.12843472215, 0.840251422948, 879.158051053, 1.19315745649, 4.82783800818, 1.11681796306, 2.61077254433, 0.981426343714, 176.8083983, 12.4420007216, 1429.52853376
3.59550104885, 1.00000084557, 1.24080978547, 1.21439629976, 3.86533703905, 0.992356782675, 4.23977813807, 1.07300212804, 0.971271447524, 2.65084551433, 5.41007851007, 0.92681885675, 3.54204999659, 1.21366915985, 1.0900005072, 1.02331016114, 1.02054107427, 1.1298310171, 9.7054446319, 0.916683593644, 0.807413498483, 734.473239288, 1.09270066762, 3.91421534162, 1.18859496795, 1.58995484976, 1.01569505064, 201.054813349, 13.2160429294, 1394.69214966
4.64605979625, 1.00000092289, 1.02992842211, 1.18614488096, 5.54140338865, 0.930295187276, 4.48348057338, 1.10330640844, 0.994683063448, 4.52107211792, 6.03163891372, 0.883620872066, 2.30438150715, 1.03770974506, 1.09000022307, 1.05390554967, 1.03067001222, 1.19056444016, 6.73706149467, 0.930387965942, 0.990032554144, 66.6746675779, 1.0074649559, 5.09478724675, 1.2260383351, 4.89532108484, 1.24858262657, 177.810815885, 18.318394752, 1405.01638367
4.1427729982, 1.00000001175, 1.24299451299, 0.912680830742, 6.25458785946, 0.868163478704, 4.77647930372, 1.12588205138, 0.915555037852, 1.37508732552, 6.14706580028, 1.06253921924, 3.7487713908, 1.20699949402, 1.09000034929, 1.07288344302, 1.02679332084, 1.21451397656, 9.57645505592, 1.12691307937, 0.898725828327, 128.976323082, 1.0932874585, 4.65545552672, 0.993867484966, 1.34678122094, 1.2547338988, 152.059338097, 17.3271204218, 2317.55448059
5.83205808326, 1.00000038787, 1.40648909127, 1.11049265812, 4.40902369135, 0.941625257816, 1.30068391443, 1.25433575935, 0.938815714338, 5.87051767994, 5.56767295235, 0.856620618223, 4.73962833612, 1.22737105874, 1.09000098431, 1.08988287799, 1.03533189474, 0.944393194818, 5.68040531446, 1.06611506622, 0.988840550212, 307.383459468, 0.947126785547, 5.64884899572, 1.07045883603, 5.06801025486, 1.25408629075, 483.082977224, 15.8146129568, 1030.64067203
4.64897756778, 1.00000092802, 1.02929043503, 1.18651337244, 5.52641231185, 0.929847106887, 4.48348057338, 1.10330640844, 0.994869783679, 4.52107211792, 5.41131600808, 0.883053130657, 2.21827897906, 1.03770974506, 1.09000022307, 1.05378513506, 1.020448924, 1.13739951994, 9.61256340116, 0.930387965942, 0.988314268766, 69.0569513751, 1.09153735376, 4.60038394607, 1.2260383351, 4.95240618392, 1.1224790749, 240.421879882, 16.4743862609, 821.109044987
5.73030178333, 1.00000038787, 1.03436392276, 1.10501754852, 4.40902369135, 0.941599837791, 1.31579958233, 1.12367791734, 0.938072798554, 5.87051767994, 5.82624467523, 1.01002084123, 4.69952555117, 0.987398237524, 1.0900009925, 1.09671634463, 1.03533189474, 0.944393194818, 5.68408306458, 1.05950683202, 0.988839688107, 307.383459468, 1.03189505875, 5.60991803496, 1.0710635322, 5.01378627309, 1.25424102757, 478.721761542, 16.3385628193, 1105.8245761
3.86706465545, 1.00000041569, 1.40867700558, 1.10653959336, 4.40338452029, 0.824852355874, 5.50472411857, 1.00681849247, 0.938388708767, 3.0783274378, 5.54723235129, 1.11729758811, 1.14596272399, 1.01610883869, 1.09000039165, 1.09497988462, 1.03259816278, 0.944439343761, 3.05229285556, 1.13929474938, 0.878261545955, 489.980102762, 0.94669030078, 5.57846524151, 1.07093532182, 4.35162946947, 1.11331976822, 305.316003181, 17.0529738244, 802.665251932
2.51596700155, 1.00000091693, 1.03518608639, 1.18311308313, 5.49422359751, 0.910250639518, 4.4125472834, 1.10330640844, 0.946701292985, 4.51306079975, 6.23382502094, 0.907453472316, 2.30438150715, 1.03770974506, 1.09000094309, 1.06033292021, 1.03056396741, 1.18463161977, 4.15655733936, 1.04818973413, 0.873238875547, 55.4403197137, 1.00610201819, 5.44888049567, 1.2244756084, 2.99491407062, 1.08803150713, 127.435621335, 23.2042171214, 1123.7278647
3.98912092597, 1.00000084267, 1.24080978547, 1.21929680908, 3.86533703905, 0.99296597625, 5.0498611664, 1.03140211096, 0.971271447524, 5.48151281067, 5.40515730147, 0.937112476502, 3.53361178824, 0.834867385842, 1.0900007417, 1.03026053198, 1.02041303567, 1.12983774506, 9.61465965869, 1.12843472215, 0.840322848148, 879.158051053, 1.09171031855, 4.60015165001, 1.11681796306, 2.5999357651, 1.12221551355, 141.873653145, 22.8271674321, 1218.54249223
4.64605979625, 1.00000060813, 1.02992842211, 1.18614488096, 5.53348376059, 0.930295187276, 4.48348057338, 1.10333361939, 0.994683063448, 4.50695748987, 6.02518193492, 0.879459903451, 2.30046575456, 1.03770974506, 1.09000022307, 1.05390554967, 1.03067001222, 1.19056444016, 6.73873441727, 0.930387965942, 0.838059527653, 66.6746675779, 1.0074649559, 1.91070023451, 1.14528984244, 3.79318101144, 1.24858262657, 137.482901283, 22.8779489386, 1000.86989371
5.05360351829, 1.0000005678, 1.6620096172, 0.839572607515, 4.43996245919, 0.737334570216, 3.69128220526, 1.01399812227, 0.949796594764, 6.1741083949, 5.51270385445, 1.09385002992, 2.91017926442, 1.12512713416, 1.09000025566, 1.03759647079, 1.03515756122, 1.14431390278, 7.64796044084, 1.12740227479, 0.935159124633, 715.176571919, 1.0673966537, 2.33714322995, 1.16726463216, 3.35888341919, 1.01192944119, 405.60413014, 22.9012174257, 534.293929244
4.64627254882, 1.0000009111, 1.02992842211, 0.838583761052, 5.54140338865, 0.930295187276, 4.41526756195, 1.10343810632, 0.994683063448, 4.52107211792, 6.03073432993, 0.883121624824, 2.31192526792, 1.03770974506, 1.09000022307, 1.05390554967, 1.03067001222, 1.19056444016, 6.69883065322, 1.03663470139, 0.836702383847, 187.108045535, 1.00755976481, 4.51215619799, 1.22598212691, 4.89532108484, 1.24858262657, 255.017962154, 20.4702459837, 794.882472044
2.87803342929, 1.00000018186, 1.08957550358, 0.868049775813, 2.09553728204, 0.857235316242, 4.34300168637, 1.19507206627, 0.980368337142, 4.66647602794, 5.22060014161, 0.886873149171, 4.9933725509, 1.01922248362, 1.09000038623, 1.07473785319, 1.01296508959, 1.18431291607, 4.56800671373, 1.02300215589, 0.902624488603, 900.245516649, 1.14899491713, 2.99973454825, 1.16169159096, 4.12725122233, 0.897401577652, 272.330957636, 28.5803974062, 609.571350842
1.20521022444, 1.00000091689, 1.03070300991, 0.983482305415, 1.77364633534, 0.931123087065, 4.41684324012, 1.10445752942, 0.978340324899, 4.44668407461, 5.4017679757, 0.90783500808, 2.31276148314, 1.03762487279, 1.09000058446, 1.03950061458, 1.03046257212, 1.02965415064, 4.94799322542, 1.02377684765, 0.945053361662, 928.590508284, 1.00618488764, 4.38782010315, 1.08907484922, 4.60091409281, 1.08597800759, 255.174379979, 14.07512464, 2605.72135525
4.01202957776, 1.00000019632, 1.22382750613, 0.950629050043, 7.04921066797, 0.766767248994, 4.70682373574, 1.12580827685, 0.981373608893, 5.77411181782, 5.50356824157, 0.885097277497, 1.13795177726, 1.1248331519, 1.09000051176, 1.09059252309, 1.00792558073, 0.953152872231, 4.3060082506, 0.973809238491, 0.990356336741, 13.4554675236, 0.923812536155, 2.92543529938, 0.977985957457, 4.43624982185, 0.900789673013, 240.226791524, 13.8981612497, 4077.52283251
3.54578119836, 1.0000005678, 1.6620096172, 1.0363829742, 4.44517016348, 0.737953031218, 3.67703441958, 1.00563960998, 0.949796594764, 6.18269210075, 4.69211187141, 1.08988714872, 2.91017926442, 1.1238578491, 1.09000025663, 1.05515538731, 1.03499872821, 1.14547500957, 7.64900685328, 1.1616949808, 0.933771995401, 715.335551847, 1.0673966537, 2.33714322995, 0.954988087892, 2.18831423689, 1.01192944119, 299.795726773, 15.2050425462, 1404.88852706
5.83181528612, 1.00000065631, 1.41421883704, 1.10439724792, 1.6923507818, 0.766522650887, 4.13415541851, 1.06966979625, 0.914604076547, 5.87362129544, 5.80774726572, 0.932518526019, 1.20167988403, 0.917161856667, 1.09000051165, 1.09015791414, 1.02688749716, 0.945237266852, 9.70169067793, 1.05796088277, 0.989413686629, 319.765693779, 0.933283076207, 2.84434760092, 1.23394177515, 4.41720957068, 1.19906235728, 254.714668498, 16.0158810613, 1459.39194452
3.75516293474, 1.00000067862, 1.38090907972, 1.08021718904, 2.34906586084, 0.763362692762, 3.16849673917, 1.09301929529, 0.954043578104, 1.5732637324, 6.03170472992, 0.951785198045, 4.95977950968, 1.19983083209, 1.09000056193, 1.09600369681, 1.00595155563, 1.18178045572, 6.16495344284, 0.944150582749, 0.796327647367, 673.838976832, 0.910149081982, 5.69329314818, 1.14725999424, 1.29859392427, 1.20863167347, 219.692638421, 19.8751781435, 1816.40259627
1.34336111355, 1.00000058515, 1.36633207087, 1.16436041498, 3.84574289144, 0.909029656415, 5.74157793793, 1.10829136593, 0.975903749148, 1.32950714529, 5.93764712975, 0.972078213, 1.19976677422, 1.04805612202, 1.09000094068, 1.09986846107, 1.02267792711, 1.13452864725, 7.69187622643, 1.15958353587, 0.910930344976, 793.976781725, 0.947040254104, 5.59790415893, 1.04262624928, 2.75542567668, 1.25595513798, 217.569293923, 19.9261402536, 2840.09607906
3.10048700228, 1.00000010912, 1.23508598127, 0.827680798509, 2.22160206729, 0.867811444611, 2.39374898782, 1.09032320755, 0.937007126505, 4.00199689014, 5.49917054813, 0.978593792005, 1.03965222963, 0.934116954105, 1.09000019509, 1.04157664559, 1.01637519067, 0.843047959962, 9.52642350043, 0.997792972355, 0.922529151034, 463.420218484, 0.999094264715, 1.33154503559, 0.991261114764, 3.60624085576, 1.25046665765, 204.760496078, 18.7694600655, 3630.15929525
2.3422733281, 1.00000009766, 1.08905331978, 1.05163853215, 5.71083645651, 0.941093719254, 2.98092753338, 1.06942586523, 0.904474238677, 1.26028063489, 5.60592405993, 1.02178461787, 2.8263991291, 1.21326392632, 1.09000053811, 1.08143751138, 1.03131231678, 1.17253047917, 7.07835521468, 1.01973630412, 0.910483761342, 949.729622685, 1.19452347908, 5.72177590444, 1.08673171265, 4.13839822831, 1.23341047096, 282.150808011, 16.6757537483, 1134.88538074
5.76966649699, 1.00000065631, 1.41421883704, 1.20917737242, 4.00152033804, 0.952462059481, 4.13453819706, 1.01042460215, 0.914471396638, 3.97454618637, 5.78091826183, 0.932518526019, 4.02273323337, 1.07970291634, 1.0900005129, 1.10894357355, 1.02953738975, 0.945237266852, 6.77229658523, 1.06023405794, 0.989413686629, 911.975018366, 0.934160739029, 5.70782410389, 1.23550964636, 1.25521304527, 1.19906235728, 287.111209327, 20.4585841109, 888.165449979
1.60086728534, 1.00000058764, 1.36274967757, 1.21439629976, 3.9016330609, 0.952545801056, 4.25351328383, 1.10034156457, 0.971223443526, 2.70882913866, 5.40800303104, 0.973874175015, 3.54204999659, 1.21366915985, 1.0900005072, 1.02331016114, 1.02265273081, 1.1298310171, 4.39287042299, 0.916683593644, 0.807413498483, 734.473239288, 1.09270066762, 5.57417689966, 1.18859496795, 1.58995484976, 1.01569505064, 244.502729446, 19.5557775276, 1585.6957973
4.1427729982, 1.00000000442, 1.6446415628, 1.1579257474, 6.25458785946, 0.867663766822, 3.1269315351, 1.18551598448, 0.915299780093, 1.77623805618, 6.16444476932, 0.959216323953, 3.74416198057, 1.19745908789, 1.09000008689, 1.07288344302, 1.02685556497, 0.827778950646, 3.41513260154, 1.15861964966, 0.932412170233, 162.769798867, 1.0717172672, 2.57599534162, 1.2136358072, 3.07117877723, 0.885357815834, 253.796610832, 16.8272644013, 1269.87787587
5.76966649699, 1.00000009735, 1.41421883704, 1.10748040437, 3.92894283531, 0.943219155206, 2.41000824938, 1.07093315612, 0.937452491256, 3.99903582246, 5.8113934567, 0.897927459919, 4.01797106951, 0.928042003338, 1.09000073972, 1.04202699758, 1.01637303824, 0.946598206665, 5.6797020103, 0.996388048097, 0.986090554555, 319.765693779, 0.996805131737, 5.70782410389, 1.2237778197, 4.42118352127, 1.19906235728, 140.944437622, 22.9408733576, 1589.25934912
1.22202141574, 1.00000055198, 1.15725379754, 0.960223194654, 1.76896879095, 0.749922557866, 2.70053388449, 1.03809153248, 0.949366371274, 4.28487535609, 5.71772792057, 0.907140960177, 4.34835730577, 1.04884163587, 1.09000027021, 1.06356990703, 1.00766296065, 1.15034906249, 3.64696724261, 1.17384949126, 0.973184400744, 298.770421538, 0.948727227164, 2.44086380759, 1.04223634088, 2.74400020694, 1.25342544836, 137.629391539, 22.93855829, 1973.61902892
5.75186455199, 1.00000057435, 1.25665794679, 1.03498570638, 3.97353851235, 0.869494560467, 3.8940208003, 1.16318790394, 0.920928028359, 3.30642606237, 5.79665010492, 0.897927459919, 2.42345766239, 0.986509237593, 1.09000073972, 1.03323548241, 1.0052132014, 0.943700349323, 5.68050785961, 1.05959647769, 0.989413686629, 319.765693779, 0.957485319993, 2.50279207443, 1.23258878779, 4.6321943695, 1.19829484087, 284.655766604, 20.6726099868, 993.869284754
5.05147472811, 1.00000074879, 1.03726457481, 1.16687519061, 5.96147618685, 0.947052397565, 5.41808342502, 1.12350481917, 0.990006637784, 6.03699058288, 6.01353252597, 0.911880911053, 2.24304847546, 1.27673895393, 1.09000070231, 1.01739973112, 1.03916150923, 1.05768372918, 6.43364026949, 1.10197176365, 0.981813803076, 657.756501166, 0.9141335144, 1.02659891055, 1.07939485942, 4.06559615374, 1.2945393297, 853.475771582, 23.1625641879, 866.002600404
3.88599277779, 1.00000067862, 1.38090907972, 1.08021718904, 2.45933072262, 0.762451698115, 3.16849673917, 1.09301929529, 0.927690105935, 4.12984674615, 5.47297747234, 0.9515986945, 4.95470674922, 1.19983083209, 1.0900008624, 1.09600369681, 1.03420661647, 1.18178045572, 3.22871913007, 0.944150582749, 0.794499480037, 698.477792272, 0.919620011478, 5.69329314818, 1.14725999424, 4.03466006652, 1.20863167347, 318.618090449, 14.9991323617, 3009.93078266
3.99762753001, 1.00000037973, 1.124694776, 0.841446122612, 4.4207314504, 0.994265921806, 1.41374445181, 1.03285935484, 0.938339969414, 2.74313460748, 5.40254166168, 0.857054864834, 4.74720961491, 0.834863377323, 1.09000025967, 1.04739710983, 1.03184503113, 1.00993486923, 4.21973352002, 1.0026564343, 0.940650147745, 307.383459468, 0.945060295133, 5.00504563688, 1.06968678706, 4.97690428542, 1.11576367088, 266.015952048, 14.3692065951, 12515.2555333
1.20521022444, 1.00000091689, 1.03070300991, 0.983482305415, 1.77364633534, 0.931123087065, 1.17573756666, 1.10491000304, 0.937941879411, 5.87694892437, 5.4017679757, 0.90783500808, 2.31276148314, 0.987572105478, 1.09000058446, 1.03840082526, 1.03044449271, 0.944929856795, 4.94000276875, 1.02377684765, 0.988537606434, 928.590508284, 1.00618488764, 4.38782010315, 1.07071034258, 4.58983792591, 1.25942871636, 483.904236019, 16.4478274259, 1849.82364361
4.79940946754, 1.00000019483, 1.1239306521, 0.930186041336, 6.2617730786, 0.86054182022, 5.78122296476, 1.00262932605, 0.99045860032, 4.10953819811, 6.07708946834, 0.979378195661, 1.1819758151, 0.920792506272, 1.09000062451, 1.08066641532, 1.04382202899, 1.01708327955, 9.56342591993, 0.9748069675, 0.923587046874, 69.9285974648, 0.974403160199, 2.62389896216, 0.989258153959, 4.31098021274, 0.900310185499, 242.788901862, 20.1010837594, 5069.77308152
4.63186696597, 1.0000009111, 1.02992842211, 0.838583761052, 5.54140338865, 0.931018739485, 4.41526756195, 1.18558667693, 0.994889797753, 4.44924593327, 6.16799422764, 0.957892249281, 3.74201716709, 1.03770974506, 1.09000022307, 1.07261174009, 1.03067001222, 1.18853492787, 3.42437128594, 1.0347822019, 0.836470860243, 187.108045535, 1.00755976481, 2.59442327061, 1.21371179141, 3.09033244255, 1.25041502282, 714.37128364, 18.7724073788, 1136.2874973
4.76950938335, 1.00000000442, 1.41601874413, 1.1579257474, 6.20820030573, 0.867663766822, 3.16948466113, 1.0119258481, 0.926698514299, 3.97643403498, 6.14134516282, 0.959310409294, 4.03076777369, 1.20028549529, 1.09000008904, 1.08105722051, 1.02685556497, 0.827778950646, 3.17073794959, 1.15998022215, 0.932412170233, 910.420815462, 1.07024794189, 4.61874391275, 1.14864137298, 4.01396757443, 1.2104372032, 283.407417869, 17.3185435949, 1412.61547141
4.729497683, 1.00000019967, 1.10795761011, 1.13041010172, 6.19191497003, 0.908963475799, 2.0608864603, 1.11689699427, 0.975327533386, 1.78480053327, 5.67921199773, 0.957132460096, 1.13093336508, 1.01760587162, 1.09000049081, 1.0983919296, 1.045505187, 1.1598084933, 7.89902590834, 0.975305067363, 0.811026637854, 600.046023687, 0.978595769849, 2.55267512301, 1.14569675042, 1.30984278333, 0.924988566202, 258.561034516, 21.0219001601, 1432.18325558
4.40935719223, 1.00000093532, 1.04234274853, 1.18332891113, 5.48576715516, 0.908782409586, 4.24249301486, 1.10330640844, 0.902663628958, 2.76486414428, 6.23879164138, 0.907453472316, 2.30438150715, 1.03770974506, 1.09000022219, 1.06033292021, 1.02200697275, 1.18463161977, 4.15808293036, 1.00354839192, 0.873238875547, 499.908245593, 1.00610201819, 3.94037663898, 1.2244756084, 2.99491407062, 1.08870697429, 436.946793204, 17.198533127, 2267.70299719
1.48197563592, 1.00000014002, 1.1239306521, 0.930186041336, 2.02466829045, 0.860934006122, 3.25316962644, 1.00262932605, 0.982163791359, 4.10953819811, 6.07708946834, 0.979378195661, 1.1819758151, 0.913107812439, 1.09000062451, 1.09849918844, 1.04382493157, 1.01708327955, 9.56342591993, 0.9748069675, 0.811433754143, 600.689995971, 0.974797225477, 2.61313476292, 0.991847599363, 4.31098021274, 0.900310185499, 223.610341567, 26.5893491772, 4881.01592431
2.32328620202, 1.00000019543, 1.08797750571, 0.930149014727, 6.19551881637, 0.861563953018, 2.95685430086, 1.06865914659, 0.993120885436, 1.27236419276, 5.97955111813, 0.993281235567, 4.36775208226, 0.920792506272, 1.09000063815, 1.08066641532, 1.03166337522, 1.17354772692, 9.54220805458, 0.9748069675, 0.910439665662, 69.9285974648, 0.972988159035, 2.62397909064, 0.989258153959, 4.15536848113, 0.899831541105, 235.757556178, 26.9137763134, 2117.4538262
3.82882332782, 1.00000065654, 1.24080978547, 1.10454483834, 3.86533703905, 0.952709575873, 5.0498611664, 1.08351857589, 0.971271447524, 3.98704861623, 5.40515730147, 0.937071566224, 4.04294117872, 0.835251216575, 1.09000074007, 1.03091849754, 1.02041303567, 1.13807123508, 9.61631318782, 1.05950082296, 0.988322602583, 879.158051053, 1.09171031855, 4.6112919749, 0.99364743912, 2.11520252953, 1.12221551355, 630.716756227, 21.2706961391, 1161.81903217
2.9418969964, 1.00000047136, 1.46864238411, 1.13762731755, 3.15720555373, 0.736784951867, 2.49489296039, 1.18186972519, 0.905249581188, 1.34716542197, 4.68904060947, 1.09404389207, 4.48842094342, 1.12405627409, 1.09000031657, 1.02908743108, 1.00982622063, 0.849883779584, 7.65031159006, 1.05004719025, 0.930133798698, 609.092711775, 1.06476943863, 2.36561928533, 1.09700744927, 4.18315929685, 1.28145911429, 481.77253053, 23.8436829207, 1056.60816376
2.39265791132, 1.0000004218, 1.2411902727, 0.912831036852, 2.68242869036, 0.758641836397, 1.61190052015, 1.06919927881, 0.986658334387, 1.25035972733, 5.54515276611, 0.844846566534, 1.15873236239, 1.2378642404, 1.09000048614, 1.09128374187, 1.02682363284, 0.824016257754, 5.33512755236, 1.12407733741, 0.932755034773, 163.924250888, 1.18153420188, 4.67326245333, 1.0867154704, 1.43332676209, 1.05259918542, 364.700071751, 22.5069944283, 1090.08598576
5.74180789989, 1.00000038787, 1.40648909127, 1.10501754852, 4.40902369135, 0.941599837791, 1.31579958233, 1.1637863292, 0.938072798554, 5.87051767994, 5.56767295235, 0.856620618223, 4.73962833612, 0.987398237524, 1.0900009925, 1.08988287799, 1.03533189474, 0.944393194818, 5.68040531446, 1.05950683202, 0.988839688107, 307.383459468, 0.946867603018, 5.64884899572, 1.07079976533, 5.01378627309, 1.25408629075, 432.507189956, 24.0778191697, 1028.61247804
2.28334291217, 1.00000058178, 1.55000953852, 1.20399088176, 3.38602594645, 0.853705211082, 1.55867461807, 1.18075296494, 0.925971063124, 4.57850614602, 5.19524849237, 1.21410584447, 3.38862746226, 0.883427919837, 1.0900001298, 1.03228756318, 1.04269157264, 1.10701389672, 7.08141814197, 1.10335190631, 0.975227593642, 46.664290132, 0.988607351113, 4.20209967024, 0.963542243699, 2.19806634369, 0.914638836594, 394.262941926, 22.3639296796, 1290.01473807
1.34336111355, 1.00000058575, 1.36805066308, 1.16436041498, 2.4526263615, 0.952313731253, 5.74157793793, 1.10132202517, 0.974374611463, 1.332840114, 5.15699987849, 0.971788861551, 4.34648127565, 1.04805612202, 1.09000092689, 1.09704181832, 1.02267792711, 1.13452864725, 4.62203722632, 1.17394752765, 0.910930344976, 488.211164381, 0.949949593746, 5.59790415893, 0.971939176849, 1.20420453712, 1.26743345732, 840.5012786, 39.6401325102, 1012.78243017
2.38434205837, 1.00000017249, 1.33435442228, 0.952473451325, 6.8581884492, 0.845722625803, 5.24215225681, 1.21826497619, 0.953517611397, 1.56313819334, 6.03164548384, 0.908590598797, 4.48361471124, 1.12379586693, 1.09000056637, 1.05957290496, 1.00614370581, 1.18482930863, 6.16303668174, 0.957720043251, 0.848348453747, 53.274717575, 1.19121498216, 4.47348569712, 0.983162438118, 1.31482256262, 0.938101125411, 385.389188853, 15.8229600088, 5562.15752862
3.12488564457, 1.00000060804, 1.55000953852, 1.18624558777, 3.41389647336, 0.856379391371, 1.55867461807, 1.18075296494, 0.982189698051, 4.52062913331, 5.18446377552, 0.875266631252, 3.38601810033, 0.88220917829, 1.09000012976, 1.03227621787, 1.01007768582, 1.10634577091, 6.75954851543, 1.10313175268, 0.830650454157, 46.664290132, 0.988739407588, 4.20209967024, 1.13728224799, 2.19806634369, 0.905941573485, 470.822146415, 16.8407782769, 3768.40988883
3.10597571871, 1.00000010755, 1.14612537799, 0.830820342751, 4.41677444119, 0.937303793148, 1.40188117407, 1.00538077068, 0.937020965362, 4.08195010605, 5.56447812329, 0.930915448769, 1.04116401626, 1.07620338133, 1.09000051075, 1.10570912342, 1.02951847733, 0.843812767879, 9.88838484285, 1.0026564343, 0.940650147745, 307.143031472, 0.996688634104, 2.15380405063, 1.23393338227, 3.56558013763, 1.21954079831, 514.100638712, 17.0121904657, 3684.16818749
3.86706465545, 1.00000041627, 1.40867700558, 1.0613625665, 5.79159979407, 0.824852355874, 5.50472411857, 1.00681849247, 0.989436395588, 3.0783274378, 5.54714968596, 1.11729758811, 1.14596272399, 1.01613824245, 1.09000059813, 1.04111737088, 1.03259816278, 0.938357587755, 3.05229285556, 1.15469026878, 0.879096845117, 489.218457848, 0.915802050235, 2.59474665309, 1.05688474415, 4.35162946947, 1.11331976822, 520.728942766, 17.1908836659, 3059.06028372
2.6364371181, 1.00000061105, 1.27455458189, 1.16481380692, 4.02736113919, 0.825094856839, 1.13537239731, 1.10734902163, 0.911986398489, 3.15697652248, 5.68261622492, 0.932246598039, 2.47344783139, 1.20731525523, 1.09000047475, 1.09095105264, 1.03385865189, 0.913310527025, 7.90585159442, 0.97359707283, 0.836413479135, 693.445183084, 1.13162109232, 1.92430877602, 1.14534675488, 3.80479350564, 1.19427192748, 296.645501047, 20.3614078108, 1861.77725003
5.12690129083, 1.00000074879, 1.54826305429, 0.920138566773, 5.96147618685, 0.947583272824, 5.41808342502, 1.12387801728, 0.946967359088, 6.02977965708, 5.19234275722, 1.01863693547, 2.24304847546, 1.27865862631, 1.09000013597, 1.01721870183, 1.03912925129, 1.1075642907, 6.43364026949, 1.09733390492, 0.981765547909, 657.756501166, 1.03188875632, 3.31043906969, 1.23805681684, 4.04177702648, 0.916866858322, 462.767242747, 19.4064817053, 1797.35476213
5.74180789989, 1.00000038814, 1.41102830254, 1.10712895601, 4.40902369135, 0.857903466658, 4.42496744415, 1.1637863292, 0.938072798554, 5.87051767994, 5.56767295235, 0.863265370266, 4.73962833612, 1.01828331439, 1.09000039038, 1.08988287799, 1.03508201288, 0.944393194818, 4.56361175332, 1.05950683202, 0.903360362117, 890.550906594, 0.946867603018, 5.64884899572, 1.07079976533, 5.01378627309, 1.25408629075, 402.568896603, 19.1160992123, 2628.19160904
4.98315071443, 1.00000017024, 1.00475935689, 0.928489783997, 4.38541574199, 0.792851284399, 2.69966968525, 1.20342862199, 0.95671434144, 4.66191124256, 5.72873343904, 1.18633818071, 4.3696954522, 1.04597211171, 1.09000022132, 1.0636972411, 1.00766153678, 1.08504657757, 3.70223398539, 1.17281812369, 0.908541083858, 538.138761846, 1.14970922592, 3.02122196509, 1.02910617253, 1.28221126089, 1.08615642456, 306.587299608, 21.1350724818, 1574.04130947
3.97234960504, 1.00000041627, 1.40867700558, 1.0613625665, 5.79159979407, 0.759385236832, 5.53164856199, 1.00681486212, 0.978427103534, 3.0783274378, 5.54893161909, 1.06588998231, 1.13143084039, 1.00826539139, 1.09000059604, 1.04111737088, 1.00796930312, 1.02757183892, 4.93470183821, 0.94975059939, 0.953338431526, 930.172346154, 0.916243673736, 2.55729509397, 1.08685818155, 4.36985266492, 0.95799152977, 286.604297809, 28.3087832645, 2320.44296092
4.7294609622, 1.0000002055, 1.24737334818, 1.13013373297, 2.40537615365, 0.908963475799, 1.63672415055, 1.00262064472, 0.982107578774, 1.8918602913, 5.40500540258, 0.993318385882, 1.16939388803, 1.28757247234, 1.09000049066, 1.09674743034, 1.01660251606, 1.05790462117, 7.69939773419, 0.974871114163, 0.775868089211, 796.82517797, 1.14389708753, 1.37643193094, 0.991699217476, 4.58807534196, 0.899835933034, 489.936387791, 25.2541699337, 1056.15734676
1.31172269813, 1.00000020013, 1.45772488336, 0.885359775011, 5.94228193232, 0.787242172424, 3.2780319192, 1.00447414254, 0.922753295647, 5.17853898111, 5.40305923615, 1.11722391839, 2.92849646188, 1.01760572813, 1.09000052524, 1.04008049812, 1.0464862115, 1.05767108331, 5.04307496976, 1.15518510592, 0.808043296389, 82.8706221547, 1.00240668663, 4.29755821487, 1.10107191684, 4.6519462371, 1.10944347676, 677.743718844, 22.4705358648, 1438.90775659
5.05083218767, 1.00000074879, 1.03679037448, 0.917727798806, 5.96147618685, 0.947494402313, 1.51572008752, 1.12350481917, 0.946967359088, 3.18453691285, 5.82194629966, 0.932453391077, 2.24304847546, 1.20756310912, 1.09000070231, 1.01739973112, 1.00581869591, 1.19824789268, 6.43364026949, 0.971107730171, 0.849557102672, 658.123874685, 1.12942938294, 3.33152303608, 1.23761878731, 4.06470211504, 1.29517500384, 2590.08174946, 27.5706847393, 1647.8311456
2.64217550582, 1.00000088093, 1.40912313114, 1.05163853215, 5.58236789616, 0.948159108348, 5.49413153758, 1.17603789592, 0.905254639575, 2.30668201551, 5.62489549564, 0.929767638551, 2.8263991291, 1.20256804302, 1.09000053811, 1.08152065841, 1.03131231678, 1.03714834269, 7.07835521468, 1.01973630412, 0.910483761342, 978.744627093, 0.941826843219, 5.16031945938, 1.07673667802, 3.53127982036, 1.23182840466, 463.922748817, 20.3575247339, 3486.34889865
