0.12927801855, 0.871510024925, 2.43931526105, 0.928972070725, 97.8352252042, 2.54982756039, 0.434948477612, 0.7688229025, 12.9512072479, 82.018314236, 0.0443721184433, 0.416666666667
0.144843899164, 1.08796515213, 2.57069591163, 0.814904792543, 86.8070190146, 1.67951733056, 0.927803243884, 0.768270492143, 14.569999822, 41.3184911915, 0.0415505628682, 0.466666666667
0.145469402814, 0.829015500495, 2.57069591163, 0.814643778165, 86.8070190146, 5.94734359529, 0.927803243884, 0.768270492143, 14.569999822, 85.6433617534, 0.104522894793, 0.142857142857
0.113300714588, 1.11529805953, 2.1734542843, 0.870486407097, 92.0286121563, 5.90193364315, 0.103676831287, 0.219667348399, 16.0157835878, 94.6515938762, 0.0132388887808, 0.0
0.106290168543, 1.0573807365, 2.79932372414, 0.747608199145, 93.239506831, 1.56185337576, 0.137370318366, 4.27835715327, 14.9299663843, 119.501877323, 0.00613643121659, 0.0
0.116229034671, 1.01943746545, 2.1831290482, 0.714991086276, 91.3721577876, 6.02121329421, 0.450715269532, 1.03507751103, 10.7461292535, 93.6412456027, 0.0843420081426, 0.272727272727
0.185614199905, 1.00855936319, 2.79134290447, 0.76845825082, 87.9631892115, 1.41863098476, 0.629836369152, 3.63007955348, 11.5784839428, 183.603478631, 0.00434529657042, 0.0
0.104036927375, 0.902838920378, 3.81063487844, 0.734569155737, 90.9520901297, 5.1587908745, 0.174648073594, 2.35164130077, 14.6269001318, 91.530191084, 0.0948254568699, 0.333333333333
0.197649431754, 0.905780907358, 2.20690925079, 0.940995956293, 94.290410212, 4.88744524041, 0.13786490508, 2.6486617736, 17.8560106909, 79.0227900547, 0.11676948165, 0.384615384615
0.101321003816, 1.11529805953, 2.02859621447, 0.884112458454, 82.993568604, 5.97459308387, 0.100325713603, 0.219730810214, 15.0163745805, 248.669683534, 0.0, 0.0
0.10090205235, 1.13750579552, 2.00788051371, 0.731797546915, 90.4498246086, 2.10295423749, 0.6209913683, 1.71604715144, 12.9444994514, 83.6212753337, 0.0394578226351, 0.647058823529
0.105472008671, 1.00670731999, 2.79134290447, 0.770368944672, 87.9520128155, 1.37234133643, 0.629836369152, 3.7550395421, 11.6904829902, 117.515135658, 0.0094173863942, 0.2
0.126581239748, 0.902783898213, 2.44151644125, 0.891401190453, 93.8504369188, 2.06447048493, 0.374936083742, 1.24159615105, 12.7056852064, 84.9300058854, 0.0194010365905, 0.526315789474
0.11334066469, 1.11529805953, 2.01794072063, 0.735654469357, 82.025780764, 5.90403675377, 0.110910654687, 0.219730810214, 12.8628412033, 73.4892212625, 0.0996493023918, 0.571428571429
0.162277346641, 0.90706105141, 2.00252471005, 0.711788050123, 89.6442720086, 1.45178847792, 1.77270015413, 4.47111608613, 10.872647954, 117.965084327, 0.0149693021813, 0.0705882352941
0.116834070405, 1.01943746545, 2.1831290482, 0.715086892045, 91.3721577876, 6.02121329421, 0.450715269532, 0.9784424785, 10.7461292535, 96.1383454854, 0.056407957898, 0.5
0.189025469618, 0.907399640451, 2.01978195722, 0.734309224446, 87.5284986371, 5.8921956191, 0.137804318713, 2.35094728569, 11.304829799, 97.0136634514, 0.0712580153807, 0.0454545454545
0.186808924364, 1.22158287864, 2.09527365308, 0.947805887788, 81.5522987325, 1.99333481806, 0.207185637211, 2.42181747555, 18.3922015419, 112.407355785, 0.0156881907201, 0.0
0.104493022406, 0.98580289327, 2.0095265429, 0.884886159086, 98.6007262635, 1.84588021476, 0.591867866249, 0.216684526399, 12.8561776042, 107.6792545, 0.0163444510288, 0.235294117647
0.12927801855, 0.871510024925, 2.43931526105, 0.932954709457, 97.8352252042, 2.54982756039, 0.371098251798, 0.7688229025, 12.8612366376, 107.934307397, 0.0209919740978, 0.214285714286
0.191647851075, 0.905780907358, 2.20777862033, 0.733966310516, 90.9882188677, 4.89556745565, 0.13786490508, 2.35094728569, 11.3129436457, 100.181906184, 0.0307242783868, 0.0
0.110581087977, 1.08874613709, 2.12068861163, 0.749659828565, 92.5506483442, 2.59129684394, 0.0227099586179, 4.36093049529, 14.9285720192, 131.760009938, 0.00814168904179, 0.222222222222
0.137456828273, 0.82269318784, 3.03394285414, 0.947380851123, 87.7127447622, 8.21082524143, 0.185852821151, 2.77174771308, 15.9880798558, 140.874036143, 0.0105202706414, 0.0
0.105472008671, 1.00670731999, 2.79134290447, 0.770368944672, 88.000490937, 1.39114286486, 0.629836369152, 3.75639104745, 11.6906265776, 121.512429771, 0.0129003794927, 0.0
0.15428461471, 1.15203933233, 2.00004957296, 0.942863789568, 96.4358293349, 5.88574746075, 0.110528005163, 4.71603388471, 15.5422618911, 96.1127884583, 0.094273432348, 0.470588235294
0.101056791587, 0.98580289327, 3.49884378506, 0.884886159086, 99.3626390565, 1.73632462417, 0.378364482742, 0.976077186601, 12.8171190926, 183.78096462, 0.0047491540243, 0.0
0.112327802296, 1.13536123624, 2.97785524434, 0.945242156266, 94.4300435462, 3.53232360072, 0.100269011404, 2.79143441878, 16.8182449618, 249.271443708, 0.00427347503068, 0.0
0.109505469499, 0.898065856798, 4.9364227097, 0.803145884079, 85.9685774685, 6.39776640447, 0.99929846652, 3.16898434935, 10.9878634593, 290.369651908, 0.00393915049915, 0.0
0.105472008671, 1.1128268157, 2.75422518911, 0.770368944672, 87.9520128155, 1.37234133643, 0.0936325148473, 3.77481279622, 11.6904829902, 125.589198419, 0.010567396059, 0.2
0.126192725925, 1.19221057461, 2.435365429, 0.932216866668, 95.9841050269, 3.40324738599, 0.374936083742, 1.1463490799, 12.8612366376, 119.793793828, 0.025504981812, 0.454545454545
0.116225686977, 0.828129611146, 2.16743915539, 0.773575228136, 96.5195197501, 6.01122839527, 0.22520063918, 2.20383933749, 19.4565853142, 103.798158089, 0.0389866349748, 0.363636363636
0.145306831178, 0.829015500495, 2.60105411524, 0.814643778165, 86.205457819, 5.94734359529, 0.927803243884, 0.768827351345, 12.8718281767, 106.096518819, 0.0762943636149, 0.172413793103
0.189025469618, 0.901626535413, 2.47278297611, 0.735304062048, 90.9520901297, 4.8742359443, 0.173413065544, 2.35094728569, 14.6269001318, 118.954017728, 0.0509707391625, 0.125
0.12927801855, 0.871510024925, 2.43931526105, 0.932899832675, 97.8351454683, 2.54982756039, 0.375433431393, 4.75756945549, 12.8612366376, 119.157133212, 0.0321594718341, 0.0
0.192306466017, 0.908406875268, 2.20841117738, 0.733966310516, 90.9520901297, 5.69120952847, 0.13857033359, 1.92946410573, 11.4549580201, 115.882660938, 0.0528503597815, 0.176470588235
0.149848512909, 1.03759773896, 2.78485559646, 0.94235518507, 96.9001767623, 7.67946055249, 0.815550834872, 0.063665575939, 10.5433010282, 115.35642588, 0.086894405408, 0.153846153846
0.137232497407, 0.878566760622, 2.27200719306, 0.932559729135, 83.6068823513, 3.29421574769, 0.140340205783, 0.340971023487, 11.3916109606, 102.295630438, 0.0314549134125, 0.416666666667
0.188787505655, 0.898007539738, 2.00250710918, 0.649937089356, 85.695774882, 6.41602611278, 0.120234426119, 3.1692548785, 11.0282189142, 101.445155003, 0.140291973108, 0.04
0.166929811608, 1.05421786266, 2.09637907877, 0.880111528542, 93.853960652, 7.2534991392, 0.876720937134, 2.59375588179, 12.9918528767, 116.248428129, 0.0635473901821, 0.0
0.101092621, 1.02409947285, 2.00824028255, 0.736919828531, 99.3840901551, 1.81971470841, 1.1026610441, 0.988527705792, 12.8343279583, 163.34006455, 0.0115913403549, 0.0491803278689
0.110640596491, 0.861951794456, 2.26311738778, 0.643249544633, 80.9683812737, 3.12272604321, 1.93856411422, 0.407584424494, 10.1655278088, 173.022125317, 0.0124264227455, 0.0
0.111247489818, 1.13384751664, 2.19100980051, 0.733966310516, 90.9520901297, 2.6267366259, 0.608127843436, 1.15834062204, 12.8264476519, 139.011462523, 0.0136932337548, 0.0
0.148020344738, 1.15822731447, 2.1845179133, 0.949942517177, 92.0837679999, 5.68661162517, 0.804313117423, 4.85692096799, 18.0680174626, 129.349215166, 0.0284203078375, 0.0
0.126581239748, 1.05694528533, 2.43931526105, 0.901374563405, 93.9323516397, 2.06447048493, 0.374936083742, 1.26745810738, 12.7056852064, 169.358590127, 0.0130082431379, 0.0
0.1852098397, 1.21742926937, 2.58705102988, 0.814951038465, 86.822484009, 4.86213519571, 0.267404341058, 1.0634092593, 19.20292802, 196.652757384, 0.0106584990922, 0.0
0.111521936659, 0.924570405277, 4.93681211884, 0.886172672574, 90.5590085183, 7.15550571075, 0.888292799501, 0.539860910617, 10.5276570114, 219.264929385, 0.00920645815829, 0.0
0.103698075188, 1.00089447758, 2.7921480799, 0.748237449154, 95.0627938992, 1.56185337576, 0.196536115578, 4.27835715327, 19.6629210525, 190.689629133, 0.00994003481357, 0.375
0.140280985029, 0.860789234252, 7.72442164828, 0.92966415208, 97.8438192845, 3.80041404099, 0.819831234129, 4.8013422938, 19.5231407651, 276.716902966, 0.00512366703315, 0.0
0.111165091138, 0.823800471373, 3.0312154448, 0.648759650463, 97.6780617699, 5.88574746075, 0.0873909693696, 2.17246202032, 16.8161857617, 138.259269123, 0.0279369398636, 0.222222222222
0.11082319483, 0.907045443516, 2.09145415133, 0.714395913962, 94.9684680208, 1.56185337576, 1.27501915266, 1.13319192685, 14.9299663843, 187.940743701, 0.0110077219866, 0.35593220339
0.152183727582, 1.23099860644, 2.21772860105, 0.731745586171, 90.4536288463, 1.36474974197, 0.62848609339, 1.65402827692, 15.337063586, 161.824929112, 0.0135873627642, 0.2
0.114494710613, 0.828099951993, 2.20665931122, 0.772593112257, 95.7073960619, 6.0108095492, 0.195682239966, 2.20383933749, 10.8416088724, 106.786652113, 0.0817916819342, 0.333333333333
0.189025469618, 0.905780907358, 2.21592430747, 0.733966310516, 90.9520901297, 4.8742359443, 0.13786490508, 1.05657112988, 11.304829799, 115.318148414, 0.0889903326232, 0.2
0.113397366578, 1.00215475039, 2.00345409044, 0.66280575654, 81.8570457113, 5.99529940856, 0.100325713603, 4.51412418618, 16.8044935643, 126.271639212, 0.0498104291372, 0.117647058824
0.192306466017, 0.986383803275, 2.20841117738, 0.733966310516, 90.9393860522, 4.81804057908, 0.13857033359, 1.92946410573, 13.9990011539, 122.886804626, 0.036215449621, 0.222222222222
0.12927801855, 1.19221057461, 2.43931526105, 0.932216866668, 97.823359328, 3.41335542827, 0.374936083742, 1.14534321919, 12.8612366376, 121.025675834, 0.0384854500032, 0.411764705882
0.110538712704, 1.00580644265, 2.19114128548, 0.769961105302, 90.6891528375, 4.85704623515, 0.0255402347213, 3.61760470489, 14.5673273288, 116.049025195, 0.06048339634, 0.333333333333
0.111165091138, 0.828129611146, 2.01238012536, 0.649257227101, 96.5195197501, 5.88574746075, 0.110528005163, 2.19885104723, 16.8161857617, 102.317321585, 0.0946419939369, 0.5
0.101226906586, 1.00258554543, 2.0029196534, 0.666597634842, 90.4683814751, 2.92435024389, 0.545050376263, 4.53223013605, 19.2036163234, 118.100742965, 0.0324597143534, 0.533333333333
0.190978999664, 0.908406875268, 2.20841117738, 0.733966310516, 90.9520901297, 6.38788527527, 0.13857033359, 1.92946410573, 11.4549580201, 120.711105144, 0.116070699968, 0.176470588235
0.188787505655, 0.898007539738, 2.21660044418, 0.619493840556, 85.059608617, 4.80087524609, 0.120306996718, 3.21184469465, 11.0287413809, 124.37135436, 0.0679784646001, 0.0
0.110538712704, 1.00600906414, 2.79640188713, 0.770200260885, 90.6480730828, 2.8444041199, 0.0257484503427, 3.61817250871, 14.5673273288, 164.829049587, 0.0116759560852, 0.375
0.106290168543, 1.00089447758, 2.43988827936, 0.736579835279, 93.239506831, 1.56185337576, 1.50541656861, 3.10158122278, 15.5487702455, 193.953516555, 0.0122357490612, 0.157894736842
0.157801579844, 1.19221057461, 2.43931526105, 0.921187422643, 94.9796267405, 1.52638419897, 0.316520034564, 1.57135260571, 12.8612366376, 178.755872126, 0.0127508580465, 0.235294117647
0.142430960802, 1.03942235465, 2.444084425, 0.856017873843, 87.177453667, 4.60103051698, 0.999854922605, 2.91944910478, 15.5499033467, 145.879966278, 0.0159861894882, 0.0
0.182239116917, 0.991874666037, 2.1831290482, 0.715999102496, 91.3044309189, 1.96561688924, 0.45368738523, 1.03935101564, 11.0848675362, 142.816373362, 0.0234705332011, 0.235294117647
0.189215788451, 0.893591251857, 3.72563650606, 0.922009909052, 93.7814229607, 1.99218972721, 0.343928788863, 2.64614279334, 11.0266337614, 142.209372825, 0.0240486950034, 0.0
0.11334066469, 1.11529805953, 2.01794072063, 0.884112458454, 82.8942575951, 5.90403675377, 0.100325713603, 0.219730810214, 16.8044935643, 142.070609542, 0.0258325544969, 0.0
0.110538712704, 1.00645184467, 2.79640188713, 0.770200260885, 90.6891528375, 2.11978213854, 0.0259868505011, 3.63797730001, 14.4799714341, 139.15822066, 0.0184649157001, 0.48
0.136021818364, 1.05187675507, 2.16885847794, 0.767070833032, 93.9263664483, 6.00625873864, 0.284723634832, 2.22265328829, 18.5751397539, 138.235819241, 0.0302806129977, 0.0
0.197649431754, 0.905780907358, 2.20690925079, 0.942613151209, 94.290410212, 4.88744524041, 0.13786490508, 2.94796172786, 17.8560106909, 132.32443668, 0.0342312838924, 0.0
0.105283976003, 0.856968821942, 2.78776864286, 0.640193828423, 81.5595438469, 1.97801010093, 0.641061596814, 1.62582729315, 11.6482540489, 134.787892413, 0.0284353740531, 0.409090909091
0.19693219456, 0.904429204207, 2.97471653149, 0.733966310516, 94.514778637, 3.53002449959, 0.0547117574242, 2.79330359151, 11.2328489734, 134.301729182, 0.0338251674754, 0.294117647059
0.1852098397, 1.22241571311, 2.0897089487, 0.884516260217, 91.0216482866, 4.85352244992, 0.261791473042, 1.06415418927, 19.20292802, 137.573753139, 0.0337193191504, 0.0
0.104485511741, 0.98580289327, 3.49884378506, 0.884886159086, 92.2425939164, 5.47796763281, 0.378364482742, 0.216684526399, 15.1985746053, 131.708561513, 0.0496155466618, 0.0
0.189025469618, 0.905524367807, 2.19100980051, 0.733966310516, 90.9520901297, 4.8742359443, 0.608127843436, 1.15834062204, 11.304829799, 129.590986458, 0.0677072810389, 0.0
0.106618225367, 1.0573807365, 2.79932372414, 0.747608199145, 93.7041533981, 1.56185337576, 0.137370318366, 4.66309038493, 14.6251945606, 181.640710375, 0.0136764262347, 0.0
0.148300424427, 1.02582384504, 5.22054782335, 0.929982534904, 93.8085675969, 9.3009965814, 0.893504638068, 2.95832764326, 11.6174177818, 196.652004881, 0.0136565131594, 0.0
0.18211057413, 0.92280626476, 2.02083325225, 0.711884465874, 90.2641514887, 1.49321554368, 1.84103016871, 3.45846707349, 12.8831575068, 212.964830318, 0.0124521177687, 0.0
0.103812516972, 1.03639262614, 2.54271207391, 0.744788323641, 96.8410375638, 1.49239961472, 0.798472307184, 0.063665575939, 14.7715621266, 198.886043592, 0.0114482251802, 0.285714285714
0.104886753432, 1.13613401732, 3.77043333594, 0.922009909052, 93.9041165267, 1.94312640645, 0.343928788863, 2.64614279334, 11.0644859481, 242.810769157, 0.0104986087996, 0.0
0.105445935097, 1.1128268157, 2.75422518911, 0.734090190519, 87.9607005131, 1.37234133643, 0.0936325148473, 3.77481279622, 11.6904829902, 209.273509453, 0.0106189512685, 0.461538461538
0.10365254887, 1.18268512333, 2.79307788908, 0.884275251832, 90.5773058348, 1.54409849743, 1.3652980752, 0.453490805512, 14.7756642192, 297.392981983, 0.00663058760226, 0.0
0.103723248285, 1.1361271184, 3.77043333594, 0.776799914783, 93.9041165267, 1.91822561759, 0.323283085283, 2.64614279334, 11.0644859481, 276.988954577, 0.00672412453119, 0.0
0.11622571171, 0.82816013792, 2.16743915539, 0.772593112257, 95.7073960619, 6.0108095492, 0.285890241721, 2.20383933749, 10.8416088724, 116.274163473, 0.0620924454849, 0.4375
0.112832731522, 1.11555292974, 2.01794072063, 0.749318570923, 97.6022714743, 5.90403675377, 0.094529834904, 0.249902895037, 16.8326477843, 128.848425738, 0.0525267072465, 0.117647058824
0.104886753432, 0.863836026703, 2.21808351933, 0.634204859406, 93.9041165267, 3.16243660746, 1.97184735026, 2.64614279334, 11.0644859481, 189.490250791, 0.0137569834945, 0.0333333333333
0.136021818364, 0.905604060576, 2.32581176704, 0.873774654447, 93.9278229074, 8.70563130505, 0.246293516995, 3.21253116553, 19.767697045, 132.390371986, 0.0431491596517, 0.0
0.153209652992, 1.15403819222, 2.00017595849, 0.942863789568, 96.4358293349, 5.88574746075, 0.110528005163, 4.80875415566, 16.8039753144, 124.864294183, 0.0506212732911, 0.428571428571
0.136080618957, 1.05842993351, 2.18955147436, 0.728178720193, 90.9520901297, 4.8742359443, 0.13786490508, 2.3507892183, 10.7926523395, 145.048578469, 0.0359196954978, 0.3
0.11334066469, 1.11555292974, 2.01794072063, 0.884112458454, 97.6022714743, 5.90403675377, 0.100325713603, 0.219730810214, 16.8326477843, 107.922828154, 0.0895807966061, 0.458333333333
0.110613892284, 1.08874613709, 2.12068861163, 0.749671049638, 90.6891528375, 2.59129684394, 0.0227099586179, 0.4290831005, 14.5673273288, 136.974633852, 0.0429606151264, 0.5625
