0.0053102611961, 0.00302124601637, 0.98963479199, 0.249737277897, 0.385941180756, 0.621534239557, 0.759787529328, 0.927938976734, 0.846850919963, 0.00129640501676, 0.00389467029117, 5.4370133101e-05, 1.73094068856, 325.213105037
0.0053102611961, 0.00302124601637, 0.98963479199, 0.249737277897, 0.385941180756, 0.621534239557, 0.759787529328, 0.927938976734, 0.846850919963, 0.00129640501676, 0.00389467029117, 5.4370133101e-05, 1.73094068856, 325.213105037
0.991209850003, 0.860187096876, 0.992194231096, 0.231149649911, 0.300890079771, 0.0300392817927, 0.751117078765, 0.324389111158, 0.690482139682, 47.383988585, 157.608701663, 1.6127140401, 33.5811842325, 2.12999915229
0.991209850003, 0.962719774611, 9.40709081554e-06, 0.321414374039, 0.300890079771, 0.496169436394, 0.751117078765, 0.0599980953029, 0.998931506271, 0.000633968225927, 0.00133846448752, 209.673128204, 8.11942915918, 1.93142409281
0.00319836675636, 0.937833812092, 9.40709081554e-06, 0.541545691912, 0.00836057259509, 0.992833707645, 0.183375986256, 0.492338247299, 0.998869064137, 1.29285414594e-06, 1.09448669205e-06, 0.253778604552, 0.01682238007, 84.336132683
0.99970409848, 0.671608283374, 0.998981393992, 0.842178151499, 0.109938165163, 0.414899293458, 0.588068088119, 0.922398814214, 0.253417796808, 115.646275273, 21.6717910615, 0.140015628186, 67.211939783, 0.0605800962975
0.00411521608848, 0.990477299487, 0.0276033224121, 0.248080090319, 0.660514527825, 0.758187016188, 0.0867446829559, 0.715920077914, 0.508833040255, 0.00686265644541, 0.0208004117056, 0.974501371985, 0.00963506365365, 244.856092251
0.999991511156, 0.986069317174, 0.996514471123, 0.999968632327, 0.00263372776803, 0.992961579165, 0.588068088119, 4.15682130859e-05, 0.591980287046, 62.3370417718, 0.00195542929555, 0.218044374893, 0.883773878307, 0.000538543772069
0.932639872388, 0.0111636886791, 0.98963479199, 0.249737277897, 0.385941180756, 0.621534239557, 0.759787529328, 0.927938976734, 0.846850919963, 0.841318471848, 2.52749566328, 0.0352841871972, 301.521846873, 22.023345976
0.99970409848, 0.671608283374, 0.998981393992, 0.842178151499, 0.109938165163, 0.414899293458, 0.588068088119, 0.922398814214, 0.253417796808, 115.646275273, 21.6717910615, 0.140015628186, 67.211939783, 0.0605800962975
0.999991511156, 0.986069317174, 0.996514471123, 0.999968632327, 0.00263372776803, 0.992961579165, 0.588068088119, 4.15682130859e-05, 0.591980287046, 62.3370417718, 0.00195542929555, 0.218044374893, 0.883773878307, 0.000538543772069
0.993508945975, 0.0111636886791, 0.0276033224121, 0.0182289432753, 0.000526183299838, 0.758187016188, 0.671694093387, 0.922398814214, 0.690482139682, 0.00129992977112, 0.0700113772802, 2.51212071561, 228.830404114, 1.5119337561
0.963943534929, 0.0111636886791, 0.968544370446, 0.702587451257, 0.382704894288, 0.018387162507, 0.226961249092, 0.895808891744, 0.303571469769, 1.03944083744, 0.440006077785, 0.0480483244037, 135.299613034, 5.11804029116
0.993508945975, 0.986069317174, 0.0276033224121, 0.999968632327, 0.000300419261549, 0.758187016188, 0.377487846583, 0.302791503835, 0.690482139682, 4.4895533539, 0.000140831260237, 158.160805567, 2.29784304618, 1.07768390885
0.991209850003, 0.962719774611, 9.40709081554e-06, 0.321414374039, 0.300890079771, 0.496169436394, 0.751117078765, 0.0599980953029, 0.998931506271, 0.000633968225927, 0.00133846448752, 209.673128204, 8.11942915918, 1.93142409281
0.983979256124, 0.962719774611, 0.983724032733, 0.140295938077, 0.620299075663, 0.306238562039, 0.751117078765, 0.000307983350251, 0.690482139682, 22.0103885225, 134.875041121, 2.59570980529, 6.17572525323, 2.69715665661
0.968934724131, 0.993468685143, 0.721220585845, 0.37775974806, 0.397480452726, 0.134061506242, 0.671694093387, 0.922398814214, 0.690482139682, 54.6453407347, 90.01099445, 55.915220902, 1.31860822962, 6.47285466553
0.780193456826, 0.860187096876, 0.996514471123, 0.30340085926, 0.000479875275406, 0.600135101552, 0.392993602811, 0.0201606850014, 0.990970869941, 17.3016768917, 39.7241236741, 0.199460299258, 9.30126699486, 18.7427438545
0.0053102611961, 0.106105668815, 0.0693692281345, 0.541545691912, 0.740372617465, 0.991876453307, 0.875552998807, 0.788394157032, 0.464872059883, 0.00560817601599, 0.00474769256491, 0.138930333088, 1.25767162948, 263.543819388
0.991209850003, 0.860187096876, 0.992194231096, 0.231149649911, 0.300890079771, 0.0300392817927, 0.751117078765, 0.324389111158, 0.690482139682, 47.383988585, 157.608701663, 1.6127140401, 33.5811842325, 2.12999915229
0.00319836675636, 0.937833812092, 0.992194231096, 0.231149649911, 0.895383515595, 0.0300392817927, 0.183375986256, 0.324389111158, 0.690482139682, 0.121782815278, 0.405074202783, 0.0041448780887, 0.0351985215611, 176.461783188
0.00411521608848, 0.0111636886791, 0.929512847225, 0.248080090319, 0.740372617465, 0.991876453307, 0.0867446829559, 0.715920077914, 0.530979365511, 0.00245360200042, 0.00743676041142, 0.000750009522089, 0.942482940602, 230.656418457
0.983979256124, 0.937980507155, 0.0136191658259, 0.00466994052379, 0.310592599128, 0.00172459455162, 0.108209328112, 0.485627217089, 0.676789108912, 0.00615512440559, 1.31187545312, 95.4595984176, 6.39895970467, 1.67987860641
0.998886689661, 0.937980507155, 0.00812216747672, 0.655555436017, 0.00184729628668, 0.408737887302, 0.108209328112, 0.0857658650968, 0.433760341699, 0.692635185901, 0.363927154744, 129.027229169, 8.60117104276, 0.154571488673
0.01115909306, 0.991722785655, 0.98963479199, 0.168124797933, 0.0102713920166, 0.496169436394, 0.911438633538, 0.102915859995, 0.0504488432677, 0.301286678217, 1.49075519735, 0.0187694359102, 0.0151135716353, 161.800713348
0.01115909306, 0.476634067342, 0.98963479199, 0.998678051714, 0.531817073736, 0.496169436394, 0.183375986256, 0.102915859995, 0.502022267887, 0.587598752494, 0.00077780337935, 0.00616252120394, 0.652831007886, 110.533226981
0.780193456826, 0.860187096876, 0.997372684947, 0.021634239509, 0.00382804933487, 0.600135101552, 0.108209328112, 0.0201606850014, 0.990970869941, 1.38089062558, 62.4480516861, 0.168140498994, 10.4019439163, 20.960689605
0.389268945415, 0.986069317174, 0.106316074038, 0.998945210793, 0.310592599128, 0.408737887302, 0.207671651395, 0.0900301648393, 0.588560070669, 2.50134903238, 0.00264118185173, 21.048329949, 0.332735129562, 37.4736931358
0.932639872388, 0.860187096876, 0.00588758006249, 0.0182289432753, 0.0886653902672, 0.887868572875, 0.108209328112, 0.895808891744, 0.94377874486, 0.0148336193679, 0.798906329456, 137.399233835, 22.4648302494, 11.604991063
0.999942179458, 0.908970625221, 0.968544370446, 0.262934478561, 0.274423282623, 0.902665212815, 0.87581866199, 0.90480170298, 0.816133694925, 36.3789960228, 101.978651943, 4.49347190819, 14.3059057882, 0.00908742987293
0.968934724131, 0.0200634252441, 0.98963479199, 0.0182289432753, 0.370242206346, 0.96727772727, 0.671694093387, 0.914212616151, 0.830560587547, 0.109381182799, 5.89103152065, 0.0628469475004, 296.141352831, 9.68906307286
0.968934724131, 0.0332259829399, 0.976300289691, 0.0112658423002, 0.216076148134, 0.306238562039, 0.392993602811, 0.107668947003, 0.624587083469, 0.0360536140013, 3.1642054559, 0.0776863570261, 95.3781404699, 3.16303921017
0.968934724131, 0.993468685143, 0.721220585845, 0.37775974806, 0.397480452726, 0.134061506242, 0.671694093387, 0.922398814214, 0.690482139682, 54.6453407347, 90.01099445, 55.915220902, 1.31860822962, 6.47285466553
0.99970409848, 0.371907730309, 0.450742641287, 0.993886691349, 0.223174246668, 0.306238562039, 0.751117078765, 0.922398814214, 0.601813809051, 34.8004857315, 0.214054692884, 42.6673498988, 131.192203955, 0.0618244559582
0.983117952506, 0.0111636886791, 0.98963479199, 0.711194423936, 0.451152099601, 0.483900895568, 0.207671651395, 0.0857658650968, 0.846850919963, 2.056766276, 0.835222478097, 0.0302900274336, 258.844137816, 4.49503853127
0.968934724131, 0.993468685143, 0.969163959207, 0.102605284583, 0.397480452726, 0.134061506242, 0.523343255909, 0.102915859995, 0.507322242385, 13.7893185298, 120.602575474, 4.27596784459, 0.91163765882, 4.47509574156
0.999030758708, 0.473037857863, 0.510561412164, 0.23155010409, 0.397480452726, 0.403184397254, 0.176839961514, 0.107668947003, 0.828310233403, 7.3564552741, 24.4140131652, 30.4560682365, 69.3200946169, 0.127624125445
0.932639872388, 0.935598740415, 0.98963479199, 0.383615172774, 0.300890079771, 0.887868572875, 0.661424298118, 0.895808891744, 0.788393553831, 46.1500891894, 74.1529969886, 1.26002695395, 8.36770857692, 9.38428324821
0.0053102611961, 0.0332259829399, 0.976300289691, 0.0112658423002, 0.216076148134, 0.507394150525, 0.392993602811, 0.107668947003, 0.0125078228193, 0.0001523728134, 0.0133728310142, 0.000328324610743, 0.403095112732, 78.1005904728
0.995174862963, 0.937980507155, 0.0130885212934, 0.655555436017, 0.00184729628668, 0.408737887302, 0.0966201291296, 0.511527311815, 0.676789108912, 0.711059985451, 0.373607986752, 81.7870291345, 5.47949620124, 0.428373576336
0.586372956207, 0.67817551056, 0.996514471123, 0.30340085926, 0.00628277276209, 0.306238562039, 0.392993602811, 0.18322975127, 0.209551989846, 8.51212075361, 19.5435702367, 0.0981309594131, 13.3602426417, 29.283990046
0.993508945975, 0.986069317174, 0.0276033224121, 0.999968632327, 0.000300419261549, 0.758187016188, 0.377487846583, 0.302791503835, 0.690482139682, 4.4895533539, 0.000140831260237, 158.160805567, 2.29784304618, 1.07768390885
0.968934724131, 0.0200634252441, 0.98963479199, 0.0182289432753, 0.370242206346, 0.96727772727, 0.671694093387, 0.914212616151, 0.830560587547, 0.109381182799, 5.89103152065, 0.0628469475004, 296.141352831, 9.68906307286
0.977993190278, 0.413874723036, 0.968544370446, 0.999800131853, 0.397480452726, 0.507394150525, 0.578173473354, 0.895808891744, 0.816133694925, 33.5016738276, 0.0066972560471, 1.08825877259, 48.9954039903, 1.88098853999
0.968934724131, 0.962719774611, 0.862130271681, 0.0846275464336, 0.397480452726, 0.306238562039, 0.527226650213, 0.00479413587288, 0.963366194366, 11.7711443161, 127.322387426, 22.243491572, 6.24759223949, 5.37297527262
0.983979256124, 0.962719774611, 0.983724032733, 0.140295938077, 0.620299075663, 0.306238562039, 0.751117078765, 0.000307983350251, 0.690482139682, 22.0103885225, 134.875041121, 2.59570980529, 6.17572525323, 2.69715665661
0.963943534929, 0.962719774611, 0.648316417273, 0.140295938077, 0.210764471566, 0.306238562039, 0.751117078765, 0.00479413587288, 0.690482139682, 12.6100126865, 77.2715110359, 48.7568345355, 5.36861232069, 5.38660421117
0.996339580398, 0.0200634252441, 0.969163959207, 0.959220222468, 0.992270789146, 0.0798322900334, 0.659284618682, 0.832065903087, 0.309782707592, 4.51998315606, 0.192160155962, 0.14992699843, 237.472937362, 0.890306708417
0.932639872388, 0.860187096876, 0.408321066735, 0.0182289432753, 0.310592599128, 0.887868572875, 0.108209328112, 0.51215309765, 0.0816967870963, 0.601420993652, 32.3912206845, 47.8080917788, 13.1331720276, 6.78439775939
0.01115909306, 0.476634067342, 0.98963479199, 0.998678051714, 0.531817073736, 0.496169436394, 0.183375986256, 0.102915859995, 0.502022267887, 0.587598752494, 0.00077780337935, 0.00616252120394, 0.652831007886, 110.533226981
0.993508945975, 0.95136229638, 0.671498396715, 0.192205218436, 0.00199230105705, 0.902541136099, 0.186017678043, 0.18322975127, 0.0222290541501, 15.626625959, 65.6751518292, 39.7733851398, 6.18987941041, 0.831481456317
0.993508945975, 0.95136229638, 0.671498396715, 0.192205218436, 0.00199230105705, 0.902541136099, 0.186017678043, 0.18322975127, 0.0222290541501, 15.626625959, 65.6751518292, 39.7733851398, 6.18987941041, 0.831481456317
0.00319836675636, 0.937833812092, 9.40709081554e-06, 0.541545691912, 0.00836057259509, 0.992833707645, 0.183375986256, 0.492338247299, 0.998869064137, 1.29285414594e-06, 1.09448669205e-06, 0.253778604552, 0.01682238007, 84.336132683
0.999942179458, 0.671608283374, 0.968544370446, 0.068300915447, 0.274423282623, 0.306238562039, 0.578173473354, 0.895808891744, 0.816133694925, 6.17720865067, 84.2638727059, 2.93727498549, 45.6585773196, 0.00803965574605
0.968934724131, 0.993468685143, 0.969163959207, 0.37775974806, 0.397480452726, 0.134061506242, 0.671694093387, 0.102915859995, 0.690482139682, 58.6069231457, 96.5364542169, 4.936221026, 1.05240384005, 5.16609630748
0.968934724131, 0.993468685143, 0.969163959207, 0.37775974806, 0.397480452726, 0.134061506242, 0.671694093387, 0.102915859995, 0.690482139682, 58.6069231457, 96.5364542169, 4.936221026, 1.05240384005, 5.16609630748
0.983117952506, 0.0111636886791, 0.98963479199, 0.711194423936, 0.451152099601, 0.483900895568, 0.207671651395, 0.0857658650968, 0.846850919963, 2.056766276, 0.835222478097, 0.0302900274336, 258.844137816, 4.49503853127
0.999961383033, 0.231040597702, 0.983724032733, 0.995394550192, 0.539696675961, 0.000462805573075, 0.574149467472, 0.30675549624, 0.192543906002, 38.9838788871, 0.180368977822, 0.64798255919, 132.504803119, 0.00665461815217
0.991209850003, 0.860187096876, 0.879377957203, 0.140295938077, 0.382704894288, 0.408737887302, 0.971952967238, 0.00479413587288, 0.690482139682, 13.8154798963, 84.6583610834, 13.5074068707, 18.2011836893, 1.15447107406
0.995174862963, 0.937980507155, 0.0130885212934, 0.655555436017, 0.00184729628668, 0.408737887302, 0.0966201291296, 0.511527311815, 0.676789108912, 0.711059985451, 0.373607986752, 81.7870291345, 5.47949620124, 0.428373576336
0.983979256124, 0.937980507155, 0.0136191658259, 0.00466994052379, 0.310592599128, 0.00172459455162, 0.108209328112, 0.485627217089, 0.676789108912, 0.00615512440559, 1.31187545312, 95.4595984176, 6.39895970467, 1.67987860641
0.932639872388, 0.860187096876, 0.00588758006249, 0.0182289432753, 0.0886653902672, 0.887868572875, 0.108209328112, 0.895808891744, 0.94377874486, 0.0148336193679, 0.798906329456, 137.399233835, 22.4648302494, 11.604991063
0.999030758708, 0.473037857863, 0.510561412164, 0.23155010409, 0.397480452726, 0.403184397254, 0.176839961514, 0.107668947003, 0.828310233403, 7.3564552741, 24.4140131652, 30.4560682365, 69.3200946169, 0.127624125445
0.568771862737, 0.67817551056, 0.785404730922, 0.021634239509, 0.00628277276209, 0.306238562039, 0.108209328112, 0.18322975127, 0.209551989846, 0.521961993952, 23.604700454, 6.59210139195, 14.5774218252, 34.342398155
0.0053102611961, 0.106105668815, 0.0693692281345, 0.541545691912, 0.740372617465, 0.991876453307, 0.875552998807, 0.788394157032, 0.464872059883, 0.00560817601599, 0.00474769256491, 0.138930333088, 1.25767162948, 263.543819388
0.00411521608848, 0.990477299487, 0.0276033224121, 0.248080090319, 0.660514527825, 0.758187016188, 0.0867446829559, 0.715920077914, 0.508833040255, 0.00686265644541, 0.0208004117056, 0.974501371985, 0.00963506365365, 244.856092251
0.999749995384, 0.413874723036, 0.445925409467, 0.842178151499, 0.397480452726, 0.414899293458, 0.588068088119, 0.922398814214, 0.601813809051, 13.6417412714, 2.55642445769, 20.1266665976, 51.4428671844, 0.0219478170751
0.999942179458, 0.908970625221, 0.968544370446, 0.262934478561, 0.274423282623, 0.902665212815, 0.87581866199, 0.90480170298, 0.816133694925, 36.3789960228, 101.978651943, 4.49347190819, 14.3059057882, 0.00908742987293
0.968934724131, 0.962719774611, 0.862130271681, 0.0846275464336, 0.397480452726, 0.306238562039, 0.527226650213, 0.00479413587288, 0.963366194366, 11.7711443161, 127.322387426, 22.243491572, 6.24759223949, 5.37297527262
0.991209850003, 0.860187096876, 0.879377957203, 0.140295938077, 0.382704894288, 0.408737887302, 0.971952967238, 0.00479413587288, 0.690482139682, 13.8154798963, 84.6583610834, 13.5074068707, 18.2011836893, 1.15447107406
0.968934724131, 0.0332259829399, 0.976300289691, 0.0112658423002, 0.216076148134, 0.306238562039, 0.392993602811, 0.107668947003, 0.624587083469, 0.0360536140013, 3.1642054559, 0.0776863570261, 95.3781404699, 3.16303921017
0.01115909306, 0.869290496443, 0.98963479199, 0.723784834592, 0.0102713920166, 0.496169436394, 0.911438633538, 0.102915859995, 0.0504488432677, 1.13692619555, 0.43388068132, 0.0164522712358, 0.238665735004, 161.800713348
0.586372956207, 0.67817551056, 0.996514471123, 0.30340085926, 0.00628277276209, 0.306238562039, 0.392993602811, 0.18322975127, 0.209551989846, 8.51212075361, 19.5435702367, 0.0981309594131, 13.3602426417, 29.283990046
0.977993190278, 0.0110583958989, 0.671498396715, 0.999800131853, 0.223174246668, 0.600135101552, 0.107211801496, 0.99946422684, 0.192543906002, 0.613444829838, 0.000122632591951, 0.300161394453, 81.7138841568, 1.85928713555
0.00319836675636, 0.937833812092, 0.992194231096, 0.231149649911, 0.895383515595, 0.0300392817927, 0.183375986256, 0.324389111158, 0.690482139682, 0.121782815278, 0.405074202783, 0.0041448780887, 0.0351985215611, 176.461783188
0.999749995384, 0.413874723036, 0.445925409467, 0.842178151499, 0.397480452726, 0.414899293458, 0.588068088119, 0.922398814214, 0.601813809051, 13.6417412714, 2.55642445769, 20.1266665976, 51.4428671844, 0.0219478170751
0.00411521608848, 0.0111636886791, 0.929512847225, 0.248080090319, 0.740372617465, 0.991876453307, 0.0867446829559, 0.715920077914, 0.530979365511, 0.00245360200042, 0.00743676041142, 0.000750009522089, 0.942482940602, 230.656418457
0.968934724131, 0.993468685143, 0.969163959207, 0.102605284583, 0.397480452726, 0.134061506242, 0.523343255909, 0.102915859995, 0.507322242385, 13.7893185298, 120.602575474, 4.27596784459, 0.91163765882, 4.47509574156
0.99970409848, 0.371907730309, 0.450742641287, 0.993886691349, 0.223174246668, 0.306238562039, 0.751117078765, 0.922398814214, 0.601813809051, 34.8004857315, 0.214054692884, 42.6673498988, 131.192203955, 0.0618244559582
0.998886689661, 0.937980507155, 0.00812216747672, 0.655555436017, 0.00184729628668, 0.408737887302, 0.108209328112, 0.0857658650968, 0.433760341699, 0.692635185901, 0.363927154744, 129.027229169, 8.60117104276, 0.154571488673
0.964694589454, 0.502632534345, 0.999988138992, 0.0182289432753, 0.691279806224, 0.887868572875, 0.0867446829559, 5.40777662607e-05, 0.995504309169, 0.730640246292, 39.3506873029, 0.00047541057917, 39.6619466406, 2.91842190146
0.935088929075, 0.614107637931, 0.998981393992, 0.248080090319, 0.397480452726, 0.507394150525, 0.87581866199, 0.107668947003, 0.591980287046, 11.5944763957, 35.1423511376, 0.047654954961, 29.3983877426, 5.28838652564
0.935088929075, 0.614107637931, 0.998981393992, 0.248080090319, 0.397480452726, 0.507394150525, 0.87581866199, 0.107668947003, 0.591980287046, 11.5944763957, 35.1423511376, 0.047654954961, 29.3983877426, 5.28838652564
0.963943534929, 0.962719774611, 0.648316417273, 0.140295938077, 0.210764471566, 0.306238562039, 0.751117078765, 0.00479413587288, 0.690482139682, 12.6100126865, 77.2715110359, 48.7568345355, 5.36861232069, 5.38660421117
0.780193456826, 0.860187096876, 0.996514471123, 0.30340085926, 0.000479875275406, 0.600135101552, 0.392993602811, 0.0201606850014, 0.990970869941, 17.3016768917, 39.7241236741, 0.199460299258, 9.30126699486, 18.7427438545
0.999030758708, 0.928158096784, 0.510561412164, 0.23155010409, 0.0102713920166, 0.403184397254, 0.176839961514, 0.803514198689, 0.995504309169, 10.2545853159, 34.0320944772, 42.4544618951, 6.71399487606, 0.0906684569206
0.568771862737, 0.67817551056, 0.785404730922, 0.021634239509, 0.00628277276209, 0.306238562039, 0.108209328112, 0.18322975127, 0.209551989846, 0.521961993952, 23.604700454, 6.59210139195, 14.5774218252, 34.342398155
0.780193456826, 0.860187096876, 0.997372684947, 0.021634239509, 0.00382804933487, 0.600135101552, 0.108209328112, 0.0201606850014, 0.990970869941, 1.38089062558, 62.4480516861, 0.168140498994, 10.4019439163, 20.960689605
0.932639872388, 0.935598740415, 0.98963479199, 0.383615172774, 0.300890079771, 0.887868572875, 0.661424298118, 0.895808891744, 0.788393553831, 46.1500891894, 74.1529969886, 1.26002695395, 8.36770857692, 9.38428324821
0.989599044672, 0.231040597702, 0.00588758006249, 0.347288801496, 0.895383515595, 0.998222206744, 0.983766157113, 0.500721668351, 0.799763743234, 0.0295507573925, 0.0555391080602, 14.3673446746, 48.1012234916, 0.657455973003
0.993508945975, 0.0111636886791, 0.0276033224121, 0.0182289432753, 0.000526183299838, 0.758187016188, 0.671694093387, 0.922398814214, 0.690482139682, 0.00129992977112, 0.0700113772802, 2.51212071561, 228.830404114, 1.5119337561
0.996339580398, 0.0200634252441, 0.969163959207, 0.959220222468, 0.992270789146, 0.0798322900334, 0.659284618682, 0.832065903087, 0.309782707592, 4.51998315606, 0.192160155962, 0.14992699843, 237.472937362, 0.890306708417
