0.109548763709, 0.826196674189, 80.2645594022, 0.507552920058, 64.3930513151, 1.47632164803, 0.428483376769, 3.057868118, 6.31288373709, 1615.36881331, 0.00517861159505, 0.0
0.531696670141, 0.825678303208, 81.7650476088, 0.510522216566, 64.6794913378, 9.73824084499, 0.297122509331, 2.47172001916, 6.1574381369, 1220.95096675, 0.0, 0.142857142857
0.347147037764, 0.836667983869, 80.0653600196, 0.435931842086, 41.8855334704, 2.69519414066, 0.78693477162, 1.10100657858, 5.11966670561, 1466.11670133, 0.0412826980431, 0.0
0.740523591387, 0.831930625944, 81.1819522399, 0.61361165321, 95.2745685247, 46.8984800329, 0.447587884532, 1.40173799513, 7.40642111523, 829.081186673, 0.722500517754, 0.0
0.359480606626, 0.838207958214, 80.0468393298, 0.542671806431, 47.3029810736, 48.1364073098, 0.380491584469, 1.09454565976, 1.50749748167, 1844.16909218, 0.0, 0.0
0.429897298182, 0.827658686601, 80.1789231298, 0.531422936919, 34.0854072128, 2.28116228997, 0.40008134667, 1.41455500378, 6.30313474524, 1375.61414968, 0.0463530383868, 0.0
0.111768567787, 0.821875823884, 82.5927951278, 0.599405915649, 55.8733075702, 7.17144997582, 0.398332567647, 1.15933052929, 18.1422954846, 789.392350983, 0.0984044694216, 0.461538461538
0.741563167838, 1.01154106485, 83.6964049598, 0.604984917458, 23.3023944177, 47.5927529782, 0.457274003479, 1.01474397157, 1.57061305926, 1368.13370364, 0.565918138414, 0.0
0.110754090427, 0.825696616393, 80.3946678767, 0.510522216566, 64.6794913378, 3.90595547097, 0.200470456183, 2.5490078812, 6.3483962573, 913.033649078, 0.024922867674, 0.0909090909091
0.533554103905, 0.821148733618, 80.3414150251, 0.511089332464, 64.221838402, 1.18297013411, 0.514023545676, 2.46653056182, 1.64384609234, 1706.74036226, 0.0117054509872, 0.0
0.299574585738, 0.849605944975, 80.3078200345, 0.43301337269, 44.1998803348, 1.05160193555, 0.400844544578, 3.85861157379, 5.21029532595, 1339.79067922, 0.0213593235651, 0.375
0.107032491894, 0.821194651645, 80.3414150251, 0.510761096196, 64.4419749349, 1.4760719516, 0.230302793899, 2.47838855714, 6.30441430716, 1365.68338372, 0.012377962283, 0.333333333333
0.103556656555, 0.82629962085, 80.0633853343, 0.665049260633, 93.7981842871, 1.00515209279, 0.398327042837, 4.19714686548, 5.24477606188, 1295.36818931, 0.0107382998082, 0.578947368421
0.107912361285, 0.838207958214, 80.0463661463, 0.53138470011, 64.3880037668, 3.53623144698, 0.180122590577, 3.06631834607, 1.46529666558, 1438.09833927, 0.00799801839981, 0.25
0.740523591387, 0.839697730179, 81.1708473753, 0.61361165321, 93.9031123341, 46.8984800329, 0.447587884532, 1.82142541071, 7.58951963492, 1110.04813359, 0.800565665073, 0.0
0.10414108976, 0.826237301544, 80.2891448241, 0.43301337269, 45.3860873775, 1.00515209279, 0.397915721267, 4.19723700055, 5.24477606188, 1930.68667007, 0.010359880093, 0.24
0.351240968925, 0.866637256445, 89.9788875693, 0.514580900356, 53.5921857632, 6.71315604185, 0.359492280175, 4.8163779586, 2.10620855048, 2007.24603272, 0.0, 0.0
0.103556656555, 0.834374273019, 80.0633853343, 0.665049260633, 93.14662209, 1.00515209279, 0.514480478942, 1.36586413893, 5.24477606188, 1976.27199512, 0.00148718765623, 0.0
0.10448931839, 0.826237301544, 80.2891448241, 0.43301337269, 45.3867616005, 1.13707428618, 0.397938285347, 4.24031005444, 14.4424371245, 1935.98453667, 0.00309586777517, 0.0
0.299574585738, 0.849605944975, 80.3078200345, 0.43301337269, 44.1998803348, 7.06863212506, 0.397915721267, 4.19728836117, 5.21029532595, 1695.07930063, 0.0876343254743, 0.0714285714286
0.417391678762, 0.825739474666, 80.3297122458, 0.668624120047, 93.9384227672, 9.67062263141, 0.46946951534, 4.18810080248, 10.1535540787, 1450.06541137, 0.155398969783, 0.0
0.298477076138, 0.822668526355, 80.9208437827, 0.424201095578, 87.9950745641, 12.2357401252, 0.621440132865, 2.53112042044, 18.3760523168, 1686.16229483, 0.0926941058405, 0.0
0.29804665795, 0.820983994416, 80.2698225278, 0.603169672237, 55.8733075702, 7.17144997582, 0.373825843024, 1.16307438148, 11.0899828726, 1539.08258906, 0.0935441455267, 0.0
0.350077044975, 0.825622187497, 80.7384244662, 0.603042171621, 95.0389010288, 2.29088816193, 0.10130926412, 4.83842014321, 5.45285558339, 1246.5788919, 0.0578854646897, 0.166666666667
0.441693995241, 0.825776787206, 80.3180237474, 0.437570841649, 64.6747093916, 1.01645649682, 0.282871923407, 4.2597130166, 4.81526501534, 1434.88961974, 0.0261226756695, 0.0909090909091
0.53136469547, 0.825746539017, 80.3051941468, 0.62316448852, 33.8431082981, 3.5544018833, 0.391847412825, 4.21967507103, 5.0641607776, 1159.11402621, 0.144684581387, 0.6
0.427885546112, 0.82314148895, 80.3071256239, 0.43301337269, 45.5977372482, 7.06863212506, 0.397915721267, 4.19728836117, 5.11966670561, 1278.98471719, 0.12691680989, 0.111111111111
0.532669984572, 0.825770826933, 80.3477246455, 0.510522216566, 64.4419749349, 9.75493139647, 0.290027588825, 4.90883589989, 5.08938510177, 1209.64529473, 0.14528679611, 0.571428571429
0.454618262819, 0.984898899171, 86.7942625456, 0.43358250593, 88.2002113461, 19.4633390283, 0.73928729569, 2.86242350944, 6.25909637497, 1088.98937233, 0.193902951491, 0.333333333333
0.115978810476, 0.826147347252, 80.1345345342, 0.45440240832, 64.7708736528, 1.86314965368, 0.428344556793, 2.47510196564, 11.9714961851, 1862.2742995, 0.0144604473311, 0.0
0.314708132382, 0.849596793401, 81.1407950695, 0.43301337269, 92.5250302547, 1.04479142905, 0.400844544578, 3.851162001, 5.19588195906, 1711.37265371, 0.0185613633527, 0.0
0.109516600925, 0.838207958214, 80.0468393298, 0.542671806431, 47.3029810736, 3.51659253495, 0.511137309571, 3.06631834607, 1.46529666558, 1402.48675377, 0.0165464287353, 0.454545454545
0.351473750404, 0.82559560382, 89.9381847698, 0.514580900356, 51.5419724764, 2.33857802718, 0.399331293997, 1.41027845479, 2.01369985395, 1412.57573628, 0.0511672089339, 0.384615384615
0.111764626348, 0.836667983869, 80.0653600196, 0.431512607105, 43.9395087111, 2.69519414066, 0.840628288093, 1.1156785707, 5.11966670561, 1333.73150053, 0.0396494048562, 0.588235294118
0.10448931839, 0.826237301544, 80.2891448241, 0.43301337269, 45.3867616005, 1.00515209279, 0.397915721267, 4.19723700055, 5.24477606188, 1830.1736981, 0.011137217503, 0.571428571429
0.109516600925, 0.826196674189, 80.2648708135, 0.668668444744, 41.3389739821, 1.41617602118, 0.418473837854, 3.07051068502, 5.11977234194, 1509.13980146, 0.0116538270324, 0.266666666667
0.116534205028, 0.826147347252, 80.1383076161, 0.454387322654, 64.7708736528, 1.86314965368, 0.428397893594, 2.67184591052, 11.8792307879, 1884.32474718, 0.0143448659264, 0.25
0.773906806964, 0.83990595927, 80.889524561, 0.61361165321, 93.9031123341, 46.3330988171, 0.447587884532, 1.82191477661, 10.815596764, 2091.34003659, 0.0, 0.0
0.438214961605, 0.900803807331, 80.3366384093, 0.542671806431, 69.8332568249, 1.32788593651, 0.510432014231, 4.15566660043, 1.60649247579, 2021.99325371, 0.00488451849573, 0.0
0.128119726876, 0.827068619738, 80.8996279454, 0.614061854477, 34.2507222998, 2.355729822, 0.433558288677, 4.54471717616, 19.684192848, 1968.02438157, 0.0136406627901, 0.0
0.194838681572, 0.904088764726, 85.1672034893, 0.632891432028, 43.8753510108, 17.4187402994, 0.400419976815, 4.24040814346, 14.3216057745, 1473.09733806, 0.215653771899, 0.0
0.299482294871, 0.822678653378, 80.9066568403, 0.616867134744, 76.3994792662, 12.9800940169, 0.61872844247, 2.53112042044, 18.4085104517, 1606.93043403, 0.156753482515, 0.0
0.128803355941, 0.855638028965, 80.2355360646, 0.598517159339, 33.6783220512, 9.70615845126, 0.398156020144, 4.55611908615, 1.63036348585, 1330.29412014, 0.104721041477, 0.47619047619
0.303835448732, 0.838210686394, 81.6117107507, 0.402125227316, 56.0565320541, 2.69519414066, 0.691218650896, 3.07055575893, 5.10648652312, 1308.70259224, 0.0897539939443, 0.538461538462
0.484086762268, 0.825709235377, 81.926164934, 0.612356825184, 39.6340478313, 1.20891534562, 0.28008133059, 0.736934418426, 19.5202738368, 1542.87845715, 0.0415267674788, 0.2
0.532669984572, 0.826111417892, 80.1981603803, 0.466319202917, 64.4419749349, 3.558515533, 0.385440670296, 3.98219380588, 5.08938510177, 1643.0035662, 0.093370970624, 0.125
0.418013461229, 0.820012006337, 80.3281551913, 0.668624286602, 93.9384227672, 10.0369478589, 0.419022208204, 3.02095243074, 5.12226599736, 1576.11295596, 0.153681913343, 0.111111111111
0.567259084704, 0.82580195853, 80.3414150251, 0.514568827175, 89.4902584925, 16.1542239936, 0.386938605633, 4.79430697133, 6.23608549724, 1446.07746161, 0.395830167735, 0.166666666667
0.427885546112, 0.82314148895, 80.3071256239, 0.432447548732, 45.5977372482, 9.83170437759, 0.398646579263, 4.19728836117, 6.30406268564, 1350.42722364, 0.134925699092, 0.363636363636
0.299716438291, 0.825680387796, 80.343883099, 0.614860442825, 64.8503755261, 11.3424334206, 0.432260794402, 2.46967549364, 6.83449499874, 1492.72089211, 0.190575017672, 0.111111111111
0.417391678762, 0.824039086706, 80.3281551913, 0.668624120047, 93.9384227672, 9.67062263141, 0.470801627513, 4.18810080248, 6.29889803202, 1422.43883066, 0.245964601693, 0.25
0.351230936307, 0.825676942485, 80.3283187638, 0.514580900356, 89.1622392589, 9.73485561687, 0.399331293997, 4.8163779586, 8.04458864146, 1456.22491678, 0.23176700269, 0.222222222222
0.533613912014, 0.834316936467, 80.3326161894, 0.510522216566, 64.4419749349, 10.0127987548, 0.204171714801, 1.40871651121, 6.29819246889, 1196.03249594, 0.30156497857, 0.357142857143
0.298018936477, 0.825709235377, 80.2845820314, 0.612356825184, 39.6616009968, 1.19913776352, 0.28008133059, 0.736934418426, 19.5202738368, 1885.13846846, 0.0193253321992, 0.0
0.111074780201, 0.838207958214, 80.0395404931, 0.561242257618, 47.3113686609, 7.05180274078, 0.51059903713, 4.21654341903, 1.48665528434, 1719.70615578, 0.0186639541338, 0.0833333333333
0.351240968925, 0.866637256445, 89.8769595934, 0.514580900356, 53.5921857632, 6.62550085594, 0.399331293997, 4.8163779586, 2.01369985395, 1774.6932926, 0.0261557071911, 0.0
0.236643139218, 0.824003241994, 80.5297167855, 0.662112802879, 29.878705132, 3.57730254912, 0.350902227659, 3.00384926033, 14.0520011835, 1723.35843098, 0.029465764974, 0.0
0.109608790569, 0.831538013988, 80.4672575559, 0.672455349755, 43.9517087591, 3.93076142813, 0.681352049412, 3.04638363962, 1.46529666558, 1473.26207979, 0.049287543151, 0.566666666667
0.11759303527, 0.825699221468, 80.1782954842, 0.510527504526, 64.0889543546, 3.57071075645, 0.182847247225, 1.4003495559, 4.92203409292, 1466.63753192, 0.0523262844671, 0.384615384615
0.108595684716, 0.823188919314, 82.5927951278, 0.599405915649, 64.5851580029, 7.17144997582, 0.398328353936, 4.21404487272, 5.27223168248, 1455.06483343, 0.0540616930957, 0.444444444444
0.111075028494, 0.824019398276, 80.5297167855, 0.508211550289, 64.3444502344, 3.57730254912, 0.355621915668, 2.83110104956, 6.42378065667, 1472.55863043, 0.0521329381478, 0.473684210526
0.109516600925, 0.837863293015, 81.5979610053, 0.628004161629, 45.3686204459, 3.51659253495, 0.498398379964, 3.08224312025, 1.07696080954, 1772.86265665, 0.0168182365536, 0.52380952381
0.109609249684, 0.825696616393, 80.3946678767, 0.510651891164, 64.6794913378, 3.90595547097, 0.201374274317, 2.62391079522, 6.3483962573, 1578.70355623, 0.0325504147228, 0.333333333333
0.109516600925, 0.838207958214, 81.5895691348, 0.618365094859, 45.3686204459, 3.51659253495, 0.498398379964, 3.06631834607, 1.07696080954, 1688.92820763, 0.0264870649086, 0.478260869565
0.107032491894, 0.821148733618, 80.3414150251, 0.510766700662, 64.4419749349, 1.4760719516, 0.230302793899, 2.47838855714, 6.30441430716, 1811.79184867, 0.0151125510569, 0.3
0.11759303527, 0.825696616393, 80.1782954842, 0.510527504526, 64.2222002016, 3.57071075645, 0.179708356459, 1.4003495559, 6.3483962573, 2197.2457486, 0.000466619727453, 0.0
0.574529846472, 1.0357815719, 92.3255692046, 0.658246423051, 40.7348948301, 39.0802669461, 0.000815657368703, 3.55789638606, 3.76231586876, 2494.0239168, 0.0, 0.0
0.10448931839, 0.821003326323, 80.3418499643, 0.43301337269, 45.1528446412, 1.17621621801, 0.397915721267, 3.91785485883, 5.24477606188, 2038.59437037, 0.00631528228082, 0.0909090909091
0.115978810476, 0.826147347252, 80.1362834793, 0.45440240832, 64.7708736528, 1.86314965368, 0.428397893594, 2.67243602606, 11.9714961851, 2026.89809925, 0.0107418553955, 0.0
0.103705208821, 0.825461191828, 80.5297167855, 0.662112802879, 45.8270400615, 1.02296026313, 0.398021268651, 2.99464670179, 14.4033361769, 2023.01294857, 0.00988687739889, 0.130434782609
0.351561742508, 0.907870056855, 80.3790210692, 0.441043839875, 42.8905225793, 47.8961973584, 0.380873890614, 1.17083439917, 14.2627018701, 1519.7846285, 0.406297135368, 0.0
0.346691647275, 0.826670060657, 80.3554019308, 0.637402576641, 63.9217047328, 11.4374743547, 0.281786628609, 2.46968293869, 6.75713478898, 1503.78278444, 0.237927269024, 0.0714285714286
0.427667825878, 0.844636315256, 81.1708473753, 0.616350694229, 93.902713665, 46.8742425937, 0.395733292647, 2.51550781965, 8.14957396474, 1474.60093085, 0.443224066322, 0.0
0.427854528549, 0.825462198527, 80.1481125626, 0.665920674339, 31.8356289131, 20.767565281, 0.736875662827, 2.86016314737, 5.22062679905, 1573.43448513, 0.305296821918, 0.0
0.427708424822, 0.844636315256, 81.1708473753, 0.61361165321, 93.902713665, 46.8984800329, 0.447587884532, 1.82142541071, 7.58951963492, 1563.16878286, 0.341789775022, 0.0
0.532668097595, 0.82320824302, 80.3326161894, 0.510522216566, 64.4419749349, 9.75301625606, 0.204171714801, 4.91113245082, 6.33150053684, 1712.41176369, 0.163787189018, 0.0
0.111768567787, 0.821875823884, 82.5951582024, 0.580721895192, 55.8733075702, 40.3792579256, 0.398332567647, 1.15933052929, 18.1422954846, 1710.02786463, 0.25530535484, 0.0
0.419997512361, 0.832008434582, 82.2954368096, 0.610626069071, 95.0739687759, 2.15303892492, 0.0988752975074, 1.39926646757, 14.1544187124, 1367.38380486, 0.125699536865, 0.5
0.526847863311, 0.821875823884, 80.2849445632, 0.51054201455, 64.7805260052, 7.04635463914, 0.514796927922, 1.15933052929, 1.43979179178, 1575.43647492, 0.112236397559, 0.3
0.108583399455, 0.825776787206, 80.4329471132, 0.626808342935, 64.7677531915, 7.14715530889, 0.492833659501, 4.16148205148, 10.1535540787, 1546.18519334, 0.110471301598, 0.333333333333
0.53136469547, 0.825746539017, 80.3051941468, 0.435449519232, 34.0936458513, 7.08546724156, 0.399312380599, 4.19727916568, 5.0641607776, 1571.90392159, 0.190189820908, 0.25
0.303835448732, 0.836654607726, 80.3107901967, 0.436401308623, 42.4678147846, 2.69519414066, 0.691218650896, 3.07055575893, 5.11966670561, 1610.08037052, 0.0695935510466, 0.227272727273
0.194838681572, 0.904987514784, 85.1672034893, 0.632891432028, 43.8753510108, 17.1220087602, 0.641860668465, 1.16789855747, 14.2827236157, 1639.921305, 0.0978129688621, 0.222222222222
0.351240968925, 0.865303726412, 80.6674074208, 0.514580900356, 60.3010189771, 6.65723167785, 0.399331293997, 4.81653490682, 5.50674955599, 1650.73589937, 0.17532828399, 0.125
0.731223118624, 0.84469482245, 80.0900648169, 0.510522216566, 64.6794913378, 10.0970838709, 0.447183794099, 2.53294611154, 6.1574381369, 1354.29351639, 0.164072700943, 0.363636363636
0.534951721408, 0.825748774902, 82.2954368096, 0.428167343016, 95.0389010288, 4.6228922002, 0.394681464964, 1.42850954652, 15.3346576096, 1566.89299082, 0.214609695772, 0.181818181818
0.427854528549, 0.825458166958, 80.1481125626, 0.665920674339, 31.8226344928, 19.6469555878, 0.741231820634, 2.86016314737, 6.2657320502, 1487.70090233, 0.330085974462, 0.235294117647
0.421633893557, 0.855638028965, 82.0089414936, 0.512538180094, 65.9193247357, 46.9279263606, 0.297122509331, 2.47587232949, 11.8159319105, 1306.90169858, 0.592455710567, 0.363636363636
0.532668097595, 0.822741087462, 83.7157248307, 0.508475551326, 64.4419749349, 9.93123135011, 0.204171714801, 4.86278403974, 6.13147943512, 1416.40757484, 0.302614455646, 0.433333333333
0.533554103905, 0.821148733618, 80.3414150251, 0.658691076536, 93.2164774422, 1.18279230581, 0.514023545676, 2.46653056182, 1.64384609234, 1952.78504952, 0.0389450265793, 0.111111111111
0.111711964325, 0.825694715257, 80.3933018381, 0.444262810745, 64.6794913378, 3.90595547097, 0.283530584302, 2.51044366498, 4.81601947943, 1636.187732, 0.0587783531926, 0.384615384615
0.111764626348, 0.836667983869, 80.0675370244, 0.42915320976, 43.9395087111, 2.69519414066, 0.840628288093, 1.1156785707, 17.1377186812, 2062.82967724, 0.0105983444163, 0.363636363636
