0.242774058285, 0.00976108866068, 0.474475169257, 0.615140129275, 0.0418737395454, 0.850597711166, 0.474625162517, 0.4660093146, 0.450029240706, 0.20925371115, 0.662305895405, 0.65224798346, 0.579692448626, 0.0611403489214, 0.36253928867, 0.397314233175, 0.893169611125, 0.310484398045, 0.582486567634, 0.568563873622, 0.647770754062, 0.947881316142, 0.839165847578, 0.370545527167, 0.257703728316, 0.14489014815, 0.693226723923, 0.242774058285, 0.00976108866068, 0.474475169257, 0.615140129275, 0.0418737395454, 0.850597711166, 0.474625162517, 51.8203183433
0.0963094148365, 0.11184155399, 0.233849833148, 0.934088278361, 0.272218714365, 0.500957944508, 0.00892981371795, 0.443218245299, 0.0335373089046, 0.914244793436, 0.0407037218523, 0.431054060055, 0.280142705242, 0.864254602595, 0.125948466081, 0.679839867694, 0.467394493693, 0.0604248104934, 0.164729651047, 0.180025583942, 0.408435805776, 0.240756069355, 0.509378557014, 0.00368382699414, 0.0233329321224, 0.0756690232695, 0.10960316184, 0.0963094148365, 0.11184155399, 0.233849833148, 0.934088278361, 0.272218714365, 0.500957944508, 0.00892981371795, 37.3719052069
0.314752450911, 0.582951192388, 0.620772578253, 0.194185378413, 0.00740019457029, 0.107311225401, 0.0134353209545, 0.0873646106067, 0.886989395358, 0.249778240564, 0.490047499718, 0.418456787494, 0.482685078033, 0.246638953143, 0.475653187822, 0.325094381527, 0.820927025619, 0.0817900789314, 0.950657943088, 0.436035807278, 0.422215371816, 0.638139289965, 0.878660208073, 0.337479162588, 0.961603915131, 0.994074878794, 0.433884079991, 0.314752450911, 0.582951192388, 0.620772578253, 0.194185378413, 0.00740019457029, 0.107311225401, 0.0134353209545, 53.9049342056
0.67248317757, 0.321982664957, 0.0141650132723, 0.896870756377, 0.487530604182, 0.68786448039, 0.29698799259, 0.930102061566, 0.632599842955, 0.726222391734, 0.461196805824, 0.294828775539, 0.774331568004, 0.4251525838, 0.870538259614, 0.760956348556, 0.0288300273785, 0.879143666518, 0.861629131466, 0.962535954959, 0.813973457933, 0.976322301515, 0.443008347381, 0.906317358196, 0.435998470256, 0.255963617044, 0.6071149521, 0.67248317757, 0.321982664957, 0.0141650132723, 0.896870756377, 0.487530604182, 0.68786448039, 0.29698799259, 62.0239796967
0.454988099574, 0.999745003374, 0.749085898478, 0.414893756874, 0.0930298442714, 0.711129122521, 0.226339492456, 0.274565169836, 0.142648357693, 0.132754293987, 0.537996430012, 0.29414269525, 0.155839715211, 0.661276083081, 0.541548122049, 0.553050504988, 0.805947591732, 0.835902532012, 0.855299190413, 0.154383098894, 0.760114465845, 0.533411536883, 0.851489132666, 0.202132369844, 0.779894825008, 0.480780505389, 0.599019428709, 0.454988099574, 0.999745003374, 0.749085898478, 0.414893756874, 0.0930298442714, 0.711129122521, 0.226339492456, 51.7102184608
0.0318553010556, 0.82553667477, 0.351651359652, 0.447388714967, 0.612134778134, 0.459064205222, 0.10272101366, 0.59323310209, 0.998513611536, 0.186220474068, 0.433104003159, 0.256476026531, 0.79077704281, 0.433640989433, 0.808847540156, 0.895674522614, 0.469806412948, 0.282044209224, 0.553677027384, 0.844495720385, 0.964568003654, 0.146524718417, 0.102296334373, 0.405428540834, 0.577552753099, 0.773686767919, 0.158736398526, 0.0318553010556, 0.82553667477, 0.351651359652, 0.447388714967, 0.612134778134, 0.459064205222, 0.10272101366, 53.8818167405
0.67248317757, 0.321982664957, 0.0141650132723, 0.896870756377, 0.346826443975, 0.68786448039, 0.644083680862, 0.930102061566, 0.632599842955, 0.726222391734, 0.285056142288, 0.294828775539, 0.774331568004, 0.4251525838, 0.955918202072, 0.760956348556, 0.0990737785056, 0.879143666518, 0.861629131466, 0.962535954959, 0.813973457933, 0.922416499731, 0.798648491513, 0.906317358196, 0.435998470256, 0.255963617044, 0.544228096685, 0.67248317757, 0.321982664957, 0.0141650132723, 0.896870756377, 0.346826443975, 0.68786448039, 0.644083680862, 62.7017415963
0.797509586421, 0.843835633344, 0.819481072151, 0.150505108579, 0.992376824782, 0.0037094711309, 0.296191896385, 0.0560355165548, 0.0353849263276, 0.980587617604, 0.387245754584, 0.269540146117, 0.754084172773, 0.970783039151, 0.0766660616467, 0.465940097828, 0.996977411657, 0.135100094618, 0.5829228814, 0.736266459519, 0.421870736553, 0.0637607969758, 0.0679431356288, 0.617373906497, 0.407711568161, 0.636959680525, 0.290461304906, 0.797509586421, 0.843835633344, 0.819481072151, 0.150505108579, 0.992376824782, 0.0037094711309, 0.296191896385, 46.9447677396
0.493972029225, 0.990141165505, 0.334419472226, 0.975065526207, 0.43708008368, 0.0177531159863, 0.617728631928, 0.927854661013, 0.657820614763, 0.664338916953, 0.0216006119898, 0.177532714155, 0.436561449132, 0.497049699379, 0.685446170393, 0.901637149789, 0.108534030071, 0.418817336023, 0.909340399744, 0.0169196984039, 0.279819668747, 0.174546661877, 0.724790142578, 0.675507593329, 0.314054751073, 0.824076444201, 0.290954010872, 0.493972029225, 0.990141165505, 0.334419472226, 0.975065526207, 0.43708008368, 0.0177531159863, 0.617728631928, 50.3259098958
0.211671670485, 0.606050746475, 0.997218230008, 0.935095774847, 0.476516028834, 0.459064205222, 0.439970486548, 0.10613534748, 0.643843672348, 0.0659763706607, 0.779238002188, 0.34631796908, 0.527426597272, 0.726881110745, 0.437952428883, 0.161845629741, 0.643874000973, 0.762754629811, 0.394698441708, 0.56250123847, 0.370881482042, 0.57708718777, 0.218407070758, 0.03257588385, 0.341008128054, 0.154253413426, 0.339186196477, 0.211671670485, 0.606050746475, 0.997218230008, 0.935095774847, 0.476516028834, 0.459064205222, 0.439970486548, 44.8841208105
0.797509586421, 0.368851226778, 0.903134933857, 0.150505108579, 0.992376824782, 0.0037094711309, 0.296191896385, 0.0560355165548, 0.0353849263276, 0.980587617604, 0.387245754584, 0.269540146117, 0.754084172773, 0.826403722554, 0.0766660616467, 0.465940097828, 0.996977411657, 0.064127706021, 0.5829228814, 0.736266459519, 0.289798817271, 0.0637607969758, 0.0679431356288, 0.617373906497, 0.407711568161, 0.281271486391, 0.290461304906, 0.797509586421, 0.368851226778, 0.903134933857, 0.150505108579, 0.992376824782, 0.0037094711309, 0.296191896385, 44.738316575
0.0938976860737, 0.978202683513, 0.33942630491, 0.17832355501, 0.265544147715, 0.680770050664, 0.00242419655255, 0.668507763404, 0.561451501245, 0.0619723097726, 0.16912823825, 0.358154756303, 0.0133812275574, 0.690482931655, 0.316978220195, 0.61243225212, 0.328992153657, 0.684494218992, 0.699031441399, 0.24818350378, 0.568734103744, 0.358067498333, 0.112062544748, 0.240045282241, 0.191527791268, 0.773686767919, 0.970067703571, 0.0938976860737, 0.978202683513, 0.33942630491, 0.17832355501, 0.265544147715, 0.680770050664, 0.00242419655255, 46.4457796474
0.332046536893, 0.484416666115, 0.0743569451412, 0.293805118214, 0.345156495958, 0.929123658218, 0.974904932691, 0.0871361146766, 0.814706161721, 0.761394203398, 0.460625654979, 0.268057619746, 0.413812615751, 0.60129935603, 0.230044439874, 0.909824280374, 0.318583745526, 0.457919347842, 0.704722228358, 0.450755221959, 0.690797245854, 0.663801616122, 0.0341986197641, 0.499990942471, 0.0131492996995, 0.633177927911, 0.682757412283, 0.332046536893, 0.484416666115, 0.0743569451412, 0.293805118214, 0.345156495958, 0.929123658218, 0.974904932691, 50.1212624784
0.943911156079, 0.251474734939, 0.489875128268, 0.0199933569095, 0.959009095245, 0.870973998607, 0.646739959768, 0.412266957721, 0.398917028814, 0.197587016285, 0.998709011268, 0.105288248101, 0.289348285606, 0.665444843558, 0.46552338895, 0.431102180568, 0.132392825162, 0.818249287039, 0.0580760345993, 0.0826748344189, 0.451006965247, 0.817728217167, 0.819006061378, 0.702743738511, 0.425492666643, 0.519800031496, 0.827294444664, 0.943911156079, 0.251474734939, 0.489875128268, 0.0199933569095, 0.959009095245, 0.870973998607, 0.646739959768, 49.5349631203
0.977454430891, 0.335059459962, 0.623935950603, 0.0491454321449, 0.507009998489, 0.962759945394, 0.594158616491, 0.705036786949, 0.21785262068, 0.771803652262, 0.661027602293, 0.964822253809, 0.282314382662, 0.380575618664, 0.270386247593, 0.150982692045, 0.851967530647, 0.692642912138, 0.37163896847, 0.743147172167, 0.406504376077, 0.227677706968, 0.285905475264, 0.242865801314, 0.525097842718, 0.86608244699, 0.465194128631, 0.977454430891, 0.335059459962, 0.623935950603, 0.0491454321449, 0.507009998489, 0.962759945394, 0.594158616491, 51.5798089616
0.870537556704, 0.9857183151, 0.67660753892, 0.0364454806664, 0.845121769141, 0.990794150565, 0.0743132594091, 0.373488031303, 0.124961641704, 0.333962155308, 0.773439285641, 0.935597993451, 0.0136988891282, 0.606091568038, 0.973168444972, 0.283697654602, 0.349433719622, 0.551324524156, 0.814306144539, 0.771060269014, 0.260440599588, 0.727699626603, 0.822438667049, 0.871157502194, 0.763075439595, 0.807127848813, 0.0792724560354, 0.870537556704, 0.9857183151, 0.67660753892, 0.0364454806664, 0.845121769141, 0.990794150565, 0.0743132594091, 55.0215604933
0.0318553010556, 0.82553667477, 0.351651359652, 0.447388714967, 0.612134778134, 0.459064205222, 0.10272101366, 0.59323310209, 0.998513611536, 0.186220474068, 0.433104003159, 0.256476026531, 0.79077704281, 0.433640989433, 0.808847540156, 0.895674522614, 0.469806412948, 0.282044209224, 0.553677027384, 0.844495720385, 0.964568003654, 0.146524718417, 0.102296334373, 0.405428540834, 0.577552753099, 0.773686767919, 0.158736398526, 0.0318553010556, 0.82553667477, 0.351651359652, 0.447388714967, 0.612134778134, 0.459064205222, 0.10272101366, 53.8818167405
0.944750125578, 0.736414739117, 0.0943219442463, 0.123990020058, 0.104859670043, 0.267702705121, 0.128573713524, 0.721729455489, 0.344706538833, 0.690267936865, 0.371670781846, 0.407990487943, 0.852592148107, 0.870188870066, 0.0672886203285, 0.660788081599, 0.924445884498, 0.403212884954, 0.907248834066, 0.855313827, 0.489320328159, 0.524800954425, 0.506372125061, 0.00128043034404, 0.303329963933, 0.494351060533, 0.954382213214, 0.944750125578, 0.736414739117, 0.0943219442463, 0.123990020058, 0.104859670043, 0.267702705121, 0.128573713524, 56.007630137
0.196317446881, 0.78312942792, 0.299170615536, 0.170229875701, 0.126248585697, 0.00409495976289, 0.504384114544, 0.836405562063, 0.375810437184, 0.938812398268, 0.30707134214, 0.93584068049, 0.664977928991, 0.145201886744, 0.390973357186, 0.758508427394, 0.999824967005, 0.615065546534, 0.802322491725, 0.747548531055, 0.0975234747993, 0.261795618927, 0.428553056848, 0.502345469975, 0.410560634261, 0.818772538679, 0.726931642227, 0.196317446881, 0.78312942792, 0.299170615536, 0.170229875701, 0.126248585697, 0.00409495976289, 0.504384114544, 57.7102736361
0.713826246301, 0.250876714842, 0.546692329588, 0.0426319311163, 0.0681190853116, 0.678579044638, 0.276299204025, 0.956630764756, 0.406327870306, 0.865360640218, 0.443705710476, 0.278337008475, 0.976431196917, 0.359875394195, 0.714334243065, 0.944902626076, 0.165669573048, 0.858215399774, 0.0696357282707, 0.586826817361, 0.56611911849, 0.0306851651027, 0.181801739609, 0.496223826981, 0.718158682862, 0.546988788185, 0.618585308948, 0.713826246301, 0.250876714842, 0.546692329588, 0.0426319311163, 0.0681190853116, 0.678579044638, 0.276299204025, 54.2142641656
0.72107309039, 0.687707372459, 0.413020037466, 0.242761942176, 0.380831793831, 0.198351336589, 0.700606059149, 0.0588369945809, 0.924104816316, 0.991706283688, 0.478748873359, 0.122255917401, 0.678952601411, 0.623671931583, 0.64492874549, 0.196756381183, 0.0492937468759, 0.800865423866, 0.233236642026, 0.400572485391, 0.185743474599, 0.378965016965, 0.688969438315, 0.6483991779, 0.477757915146, 0.0755978154031, 0.759517680831, 0.72107309039, 0.687707372459, 0.413020037466, 0.242761942176, 0.380831793831, 0.198351336589, 0.700606059149, 49.1131985544
0.486358053945, 0.0770375068537, 0.908844425491, 0.388615717808, 0.137263335153, 0.812489260674, 0.0652633567596, 0.948896915949, 0.52074916259, 0.974245903013, 0.530398487714, 0.0432710018317, 0.334715865232, 0.99201765586, 0.458403210912, 0.521606872883, 0.952529179033, 0.288896182849, 0.956046199695, 0.98699110369, 0.645290990689, 0.373330320531, 0.908543767046, 0.136213210723, 0.451548824733, 0.397814117186, 0.978622829569, 0.486358053945, 0.0770375068537, 0.908844425491, 0.388615717808, 0.137263335153, 0.812489260674, 0.0652633567596, 59.731701638
0.394388787055, 0.10738811391, 0.395967070804, 0.558601287112, 0.861382930908, 0.733769122744, 0.353925885689, 0.0205848364456, 0.782831689163, 0.2397336896, 0.343848943037, 0.289769152889, 0.858193063545, 0.0598945585034, 0.314682996537, 0.61702322385, 0.35860949622, 0.85122675191, 0.0332611723319, 0.320109697979, 0.0973401231781, 0.0452995978958, 0.209436602831, 0.125737226682, 0.481269574353, 0.214834943052, 0.605784342155, 0.394388787055, 0.10738811391, 0.395967070804, 0.558601287112, 0.861382930908, 0.733769122744, 0.353925885689, 40.0900641941
0.528975954746, 0.662839669004, 0.501724144181, 0.915407759632, 0.150079569269, 0.0698745644333, 0.253970409789, 0.142845773613, 0.879664579615, 0.915618927657, 0.454575533231, 0.186666006534, 0.0401507490501, 0.129956639241, 0.736683237229, 0.699671779107, 0.120181020249, 0.864855391137, 0.551118994067, 0.440881890542, 0.342936091952, 0.985166629336, 0.0747338536058, 0.39733709011, 0.953929442054, 0.883171544976, 0.37383663336, 0.528975954746, 0.662839669004, 0.501724144181, 0.915407759632, 0.150079569269, 0.0698745644333, 0.253970409789, 51.9875068316
0.395939716804, 0.564990841026, 0.296852678018, 0.18504402221, 0.537524350189, 0.195646491476, 0.51813332968, 0.128267313972, 0.179995117684, 0.113181210464, 0.451275946449, 0.929155648938, 0.66425495403, 0.0999575446113, 0.847068033506, 0.960758699723, 0.185596082743, 0.438391979735, 0.296361506401, 0.351745820878, 0.613169500602, 0.309969411538, 0.922204682867, 0.513927230671, 0.710731880046, 0.760487611149, 0.270724026338, 0.395939716804, 0.564990841026, 0.296852678018, 0.18504402221, 0.537524350189, 0.195646491476, 0.51813332968, 50.7914216469
0.353729416375, 0.606050746475, 0.554410228817, 0.931655029291, 0.476516028834, 0.520917037343, 0.439970486548, 0.10613534748, 0.643843672348, 0.0659763706607, 0.779238002188, 0.34631796908, 0.527426597272, 0.726881110745, 0.437952428883, 0.161845629741, 0.643874000973, 0.762754629811, 0.394698441708, 0.56250123847, 0.370881482042, 0.57708718777, 0.218407070758, 0.064981944687, 0.341008128054, 0.154253413426, 0.339186196477, 0.353729416375, 0.606050746475, 0.554410228817, 0.931655029291, 0.476516028834, 0.520917037343, 0.439970486548, 45.1991599621
0.410819158373, 0.268126880638, 0.952129338676, 0.541144950175, 0.221858267879, 0.155774696403, 0.585078721721, 0.931091843299, 0.220961329034, 0.996833641686, 0.512619837943, 0.392356909652, 0.578704467771, 0.453082907433, 0.279925700794, 0.567774409514, 0.528238387231, 0.557932094495, 0.934989337735, 0.407988925184, 0.00228544341287, 0.213975341928, 0.12485379058, 0.53293314998, 0.208928158386, 0.915905889589, 0.0598379155338, 0.410819158373, 0.268126880638, 0.952129338676, 0.541144950175, 0.221858267879, 0.155774696403, 0.585078721721, 49.3431021492
0.897813272383, 0.720060662094, 0.0231348153135, 0.633836902012, 0.292725418677, 0.621012163881, 0.478782554976, 0.314953300002, 0.465010079646, 0.634626169368, 0.255238290243, 0.745921773237, 0.995626135948, 0.719771494917, 0.418034443277, 0.569306520449, 0.476795377615, 0.766704194897, 0.90544662623, 0.460282228693, 0.0587054573823, 0.542553926755, 0.432264328296, 0.14602086469, 0.106421448742, 0.0320691693087, 0.185690010217, 0.897813272383, 0.720060662094, 0.0231348153135, 0.633836902012, 0.292725418677, 0.621012163881, 0.478782554976, 48.4539558634
0.967084339045, 0.924651400493, 0.212647274215, 0.323364631294, 0.183956395977, 0.0619412681805, 0.699131765605, 0.156403817016, 0.112241561267, 0.635983913144, 0.526451403347, 0.889907142026, 0.390260663019, 0.533121759413, 0.343929940546, 0.138183775646, 0.259104097671, 0.430829597251, 0.46540531455, 0.773780545258, 0.280932763719, 0.193334128047, 0.832025890087, 0.55571641465, 0.798545495659, 0.15113701317, 0.610059850845, 0.967084339045, 0.924651400493, 0.212647274215, 0.323364631294, 0.183956395977, 0.0619412681805, 0.699131765605, 47.7153161667
0.0821454860556, 0.0229646018137, 0.56295027036, 0.0303011396918, 0.202941350448, 0.836560426351, 0.790718675464, 0.544547344966, 0.222829055471, 0.689753964332, 0.834482896348, 0.0664089442014, 0.185425449594, 0.939609028186, 0.398832952766, 0.590817813016, 0.244921213761, 0.253656752383, 0.786194710432, 0.628202501014, 0.166569385325, 0.558853707823, 0.0703625303576, 0.778100979117, 0.386270322978, 0.650198061236, 0.900673380091, 0.0821454860556, 0.0229646018137, 0.56295027036, 0.0303011396918, 0.202941350448, 0.836560426351, 0.790718675464, 50.830453648
0.493972029225, 0.169621598891, 0.0943219442463, 0.819144343258, 0.43708008368, 0.0177531159863, 0.617728631928, 0.927854661013, 0.999850778596, 0.664338916953, 0.0216006119898, 0.668459614873, 0.436561449132, 0.626344782688, 0.546124774091, 0.901637149789, 0.504283377707, 0.418817336023, 0.909340399744, 0.0169196984039, 0.489320328159, 0.500476669457, 0.724790142578, 0.214331977427, 0.924661077006, 0.824076444201, 0.963012008135, 0.493972029225, 0.169621598891, 0.0943219442463, 0.819144343258, 0.43708008368, 0.0177531159863, 0.617728631928, 59.6218156613
0.753510367608, 0.212968240706, 0.66876718956, 0.249340424579, 0.421726913677, 0.315164306975, 0.805476282741, 0.320167234641, 0.664329247036, 0.264385161868, 0.111541425747, 0.506346569877, 0.771568709982, 0.0371787597481, 0.672418123698, 0.672409017753, 0.157486820865, 0.602837670478, 0.784568829551, 0.435140124862, 0.565008743693, 0.875089631781, 0.859750229154, 0.0481970782305, 0.987658493954, 0.501609431698, 0.332528750596, 0.753510367608, 0.212968240706, 0.66876718956, 0.249340424579, 0.421726913677, 0.315164306975, 0.805476282741, 51.5963614247
0.115365431052, 0.459219304175, 0.059480394191, 0.431902357171, 0.568518836713, 0.683473419501, 0.175753867117, 0.376153941278, 0.102400506292, 0.601406083198, 0.796076594517, 0.0189209505882, 0.433329251368, 0.914402821068, 0.26330507211, 0.853200536428, 0.258791107891, 0.749815103773, 0.951271671513, 0.550189748761, 0.150404443204, 0.0309577585222, 0.418374493838, 0.607914342013, 0.890898226206, 0.142636604976, 0.537101801201, 0.115365431052, 0.459219304175, 0.059480394191, 0.431902357171, 0.568518836713, 0.683473419501, 0.175753867117, 50.3903166315
0.215401727711, 0.451894201598, 0.444429555789, 0.46868144158, 0.815026923864, 0.851521490718, 0.818998766761, 0.266197175546, 0.375496751821, 0.521332581567, 0.0172608385173, 0.112714191715, 0.206664301891, 0.502357394339, 0.39185010814, 0.0501173075876, 0.796292308014, 0.0546913443294, 0.676202045659, 0.417449777789, 0.533570908779, 0.891371387562, 0.624380970736, 0.300596948788, 0.76742560645, 0.205672845035, 0.159937072982, 0.215401727711, 0.451894201598, 0.444429555789, 0.46868144158, 0.815026923864, 0.851521490718, 0.818998766761, 43.34455531
0.897813272383, 0.720060662094, 0.0231348153135, 0.633836902012, 0.292725418677, 0.621012163881, 0.342531948423, 0.314953300002, 0.465010079646, 0.634626169368, 0.682425744964, 0.745921773237, 0.995626135948, 0.719771494917, 0.418034443277, 0.569306520449, 0.00254992235413, 0.733598322598, 0.90544662623, 0.460282228693, 0.0587054573823, 0.862791184969, 0.432264328296, 0.14602086469, 0.618438366845, 0.0320691693087, 0.506123816932, 0.897813272383, 0.720060662094, 0.0231348153135, 0.633836902012, 0.292725418677, 0.621012163881, 0.342531948423, 52.2031182314
0.450999832357, 0.323471596095, 0.436297241511, 0.431871913118, 0.374254150698, 0.244986859766, 0.0465262950152, 0.0150263940059, 0.989609576985, 0.319402724523, 0.741826366874, 0.146689204214, 0.69078304821, 0.315673373178, 0.728220184252, 0.0709155917649, 0.479493672799, 0.0606182873275, 0.34893883947, 0.211310149299, 0.290527863072, 0.63902435268, 0.165556888378, 0.0472941841369, 0.389095100941, 0.973441042564, 0.526216377713, 0.450999832357, 0.323471596095, 0.436297241511, 0.431871913118, 0.374254150698, 0.244986859766, 0.0465262950152, 45.1005789445
0.928828974792, 0.644614648972, 0.483744735944, 0.163567338702, 0.930823220373, 0.714010616551, 0.879502505559, 0.489548762656, 0.882024841229, 0.563570538356, 0.404639398968, 0.434587980968, 0.407049235147, 0.0462343110326, 0.0507201509922, 0.490484994594, 0.998281533369, 0.305856439724, 0.479612427452, 0.185458103421, 0.93142348315, 0.523459622893, 0.297322779367, 0.976374901642, 0.159082493496, 0.14691484039, 0.184877781451, 0.928828974792, 0.644614648972, 0.483744735944, 0.163567338702, 0.930823220373, 0.714010616551, 0.879502505559, 46.9750009129
0.255310354934, 0.994794297862, 0.6061131005, 0.694330697574, 0.263558360142, 0.248922567344, 0.937714979297, 0.358256137657, 0.377910561299, 0.637772260179, 0.611688578744, 0.693233184665, 0.0694212312238, 0.58304639682, 0.979263811723, 0.698352197324, 0.541009056458, 0.646426073494, 0.223730180136, 0.481316013709, 0.475416478649, 0.0446510922876, 0.311351455522, 0.677006261597, 0.771592179143, 0.865370436064, 0.401066258336, 0.255310354934, 0.994794297862, 0.6061131005, 0.694330697574, 0.263558360142, 0.248922567344, 0.937714979297, 52.5700574421
0.259603813514, 0.385114750496, 0.336507539919, 0.116641044409, 0.85330787168, 0.971944809639, 0.220842455633, 0.308744708554, 0.854421463812, 0.35542293312, 0.486283950664, 0.591891968206, 0.509284170346, 0.604469723613, 0.691808780348, 0.315452678773, 0.962851489339, 0.19358205905, 0.151282022646, 0.635911287273, 0.964051719441, 0.511125171564, 0.738987991955, 0.146709260238, 0.813523386317, 0.589279889234, 0.588753926732, 0.259603813514, 0.385114750496, 0.336507539919, 0.116641044409, 0.85330787168, 0.971944809639, 0.220842455633, 54.6684355596
0.777731082101, 0.0911899447758, 0.17527350929, 0.445745018278, 0.819145319917, 0.0482412182297, 0.415963881262, 0.0624994159423, 0.920103954651, 0.732350751828, 0.269488221866, 0.742489876659, 0.733672377062, 0.82565652444, 0.605769074427, 0.553138529077, 0.738930440923, 0.014530816454, 0.370592101778, 0.714086875673, 0.912575986202, 0.627598651464, 0.803175316055, 0.747527945372, 0.556441657391, 0.0347393236137, 0.178439133015, 0.777731082101, 0.0911899447758, 0.17527350929, 0.445745018278, 0.819145319917, 0.0482412182297, 0.415963881262, 55.2757702439
0.871894836749, 0.210253444928, 0.955759149345, 0.516897566043, 0.384369075402, 0.399682596988, 0.823512869479, 0.847417820025, 0.401384153786, 0.555855335706, 0.352295226284, 0.250199655938, 0.310913538335, 0.238421507536, 0.525174842923, 0.541979851658, 0.202238168112, 0.955845618067, 0.861280203834, 0.0259250065769, 0.860655626499, 0.984673110164, 0.286411594525, 0.455861915928, 0.895221849237, 0.0112068236907, 0.285623503281, 0.871894836749, 0.210253444928, 0.955759149345, 0.516897566043, 0.384369075402, 0.399682596988, 0.823512869479, 50.3386617265
0.486358053945, 0.0770375068537, 0.908844425491, 0.388615717808, 0.137263335153, 0.812489260674, 0.0652633567596, 0.948896915949, 0.52074916259, 0.974245903013, 0.530398487714, 0.0432710018317, 0.334715865232, 0.99201765586, 0.458403210912, 0.521606872883, 0.952529179033, 0.288896182849, 0.956046199695, 0.98699110369, 0.645290990689, 0.373330320531, 0.908543767046, 0.136213210723, 0.451548824733, 0.397814117186, 0.978622829569, 0.486358053945, 0.0770375068537, 0.908844425491, 0.388615717808, 0.137263335153, 0.812489260674, 0.0652633567596, 59.731701638
0.510664115705, 0.0525900015732, 0.66876718956, 0.249340424579, 0.421726913677, 0.915329835746, 0.805476282741, 0.942696661571, 0.664329247036, 0.264385161868, 0.111541425747, 0.377378253968, 0.771568709982, 0.0371787597481, 0.80801819695, 0.672409017753, 0.213835793821, 0.387194079906, 0.784568829551, 0.435140124862, 0.00902951738738, 0.414626916722, 0.857392807363, 0.0190400694118, 0.987658493954, 0.501609431698, 0.332528750596, 0.510664115705, 0.0525900015732, 0.66876718956, 0.249340424579, 0.421726913677, 0.915329835746, 0.805476282741, 49.6335913419
0.608696528519, 0.179036721884, 0.585512372348, 0.0204724169792, 0.0475717595889, 0.441941855324, 0.412576844054, 0.672959512053, 0.960504146094, 0.915618927657, 0.511117291702, 0.0160519865761, 0.855334988562, 0.8339631303, 0.77138228716, 0.640324711244, 0.693701235503, 0.210990293877, 0.10092225586, 0.262133597957, 0.342936091952, 0.0385415425416, 0.868643497227, 0.709006362823, 0.614459240108, 0.206049168085, 0.306200699008, 0.608696528519, 0.179036721884, 0.585512372348, 0.0204724169792, 0.0475717595889, 0.441941855324, 0.412576844054, 53.6734831334
0.325272326369, 0.43682918973, 0.793951211665, 0.738643206091, 0.751804308539, 0.532086774071, 0.348556729815, 0.510690863967, 0.590632550267, 0.32754719896, 0.0118060273746, 0.93236407026, 0.893566919973, 0.415930030969, 0.517395695214, 0.862031161402, 0.00254992235413, 0.409788730337, 0.69517556505, 0.882042804043, 0.080765931107, 0.213286069357, 0.744402715186, 0.68541633926, 0.29987008333, 0.373782438397, 0.415599084043, 0.325272326369, 0.43682918973, 0.793951211665, 0.738643206091, 0.751804308539, 0.532086774071, 0.348556729815, 50.5344669668
0.386760860999, 0.155952307537, 0.902448832285, 0.416491541065, 0.981723158297, 0.122421283045, 0.343866578807, 0.651156043475, 0.89738715157, 0.257942695072, 0.650078843216, 0.050375493789, 0.92970262437, 0.636340648648, 0.257798761541, 0.686041686283, 0.579037629936, 0.012564996274, 0.819647864759, 0.555947890874, 0.284988335359, 0.484622616548, 0.75574870659, 0.0451474159258, 0.465423462442, 0.90365543841, 0.781815651364, 0.386760860999, 0.155952307537, 0.902448832285, 0.416491541065, 0.981723158297, 0.122421283045, 0.343866578807, 53.6936064461
0.973445587077, 0.263640153446, 0.147895926182, 0.281633004405, 0.717983119709, 0.8782981939, 0.826226338116, 0.416526611861, 0.472396688393, 0.51207844806, 0.919979816164, 0.462580279668, 0.264178437871, 0.0891834760891, 0.0020814291164, 0.147058127058, 0.68543489665, 0.0772964784488, 0.00692152658763, 0.957834634864, 0.0675216236343, 0.0131666250062, 0.807862057336, 0.991952366185, 0.107978226369, 0.98094371819, 0.878515551944, 0.973445587077, 0.263640153446, 0.147895926182, 0.281633004405, 0.717983119709, 0.8782981939, 0.826226338116, 46.6014310046
0.670951525253, 0.775586922476, 0.801222575999, 0.586226431975, 0.327396591475, 0.171089532581, 0.803330776234, 9.16552181536e-05, 0.390344618044, 0.663892631182, 0.361265426439, 0.977935929576, 0.149953455627, 0.398781629066, 0.243088257748, 0.293717480325, 0.336892176368, 0.518919779913, 0.696162598075, 0.84919455137, 0.0629570282753, 0.582117752995, 0.472974690963, 0.206045147358, 0.0387231532801, 0.277213402284, 0.337185358859, 0.670951525253, 0.775586922476, 0.801222575999, 0.586226431975, 0.327396591475, 0.171089532581, 0.803330776234, 43.1721189858
0.407876510171, 0.394146802585, 0.868658759464, 0.846148300471, 0.0767371010651, 0.874204875322, 0.866524743291, 0.187802741839, 0.820476517633, 0.299737209272, 0.40477402908, 0.127989249287, 0.848296142072, 0.724791658523, 0.191916071969, 0.803157877809, 0.0356441641942, 0.305359442708, 0.574432998608, 0.705940344015, 0.617509801669, 0.138469394218, 0.0516165911988, 0.964021378143, 0.303533018462, 0.29789891326, 0.44246501817, 0.407876510171, 0.394146802585, 0.868658759464, 0.846148300471, 0.0767371010651, 0.874204875322, 0.866524743291, 46.454434563
0.407876510171, 0.394146802585, 0.868658759464, 0.846148300471, 0.0767371010651, 0.874204875322, 0.866524743291, 0.187802741839, 0.820476517633, 0.299737209272, 0.40477402908, 0.127989249287, 0.848296142072, 0.724791658523, 0.191916071969, 0.803157877809, 0.0356441641942, 0.305359442708, 0.574432998608, 0.705940344015, 0.617509801669, 0.138469394218, 0.0516165911988, 0.964021378143, 0.303533018462, 0.29789891326, 0.44246501817, 0.407876510171, 0.394146802585, 0.868658759464, 0.846148300471, 0.0767371010651, 0.874204875322, 0.866524743291, 46.454434563
0.977454430891, 0.335059459962, 0.106408112243, 0.0491454321449, 0.507009998489, 0.962759945394, 0.594158616491, 0.705036786949, 0.741479761299, 0.771803652262, 0.661027602293, 0.964822253809, 0.148377757758, 0.380575618664, 0.270386247593, 0.150982692045, 0.819770460728, 0.692642912138, 0.887555310048, 0.576708270187, 0.443126362186, 0.614901202183, 0.471873347841, 0.242865801314, 0.69054765025, 0.86608244699, 0.465194128631, 0.977454430891, 0.335059459962, 0.106408112243, 0.0491454321449, 0.507009998489, 0.962759945394, 0.594158616491, 56.8997595243
0.466467469632, 0.582226853964, 0.847935017535, 0.130228037631, 0.0299552986662, 0.628254315179, 0.204819216064, 0.425730484622, 0.576259786859, 0.337317071528, 0.0441936258141, 0.666719309499, 0.0982531045872, 0.809609405399, 0.0661843500241, 0.7100936181, 0.314106882703, 0.784136121217, 0.159914480007, 0.407250065479, 0.063039413988, 0.711845571364, 0.207276069405, 0.291345045623, 0.21666930231, 0.0208626169211, 0.300579414882, 0.466467469632, 0.582226853964, 0.847935017535, 0.130228037631, 0.0299552986662, 0.628254315179, 0.204819216064, 41.4458170357
0.259603813514, 0.385114750496, 0.336507539919, 0.116641044409, 0.85330787168, 0.971944809639, 0.220842455633, 0.308744708554, 0.854421463812, 0.35542293312, 0.486283950664, 0.591891968206, 0.509284170346, 0.604469723613, 0.691808780348, 0.315452678773, 0.962851489339, 0.19358205905, 0.151282022646, 0.635911287273, 0.964051719441, 0.511125171564, 0.738987991955, 0.146709260238, 0.813523386317, 0.589279889234, 0.588753926732, 0.259603813514, 0.385114750496, 0.336507539919, 0.116641044409, 0.85330787168, 0.971944809639, 0.220842455633, 54.6684355596
0.0821454860556, 0.0229646018137, 0.56295027036, 0.0303011396918, 0.202941350448, 0.836560426351, 0.790718675464, 0.544547344966, 0.222829055471, 0.689753964332, 0.834482896348, 0.0664089442014, 0.185425449594, 0.939609028186, 0.398832952766, 0.590817813016, 0.244921213761, 0.253656752383, 0.786194710432, 0.628202501014, 0.166569385325, 0.558853707823, 0.0703625303576, 0.778100979117, 0.386270322978, 0.650198061236, 0.900673380091, 0.0821454860556, 0.0229646018137, 0.56295027036, 0.0303011396918, 0.202941350448, 0.836560426351, 0.790718675464, 50.830453648
0.694483216888, 0.0834279438503, 0.843477699622, 0.749110133857, 0.743111690597, 0.362635602234, 0.0668167817977, 0.554100314786, 0.115916370522, 0.0236048983745, 0.903394138925, 0.77164313677, 0.587567805689, 0.0509462410664, 0.952292539887, 0.084641239942, 0.685863255481, 0.0686155290768, 0.586132418711, 0.260084665744, 0.207012684411, 0.529564511199, 0.802341528347, 0.798091621359, 0.248098223541, 0.544089135392, 0.600036400236, 0.694483216888, 0.0834279438503, 0.843477699622, 0.749110133857, 0.743111690597, 0.362635602234, 0.0668167817977, 48.6355211127
0.388024586195, 0.765178916605, 0.696330025351, 0.311022544882, 0.781225374572, 0.882327417336, 0.313930857134, 0.687663503203, 0.325417431991, 0.570436161297, 0.812842221437, 0.297067023511, 0.168633931431, 0.43382479388, 0.151099075112, 0.0132222708347, 0.953576953738, 0.473124993227, 0.582205859045, 0.0697704550638, 0.39249115948, 0.862791184969, 0.89821529563, 0.207606069382, 0.618438366845, 0.275783313404, 0.256970296438, 0.388024586195, 0.765178916605, 0.696330025351, 0.311022544882, 0.781225374572, 0.882327417336, 0.313930857134, 47.3427089867
0.211671670485, 0.606050746475, 0.997218230008, 0.935095774847, 0.476516028834, 0.459064205222, 0.439970486548, 0.10613534748, 0.643843672348, 0.0659763706607, 0.779238002188, 0.34631796908, 0.527426597272, 0.726881110745, 0.437952428883, 0.161845629741, 0.643874000973, 0.762754629811, 0.394698441708, 0.56250123847, 0.370881482042, 0.57708718777, 0.218407070758, 0.03257588385, 0.341008128054, 0.154253413426, 0.339186196477, 0.211671670485, 0.606050746475, 0.997218230008, 0.935095774847, 0.476516028834, 0.459064205222, 0.439970486548, 44.8841208105
0.111865375765, 0.11184155399, 0.148563683343, 0.934088278361, 0.275493857475, 0.500957944508, 0.0625130265057, 0.443218245299, 0.0335373089046, 0.894343230815, 0.000760386673553, 0.828775387869, 0.280142705242, 0.864254602595, 0.114754352856, 0.679839867694, 0.467394493693, 0.0604248104934, 0.164729651047, 0.180025583942, 0.408435805776, 0.240756069355, 0.238754080305, 0.00290853537522, 0.0233329321224, 0.0967130100077, 0.376611405482, 0.111865375765, 0.11184155399, 0.148563683343, 0.934088278361, 0.275493857475, 0.500957944508, 0.0625130265057, 38.5969417226
0.0938976860737, 0.978202683513, 0.247879686042, 0.17832355501, 0.123220173099, 0.761849484044, 0.00242419655255, 0.668507763404, 0.561451501245, 0.739555913194, 0.16912823825, 0.358154756303, 0.0133812275574, 0.690482931655, 0.835909664197, 0.61243225212, 0.328992153657, 0.684494218992, 0.699031441399, 0.24818350378, 0.568734103744, 0.358067498333, 0.112062544748, 0.834928657268, 0.191527791268, 0.73524354849, 0.290954010872, 0.0938976860737, 0.978202683513, 0.247879686042, 0.17832355501, 0.123220173099, 0.761849484044, 0.00242419655255, 50.16893784
0.926532452976, 0.775237860182, 0.483744735944, 0.20791352413, 0.660046687986, 0.367979443944, 0.328946388802, 0.371157863684, 0.228486841226, 0.322194486567, 0.347784072559, 0.666015290735, 0.480422933131, 0.96162516205, 0.278851432706, 0.172132045702, 0.148442483987, 0.364145203188, 0.541560286505, 0.649512251965, 0.727834125627, 0.968989093004, 0.926778379041, 0.967282785583, 0.279651505143, 0.107643604424, 0.465987112458, 0.926532452976, 0.775237860182, 0.483744735944, 0.20791352413, 0.660046687986, 0.367979443944, 0.328946388802, 50.9730693083
0.0938976860737, 0.978202683513, 0.247879686042, 0.17832355501, 0.123220173099, 0.761849484044, 0.00242419655255, 0.668507763404, 0.561451501245, 0.739555913194, 0.16912823825, 0.358154756303, 0.0133812275574, 0.690482931655, 0.835909664197, 0.61243225212, 0.328992153657, 0.684494218992, 0.699031441399, 0.24818350378, 0.568734103744, 0.358067498333, 0.112062544748, 0.834928657268, 0.191527791268, 0.73524354849, 0.290954010872, 0.0938976860737, 0.978202683513, 0.247879686042, 0.17832355501, 0.123220173099, 0.761849484044, 0.00242419655255, 50.16893784
0.246332325711, 0.582951192388, 0.908385851736, 0.34800510049, 0.898260157688, 0.0473487044798, 0.07278412925, 0.169274853768, 0.144534695065, 0.245061307447, 0.421687239561, 0.908676486385, 0.437455336937, 0.966851653102, 0.0792771403405, 0.466833116434, 0.631959023978, 0.0879887386788, 0.959499048828, 0.711655652275, 0.614567572611, 0.0355257142248, 0.921435620582, 0.325685063113, 0.205423536739, 0.971436622342, 0.709875904707, 0.246332325711, 0.582951192388, 0.908385851736, 0.34800510049, 0.898260157688, 0.0473487044798, 0.07278412925, 51.1618684122
0.174121108704, 0.702770634302, 0.745657219788, 0.213799902713, 0.721530583217, 0.570952262328, 0.337112970668, 0.0424772904127, 0.973413286986, 0.279627386559, 0.141115950551, 0.417099696684, 0.434533960558, 0.849969910336, 0.292408012176, 0.869650680283, 0.830768257884, 0.0638781777194, 0.546563133815, 0.0775419392656, 0.548883784457, 0.221727509196, 0.53064602174, 0.436113123649, 0.0900109721378, 0.359028043434, 0.0270699013136, 0.174121108704, 0.702770634302, 0.745657219788, 0.213799902713, 0.721530583217, 0.570952262328, 0.337112970668, 44.0974642175
0.694483216888, 0.0834279438503, 0.843477699622, 0.749110133857, 0.743111690597, 0.362635602234, 0.0668167817977, 0.554100314786, 0.115916370522, 0.0236048983745, 0.903394138925, 0.77164313677, 0.587567805689, 0.0509462410664, 0.952292539887, 0.084641239942, 0.685863255481, 0.0686155290768, 0.586132418711, 0.260084665744, 0.207012684411, 0.529564511199, 0.802341528347, 0.798091621359, 0.248098223541, 0.544089135392, 0.600036400236, 0.694483216888, 0.0834279438503, 0.843477699622, 0.749110133857, 0.743111690597, 0.362635602234, 0.0668167817977, 48.6355211127
0.0767365615838, 0.892502630882, 0.745657219788, 0.213799902713, 0.2422271072, 0.570952262328, 0.337112970668, 0.0424772904127, 0.973413286986, 0.279627386559, 0.141115950551, 0.417099696684, 0.434533960558, 0.849969910336, 0.292408012176, 0.869650680283, 0.830768257884, 0.0638781777194, 0.546563133815, 0.0775419392656, 0.548883784457, 0.204614927886, 0.53064602174, 0.436113123649, 0.0900109721378, 0.359028043434, 0.0270699013136, 0.0767365615838, 0.892502630882, 0.745657219788, 0.213799902713, 0.2422271072, 0.570952262328, 0.337112970668, 44.066170079
0.92308826431, 0.501798017313, 0.0853846967639, 0.224751792609, 0.345156495958, 0.929123658218, 0.974904932691, 0.0871361146766, 0.814706161721, 0.984377891356, 0.460625654979, 0.268057619746, 0.413812615751, 0.60129935603, 0.230044439874, 0.997310862197, 0.318583745526, 0.457919347842, 0.704722228358, 0.450755221959, 0.690797245854, 0.308349346606, 0.0341986197641, 0.0247352708204, 0.0131492996995, 0.300495301234, 0.682757412283, 0.92308826431, 0.501798017313, 0.0853846967639, 0.224751792609, 0.345156495958, 0.929123658218, 0.974904932691, 46.8507843494
0.608696528519, 0.090407505207, 0.827649241458, 0.0204724169792, 0.360939665977, 0.441941855324, 0.412576844054, 0.425594508728, 0.580029268969, 0.107095176231, 0.511117291702, 0.0160519865761, 0.855334988562, 0.647829309597, 0.77138228716, 0.640324711244, 0.233308421853, 0.210990293877, 0.10092225586, 0.262133597957, 0.331279182953, 0.0385415425416, 0.966926564975, 0.709006362823, 0.685406347728, 0.206049168085, 0.306200699008, 0.608696528519, 0.090407505207, 0.827649241458, 0.0204724169792, 0.360939665977, 0.441941855324, 0.412576844054, 46.4864041123
0.181908337381, 0.441095134497, 0.423927052866, 0.65379327682, 0.421614598572, 0.55420521996, 0.622777191567, 0.308278628087, 0.670834101476, 0.965482676276, 0.199905755324, 0.790594443493, 0.120840603606, 0.208734476664, 0.166866959949, 0.531551393777, 0.241026247125, 0.127298830564, 0.921391537277, 0.547367818607, 0.790052033938, 0.513977145131, 0.890084945643, 0.0433416657751, 0.427491276707, 0.400772999723, 0.224543018122, 0.181908337381, 0.441095134497, 0.423927052866, 0.65379327682, 0.421614598572, 0.55420521996, 0.622777191567, 48.4003073139
0.466467469632, 0.582226853964, 0.847935017535, 0.130228037631, 0.0299552986662, 0.403471078973, 0.204819216064, 0.425730484622, 0.576259786859, 0.337317071528, 0.0441936258141, 0.666719309499, 0.0982531045872, 0.809609405399, 0.0661843500241, 0.7100936181, 0.314106882703, 0.784136121217, 0.45283215749, 0.407250065479, 0.063039413988, 0.711845571364, 0.207276069405, 0.291345045623, 0.21666930231, 0.0208626169211, 0.300579414882, 0.466467469632, 0.582226853964, 0.847935017535, 0.130228037631, 0.0299552986662, 0.403471078973, 0.204819216064, 42.5339135631
0.100591722927, 0.896788463181, 0.501434813218, 0.506129656279, 0.478297078708, 0.0878780045239, 0.658295188423, 0.755042952847, 0.204542328657, 0.928678505528, 0.96781138871, 0.44041502763, 0.963119491953, 0.121606883502, 0.281175733784, 0.885068473555, 0.974305815495, 0.775961941405, 0.677201683061, 0.251396514099, 0.981016211625, 0.264509054432, 0.357895124467, 0.944846233602, 0.114015302904, 0.208498199439, 0.173708222369, 0.100591722927, 0.896788463181, 0.501434813218, 0.506129656279, 0.478297078708, 0.0878780045239, 0.658295188423, 56.003811621
0.111865375765, 0.11184155399, 0.141216003576, 0.934088278361, 0.275493857475, 0.500957944508, 0.0625130265057, 0.443218245299, 0.0335373089046, 0.595403376587, 0.0407037218523, 0.828775387869, 0.280142705242, 0.864254602595, 0.56581444412, 0.768553497254, 0.467394493693, 0.0604248104934, 0.164729651047, 0.180025583942, 0.485233691659, 0.240756069355, 0.238754080305, 0.00290853537522, 0.0233329321224, 0.0967130100077, 0.376611405482, 0.111865375765, 0.11184155399, 0.141216003576, 0.934088278361, 0.275493857475, 0.500957944508, 0.0625130265057, 39.8748647822
0.145514282104, 0.0573595962878, 0.554410228817, 0.807548403221, 0.221858267879, 0.155774696403, 0.585078721721, 0.931091843299, 0.322497486269, 0.985924302884, 0.512619837943, 0.445710178526, 0.0902842760002, 0.453082907433, 0.279925700794, 0.567774409514, 0.154907902076, 0.557932094495, 0.934989337735, 0.407988925184, 0.00228544341287, 0.213975341928, 0.12485379058, 0.53293314998, 0.853584752473, 0.843012928411, 0.0598379155338, 0.145514282104, 0.0573595962878, 0.554410228817, 0.807548403221, 0.221858267879, 0.155774696403, 0.585078721721, 48.8083056446
0.115365431052, 0.459219304175, 0.059480394191, 0.431902357171, 0.568518836713, 0.683473419501, 0.175753867117, 0.376153941278, 0.102400506292, 0.601406083198, 0.796076594517, 0.0189209505882, 0.433329251368, 0.914402821068, 0.26330507211, 0.853200536428, 0.258791107891, 0.749815103773, 0.951271671513, 0.550189748761, 0.150404443204, 0.0309577585222, 0.418374493838, 0.607914342013, 0.890898226206, 0.142636604976, 0.537101801201, 0.115365431052, 0.459219304175, 0.059480394191, 0.431902357171, 0.568518836713, 0.683473419501, 0.175753867117, 50.3903166315
0.667045486122, 0.305013427133, 0.823521537701, 0.70061908776, 0.640419010179, 0.248922567344, 0.0232747813014, 0.460945375299, 0.254908310525, 0.73205107732, 0.604436873005, 0.693233184665, 0.369572513334, 0.0121488686051, 0.68996689447, 0.901111750753, 0.270828515638, 0.656540611346, 0.417149680483, 0.770954742428, 0.490136162082, 0.622710371477, 0.301090845841, 0.00340138496096, 0.318315906654, 0.778428953753, 0.489024037011, 0.667045486122, 0.305013427133, 0.823521537701, 0.70061908776, 0.640419010179, 0.248922567344, 0.0232747813014, 50.4809315987
0.181908337381, 0.441095134497, 0.423927052866, 0.65379327682, 0.421614598572, 0.55420521996, 0.622777191567, 0.308278628087, 0.670834101476, 0.965482676276, 0.199905755324, 0.790594443493, 0.120840603606, 0.208734476664, 0.166866959949, 0.531551393777, 0.241026247125, 0.127298830564, 0.921391537277, 0.547367818607, 0.790052033938, 0.513977145131, 0.890084945643, 0.0433416657751, 0.427491276707, 0.400772999723, 0.224543018122, 0.181908337381, 0.441095134497, 0.423927052866, 0.65379327682, 0.421614598572, 0.55420521996, 0.622777191567, 48.4003073139
0.870537556704, 0.9857183151, 0.67660753892, 0.0364454806664, 0.845121769141, 0.990794150565, 0.0743132594091, 0.373488031303, 0.124961641704, 0.333962155308, 0.773439285641, 0.935597993451, 0.0136988891282, 0.606091568038, 0.973168444972, 0.283697654602, 0.349433719622, 0.551324524156, 0.814306144539, 0.771060269014, 0.260440599588, 0.727699626603, 0.822438667049, 0.871157502194, 0.763075439595, 0.807127848813, 0.0792724560354, 0.870537556704, 0.9857183151, 0.67660753892, 0.0364454806664, 0.845121769141, 0.990794150565, 0.0743132594091, 55.0215604933
0.353729416375, 0.606050746475, 0.554410228817, 0.931655029291, 0.476516028834, 0.520917037343, 0.439970486548, 0.10613534748, 0.643843672348, 0.0659763706607, 0.779238002188, 0.34631796908, 0.527426597272, 0.726881110745, 0.437952428883, 0.161845629741, 0.643874000973, 0.762754629811, 0.394698441708, 0.56250123847, 0.370881482042, 0.57708718777, 0.218407070758, 0.064981944687, 0.341008128054, 0.154253413426, 0.339186196477, 0.353729416375, 0.606050746475, 0.554410228817, 0.931655029291, 0.476516028834, 0.520917037343, 0.439970486548, 45.1991599621
0.255310354934, 0.994794297862, 0.6061131005, 0.694330697574, 0.263558360142, 0.248922567344, 0.937714979297, 0.358256137657, 0.377910561299, 0.637772260179, 0.611688578744, 0.693233184665, 0.0694212312238, 0.58304639682, 0.979263811723, 0.698352197324, 0.541009056458, 0.646426073494, 0.223730180136, 0.481316013709, 0.475416478649, 0.0446510922876, 0.311351455522, 0.677006261597, 0.771592179143, 0.865370436064, 0.401066258336, 0.255310354934, 0.994794297862, 0.6061131005, 0.694330697574, 0.263558360142, 0.248922567344, 0.937714979297, 52.5700574421
0.528975954746, 0.662839669004, 0.827649241458, 0.955808378358, 0.150079569269, 0.39552829923, 0.253970409789, 0.142845773613, 0.896519012819, 0.107095176231, 0.454575533231, 0.186666006534, 0.0401507490501, 0.129956639241, 0.736683237229, 0.699671779107, 0.120181020249, 0.864855391137, 0.551118994067, 0.287828570541, 0.331279182953, 0.908806315886, 0.0747338536058, 0.39733709011, 0.953929442054, 0.883171544976, 0.761569553364, 0.528975954746, 0.662839669004, 0.827649241458, 0.955808378358, 0.150079569269, 0.39552829923, 0.253970409789, 49.3884953279
0.388024586195, 0.765178916605, 0.696330025351, 0.311022544882, 0.556023479025, 0.882327417336, 0.32165128954, 0.687663503203, 0.325417431991, 0.570436161297, 0.255238290243, 0.297067023511, 0.168633931431, 0.43382479388, 0.714315356178, 0.0132222708347, 0.612897752044, 0.253656752383, 0.582205859045, 0.128735818217, 0.39249115948, 0.542553926755, 0.675968393148, 0.207606069382, 0.0650871981699, 0.271251036523, 0.256970296438, 0.388024586195, 0.765178916605, 0.696330025351, 0.311022544882, 0.556023479025, 0.882327417336, 0.32165128954, 41.9667112298
0.608696528519, 0.179036721884, 0.585512372348, 0.0204724169792, 0.0475717595889, 0.441941855324, 0.412576844054, 0.672959512053, 0.960504146094, 0.915618927657, 0.511117291702, 0.0160519865761, 0.855334988562, 0.8339631303, 0.77138228716, 0.640324711244, 0.693701235503, 0.210990293877, 0.10092225586, 0.262133597957, 0.342936091952, 0.0385415425416, 0.868643497227, 0.709006362823, 0.614459240108, 0.206049168085, 0.306200699008, 0.608696528519, 0.179036721884, 0.585512372348, 0.0204724169792, 0.0475717595889, 0.441941855324, 0.412576844054, 53.6734831334
0.528975954746, 0.700361531632, 0.0681923353215, 0.915407759632, 0.150079569269, 0.0698745644333, 0.688918311095, 0.142845773613, 0.741479761299, 0.915618927657, 0.454575533231, 0.186666006534, 0.0401507490501, 0.0509462410664, 0.736683237229, 0.699671779107, 0.120181020249, 0.864855391137, 0.551118994067, 0.440881890542, 0.95411961478, 0.763028075737, 0.0747338536058, 0.39733709011, 0.953929442054, 0.756785477476, 0.37383663336, 0.528975954746, 0.700361531632, 0.0681923353215, 0.915407759632, 0.150079569269, 0.0698745644333, 0.688918311095, 51.9836384753
0.973445587077, 0.277670912549, 0.33852146759, 0.459357364625, 0.717983119709, 0.8782981939, 0.826226338116, 0.416526611861, 0.472396688393, 0.510224942907, 0.919979816164, 0.462580279668, 0.155828524307, 0.0891834760891, 0.0020814291164, 0.147058127058, 0.16075897929, 0.0772964784488, 0.00692152658763, 0.787479269207, 0.497458867117, 0.0131666250062, 0.807862057336, 0.991952366185, 0.107978226369, 0.99078230701, 0.740575916124, 0.973445587077, 0.277670912549, 0.33852146759, 0.459357364625, 0.717983119709, 0.8782981939, 0.826226338116, 44.8965120266
0.394388787055, 0.45669455144, 0.395967070804, 0.506129656279, 0.861382930908, 0.733769122744, 0.353925885689, 0.0205848364456, 0.848098973218, 0.2397336896, 0.343848943037, 0.289769152889, 0.858193063545, 0.0598945585034, 0.498239528797, 0.510336978319, 0.35860949622, 0.85122675191, 0.503212940258, 0.320109697979, 0.0973401231781, 0.0452995978958, 0.209436602831, 0.125737226682, 0.481269574353, 0.214834943052, 0.605784342155, 0.394388787055, 0.45669455144, 0.395967070804, 0.506129656279, 0.861382930908, 0.733769122744, 0.353925885689, 42.3080499561
0.325272326369, 0.43682918973, 0.793951211665, 0.738643206091, 0.751804308539, 0.532086774071, 0.348556729815, 0.510690863967, 0.590632550267, 0.32754719896, 0.0118060273746, 0.93236407026, 0.893566919973, 0.415930030969, 0.517395695214, 0.862031161402, 0.00254992235413, 0.409788730337, 0.69517556505, 0.882042804043, 0.080765931107, 0.213286069357, 0.744402715186, 0.68541633926, 0.29987008333, 0.373782438397, 0.415599084043, 0.325272326369, 0.43682918973, 0.793951211665, 0.738643206091, 0.751804308539, 0.532086774071, 0.348556729815, 50.5344669668
0.670951525253, 0.775586922476, 0.801222575999, 0.586226431975, 0.327396591475, 0.171089532581, 0.803330776234, 9.16552181536e-05, 0.390344618044, 0.663892631182, 0.361265426439, 0.977935929576, 0.149953455627, 0.398781629066, 0.243088257748, 0.293717480325, 0.336892176368, 0.518919779913, 0.696162598075, 0.84919455137, 0.0629570282753, 0.582117752995, 0.472974690963, 0.206045147358, 0.0387231532801, 0.277213402284, 0.337185358859, 0.670951525253, 0.775586922476, 0.801222575999, 0.586226431975, 0.327396591475, 0.171089532581, 0.803330776234, 43.1721189858
0.849127690423, 0.511124296874, 0.584128048726, 0.416667092359, 0.737671143036, 0.410531433135, 0.545449828435, 0.868216007211, 0.531046380047, 0.0646842699769, 0.00601921136965, 0.980993611051, 0.131898009069, 0.477523549721, 0.796996350742, 0.374700370409, 0.0243481793736, 0.459523325651, 0.820256742948, 0.292912341355, 0.662510634348, 0.411727553556, 0.362660343608, 0.454127316064, 0.00202066200912, 0.545686767552, 0.977716548883, 0.849127690423, 0.511124296874, 0.584128048726, 0.416667092359, 0.737671143036, 0.410531433135, 0.545449828435, 48.6177926662
0.849127690423, 0.511124296874, 0.238571098923, 0.416667092359, 0.737671143036, 0.410531433135, 0.545449828435, 0.868216007211, 0.531046380047, 0.0646842699769, 0.00601921136965, 0.930233145378, 0.131898009069, 0.477523549721, 0.796996350742, 0.355000083861, 0.0243481793736, 0.459523325651, 0.820256742948, 0.292912341355, 0.662510634348, 0.411727553556, 0.270565153631, 0.696650398087, 0.00202066200912, 0.545686767552, 0.977716548883, 0.849127690423, 0.511124296874, 0.238571098923, 0.416667092359, 0.737671143036, 0.410531433135, 0.545449828435, 48.8528525555
0.174138350362, 0.872117305997, 0.434390096338, 0.415253416551, 0.900465409249, 0.244986859766, 0.400854755004, 0.387912174125, 0.134086234495, 0.571034606588, 0.269365847648, 0.124897818064, 0.325397209286, 0.849901416814, 0.718772602969, 0.0352097939949, 0.968076888492, 0.399852760804, 0.521605497919, 0.995342222853, 0.822575842696, 0.135539113485, 0.165556888378, 0.435866674701, 0.537706303494, 0.445298363667, 0.0292287809389, 0.174138350362, 0.872117305997, 0.434390096338, 0.415253416551, 0.900465409249, 0.244986859766, 0.400854755004, 47.0819965759
0.196317446881, 0.78312942792, 0.299170615536, 0.170229875701, 0.126248585697, 0.00409495976289, 0.504384114544, 0.836405562063, 0.375810437184, 0.938812398268, 0.30707134214, 0.93584068049, 0.664977928991, 0.145201886744, 0.390973357186, 0.758508427394, 0.999824967005, 0.615065546534, 0.802322491725, 0.747548531055, 0.0975234747993, 0.261795618927, 0.428553056848, 0.502345469975, 0.410560634261, 0.818772538679, 0.726931642227, 0.196317446881, 0.78312942792, 0.299170615536, 0.170229875701, 0.126248585697, 0.00409495976289, 0.504384114544, 57.7102736361
0.174121108704, 0.702770634302, 0.745657219788, 0.213799902713, 0.721530583217, 0.570952262328, 0.337112970668, 0.0424772904127, 0.973413286986, 0.279627386559, 0.141115950551, 0.417099696684, 0.434533960558, 0.849969910336, 0.292408012176, 0.869650680283, 0.830768257884, 0.0638781777194, 0.546563133815, 0.0775419392656, 0.548883784457, 0.221727509196, 0.53064602174, 0.436113123649, 0.0900109721378, 0.359028043434, 0.0270699013136, 0.174121108704, 0.702770634302, 0.745657219788, 0.213799902713, 0.721530583217, 0.570952262328, 0.337112970668, 44.0974642175
0.395939716804, 0.564990841026, 0.296852678018, 0.18504402221, 0.537524350189, 0.195646491476, 0.51813332968, 0.128267313972, 0.179995117684, 0.113181210464, 0.451275946449, 0.929155648938, 0.66425495403, 0.0999575446113, 0.847068033506, 0.960758699723, 0.185596082743, 0.438391979735, 0.296361506401, 0.351745820878, 0.613169500602, 0.309969411538, 0.922204682867, 0.513927230671, 0.710731880046, 0.760487611149, 0.270724026338, 0.395939716804, 0.564990841026, 0.296852678018, 0.18504402221, 0.537524350189, 0.195646491476, 0.51813332968, 50.7914216469
