0.460664916392, 0.0291507258626, 0.900233448256, 0.171315630526, 0.0147623656222, 0.569306102425, 0.124765991446, 0.0192245645794, 0.145958413939, 0.083218329847, 0.0874468197918, 0.144115051422, 0.578048377265, 0.589551584642, 0.433301548591, 0.326488932076, 0.614025989618, 0.0308099323389, 0.102796375074, 0.206234819404, 0.00294788613723, 0.23350666978, 0.460664916392, 0.0291507258626, 13.248007043
0.460664916392, 0.0291507258626, 0.900233448256, 0.171315630526, 0.0147623656222, 0.569306102425, 0.124765991446, 0.0192245645794, 0.145958413939, 0.083218329847, 0.0874468197918, 0.144115051422, 0.578048377265, 0.589551584642, 0.433301548591, 0.326488932076, 0.614025989618, 0.0308099323389, 0.102796375074, 0.206234819404, 0.00294788613723, 0.23350666978, 0.460664916392, 0.0291507258626, 13.248007043
0.170553159007, 0.144552590908, 0.396629128942, 0.784899832874, 0.722003696241, 0.023927326271, 0.0324219517734, 0.229832838758, 0.0323502999919, 0.539327690462, 0.172126727047, 0.235621543858, 0.00696454423054, 0.356596555049, 0.44952570899, 0.0597715982673, 0.0474854424777, 0.992108499151, 0.686434556949, 0.171242361581, 0.0519300670319, 0.161497630619, 0.170553159007, 0.144552590908, 14.1854321536
0.170553159007, 0.144552590908, 0.396629128942, 0.784899832874, 0.722003696241, 0.023927326271, 0.0324219517734, 0.229832838758, 0.0323502999919, 0.539327690462, 0.172126727047, 0.235621543858, 0.00696454423054, 0.356596555049, 0.44952570899, 0.0597715982673, 0.0474854424777, 0.992108499151, 0.686434556949, 0.171242361581, 0.0519300670319, 0.161497630619, 0.170553159007, 0.144552590908, 14.1854321536
0.00023198700053, 0.0200007560447, 0.890360729458, 0.236747828446, 0.0657901903019, 0.43403762703, 0.856800861635, 0.361976290023, 0.80781198398, 0.435920026496, 0.0387740139695, 0.840103749946, 0.33679032502, 0.860223041459, 0.297534107576, 0.207433654476, 0.304881583655, 0.371866648504, 0.889452084926, 0.263548395542, 0.679872360703, 0.0469080526436, 0.00023198700053, 0.0200007560447, 18.4505839168
0.00023198700053, 0.0200007560447, 0.890360729458, 0.236747828446, 0.0657901903019, 0.43403762703, 0.856800861635, 0.361976290023, 0.80781198398, 0.435920026496, 0.0387740139695, 0.840103749946, 0.33679032502, 0.860223041459, 0.297534107576, 0.207433654476, 0.304881583655, 0.371866648504, 0.889452084926, 0.263548395542, 0.679872360703, 0.0469080526436, 0.00023198700053, 0.0200007560447, 18.4505839168
0.873913311378, 0.127706456321, 0.87597089954, 0.203993203553, 0.167594952274, 0.412358344045, 0.619933572485, 0.0257603833594, 0.322673407852, 0.0463131526654, 0.00308825262266, 0.138756237591, 0.441254787939, 0.0550744756798, 0.527911398882, 0.0510958475013, 0.498819103806, 0.0800000776328, 0.249400848598, 0.0694792722776, 0.1890253282, 0.305686331846, 0.873913311378, 0.127706456321, 12.7867737069
0.873913311378, 0.127706456321, 0.87597089954, 0.203993203553, 0.167594952274, 0.412358344045, 0.619933572485, 0.0257603833594, 0.322673407852, 0.0463131526654, 0.00308825262266, 0.138756237591, 0.441254787939, 0.0550744756798, 0.527911398882, 0.0510958475013, 0.498819103806, 0.0800000776328, 0.249400848598, 0.0694792722776, 0.1890253282, 0.305686331846, 0.873913311378, 0.127706456321, 12.7867737069
0.0212433993691, 0.53730408332, 0.0235736261792, 0.00795628889347, 0.0170939414263, 0.183440075208, 0.0324219517734, 0.60006131658, 0.520328759912, 0.635329973669, 0.284066458434, 0.369336422103, 0.611507943774, 0.736924329442, 0.616322019858, 0.156789806019, 0.21181139545, 0.129155003309, 0.603253969405, 0.0328148929999, 0.00225878531269, 0.0525127641508, 0.0212433993691, 0.53730408332, 13.8554446777
0.0212433993691, 0.53730408332, 0.0235736261792, 0.00795628889347, 0.0170939414263, 0.183440075208, 0.0324219517734, 0.60006131658, 0.520328759912, 0.635329973669, 0.284066458434, 0.369336422103, 0.611507943774, 0.736924329442, 0.616322019858, 0.156789806019, 0.21181139545, 0.129155003309, 0.603253969405, 0.0328148929999, 0.00225878531269, 0.0525127641508, 0.0212433993691, 0.53730408332, 13.8554446777
0.992874410607, 0.00248414353866, 0.866469743626, 0.612572481751, 0.218016035664, 0.0943639076402, 0.0579420755608, 0.315334127924, 0.541220496293, 0.0285429535774, 0.327608368419, 0.204755752437, 0.0443849549134, 0.951447604211, 0.00755220015894, 0.945943846995, 0.311077668615, 0.889744309555, 0.457449406776, 0.0507143801181, 0.00915335923525, 0.887561355292, 0.992874410607, 0.00248414353866, 16.3297883104
0.992874410607, 0.00248414353866, 0.866469743626, 0.612572481751, 0.218016035664, 0.0943639076402, 0.0579420755608, 0.315334127924, 0.541220496293, 0.0285429535774, 0.327608368419, 0.204755752437, 0.0443849549134, 0.951447604211, 0.00755220015894, 0.945943846995, 0.311077668615, 0.889744309555, 0.457449406776, 0.0507143801181, 0.00915335923525, 0.887561355292, 0.992874410607, 0.00248414353866, 16.3297883104
0.540485163768, 0.000762063619555, 0.887778006125, 0.0356710012729, 0.177164744525, 0.115224973273, 0.482883609559, 0.345578038452, 0.976218348085, 0.634827814382, 0.740497786428, 0.385727988483, 0.0443849549134, 0.986276605056, 0.324055962749, 0.672119962428, 0.185829475988, 0.925070196297, 0.328562655056, 0.497593922496, 0.0168045097087, 0.310167378698, 0.540485163768, 0.000762063619555, 18.2385475778
0.540485163768, 0.000762063619555, 0.887778006125, 0.0356710012729, 0.177164744525, 0.115224973273, 0.482883609559, 0.345578038452, 0.976218348085, 0.634827814382, 0.740497786428, 0.385727988483, 0.0443849549134, 0.986276605056, 0.324055962749, 0.672119962428, 0.185829475988, 0.925070196297, 0.328562655056, 0.497593922496, 0.0168045097087, 0.310167378698, 0.540485163768, 0.000762063619555, 18.2385475778
0.0946557928673, 0.0156066372127, 0.393192611681, 0.28918401908, 0.270338525103, 0.0710449807465, 0.226624132333, 0.304000424704, 0.942643068032, 0.167496826448, 0.0355726897756, 0.138756237591, 0.46383843801, 0.0911818659694, 0.33411560215, 0.337167555779, 0.0241222888023, 0.626978046783, 0.541327547696, 0.791863995435, 0.549489930382, 0.127827202526, 0.0946557928673, 0.0156066372127, 15.0437271697
0.0946557928673, 0.0156066372127, 0.393192611681, 0.28918401908, 0.270338525103, 0.0710449807465, 0.226624132333, 0.304000424704, 0.942643068032, 0.167496826448, 0.0355726897756, 0.138756237591, 0.46383843801, 0.0911818659694, 0.33411560215, 0.337167555779, 0.0241222888023, 0.626978046783, 0.541327547696, 0.791863995435, 0.549489930382, 0.127827202526, 0.0946557928673, 0.0156066372127, 15.0437271697
0.232397252348, 0.0299347110236, 0.291975154824, 0.0082542751102, 0.0887942525675, 0.482589066742, 0.271609130844, 0.37499183491, 0.890235170932, 0.083218329847, 0.374861190528, 0.0990136939209, 0.0328543067177, 0.349137534693, 0.0304162619349, 0.464852076655, 0.371989515637, 0.361644352421, 0.0658215280874, 0.0807457185568, 0.00294788613723, 0.998077977114, 0.232397252348, 0.0299347110236, 13.6418142199
0.232397252348, 0.0299347110236, 0.291975154824, 0.0082542751102, 0.0887942525675, 0.482589066742, 0.271609130844, 0.37499183491, 0.890235170932, 0.083218329847, 0.374861190528, 0.0990136939209, 0.0328543067177, 0.349137534693, 0.0304162619349, 0.464852076655, 0.371989515637, 0.361644352421, 0.0658215280874, 0.0807457185568, 0.00294788613723, 0.998077977114, 0.232397252348, 0.0299347110236, 13.6418142199
0.873913311378, 0.00548241555594, 0.605831557934, 0.197648339479, 0.281140746702, 0.472316701312, 0.992366811847, 0.0117946019534, 0.322673407852, 0.587512062522, 0.0780620605994, 0.868309028564, 0.515293609892, 0.0704592423774, 0.242935705823, 0.0510958475013, 0.963416908452, 0.0548997928278, 0.0155964130429, 0.0954916759626, 0.0939770361463, 0.552813831992, 0.873913311378, 0.00548241555594, 15.2014827115
0.873913311378, 0.00548241555594, 0.605831557934, 0.197648339479, 0.281140746702, 0.472316701312, 0.992366811847, 0.0117946019534, 0.322673407852, 0.587512062522, 0.0780620605994, 0.868309028564, 0.515293609892, 0.0704592423774, 0.242935705823, 0.0510958475013, 0.963416908452, 0.0548997928278, 0.0155964130429, 0.0954916759626, 0.0939770361463, 0.552813831992, 0.873913311378, 0.00548241555594, 15.2014827115
0.460664916392, 0.026604735846, 0.381635787664, 0.171315630526, 0.0813828471663, 0.569306102425, 0.0435457816739, 0.492089496617, 0.585479637023, 0.14372438474, 0.0567031626909, 0.144115051422, 0.578048377265, 0.589551584642, 0.433301548591, 0.326488932076, 0.553090538705, 0.0308099323389, 0.195393887315, 0.206234819404, 0.798032236432, 0.23350666978, 0.460664916392, 0.026604735846, 14.9157200961
0.460664916392, 0.026604735846, 0.381635787664, 0.171315630526, 0.0813828471663, 0.569306102425, 0.0435457816739, 0.492089496617, 0.585479637023, 0.14372438474, 0.0567031626909, 0.144115051422, 0.578048377265, 0.589551584642, 0.433301548591, 0.326488932076, 0.553090538705, 0.0308099323389, 0.195393887315, 0.206234819404, 0.798032236432, 0.23350666978, 0.460664916392, 0.026604735846, 14.9157200961
0.00963375880325, 0.085185001164, 0.979228019241, 0.660317848932, 0.0717664813007, 0.264210923201, 0.467311536569, 0.605641816907, 0.561896720224, 0.00189467345185, 0.149349760763, 0.811181576785, 0.326292931984, 0.303428870215, 0.454274946825, 0.0105235964069, 0.624372564103, 0.198892121645, 0.440116306996, 0.165693720732, 0.204191836378, 0.260363708218, 0.00963375880325, 0.085185001164, 16.1738992473
0.00963375880325, 0.085185001164, 0.979228019241, 0.660317848932, 0.0717664813007, 0.264210923201, 0.467311536569, 0.605641816907, 0.561896720224, 0.00189467345185, 0.149349760763, 0.811181576785, 0.326292931984, 0.303428870215, 0.454274946825, 0.0105235964069, 0.624372564103, 0.198892121645, 0.440116306996, 0.165693720732, 0.204191836378, 0.260363708218, 0.00963375880325, 0.085185001164, 16.1738992473
0.0946557928673, 0.311020883313, 0.393192611681, 0.28918401908, 0.0125159022704, 0.0710449807465, 0.0227202294183, 0.304000424704, 0.942643068032, 0.0476763431889, 0.0355726897756, 0.0258896146655, 0.46383843801, 0.0911818659694, 0.33411560215, 0.195592997642, 0.0241222888023, 0.626978046783, 0.541327547696, 0.848183600628, 0.766259015942, 0.127827202526, 0.0946557928673, 0.311020883313, 14.2163404933
0.0946557928673, 0.311020883313, 0.393192611681, 0.28918401908, 0.0125159022704, 0.0710449807465, 0.0227202294183, 0.304000424704, 0.942643068032, 0.0476763431889, 0.0355726897756, 0.0258896146655, 0.46383843801, 0.0911818659694, 0.33411560215, 0.195592997642, 0.0241222888023, 0.626978046783, 0.541327547696, 0.848183600628, 0.766259015942, 0.127827202526, 0.0946557928673, 0.311020883313, 14.2163404933
0.0946557928673, 0.311020883313, 0.393192611681, 0.28918401908, 0.0125159022704, 0.0710449807465, 0.0227202294183, 0.304000424704, 0.942643068032, 0.0476763431889, 0.0355726897756, 0.0258896146655, 0.46383843801, 0.0911818659694, 0.33411560215, 0.195592997642, 0.0241222888023, 0.626978046783, 0.541327547696, 0.848183600628, 0.766259015942, 0.127827202526, 0.0946557928673, 0.311020883313, 14.2163404933
0.0946557928673, 0.311020883313, 0.393192611681, 0.28918401908, 0.0125159022704, 0.0710449807465, 0.0227202294183, 0.304000424704, 0.942643068032, 0.0476763431889, 0.0355726897756, 0.0258896146655, 0.46383843801, 0.0911818659694, 0.33411560215, 0.195592997642, 0.0241222888023, 0.626978046783, 0.541327547696, 0.848183600628, 0.766259015942, 0.127827202526, 0.0946557928673, 0.311020883313, 14.2163404933
0.872005886539, 0.00768393842152, 0.0366694010731, 0.770438877775, 0.651158227421, 0.220032623994, 0.77692657412, 0.704207269999, 0.314350275611, 0.338960106749, 0.186125798483, 0.422782207466, 0.112382454361, 0.494331692496, 0.349275889709, 0.134903681056, 0.43353279273, 0.443293924839, 0.197690339693, 0.161014750759, 0.320699169099, 0.104729727812, 0.872005886539, 0.00768393842152, 15.332980167
0.872005886539, 0.00768393842152, 0.0366694010731, 0.770438877775, 0.651158227421, 0.220032623994, 0.77692657412, 0.704207269999, 0.314350275611, 0.338960106749, 0.186125798483, 0.422782207466, 0.112382454361, 0.494331692496, 0.349275889709, 0.134903681056, 0.43353279273, 0.443293924839, 0.197690339693, 0.161014750759, 0.320699169099, 0.104729727812, 0.872005886539, 0.00768393842152, 15.332980167
0.204086442603, 0.146804323875, 0.120774007009, 0.0116405269874, 0.181206976801, 0.832452493589, 0.419810534494, 0.0117946019534, 0.0539027770276, 0.587512062522, 0.0355726897756, 0.0303851300095, 0.979449599706, 0.0911818659694, 0.33411560215, 0.248971935031, 0.00248737076643, 0.00219789318588, 0.541327547696, 0.342913853851, 0.549489930382, 0.127827202526, 0.204086442603, 0.146804323875, 13.3061700825
0.204086442603, 0.146804323875, 0.120774007009, 0.0116405269874, 0.181206976801, 0.832452493589, 0.419810534494, 0.0117946019534, 0.0539027770276, 0.587512062522, 0.0355726897756, 0.0303851300095, 0.979449599706, 0.0911818659694, 0.33411560215, 0.248971935031, 0.00248737076643, 0.00219789318588, 0.541327547696, 0.342913853851, 0.549489930382, 0.127827202526, 0.204086442603, 0.146804323875, 13.3061700825
0.00128598403951, 0.085185001164, 0.979228019241, 0.660317848932, 0.000625947677077, 0.264210923201, 0.467311536569, 0.52244366115, 0.561896720224, 0.00189467345185, 0.215847569253, 0.811181576785, 0.455035130528, 0.303428870215, 0.454274946825, 0.0105235964069, 0.624372564103, 0.198892121645, 0.440116306996, 0.165693720732, 0.204191836378, 0.260363708218, 0.00128598403951, 0.085185001164, 16.2309896021
0.00128598403951, 0.085185001164, 0.979228019241, 0.660317848932, 0.000625947677077, 0.264210923201, 0.467311536569, 0.52244366115, 0.561896720224, 0.00189467345185, 0.215847569253, 0.811181576785, 0.455035130528, 0.303428870215, 0.454274946825, 0.0105235964069, 0.624372564103, 0.198892121645, 0.440116306996, 0.165693720732, 0.204191836378, 0.260363708218, 0.00128598403951, 0.085185001164, 16.2309896021
0.0946557928673, 0.518416563372, 0.153203593333, 0.0168430767262, 0.0887942525675, 0.00184431245515, 0.226624132333, 0.37499183491, 0.890235170932, 0.083218329847, 0.106093853876, 0.0990136939209, 0.0328543067177, 0.887805609906, 0.0304162619349, 0.291418031523, 0.07388425115, 0.317803708882, 0.00300521238718, 0.0807457185568, 0.00498093453795, 0.998077977114, 0.0946557928673, 0.518416563372, 12.3982807059
0.0946557928673, 0.518416563372, 0.153203593333, 0.0168430767262, 0.0887942525675, 0.00184431245515, 0.226624132333, 0.37499183491, 0.890235170932, 0.083218329847, 0.106093853876, 0.0990136939209, 0.0328543067177, 0.887805609906, 0.0304162619349, 0.291418031523, 0.07388425115, 0.317803708882, 0.00300521238718, 0.0807457185568, 0.00498093453795, 0.998077977114, 0.0946557928673, 0.518416563372, 12.3982807059
0.509693827432, 0.146804323875, 0.255091919075, 0.0116405269874, 0.181206976801, 0.0383691790754, 0.329512585186, 0.0800221322521, 0.213664298612, 0.13061237683, 0.0355726897756, 0.0303851300095, 0.979449599706, 0.0911818659694, 0.376809155349, 0.195105145418, 0.00248737076643, 0.229712444183, 0.143609373004, 0.256015677574, 0.549489930382, 0.127827202526, 0.509693827432, 0.146804323875, 11.6999800622
0.509693827432, 0.146804323875, 0.255091919075, 0.0116405269874, 0.181206976801, 0.0383691790754, 0.329512585186, 0.0800221322521, 0.213664298612, 0.13061237683, 0.0355726897756, 0.0303851300095, 0.979449599706, 0.0911818659694, 0.376809155349, 0.195105145418, 0.00248737076643, 0.229712444183, 0.143609373004, 0.256015677574, 0.549489930382, 0.127827202526, 0.509693827432, 0.146804323875, 11.6999800622
0.170553159007, 0.124101200773, 0.396629128942, 0.784899832874, 0.722003696241, 0.28640336774, 0.0324219517734, 0.229832838758, 0.0323502999919, 0.539327690462, 0.172126727047, 0.235621543858, 0.00696454423054, 0.356596555049, 0.44952570899, 0.0597715982673, 0.0474854424777, 0.992108499151, 0.686434556949, 0.171242361581, 0.0519300670319, 0.161497630619, 0.170553159007, 0.124101200773, 14.5467243252
0.170553159007, 0.124101200773, 0.396629128942, 0.784899832874, 0.722003696241, 0.28640336774, 0.0324219517734, 0.229832838758, 0.0323502999919, 0.539327690462, 0.172126727047, 0.235621543858, 0.00696454423054, 0.356596555049, 0.44952570899, 0.0597715982673, 0.0474854424777, 0.992108499151, 0.686434556949, 0.171242361581, 0.0519300670319, 0.161497630619, 0.170553159007, 0.124101200773, 14.5467243252
0.479834147447, 0.311020883313, 0.393192611681, 0.28918401908, 0.0125159022704, 0.0710449807465, 0.144902216021, 0.100966154183, 0.80306571813, 0.00308733968329, 0.0110562266267, 0.0198802234535, 0.987295602429, 0.0911818659694, 0.534983009933, 0.0186490676069, 0.349311641872, 0.0290744229826, 0.541327547696, 0.171615909158, 0.549489930382, 0.127827202526, 0.479834147447, 0.311020883313, 13.0181655576
0.479834147447, 0.311020883313, 0.393192611681, 0.28918401908, 0.0125159022704, 0.0710449807465, 0.144902216021, 0.100966154183, 0.80306571813, 0.00308733968329, 0.0110562266267, 0.0198802234535, 0.987295602429, 0.0911818659694, 0.534983009933, 0.0186490676069, 0.349311641872, 0.0290744229826, 0.541327547696, 0.171615909158, 0.549489930382, 0.127827202526, 0.479834147447, 0.311020883313, 13.0181655576
0.0259941411728, 0.53730408332, 0.0235736261792, 0.0270848340912, 0.0170939414263, 0.183440075208, 0.0324219517734, 0.60006131658, 0.520328759912, 0.635329973669, 0.284066458434, 0.236514200733, 0.611507943774, 0.736924329442, 0.616322019858, 0.156789806019, 0.21181139545, 0.0662467464156, 0.603253969405, 0.0328148929999, 0.00225878531269, 0.0233608647895, 0.0259941411728, 0.53730408332, 13.5765945409
0.0259941411728, 0.53730408332, 0.0235736261792, 0.0270848340912, 0.0170939414263, 0.183440075208, 0.0324219517734, 0.60006131658, 0.520328759912, 0.635329973669, 0.284066458434, 0.236514200733, 0.611507943774, 0.736924329442, 0.616322019858, 0.156789806019, 0.21181139545, 0.0662467464156, 0.603253969405, 0.0328148929999, 0.00225878531269, 0.0233608647895, 0.0259941411728, 0.53730408332, 13.5765945409
0.00023198700053, 0.00894488486986, 0.649718199354, 0.236747828446, 0.419189241305, 0.293780344115, 0.856800861635, 0.361976290023, 0.80781198398, 0.435920026496, 0.361162848482, 0.840103749946, 0.626065055453, 0.860223041459, 0.297534107576, 0.207433654476, 0.304881583655, 0.376675487815, 0.889452084926, 0.263548395542, 0.679872360703, 0.667813390271, 0.00023198700053, 0.00894488486986, 20.0870682516
0.00023198700053, 0.00894488486986, 0.649718199354, 0.236747828446, 0.419189241305, 0.293780344115, 0.856800861635, 0.361976290023, 0.80781198398, 0.435920026496, 0.361162848482, 0.840103749946, 0.626065055453, 0.860223041459, 0.297534107576, 0.207433654476, 0.304881583655, 0.376675487815, 0.889452084926, 0.263548395542, 0.679872360703, 0.667813390271, 0.00023198700053, 0.00894488486986, 20.0870682516
0.0333349594349, 0.241263979608, 0.564073873696, 0.932187044938, 0.0941126294134, 0.929274128591, 0.776929678484, 0.0714863705974, 0.066477128135, 0.967689342217, 0.0237094479869, 0.396438243247, 0.0218645205601, 0.0270591171347, 0.018265335701, 0.185395322179, 0.548132000853, 0.572070784709, 0.235293056515, 0.730844522569, 0.0106407399211, 0.316424571734, 0.0333349594349, 0.241263979608, 16.010038125
0.0333349594349, 0.241263979608, 0.564073873696, 0.932187044938, 0.0941126294134, 0.929274128591, 0.776929678484, 0.0714863705974, 0.066477128135, 0.967689342217, 0.0237094479869, 0.396438243247, 0.0218645205601, 0.0270591171347, 0.018265335701, 0.185395322179, 0.548132000853, 0.572070784709, 0.235293056515, 0.730844522569, 0.0106407399211, 0.316424571734, 0.0333349594349, 0.241263979608, 16.010038125
0.00354166728612, 0.0166406378337, 0.13566864943, 0.160598419871, 0.761715207071, 0.0155732328896, 0.00426061158513, 0.212374028432, 0.14736107657, 0.338960106749, 0.413583182516, 0.261956644726, 0.722210393004, 0.194634827688, 0.724343135167, 0.927226844804, 0.915220955653, 0.0606615364433, 0.427033039513, 0.455907480333, 0.290333244221, 0.467658619974, 0.00354166728612, 0.0166406378337, 16.3054351727
0.00354166728612, 0.0166406378337, 0.13566864943, 0.160598419871, 0.761715207071, 0.0155732328896, 0.00426061158513, 0.212374028432, 0.14736107657, 0.338960106749, 0.413583182516, 0.261956644726, 0.722210393004, 0.194634827688, 0.724343135167, 0.927226844804, 0.915220955653, 0.0606615364433, 0.427033039513, 0.455907480333, 0.290333244221, 0.467658619974, 0.00354166728612, 0.0166406378337, 16.3054351727
0.00140575655151, 0.0166406378337, 0.0839842620718, 0.840081588718, 0.347094256465, 0.0155732328896, 0.0548291403748, 0.101472731297, 0.823791119268, 0.338960106749, 0.673731063116, 0.931915245403, 0.377441178075, 0.305603652335, 0.495640704056, 0.927226844804, 0.915220955653, 0.178027629506, 0.427033039513, 0.433403143641, 0.307154958682, 0.170701706644, 0.00140575655151, 0.0166406378337, 17.8062668139
0.00140575655151, 0.0166406378337, 0.0839842620718, 0.840081588718, 0.347094256465, 0.0155732328896, 0.0548291403748, 0.101472731297, 0.823791119268, 0.338960106749, 0.673731063116, 0.931915245403, 0.377441178075, 0.305603652335, 0.495640704056, 0.927226844804, 0.915220955653, 0.178027629506, 0.427033039513, 0.433403143641, 0.307154958682, 0.170701706644, 0.00140575655151, 0.0166406378337, 17.8062668139
0.196223993865, 0.0095633598538, 0.955134734571, 0.0439103617587, 0.5338126978, 0.544138898156, 0.134431357889, 0.652197662635, 0.144761876292, 0.0829402110155, 0.01260493431, 0.0552562409555, 0.184863534951, 0.582439486231, 0.22651246446, 0.607718913858, 0.26903570106, 0.116741009376, 0.089330548686, 0.108224628605, 0.852183684419, 0.999330975853, 0.196223993865, 0.0095633598538, 15.6319755286
0.196223993865, 0.0095633598538, 0.955134734571, 0.0439103617587, 0.5338126978, 0.544138898156, 0.134431357889, 0.652197662635, 0.144761876292, 0.0829402110155, 0.01260493431, 0.0552562409555, 0.184863534951, 0.582439486231, 0.22651246446, 0.607718913858, 0.26903570106, 0.116741009376, 0.089330548686, 0.108224628605, 0.852183684419, 0.999330975853, 0.196223993865, 0.0095633598538, 15.6319755286
0.074751535343, 0.0814620287794, 0.866469743626, 0.671735843029, 0.39757697064, 0.0917313500923, 0.0865764898155, 0.0512572258967, 0.216403947921, 0.634827814382, 0.740497786428, 0.765556969627, 0.218653476724, 0.207297771539, 0.00474808857572, 0.247548255301, 0.113345864212, 0.889744309555, 0.15618827935, 0.363842260107, 0.0168045097087, 0.08356403181, 0.074751535343, 0.0814620287794, 15.1600683119
0.074751535343, 0.0814620287794, 0.866469743626, 0.671735843029, 0.39757697064, 0.0917313500923, 0.0865764898155, 0.0512572258967, 0.216403947921, 0.634827814382, 0.740497786428, 0.765556969627, 0.218653476724, 0.207297771539, 0.00474808857572, 0.247548255301, 0.113345864212, 0.889744309555, 0.15618827935, 0.363842260107, 0.0168045097087, 0.08356403181, 0.074751535343, 0.0814620287794, 15.1600683119
0.00023198700053, 0.0200007560447, 0.649718199354, 0.236747828446, 0.807909229831, 0.620028781582, 0.856800861635, 0.361976290023, 0.713178474625, 0.435920026496, 0.361162848482, 0.840103749946, 0.578048377265, 0.860223041459, 0.297534107576, 0.207433654476, 0.304881583655, 0.311567299075, 0.231681232031, 0.206234819404, 0.796079280198, 0.0469080526436, 0.00023198700053, 0.0200007560447, 19.1217889586
0.992874410607, 0.000762063619555, 0.887778006125, 0.0356710012729, 0.312771016375, 0.115224973273, 0.368274609171, 0.345578038452, 0.976218348085, 0.634827814382, 0.740497786428, 0.385727988483, 0.422015721978, 0.986276605056, 0.324055962749, 0.855451775979, 0.185829475988, 0.925070196297, 0.328562655056, 0.497593922496, 0.0168045097087, 0.310167378698, 0.992874410607, 0.000762063619555, 18.7780945805
0.992874410607, 0.00165995188195, 0.866469743626, 0.671735843029, 0.0344640872698, 0.0943639076402, 0.368274609171, 0.345578038452, 0.0653165793662, 0.634827814382, 0.782428403951, 0.269559438623, 0.00925361708954, 0.995957117719, 0.0140318162269, 0.942116587656, 0.611254577351, 0.889744309555, 0.156448947888, 0.622790935836, 0.0069817765382, 0.887561355292, 0.992874410607, 0.00165995188195, 18.2631381837
0.509693827432, 0.146804323875, 0.255091919075, 0.000822975415482, 0.181206976801, 0.0383691790754, 0.329512585186, 0.0800221322521, 0.379777299966, 0.13061237683, 0.0355726897756, 0.0303851300095, 0.772945778058, 0.0911818659694, 0.376809155349, 0.123985487146, 0.00248737076643, 0.659788749341, 0.143609373004, 0.256015677574, 0.549489930382, 0.127827202526, 0.509693827432, 0.146804323875, 12.11402876
0.04301658765, 0.53730408332, 0.0235736261792, 0.0270848340912, 0.010557117814, 0.183440075208, 0.0324219517734, 0.60006131658, 0.6420627364, 0.635329973669, 0.284066458434, 0.369336422103, 0.611507943774, 0.736924329442, 0.616322019858, 0.156789806019, 0.21181139545, 0.129155003309, 0.603253969405, 0.0328148929999, 0.00225878531269, 0.0525127641508, 0.04301658765, 0.53730408332, 14.0301205479
0.00023198700053, 0.00894488486986, 0.649718199354, 0.236747828446, 0.419189241305, 0.293780344115, 0.856800861635, 0.782097862551, 0.80781198398, 0.435920026496, 0.361162848482, 0.840103749946, 0.626065055453, 0.860223041459, 0.297534107576, 0.207433654476, 0.304881583655, 0.376675487815, 0.889452084926, 0.390958203325, 0.679872360703, 0.856373784525, 0.00023198700053, 0.00894488486986, 21.0807009706
0.0946557928673, 0.518416563372, 0.153203593333, 0.0168430767262, 0.0887942525675, 0.00184431245515, 0.112620950376, 0.37499183491, 0.890235170932, 0.083218329847, 0.271637087012, 0.0990136939209, 0.0328543067177, 0.887805609906, 0.0304162619349, 0.414799631716, 0.07388425115, 0.317803708882, 0.0658215280874, 0.0807457185568, 0.00498093453795, 0.998077977114, 0.0946557928673, 0.518416563372, 12.7185832873
0.479834147447, 0.311020883313, 0.393192611681, 0.28918401908, 0.0125159022704, 0.0710449807465, 0.226624132333, 0.100966154183, 0.80306571813, 0.00308733968329, 0.0110562266267, 0.0418314358516, 0.981815858969, 0.64894856316, 0.534983009933, 0.0186490676069, 0.349311641872, 0.140747474187, 0.541327547696, 0.171615909158, 0.549489930382, 0.127827202526, 0.479834147447, 0.311020883313, 14.0500562555
0.836757861753, 0.0573348542253, 0.32450479482, 0.486310935994, 0.0170939414263, 0.319496473867, 0.101454402352, 0.652197662635, 0.145240210175, 0.14372438474, 0.785587732267, 0.058443004186, 0.655631372887, 0.873604678952, 0.515740814937, 0.156789806019, 0.0643819986564, 0.138095682306, 0.0546217357811, 0.150957832482, 0.164849496044, 0.00413698760029, 0.836757861753, 0.0573348542253, 13.5173595755
0.509693827432, 0.146804323875, 0.255091919075, 0.000822975415482, 0.181206976801, 0.0383691790754, 0.329512585186, 0.0800221322521, 0.379777299966, 0.13061237683, 0.0355726897756, 0.0303851300095, 0.772945778058, 0.0911818659694, 0.376809155349, 0.123985487146, 0.00248737076643, 0.659788749341, 0.143609373004, 0.256015677574, 0.549489930382, 0.127827202526, 0.509693827432, 0.146804323875, 12.11402876
0.00023198700053, 0.0200007560447, 0.649718199354, 0.236747828446, 0.807909229831, 0.620028781582, 0.856800861635, 0.361976290023, 0.713178474625, 0.435920026496, 0.361162848482, 0.840103749946, 0.578048377265, 0.860223041459, 0.297534107576, 0.207433654476, 0.304881583655, 0.311567299075, 0.231681232031, 0.206234819404, 0.796079280198, 0.0469080526436, 0.00023198700053, 0.0200007560447, 19.1217889586
0.0946557928673, 0.518416563372, 0.153203593333, 0.0168430767262, 0.0887942525675, 0.00184431245515, 0.112620950376, 0.37499183491, 0.890235170932, 0.083218329847, 0.271637087012, 0.0990136939209, 0.0328543067177, 0.887805609906, 0.0304162619349, 0.414799631716, 0.07388425115, 0.317803708882, 0.0658215280874, 0.0807457185568, 0.00498093453795, 0.998077977114, 0.0946557928673, 0.518416563372, 12.7185832873
0.00023198700053, 0.00894488486986, 0.649718199354, 0.236747828446, 0.419189241305, 0.293780344115, 0.856800861635, 0.782097862551, 0.80781198398, 0.435920026496, 0.361162848482, 0.840103749946, 0.626065055453, 0.860223041459, 0.297534107576, 0.207433654476, 0.304881583655, 0.376675487815, 0.889452084926, 0.390958203325, 0.679872360703, 0.856373784525, 0.00023198700053, 0.00894488486986, 21.0807009706
0.270224461971, 0.311020883313, 0.673582207159, 0.28918401908, 0.0125159022704, 0.0710449807465, 0.226624132333, 0.304000424704, 0.942643068032, 0.0476763431889, 0.0355726897756, 0.138756237591, 0.46383843801, 0.0690335793731, 0.33411560215, 0.337167555779, 0.0241222888023, 0.626978046783, 0.541327547696, 0.791863995435, 0.549489930382, 0.127827202526, 0.270224461971, 0.311020883313, 14.7611066017
0.0333349594349, 0.241263979608, 0.564073873696, 0.932187044938, 0.0941126294134, 0.929274128591, 0.776929678484, 0.0714863705974, 0.0872762846651, 0.967689342217, 0.0237094479869, 0.396438243247, 0.0218645205601, 0.0270591171347, 0.018265335701, 0.365121180211, 0.548132000853, 0.572070784709, 0.235293056515, 0.730844522569, 0.0753052249791, 0.0840523945294, 0.0333349594349, 0.241263979608, 16.0541264358
0.460664916392, 0.0291507258626, 0.900233448256, 0.171315630526, 0.0210850243899, 0.569306102425, 0.124765991446, 0.652197662635, 0.0781815767473, 0.00290081962475, 0.0874468197918, 0.144115051422, 0.626065055453, 0.589551584642, 0.433301548591, 0.000271710420417, 0.614025989618, 0.0308099323389, 0.102796375074, 0.263548395542, 0.614901793884, 0.23350666978, 0.460664916392, 0.0291507258626, 14.4381737238
0.00963375880325, 0.085185001164, 0.979228019241, 0.660317848932, 0.0717664813007, 0.264210923201, 0.467311536569, 0.605641816907, 0.603284176284, 0.00189467345185, 0.149349760763, 0.811181576785, 0.326292931984, 0.303428870215, 0.454274946825, 0.0105235964069, 0.624372564103, 0.198892121645, 0.440116306996, 0.220188196357, 0.204191836378, 0.260363708218, 0.00963375880325, 0.085185001164, 16.3031302962
0.679451297775, 0.0110331824199, 0.069056454658, 0.62787491223, 0.651158227421, 0.229683756396, 0.77692657412, 0.336270546135, 0.507867694003, 0.575224168917, 0.154583409996, 0.422782207466, 0.0114494527982, 0.494331692496, 0.349275889709, 0.134903681056, 0.0643819986564, 0.443293924839, 0.61287356043, 0.281238874376, 0.432245849186, 0.10681808951, 0.679451297775, 0.0110331824199, 15.6695855986
0.0016437234746, 0.15926871398, 0.58070649924, 0.320226079325, 0.036538963672, 0.99174758192, 0.650075602989, 0.419048078202, 0.0872762846651, 0.234168877362, 0.228399187333, 0.0990136939209, 0.708414442197, 0.801710487682, 0.493374030113, 0.185395322179, 0.504868106537, 0.402979709144, 0.478054124564, 0.500527273668, 0.0184498558444, 0.686551522392, 0.0016437234746, 0.15926871398, 17.305335471
0.0333349594349, 0.241263979608, 0.564073873696, 0.932187044938, 0.0941126294134, 0.929274128591, 0.776929678484, 0.0714863705974, 0.0872762846651, 0.967689342217, 0.0237094479869, 0.396438243247, 0.0218645205601, 0.0270591171347, 0.018265335701, 0.365121180211, 0.548132000853, 0.572070784709, 0.235293056515, 0.730844522569, 0.0753052249791, 0.0840523945294, 0.0333349594349, 0.241263979608, 16.0541264358
0.681174122767, 0.024619362337, 0.87597089954, 0.288557625037, 0.695257795939, 0.0485496271403, 0.203771083175, 0.00704186804865, 0.624774904328, 0.587512062522, 0.0780620605994, 0.868309028564, 0.446758701239, 0.170193585028, 0.527911398882, 0.0510958475013, 0.831118738771, 0.0548997928278, 0.309822322706, 0.223089390422, 0.0491428119035, 0.31919371131, 0.681174122767, 0.024619362337, 15.6347235339
0.316309678127, 0.0299347110236, 0.32450479482, 0.77905806656, 0.0170939414263, 0.00177320634078, 0.101454402352, 0.630392361637, 0.230060980052, 0.813637660706, 0.682045349649, 0.0120328410422, 0.734412678314, 0.873604678952, 0.515740814937, 0.211879666899, 0.0643819986564, 0.0482393782443, 0.0546217357811, 0.150957832482, 0.234323892442, 0.00413698760029, 0.316309678127, 0.0299347110236, 14.6739217965
0.873913311378, 0.00548241555594, 0.605831557934, 0.197648339479, 0.281140746702, 0.472316701312, 0.992366811847, 0.0117946019534, 0.322673407852, 0.587512062522, 0.0780620605994, 0.868309028564, 0.441322199843, 0.0704592423774, 0.242935705823, 0.233704351058, 0.963416908452, 0.0548997928278, 0.0155964130429, 0.0131403716214, 0.0939770361463, 0.552813831992, 0.873913311378, 0.00548241555594, 15.2363382333
0.992874410607, 0.00248414353866, 0.866469743626, 0.671735843029, 0.329577426684, 0.0943639076402, 0.0579420755608, 0.345578038452, 0.288581072634, 0.391350189634, 0.467523703642, 0.204755752437, 0.0443849549134, 0.951447604211, 0.00755220015894, 0.744252755878, 0.311077668615, 0.889744309555, 0.457449406776, 0.161014750759, 0.00915335923525, 0.887561355292, 0.992874410607, 0.00248414353866, 16.8100853938
0.196223993865, 0.0095633598538, 0.955134734571, 0.298415426036, 0.5338126978, 0.544138898156, 0.134431357889, 0.652197662635, 0.144761876292, 0.0829402110155, 0.00151605715138, 0.0552562409555, 0.184863534951, 0.582439486231, 0.22651246446, 0.607718913858, 0.174331105358, 0.116741009376, 0.089330548686, 0.108224628605, 0.852183684419, 0.999330975853, 0.196223993865, 0.0095633598538, 15.8319077345
0.836757861753, 0.0573348542253, 0.32450479482, 0.486310935994, 0.0170939414263, 0.319496473867, 0.101454402352, 0.652197662635, 0.145240210175, 0.14372438474, 0.785587732267, 0.058443004186, 0.655631372887, 0.873604678952, 0.515740814937, 0.156789806019, 0.0643819986564, 0.138095682306, 0.0546217357811, 0.150957832482, 0.164849496044, 0.00413698760029, 0.836757861753, 0.0573348542253, 13.5173595755
0.04301658765, 0.53730408332, 0.0235736261792, 0.0270848340912, 0.010557117814, 0.183440075208, 0.0324219517734, 0.60006131658, 0.6420627364, 0.635329973669, 0.284066458434, 0.369336422103, 0.611507943774, 0.736924329442, 0.616322019858, 0.156789806019, 0.21181139545, 0.129155003309, 0.603253969405, 0.0328148929999, 0.00225878531269, 0.0525127641508, 0.04301658765, 0.53730408332, 14.0301205479
0.196223993865, 0.0095633598538, 0.955134734571, 0.298415426036, 0.5338126978, 0.544138898156, 0.134431357889, 0.652197662635, 0.144761876292, 0.0829402110155, 0.00151605715138, 0.0552562409555, 0.184863534951, 0.582439486231, 0.22651246446, 0.607718913858, 0.174331105358, 0.116741009376, 0.089330548686, 0.108224628605, 0.852183684419, 0.999330975853, 0.196223993865, 0.0095633598538, 15.8319077345
0.074751535343, 0.0814620287794, 0.866469743626, 0.671735843029, 0.39757697064, 0.0255234690077, 0.0865764898155, 0.216100505783, 0.216403947921, 0.634827814382, 0.740497786428, 0.385323798709, 0.218653476724, 0.177810178186, 0.444616424608, 0.187266611212, 0.113345864212, 0.889744309555, 0.15618827935, 0.515239806668, 0.0168045097087, 0.08356403181, 0.074751535343, 0.0814620287794, 15.4561125825
0.270224461971, 0.311020883313, 0.673582207159, 0.28918401908, 0.0125159022704, 0.0710449807465, 0.226624132333, 0.304000424704, 0.942643068032, 0.0476763431889, 0.0355726897756, 0.138756237591, 0.46383843801, 0.0690335793731, 0.33411560215, 0.337167555779, 0.0241222888023, 0.626978046783, 0.541327547696, 0.791863995435, 0.549489930382, 0.127827202526, 0.270224461971, 0.311020883313, 14.7611066017
0.0462829841152, 0.0330889361698, 0.979228019241, 0.0984682771001, 0.249139063188, 0.264210923201, 0.870190509839, 0.146469495132, 0.561896720224, 0.932500731473, 0.0178250129084, 0.599701676427, 0.455035130528, 0.303428870215, 0.245729022483, 0.0105235964069, 0.425348658234, 0.198892121645, 0.440116306996, 0.333292160204, 0.264134412885, 0.551022522307, 0.0462829841152, 0.0330889361698, 16.7048750183
0.836757861753, 0.0299347110236, 0.32450479482, 0.77905806656, 0.01521100382, 0.00252880432063, 0.101454402352, 0.630392361637, 0.230060980052, 0.813637660706, 0.682045349649, 0.056413758487, 0.734412678314, 0.873604678952, 0.51090535363, 0.156789806019, 0.0643819986564, 0.0482393782443, 0.0546217357811, 0.130666966518, 0.0028336881359, 0.00413698760029, 0.836757861753, 0.0299347110236, 14.0603952074
0.0016437234746, 0.15926871398, 0.58070649924, 0.320226079325, 0.036538963672, 0.99174758192, 0.650075602989, 0.419048078202, 0.0872762846651, 0.234168877362, 0.228399187333, 0.0990136939209, 0.708414442197, 0.801710487682, 0.493374030113, 0.185395322179, 0.504868106537, 0.402979709144, 0.478054124564, 0.500527273668, 0.0184498558444, 0.686551522392, 0.0016437234746, 0.15926871398, 17.305335471
0.316309678127, 0.0299347110236, 0.32450479482, 0.77905806656, 0.0170939414263, 0.00177320634078, 0.101454402352, 0.630392361637, 0.230060980052, 0.813637660706, 0.682045349649, 0.0120328410422, 0.734412678314, 0.873604678952, 0.515740814937, 0.211879666899, 0.0643819986564, 0.0482393782443, 0.0546217357811, 0.150957832482, 0.234323892442, 0.00413698760029, 0.316309678127, 0.0299347110236, 14.6739217965
0.00354166728612, 0.0166406378337, 0.13566864943, 0.160598419871, 0.761715207071, 0.0155732328896, 0.00426061158513, 0.212374028432, 0.707778993093, 0.338960106749, 0.771772786249, 0.261956644726, 0.377441178075, 0.464870408945, 0.724343135167, 0.927226844804, 0.915220955653, 0.087833687156, 0.418072004073, 0.433403143641, 0.290333244221, 0.467658619974, 0.00354166728612, 0.0166406378337, 17.4388754932
0.992874410607, 0.00248414353866, 0.866469743626, 0.671735843029, 0.329577426684, 0.0943639076402, 0.0579420755608, 0.345578038452, 0.288581072634, 0.391350189634, 0.467523703642, 0.204755752437, 0.0443849549134, 0.951447604211, 0.00755220015894, 0.744252755878, 0.311077668615, 0.889744309555, 0.457449406776, 0.161014750759, 0.00915335923525, 0.887561355292, 0.992874410607, 0.00248414353866, 16.8100853938
