0.467170366702, 1.06690336406, 2.47373778592, 0.438790013413, 79.0738855288, 47.707001845, 0.980689563466, 0.719381759158, 5.51684036189, 72.7760639293, 0.379366838341, 0.0
0.467170366702, 1.06690336406, 2.47373778592, 0.438790013413, 79.0738855288, 47.707001845, 0.980689563466, 0.719381759158, 5.51684036189, 72.7760639293, 0.379366838341, 0.0
0.467170366702, 1.06690336406, 2.47373778592, 0.438790013413, 79.0738855288, 47.707001845, 0.980689563466, 0.719381759158, 5.51684036189, 72.7760639293, 0.379366838341, 0.0
0.467170366702, 1.06690336406, 2.47373778592, 0.438790013413, 79.0738855288, 47.707001845, 0.980689563466, 0.719381759158, 5.51684036189, 72.7760639293, 0.379366838341, 0.0
0.467170366702, 1.06690336406, 2.47373778592, 0.438790013413, 79.0738855288, 47.707001845, 0.980689563466, 0.719381759158, 5.51684036189, 72.7760639293, 0.379366838341, 0.0
0.162160224592, 0.822984305501, 2.99667388551, 0.437140309237, 79.0738855288, 49.5321090269, 0.945376112334, 0.719381759158, 7.56424404713, 64.4983379303, 0.514322826416, 0.571428571429
0.162160224592, 0.822984305501, 2.99667388551, 0.437140309237, 79.0738855288, 49.5321090269, 0.945376112334, 0.719381759158, 7.56424404713, 64.4983379303, 0.514322826416, 0.571428571429
0.162160224592, 0.822984305501, 2.99667388551, 0.437140309237, 79.0738855288, 49.5321090269, 0.945376112334, 0.719381759158, 7.56424404713, 64.4983379303, 0.514322826416, 0.571428571429
0.162160224592, 0.822984305501, 2.99667388551, 0.437140309237, 79.0738855288, 49.5321090269, 0.945376112334, 0.719381759158, 7.56424404713, 64.4983379303, 0.514322826416, 0.571428571429
0.162160224592, 0.822984305501, 2.99667388551, 0.437140309237, 79.0738855288, 49.5321090269, 0.945376112334, 0.719381759158, 7.56424404713, 64.4983379303, 0.514322826416, 0.571428571429
0.162160224592, 0.822984305501, 2.99667388551, 0.437140309237, 79.0738855288, 49.5321090269, 0.945376112334, 0.719381759158, 7.56424404713, 64.4983379303, 0.514322826416, 0.571428571429
0.162160224592, 0.822984305501, 2.99667388551, 0.437140309237, 79.0738855288, 49.5321090269, 0.945376112334, 0.719381759158, 7.56424404713, 64.4983379303, 0.514322826416, 0.571428571429
0.162160224592, 0.822984305501, 2.99667388551, 0.437140309237, 79.0738855288, 49.5321090269, 0.945376112334, 0.719381759158, 7.56424404713, 64.4983379303, 0.514322826416, 0.571428571429
0.162160224592, 0.822984305501, 2.99667388551, 0.437140309237, 79.0738855288, 49.5321090269, 0.945376112334, 0.719381759158, 7.56424404713, 64.4983379303, 0.514322826416, 0.571428571429
0.467170366702, 1.05987700671, 2.47373778592, 0.438802612251, 79.0738855288, 47.010116143, 0.981207857779, 0.719381759158, 5.49759912692, 100.627692058, 0.542145193374, 0.111111111111
0.162160224592, 0.822984305501, 2.96110522297, 0.437140309237, 81.2946548991, 49.5321090269, 0.945376112334, 0.719381759158, 7.56424404713, 75.8428141186, 0.262255094475, 0.4
0.162160224592, 0.822087223569, 2.27082535059, 0.437140309237, 79.0738855288, 47.3277917915, 0.945823399495, 0.719381759158, 9.22106038416, 90.2189014133, 0.31981437041, 0.210526315789
0.162160224592, 0.822087223569, 2.27082535059, 0.437140309237, 79.0738855288, 47.3277917915, 0.945823399495, 0.719381759158, 9.22106038416, 90.2189014133, 0.31981437041, 0.210526315789
0.162160224592, 0.822087223569, 2.27082535059, 0.437140309237, 79.0738855288, 47.3277917915, 0.945823399495, 0.719381759158, 9.22106038416, 90.2189014133, 0.31981437041, 0.210526315789
0.462956689052, 1.07518094382, 2.47488516887, 0.437164814553, 79.0738855288, 47.7091753569, 0.945823399495, 0.719381759158, 9.22756316258, 82.2460868808, 0.515776458925, 0.454545454545
0.162160224592, 0.822087223569, 2.27082535059, 0.437140309237, 79.0738855288, 47.3277917915, 0.945380812575, 0.719381759158, 9.22106038416, 104.896369263, 0.338921339067, 0.0
0.162160224592, 0.822984305501, 2.57732210161, 0.437140309237, 79.0738855288, 49.5321090269, 0.945376112334, 0.719381759158, 7.56424404713, 80.0331325747, 0.195316781665, 0.0
0.162160224592, 0.822984305501, 2.57732210161, 0.437140309237, 79.0738855288, 49.5321090269, 0.945376112334, 0.719381759158, 7.56424404713, 80.0331325747, 0.195316781665, 0.0
0.162160224592, 0.822984305501, 2.57732210161, 0.437140309237, 79.0738855288, 49.5321090269, 0.945376112334, 0.719381759158, 7.56424404713, 80.0331325747, 0.195316781665, 0.0
0.162160224592, 0.822081008935, 2.20690953849, 0.437140309237, 63.1860466382, 49.5321090269, 0.945381689156, 0.719381759158, 9.21734641311, 56.6701862068, 0.475385075227, 0.25
0.162160224592, 0.822081008935, 2.20690953849, 0.437140309237, 63.1860466382, 49.5321090269, 0.945381689156, 0.719381759158, 9.21734641311, 56.6701862068, 0.475385075227, 0.25
0.162160224592, 0.822081008935, 2.20690953849, 0.437140309237, 63.1860466382, 49.5321090269, 0.945381689156, 0.719381759158, 9.21734641311, 56.6701862068, 0.475385075227, 0.25
0.162160224592, 0.822081008935, 2.20690953849, 0.437140309237, 63.1860466382, 49.5321090269, 0.945381689156, 0.719381759158, 9.21734641311, 56.6701862068, 0.475385075227, 0.25
0.162160224592, 0.822081008935, 2.20690953849, 0.437140309237, 63.1860466382, 49.5321090269, 0.945381689156, 0.719381759158, 9.21734641311, 56.6701862068, 0.475385075227, 0.25
0.162160224592, 0.822081008935, 2.20690953849, 0.437140309237, 63.1860466382, 49.5321090269, 0.945381689156, 0.719381759158, 9.21734641311, 56.6701862068, 0.475385075227, 0.25
0.162160224592, 0.822081008935, 2.20690953849, 0.437140309237, 63.1860466382, 49.5321090269, 0.945381689156, 0.719381759158, 9.21734641311, 56.6701862068, 0.475385075227, 0.25
0.162160224592, 0.822081008935, 2.20690953849, 0.437140309237, 63.1860466382, 49.5321090269, 0.945381689156, 0.719381759158, 9.21734641311, 56.6701862068, 0.475385075227, 0.25
0.162160224592, 0.822081008935, 2.20690953849, 0.437140309237, 63.1860466382, 49.5321090269, 0.945381689156, 0.719381759158, 9.21734641311, 56.6701862068, 0.475385075227, 0.25
0.162160224592, 0.822081008935, 2.20690953849, 0.437140309237, 63.1860466382, 49.5321090269, 0.945381689156, 0.719381759158, 9.21734641311, 56.6701862068, 0.475385075227, 0.25
0.162160224592, 0.822081008935, 2.20690953849, 0.437140309237, 63.1860466382, 49.5321090269, 0.945381689156, 0.719381759158, 9.21734641311, 56.6701862068, 0.475385075227, 0.25
0.162160224592, 0.822081008935, 2.20690953849, 0.437140309237, 63.1860466382, 49.5321090269, 0.945381689156, 0.719381759158, 9.21734641311, 56.6701862068, 0.475385075227, 0.25
0.162160224592, 0.822081008935, 2.20690953849, 0.437140309237, 63.1860466382, 49.5321090269, 0.945381689156, 0.719381759158, 9.21734641311, 56.6701862068, 0.475385075227, 0.25
0.162160224592, 0.822081008935, 2.20690953849, 0.437140309237, 63.1860466382, 49.5321090269, 0.945381689156, 0.719381759158, 9.21734641311, 56.6701862068, 0.475385075227, 0.25
0.162160224592, 0.822081008935, 2.20690953849, 0.437140309237, 63.1860466382, 49.5321090269, 0.945381689156, 0.719381759158, 9.21734641311, 56.6701862068, 0.475385075227, 0.25
0.162160224592, 0.822081008935, 2.20690953849, 0.437140309237, 63.1860466382, 49.5321090269, 0.945381689156, 0.719381759158, 9.21734641311, 56.6701862068, 0.475385075227, 0.25
0.162160224592, 0.822081008935, 2.20690953849, 0.437140309237, 63.1860466382, 49.5321090269, 0.945381689156, 0.719381759158, 9.21734641311, 56.6701862068, 0.475385075227, 0.25
0.160467298906, 0.822086744449, 2.02682611875, 0.437140412149, 78.8722206827, 47.3310902497, 0.945823399495, 0.719381759158, 9.2230635734, 77.6139772705, 0.385799011817, 0.4
0.160469906941, 0.822086407202, 2.02682611875, 0.430340721193, 78.8722206827, 47.3310902497, 0.945811082055, 0.719381759158, 9.2230635734, 94.3257303283, 0.405921512911, 0.375
0.467170366702, 0.823924461832, 2.47373778592, 0.43871758304, 79.0738855288, 47.707001845, 0.980689563466, 0.719381759158, 5.48337161702, 54.448950117, 0.47602323298, 0.0
0.467170366702, 0.823924461832, 2.47373778592, 0.43871758304, 79.0738855288, 47.707001845, 0.980689563466, 0.719381759158, 5.48337161702, 54.448950117, 0.47602323298, 0.0
0.467170366702, 0.823924461832, 2.47373778592, 0.43871758304, 79.0738855288, 47.707001845, 0.980689563466, 0.719381759158, 5.48337161702, 54.448950117, 0.47602323298, 0.0
0.467170366702, 0.823924461832, 2.47373778592, 0.43871758304, 79.0738855288, 47.707001845, 0.980689563466, 0.719381759158, 5.48337161702, 54.448950117, 0.47602323298, 0.0
0.467170366702, 0.823924461832, 2.47373778592, 0.43871758304, 79.0738855288, 47.707001845, 0.980689563466, 0.719381759158, 5.48337161702, 54.448950117, 0.47602323298, 0.0
0.467170366702, 0.823924461832, 2.47373778592, 0.43871758304, 79.0738855288, 47.707001845, 0.980689563466, 0.719381759158, 5.48337161702, 54.448950117, 0.47602323298, 0.0
0.467170366702, 0.823924461832, 2.47373778592, 0.43871758304, 79.0738855288, 47.707001845, 0.980689563466, 0.719381759158, 5.48337161702, 54.448950117, 0.47602323298, 0.0
0.467170366702, 0.823924461832, 2.47373778592, 0.43871758304, 79.0738855288, 47.707001845, 0.980689563466, 0.719381759158, 5.48337161702, 54.448950117, 0.47602323298, 0.0
0.467170366702, 0.823924461832, 2.47373778592, 0.43871758304, 79.0738855288, 47.707001845, 0.980689563466, 0.719381759158, 5.48337161702, 54.448950117, 0.47602323298, 0.0
0.467170366702, 0.823924461832, 2.47373778592, 0.43871758304, 79.0738855288, 47.707001845, 0.980689563466, 0.719381759158, 5.48337161702, 54.448950117, 0.47602323298, 0.0
0.467170366702, 0.823924461832, 2.47373778592, 0.43871758304, 79.0738855288, 47.707001845, 0.980689563466, 0.719381759158, 5.48337161702, 54.448950117, 0.47602323298, 0.0
0.467170366702, 0.823924461832, 2.47373778592, 0.43871758304, 79.0738855288, 47.707001845, 0.980689563466, 0.719381759158, 5.48337161702, 54.448950117, 0.47602323298, 0.0
0.467170366702, 0.823924461832, 2.47373778592, 0.43871758304, 79.0738855288, 47.707001845, 0.980689563466, 0.719381759158, 5.48337161702, 54.448950117, 0.47602323298, 0.0
0.467170366702, 0.823924461832, 2.47373778592, 0.43871758304, 79.0738855288, 47.707001845, 0.980689563466, 0.719381759158, 5.48337161702, 54.448950117, 0.47602323298, 0.0
0.467170366702, 0.823924461832, 2.47373778592, 0.43871758304, 79.0738855288, 47.707001845, 0.980689563466, 0.719381759158, 5.48337161702, 54.448950117, 0.47602323298, 0.0
0.467170366702, 0.823924461832, 2.47373778592, 0.43871758304, 79.0738855288, 47.707001845, 0.980689563466, 0.719381759158, 5.48337161702, 54.448950117, 0.47602323298, 0.0
0.467170366702, 0.823924461832, 2.47373778592, 0.43871758304, 79.0738855288, 47.707001845, 0.980689563466, 0.719381759158, 5.48337161702, 54.448950117, 0.47602323298, 0.0
0.467170366702, 0.823924461832, 2.47373778592, 0.43871758304, 79.0738855288, 47.707001845, 0.980689563466, 0.719381759158, 5.48337161702, 54.448950117, 0.47602323298, 0.0
0.467170366702, 0.823924461832, 2.47373778592, 0.43871758304, 79.0738855288, 47.707001845, 0.980689563466, 0.719381759158, 5.48337161702, 54.448950117, 0.47602323298, 0.0
0.467170366702, 0.823924461832, 2.47373778592, 0.43871758304, 79.0738855288, 47.707001845, 0.980689563466, 0.719381759158, 5.48337161702, 54.448950117, 0.47602323298, 0.0
0.162160224592, 0.823919115648, 2.20690953849, 0.437158646161, 63.1860466382, 49.7143830519, 0.945381689156, 0.719381759158, 9.14878285731, 73.6361498309, 0.396561914317, 0.428571428571
0.162160224592, 0.823919115648, 2.20690953849, 0.437158646161, 63.1860466382, 49.7143830519, 0.945381689156, 0.719381759158, 9.14878285731, 73.6361498309, 0.396561914317, 0.428571428571
0.162160224592, 0.823919115648, 2.20690953849, 0.437158646161, 63.1860466382, 49.7143830519, 0.945381689156, 0.719381759158, 9.14878285731, 73.6361498309, 0.396561914317, 0.428571428571
0.162160224592, 0.823919115648, 2.20690953849, 0.437158646161, 63.1860466382, 49.7143830519, 0.945381689156, 0.719381759158, 9.14878285731, 73.6361498309, 0.396561914317, 0.428571428571
0.162160224592, 0.823919115648, 2.20690953849, 0.437158646161, 63.1860466382, 49.7143830519, 0.945381689156, 0.719381759158, 9.14878285731, 73.6361498309, 0.396561914317, 0.428571428571
0.467170366702, 0.823924461832, 2.47373778592, 0.43871758304, 79.0738855288, 47.707001845, 0.980689563466, 0.719381759158, 5.48337161702, 75.657438531, 0.648031437662, 0.410256410256
0.467170366702, 0.823924461832, 2.47373778592, 0.43871758304, 79.0738855288, 47.707001845, 0.980689563466, 0.719381759158, 5.48337161702, 75.657438531, 0.648031437662, 0.410256410256
0.467170366702, 0.823924461832, 2.47373778592, 0.43871758304, 79.0738855288, 47.707001845, 0.980689563466, 0.719381759158, 5.48337161702, 75.657438531, 0.648031437662, 0.410256410256
0.467170366702, 0.823924461832, 2.47373778592, 0.43871758304, 79.0738855288, 47.707001845, 0.980689563466, 0.719381759158, 5.48337161702, 75.657438531, 0.648031437662, 0.410256410256
0.467170366702, 0.823924461832, 2.47373778592, 0.43871758304, 79.0738855288, 47.707001845, 0.980689563466, 0.719381759158, 5.48337161702, 75.657438531, 0.648031437662, 0.410256410256
0.467170366702, 0.823924461832, 2.47373778592, 0.43871758304, 79.0738855288, 47.707001845, 0.980689563466, 0.719381759158, 5.48337161702, 75.657438531, 0.648031437662, 0.410256410256
0.467170366702, 0.823924461832, 2.47373778592, 0.43871758304, 79.0738855288, 47.707001845, 0.980689563466, 0.719381759158, 5.48337161702, 75.657438531, 0.648031437662, 0.410256410256
0.467170366702, 0.823924461832, 2.47373778592, 0.43871758304, 79.0738855288, 47.707001845, 0.980689563466, 0.719381759158, 5.48337161702, 75.657438531, 0.648031437662, 0.410256410256
0.467170366702, 0.823924461832, 2.47373778592, 0.43871758304, 79.0738855288, 47.707001845, 0.980689563466, 0.719381759158, 5.48337161702, 75.657438531, 0.648031437662, 0.410256410256
0.467170366702, 0.823924461832, 2.47373778592, 0.43871758304, 79.0738855288, 47.707001845, 0.980689563466, 0.719381759158, 5.48337161702, 75.657438531, 0.648031437662, 0.410256410256
0.467170366702, 0.823924461832, 2.47373778592, 0.43871758304, 79.0738855288, 47.707001845, 0.980689563466, 0.719381759158, 5.48337161702, 75.657438531, 0.648031437662, 0.410256410256
0.467170366702, 0.823924461832, 2.47373778592, 0.43871758304, 79.0738855288, 47.707001845, 0.980689563466, 0.719381759158, 5.48337161702, 75.657438531, 0.648031437662, 0.410256410256
0.467170366702, 0.823924461832, 2.47373778592, 0.43871758304, 79.0738855288, 47.707001845, 0.980689563466, 0.719381759158, 5.48337161702, 75.657438531, 0.648031437662, 0.410256410256
0.467170366702, 0.823924461832, 2.47373778592, 0.43871758304, 79.0738855288, 47.707001845, 0.980689563466, 0.719381759158, 5.48337161702, 75.657438531, 0.648031437662, 0.410256410256
0.467170366702, 0.823924461832, 2.47373778592, 0.43871758304, 79.0738855288, 47.707001845, 0.980689563466, 0.719381759158, 5.48337161702, 75.657438531, 0.648031437662, 0.410256410256
0.467170366702, 0.823924461832, 2.47373778592, 0.43871758304, 79.0738855288, 47.707001845, 0.980689563466, 0.719381759158, 5.48337161702, 75.657438531, 0.648031437662, 0.410256410256
0.467170366702, 0.823924461832, 2.47373778592, 0.43871758304, 79.0738855288, 47.707001845, 0.980689563466, 0.719381759158, 5.48337161702, 86.8189445165, 0.542388919867, 0.25
0.466910371803, 0.823919115648, 2.20690953849, 0.438713141986, 63.1860466382, 47.6994962555, 0.94587814636, 0.719381759158, 8.8953435654, 73.8088611681, 0.417597886605, 0.0909090909091
0.466910371803, 0.823919115648, 2.20690953849, 0.438713141986, 63.1860466382, 47.6994962555, 0.94587814636, 0.719381759158, 8.8953435654, 73.8088611681, 0.417597886605, 0.0909090909091
0.466910371803, 0.823919115648, 2.20690953849, 0.438713141986, 63.1860466382, 47.6994962555, 0.94587814636, 0.719381759158, 8.8953435654, 73.8088611681, 0.417597886605, 0.0909090909091
0.466910371803, 0.823919115648, 2.20690953849, 0.438713141986, 63.1860466382, 47.6994962555, 0.94587814636, 0.719381759158, 8.8953435654, 73.8088611681, 0.417597886605, 0.0909090909091
0.466910371803, 0.823919115648, 2.20690953849, 0.438713141986, 63.1860466382, 47.6994962555, 0.94587814636, 0.719381759158, 8.8953435654, 73.8088611681, 0.417597886605, 0.0909090909091
0.467170366702, 0.822983090201, 2.47373778592, 0.43871758304, 79.0738855288, 47.6509975252, 0.980689563466, 0.719381759158, 3.57355367035, 91.8325155629, 0.44329843893, 0.0833333333333
0.467170366702, 0.823924461832, 2.47373778592, 0.43871758304, 79.0738855288, 47.707001845, 0.980689563466, 0.719381759158, 5.48337161702, 77.0143912995, 0.630718686637, 0.0
