0.162160224592, 0.822984305501, 2.99667388551, 0.437140309237, 79.0738855288, 49.5321090269, 0.945376112334, 0.719381759158, 7.56424404713, 64.4983379303, 0.514322826416, 0.571428571429
0.162160224592, 0.822984305501, 2.57732210161, 0.437140309237, 79.0738855288, 49.5321090269, 0.945376112334, 0.719381759158, 7.56424404713, 80.0331325747, 0.195316781665, 0.0
0.162160224592, 0.822081008935, 2.20690953849, 0.437140309237, 63.1860466382, 49.5321090269, 0.945381689156, 0.719381759158, 9.21734641311, 56.6701862068, 0.475385075227, 0.25
0.162160224592, 0.822081008935, 2.20690953849, 0.437140309237, 63.1860466382, 49.5321090269, 0.945381689156, 0.719381759158, 9.21734641311, 56.6701862068, 0.475385075227, 0.25
0.162160224592, 0.822081008935, 2.20690953849, 0.437140309237, 63.1860466382, 49.5321090269, 0.945381689156, 0.719381759158, 9.21734641311, 56.6701862068, 0.475385075227, 0.25
0.162160224592, 0.822081008935, 2.20690953849, 0.437140309237, 63.1860466382, 49.5321090269, 0.945381689156, 0.719381759158, 9.21734641311, 56.6701862068, 0.475385075227, 0.25
0.467170366702, 0.823924461832, 2.47373778592, 0.43871758304, 79.0738855288, 47.707001845, 0.980689563466, 0.719381759158, 5.48337161702, 54.448950117, 0.47602323298, 0.0
0.467170366702, 0.823924461832, 2.47373778592, 0.43871758304, 79.0738855288, 47.707001845, 0.980689563466, 0.719381759158, 5.48337161702, 54.448950117, 0.47602323298, 0.0
0.467170366702, 0.823924461832, 2.47373778592, 0.43871758304, 79.0738855288, 47.707001845, 0.980689563466, 0.719381759158, 5.48337161702, 54.448950117, 0.47602323298, 0.0
0.467170366702, 0.823924461832, 2.47373778592, 0.43871758304, 79.0738855288, 47.707001845, 0.980689563466, 0.719381759158, 5.48337161702, 54.448950117, 0.47602323298, 0.0
0.467170366702, 0.823924461832, 2.47373778592, 0.43871758304, 79.0738855288, 47.707001845, 0.980689563466, 0.719381759158, 5.48337161702, 54.448950117, 0.47602323298, 0.0
0.467170366702, 0.823924461832, 2.47373778592, 0.43871758304, 79.0738855288, 47.707001845, 0.980689563466, 0.719381759158, 5.48337161702, 54.448950117, 0.47602323298, 0.0
0.467170366702, 0.823924461832, 2.47373778592, 0.43871758304, 79.0738855288, 47.707001845, 0.980689563466, 0.719381759158, 5.48337161702, 54.448950117, 0.47602323298, 0.0
0.467170366702, 0.823924461832, 2.47373778592, 0.43871758304, 79.0738855288, 47.707001845, 0.980689563466, 0.719381759158, 5.48337161702, 54.448950117, 0.47602323298, 0.0
0.467170366702, 0.823924461832, 2.47373778592, 0.43871758304, 79.0738855288, 47.707001845, 0.980689563466, 0.719381759158, 5.48337161702, 54.448950117, 0.47602323298, 0.0
0.467170366702, 0.823924461832, 2.47373778592, 0.43871758304, 79.0738855288, 47.707001845, 0.980689563466, 0.719381759158, 5.48337161702, 54.448950117, 0.47602323298, 0.0
0.467170366702, 0.823924461832, 2.47373778592, 0.43871758304, 79.0738855288, 47.707001845, 0.980689563466, 0.719381759158, 5.48337161702, 54.448950117, 0.47602323298, 0.0
0.467170366702, 0.823924461832, 2.47373778592, 0.43871758304, 79.0738855288, 47.707001845, 0.980689563466, 0.719381759158, 5.48337161702, 54.448950117, 0.47602323298, 0.0
0.467170366702, 0.823924461832, 2.47373778592, 0.43871758304, 79.0738855288, 47.707001845, 0.980689563466, 0.719381759158, 5.48337161702, 54.448950117, 0.47602323298, 0.0
0.467170366702, 0.823924461832, 2.47373778592, 0.43871758304, 79.0738855288, 47.707001845, 0.980689563466, 0.719381759158, 5.48337161702, 54.448950117, 0.47602323298, 0.0
0.467170366702, 0.823924461832, 2.47373778592, 0.43871758304, 79.0738855288, 47.707001845, 0.980689563466, 0.719381759158, 5.48337161702, 54.448950117, 0.47602323298, 0.0
0.467170366702, 0.823924461832, 2.47373778592, 0.43871758304, 79.0738855288, 47.707001845, 0.980689563466, 0.719381759158, 5.48337161702, 54.448950117, 0.47602323298, 0.0
0.467170366702, 0.823924461832, 2.47373778592, 0.43871758304, 79.0738855288, 47.707001845, 0.980689563466, 0.719381759158, 5.48337161702, 54.448950117, 0.47602323298, 0.0
0.467170366702, 0.823924461832, 2.47373778592, 0.43871758304, 79.0738855288, 47.707001845, 0.980689563466, 0.719381759158, 5.48337161702, 54.448950117, 0.47602323298, 0.0
0.467170366702, 0.823924461832, 2.47373778592, 0.43871758304, 79.0738855288, 47.707001845, 0.980689563466, 0.719381759158, 5.48337161702, 54.448950117, 0.47602323298, 0.0
0.467170366702, 0.823924461832, 2.47373778592, 0.43871758304, 79.0738855288, 47.707001845, 0.980689563466, 0.719381759158, 5.48337161702, 54.448950117, 0.47602323298, 0.0
0.466910371803, 0.823919115648, 2.20690953849, 0.438713141986, 63.1860466382, 47.6994962555, 0.94587814636, 0.719381759158, 8.8953435654, 73.8088611681, 0.417597886605, 0.0909090909091
0.162160224592, 0.822004634914, 2.27082535059, 0.415995407442, 82.2068555693, 47.3277917915, 0.98088129844, 0.719381759158, 5.42762052754, 56.0241619959, 0.369660858849, 0.333333333333
0.162160224592, 0.822004634914, 2.27082535059, 0.415995407442, 82.2068555693, 47.3277917915, 0.98088129844, 0.719381759158, 5.42762052754, 56.0241619959, 0.369660858849, 0.333333333333
0.162160224592, 0.822004634914, 2.27082535059, 0.415995407442, 82.2068555693, 47.3277917915, 0.98088129844, 0.719381759158, 5.42762052754, 56.0241619959, 0.369660858849, 0.333333333333
0.162160224592, 0.822004634914, 2.27082535059, 0.415995407442, 82.2068555693, 47.3277917915, 0.98088129844, 0.719381759158, 5.42762052754, 56.0241619959, 0.369660858849, 0.333333333333
0.162160224592, 0.822004634914, 2.27082535059, 0.415995407442, 82.2068555693, 47.3277917915, 0.98088129844, 0.719381759158, 5.42762052754, 56.0241619959, 0.369660858849, 0.333333333333
0.162160224592, 0.822004634914, 2.27082535059, 0.415995407442, 82.2068555693, 47.3277917915, 0.98088129844, 0.719381759158, 5.42762052754, 56.0241619959, 0.369660858849, 0.333333333333
0.162160224592, 0.822004634914, 2.27082535059, 0.415995407442, 82.2068555693, 47.3277917915, 0.98088129844, 0.719381759158, 5.42762052754, 56.0241619959, 0.369660858849, 0.333333333333
0.162160224592, 0.822004634914, 2.27082535059, 0.415995407442, 82.2068555693, 47.3277917915, 0.98088129844, 0.719381759158, 5.42762052754, 56.0241619959, 0.369660858849, 0.333333333333
0.162160224592, 0.822004634914, 2.27082535059, 0.415995407442, 82.2068555693, 47.3277917915, 0.98088129844, 0.719381759158, 5.42762052754, 56.0241619959, 0.369660858849, 0.333333333333
0.162160224592, 0.822004634914, 2.27082535059, 0.415995407442, 82.2068555693, 47.3277917915, 0.98088129844, 0.719381759158, 5.42762052754, 56.0241619959, 0.369660858849, 0.333333333333
0.162160224592, 0.822004634914, 2.27082535059, 0.415995407442, 82.2068555693, 47.3277917915, 0.98088129844, 0.719381759158, 5.42762052754, 56.0241619959, 0.369660858849, 0.333333333333
0.162160224592, 0.822004634914, 2.27082535059, 0.415995407442, 82.2068555693, 47.3277917915, 0.98088129844, 0.719381759158, 5.42762052754, 56.0241619959, 0.369660858849, 0.333333333333
0.162160224592, 0.822004634914, 2.27082535059, 0.415995407442, 82.2068555693, 47.3277917915, 0.98088129844, 0.719381759158, 5.42762052754, 56.0241619959, 0.369660858849, 0.333333333333
0.162160224592, 0.820397695608, 2.08382272248, 0.437140309237, 69.6690516594, 49.7979883783, 0.981090727183, 0.719381759158, 9.03636986213, 54.5616611601, 0.239199293878, 0.0
0.162160224592, 0.820397695608, 2.08382272248, 0.437140309237, 69.6690516594, 49.7979883783, 0.981090727183, 0.719381759158, 9.03636986213, 54.5616611601, 0.239199293878, 0.0
0.162160224592, 0.820397695608, 2.08382272248, 0.437140309237, 69.6690516594, 49.7979883783, 0.981090727183, 0.719381759158, 9.03636986213, 54.5616611601, 0.239199293878, 0.0
0.162160224592, 0.820397695608, 2.08382272248, 0.437140309237, 69.6690516594, 49.7979883783, 0.981090727183, 0.719381759158, 9.03636986213, 54.5616611601, 0.239199293878, 0.0
0.162160224592, 0.820397695608, 2.08382272248, 0.437140309237, 69.6690516594, 49.7979883783, 0.981090727183, 0.719381759158, 9.03636986213, 54.5616611601, 0.239199293878, 0.0
0.162160224592, 0.820397695608, 2.08382272248, 0.437140309237, 69.6690516594, 49.7979883783, 0.981090727183, 0.719381759158, 9.03636986213, 54.5616611601, 0.239199293878, 0.0
0.162160224592, 0.820397695608, 2.08382272248, 0.437140309237, 69.6690516594, 49.7979883783, 0.981090727183, 0.719381759158, 9.03636986213, 54.5616611601, 0.239199293878, 0.0
0.162160224592, 0.822004634914, 2.27082535059, 0.416240938116, 71.0501357172, 47.3277917915, 0.945519467894, 0.719381759158, 5.42762052754, 86.7951968454, 0.207250384005, 0.0
0.162160224592, 0.822004634914, 2.27082535059, 0.416240938116, 71.0501357172, 47.3277917915, 0.945519467894, 0.719381759158, 5.42762052754, 86.7951968454, 0.207250384005, 0.0
0.162160224592, 0.822004634914, 2.27082535059, 0.403479284024, 82.2068555693, 47.3277917915, 0.98088129844, 0.719381759158, 5.42762052754, 71.24811906, 0.474655479323, 0.555555555556
0.162160224592, 0.823919646204, 2.08382272248, 0.428390121089, 69.6690516594, 47.7402233355, 0.981090727183, 0.719381759158, 5.49409899348, 72.1361544781, 0.495902534766, 0.0
0.287747113792, 0.820397695608, 2.08382272248, 0.416169295429, 69.6690516594, 49.7979883783, 0.944638542565, 0.719381759158, 5.33159965218, 75.2174220169, 0.36649162892, 0.2
0.287747113792, 0.820397695608, 2.08382272248, 0.416169295429, 69.6690516594, 49.7979883783, 0.944638542565, 0.719381759158, 5.33159965218, 75.2174220169, 0.36649162892, 0.2
0.467170366702, 0.823924461832, 2.4836293654, 0.438717582853, 80.5326863704, 47.706965521, 0.980689563466, 0.719381759158, 5.48337161702, 33.4688684162, 0.477656001289, 0.125
0.467170366702, 0.823924461832, 2.4836293654, 0.438717582853, 80.5326863704, 47.706965521, 0.980689563466, 0.719381759158, 5.48337161702, 33.4688684162, 0.477656001289, 0.125
0.467170366702, 0.823924461832, 2.4836293654, 0.438717582853, 80.5326863704, 47.706965521, 0.980689563466, 0.719381759158, 5.48337161702, 33.4688684162, 0.477656001289, 0.125
0.467170366702, 0.823924461832, 2.4836293654, 0.438717582853, 80.5326863704, 47.706965521, 0.980689563466, 0.719381759158, 5.48337161702, 33.4688684162, 0.477656001289, 0.125
0.467170366702, 0.823924461832, 2.4836293654, 0.438717582853, 80.5326863704, 47.706965521, 0.980689563466, 0.719381759158, 5.48337161702, 33.4688684162, 0.477656001289, 0.125
0.467170366702, 0.823924461832, 2.4836293654, 0.438717582853, 80.5326863704, 47.706965521, 0.980689563466, 0.719381759158, 5.48337161702, 33.4688684162, 0.477656001289, 0.125
0.467170366702, 0.823924461832, 2.4836293654, 0.438717582853, 80.5326863704, 47.706965521, 0.980689563466, 0.719381759158, 5.48337161702, 33.4688684162, 0.477656001289, 0.125
0.467170366702, 0.823924461832, 2.4836293654, 0.438717582853, 80.5326863704, 47.706965521, 0.980689563466, 0.719381759158, 5.48337161702, 33.4688684162, 0.477656001289, 0.125
0.467170366702, 0.823924461832, 2.4836293654, 0.438717582853, 80.5326863704, 47.706965521, 0.980689563466, 0.719381759158, 5.48337161702, 33.4688684162, 0.477656001289, 0.125
0.467170366702, 0.823924461832, 2.4836293654, 0.438717582853, 80.5326863704, 47.706965521, 0.980689563466, 0.719381759158, 5.48337161702, 33.4688684162, 0.477656001289, 0.125
0.467170366702, 0.823924461832, 2.4836293654, 0.438717582853, 80.5326863704, 47.706965521, 0.980689563466, 0.719381759158, 5.48337161702, 33.4688684162, 0.477656001289, 0.125
0.467170366702, 0.823924461832, 2.4836293654, 0.438717582853, 80.5326863704, 47.706965521, 0.980689563466, 0.719381759158, 5.48337161702, 33.4688684162, 0.477656001289, 0.125
0.467170366702, 0.823924461832, 2.4836293654, 0.438717582853, 80.5326863704, 47.706965521, 0.980689563466, 0.719381759158, 5.48337161702, 33.4688684162, 0.477656001289, 0.125
0.467170366702, 0.823924461832, 2.4836293654, 0.438717582853, 80.5326863704, 47.706965521, 0.980689563466, 0.719381759158, 5.48337161702, 33.4688684162, 0.477656001289, 0.125
0.467170366702, 0.823924461832, 2.4836293654, 0.438717582853, 80.5326863704, 47.706965521, 0.980689563466, 0.719381759158, 5.48337161702, 33.4688684162, 0.477656001289, 0.125
0.467170366702, 0.823924461832, 2.4836293654, 0.438717582853, 80.5326863704, 47.706965521, 0.980689563466, 0.719381759158, 5.48337161702, 33.4688684162, 0.477656001289, 0.125
0.467170366702, 0.823924461832, 2.4836293654, 0.438717582853, 80.5326863704, 47.706965521, 0.980689563466, 0.719381759158, 5.48337161702, 33.4688684162, 0.477656001289, 0.125
0.467170366702, 0.823924461832, 2.4836293654, 0.438717582853, 80.5326863704, 47.706965521, 0.980689563466, 0.719381759158, 5.48337161702, 33.4688684162, 0.477656001289, 0.125
0.467170366702, 0.823924461832, 2.4836293654, 0.438717582853, 80.5326863704, 47.706965521, 0.980689563466, 0.719381759158, 5.48337161702, 33.4688684162, 0.477656001289, 0.125
0.467170366702, 0.823924461832, 2.4836293654, 0.438717582853, 80.5326863704, 47.706965521, 0.980689563466, 0.719381759158, 5.48337161702, 33.4688684162, 0.477656001289, 0.125
0.467170366702, 0.823924461832, 2.27150857199, 0.438717582853, 80.5326863704, 47.7069654431, 0.980689563466, 0.711884708563, 5.48337161702, 83.8926718718, 0.476200566662, 0.142857142857
0.467170366702, 0.823924461832, 2.27150857199, 0.438717582853, 80.5326863704, 47.7069654431, 0.980689563466, 0.711884708563, 5.48337161702, 83.8926718718, 0.476200566662, 0.142857142857
0.467170366702, 0.823924461832, 2.4836293654, 0.446221819642, 80.5326863704, 47.706965521, 0.980689563466, 0.719381759158, 6.11506065271, 59.3039812466, 0.508708073192, 0.416666666667
0.467170366702, 0.823924461832, 2.4836293654, 0.446221819642, 80.5326863704, 47.706965521, 0.980689563466, 0.719381759158, 6.11506065271, 59.3039812466, 0.508708073192, 0.416666666667
0.467170366702, 0.823924461832, 2.4836293654, 0.446221819642, 80.5326863704, 47.706965521, 0.980689563466, 0.719381759158, 6.11506065271, 59.3039812466, 0.508708073192, 0.416666666667
0.467170366702, 0.823924461832, 2.4836293654, 0.446221819642, 80.5326863704, 47.706965521, 0.980689563466, 0.719381759158, 6.11506065271, 59.3039812466, 0.508708073192, 0.416666666667
0.467170366702, 0.823924461832, 2.4836293654, 0.446221819642, 80.5326863704, 47.706965521, 0.980689563466, 0.719381759158, 6.11506065271, 59.3039812466, 0.508708073192, 0.416666666667
0.467170366702, 0.823924461832, 2.4836293654, 0.446221819642, 80.5326863704, 47.706965521, 0.980689563466, 0.719381759158, 6.11506065271, 59.3039812466, 0.508708073192, 0.416666666667
0.467170366702, 0.823924461832, 2.4836293654, 0.446221819642, 80.5326863704, 47.706965521, 0.980689563466, 0.719381759158, 6.11506065271, 59.3039812466, 0.508708073192, 0.416666666667
0.467170366702, 0.823924461832, 2.4836293654, 0.446221819642, 80.5326863704, 47.706965521, 0.980689563466, 0.719381759158, 6.11506065271, 59.3039812466, 0.508708073192, 0.416666666667
0.467170366702, 0.823924461832, 2.4836293654, 0.446221819642, 80.5326863704, 47.706965521, 0.980689563466, 0.719381759158, 6.11506065271, 59.3039812466, 0.508708073192, 0.416666666667
0.467170366702, 0.823924461832, 2.4836293654, 0.446221819642, 80.5326863704, 47.706965521, 0.980689563466, 0.719381759158, 6.11506065271, 59.3039812466, 0.508708073192, 0.416666666667
0.467170366702, 0.823924461832, 2.4836293654, 0.446221819642, 80.5326863704, 47.706965521, 0.980689563466, 0.719381759158, 6.11506065271, 59.3039812466, 0.508708073192, 0.416666666667
0.467170366702, 0.823924461832, 2.4836293654, 0.446221819642, 80.5326863704, 47.706965521, 0.980689563466, 0.719381759158, 6.11506065271, 59.3039812466, 0.508708073192, 0.416666666667
0.162160224592, 0.820397695608, 2.08382272248, 0.437140309237, 69.6690516594, 49.7979883783, 0.981090727183, 0.719381759158, 9.03636986213, 87.6717290436, 0.358942519082, 0.0714285714286
0.472225059403, 0.823935793594, 2.11724256881, 0.416356195245, 82.2068555693, 47.3277917915, 0.980684775259, 0.986600225017, 5.4272548314, 70.0739711432, 0.204705064593, 0.0
0.472225059403, 0.823935793594, 2.11724256881, 0.416356195245, 82.2068555693, 47.3277917915, 0.980684775259, 0.986600225017, 5.4272548314, 70.0739711432, 0.204705064593, 0.0
0.472225059403, 0.823935793594, 2.11724256881, 0.416356195245, 82.2068555693, 47.3277917915, 0.980684775259, 0.986600225017, 5.4272548314, 70.0739711432, 0.204705064593, 0.0
0.472225059403, 0.823935793594, 2.11724256881, 0.416356195245, 82.2068555693, 47.3277917915, 0.980684775259, 0.986600225017, 5.4272548314, 70.0739711432, 0.204705064593, 0.0
