0.123252470995, 0.790429892373, 0.105050502427, 0.152709712323, 0.0388263408172, 0.803652974874, 0.0740139704003, 0.687100105307, 0.340305413378, 0.82937508725, 0.142384906404, 0.287175213701, 0.433122813902, 0.217407072261, 0.401367658937, 0.0674676590947, 0.863043795664, 0.225184861547, 0.260802681788, 0.373709461334, 0.28384812631, 0.176981674907, 0.312017690248, 0.0594148001753, 0.0924094588095, 0.977061104213, 0.144706629636, 0.123252470995, 0.790429892373, 0.105050502427, 0.152709712323, 0.0388263408172, 0.803652974874, 0.0740139704003, 41.1375715767
0.0545335423173, 0.0576496524663, 0.00527991066455, 0.586103494838, 0.777537149748, 0.0935122160201, 0.106742027969, 0.546734519432, 0.139643154351, 0.662525550254, 0.142827498202, 0.684146308216, 0.699797529549, 0.144990911936, 0.0737510797279, 0.845869661094, 0.248692633661, 0.681612831698, 0.023152962108, 0.266440340488, 0.256205091452, 0.340575653879, 0.0519921628797, 0.616526271555, 0.306339421563, 0.638287249375, 0.41864724113, 0.0545335423173, 0.0576496524663, 0.00527991066455, 0.586103494838, 0.777537149748, 0.0935122160201, 0.106742027969, 43.64800881
0.0979044439458, 0.796485293749, 0.10561111755, 0.0270745662003, 0.095053924826, 0.950162368764, 0.111309830911, 0.858486311067, 0.32076756793, 0.196550917908, 0.115033448901, 0.384460350228, 0.433579724541, 0.860993438818, 0.401907893153, 0.069549211416, 0.890120348818, 0.419265589171, 0.535842623824, 0.37101635565, 0.60596668872, 0.487672000585, 0.687624040505, 0.473328383574, 0.0902140944717, 0.979238711817, 0.252655521002, 0.0979044439458, 0.796485293749, 0.10561111755, 0.0270745662003, 0.095053924826, 0.950162368764, 0.111309830911, 49.2224557245
0.114229588278, 0.0201001344238, 0.0613284749625, 0.15512371534, 0.794949443347, 0.0163212369014, 0.803106184573, 0.161599648195, 0.134953162409, 0.184423107132, 0.129675096343, 0.96328734433, 0.0571130741002, 0.818280502894, 0.0944552775151, 0.067650103413, 0.467914497325, 0.312039259927, 0.961954766667, 0.146984643218, 0.143454103623, 0.499901465823, 0.249217040394, 0.028885560474, 0.180388243508, 0.659090093217, 0.038890903229, 0.114229588278, 0.0201001344238, 0.0613284749625, 0.15512371534, 0.794949443347, 0.0163212369014, 0.803106184573, 38.0689616879
0.0833602543298, 0.88463653007, 0.0676794033569, 0.0126293868649, 0.042260100433, 0.0209411814956, 0.0671592561022, 0.16881788714, 0.137664489992, 0.336999256376, 0.142816940123, 0.647020543919, 0.433121736969, 0.610532808522, 0.0956163353655, 0.14081774494, 0.864350096731, 0.237498339091, 0.988084799851, 0.236545112556, 0.155814854269, 0.57027706188, 0.693961832926, 0.395934398211, 0.0906586008038, 0.66178193234, 0.398518266903, 0.0833602543298, 0.88463653007, 0.0676794033569, 0.0126293868649, 0.042260100433, 0.0209411814956, 0.0671592561022, 44.4359245632
0.224072730518, 0.0116521534844, 0.125086354601, 0.027600825227, 0.00721787537463, 0.139859038943, 0.801794445162, 0.0475314211818, 0.0388502040176, 0.65713918764, 0.490949443539, 0.0469619423805, 0.0702350689104, 0.838480334235, 0.0981481245185, 0.0162165829964, 0.241138636267, 0.241658846602, 0.00267551696168, 0.0406065984839, 0.104984818378, 0.27294811662, 0.665725733042, 0.028779910472, 0.0264152533689, 0.815117988857, 0.0548055473345, 0.224072730518, 0.0116521534844, 0.125086354601, 0.027600825227, 0.00721787537463, 0.139859038943, 0.801794445162, 32.9131265989
0.121716280561, 0.735739234475, 0.201935237025, 0.123018378852, 0.138732064014, 0.201612593982, 0.0415647528375, 0.171057025764, 0.16216757171, 0.340818846211, 0.809504596696, 0.567428007484, 0.0490062313349, 0.839874881066, 0.0758022666089, 0.612413196048, 0.785663413099, 0.365318348356, 0.793053470413, 0.505376853467, 0.282392050633, 0.352443946387, 0.886239749677, 0.0681304389678, 0.986721900447, 0.289654224475, 0.05065350244, 0.121716280561, 0.735739234475, 0.201935237025, 0.123018378852, 0.138732064014, 0.201612593982, 0.0415647528375, 47.8387764024
0.0524322621293, 0.0579857384005, 0.00511196971702, 0.131728738036, 0.181993358555, 0.537534664928, 0.0637310688354, 0.709367184165, 0.139681772851, 0.689090820407, 0.142827498202, 0.0785250429911, 0.692080207718, 0.844316930603, 0.0741376858977, 0.680990025635, 0.248922417168, 0.237351721812, 0.259530608992, 0.786972974261, 0.254362124985, 0.179348202592, 0.0504212652042, 0.616526271555, 0.314702156396, 0.638287249375, 0.290400589052, 0.0524322621293, 0.0579857384005, 0.00511196971702, 0.131728738036, 0.181993358555, 0.537534664928, 0.0637310688354, 44.3722497482
0.124278657597, 0.717323987775, 0.0636416386055, 0.103608826649, 0.755005443389, 0.0830649760521, 0.0647820806286, 0.542199486362, 0.141999265225, 0.644937802172, 0.679333048425, 0.433423956102, 0.688691936441, 0.911080815003, 0.0992089438783, 0.579807692698, 0.250029393061, 0.236537815218, 0.730879951436, 0.759865352039, 0.148969914576, 0.629659531916, 0.0504872803276, 0.417965387969, 0.198888863913, 0.848406965689, 0.0534406888582, 0.124278657597, 0.717323987775, 0.0636416386055, 0.103608826649, 0.755005443389, 0.0830649760521, 0.0647820806286, 47.9530439094
0.0524322621293, 0.0580406463459, 0.896136185672, 0.131595425558, 0.181993358555, 0.0663851668756, 0.0637310688354, 0.666111060966, 0.139681772851, 0.689090820407, 0.142827498202, 0.0774007971127, 0.0856759763886, 0.955519754591, 0.0892748270011, 0.0213610097278, 0.248973742205, 0.238017378257, 0.259530608992, 0.0428434728962, 0.144842592569, 0.179348202592, 0.0504212652042, 0.616526271555, 0.315533916391, 0.0777492241023, 0.2450011101, 0.0524322621293, 0.0580406463459, 0.896136185672, 0.131595425558, 0.181993358555, 0.0663851668756, 0.0637310688354, 34.6368777452
0.860561196496, 0.0193897278073, 0.739645422319, 0.431179942264, 0.776629456174, 0.018766953748, 0.113886715927, 0.173437132096, 0.0461370232644, 0.666336790315, 0.00278508507743, 0.661406807246, 0.284832348602, 0.0538815817004, 0.105418152989, 0.0179994715695, 0.408988750949, 0.242492093619, 0.947761375388, 0.169799305735, 0.217364816742, 0.343158996563, 0.204338033646, 0.0675540057943, 0.184157456636, 0.0503427696867, 0.0462614375157, 0.860561196496, 0.0193897278073, 0.739645422319, 0.431179942264, 0.776629456174, 0.018766953748, 0.113886715927, 32.9445760621
0.0938795598691, 0.00920444401047, 0.057715429044, 0.568308641401, 0.141354281887, 0.000198703495422, 0.788083599661, 0.2837886933, 0.126588881431, 0.836510551278, 0.917021747004, 0.586083266388, 0.434064503847, 0.83377693643, 0.0918481264871, 0.723838307867, 0.22934680133, 0.237548080219, 0.334099383889, 0.943912396519, 0.188609963832, 0.789983525796, 0.208684704089, 0.0638019638415, 0.0213854826049, 0.81903607294, 0.423913440253, 0.0938795598691, 0.00920444401047, 0.057715429044, 0.568308641401, 0.141354281887, 0.000198703495422, 0.788083599661, 48.314141168
0.222229474695, 0.0538699544182, 0.0866783081519, 0.879226909558, 0.795455523172, 0.0244370311895, 0.774733840157, 0.0259141247012, 0.143348258218, 0.806954286014, 0.150729658641, 0.0244698152676, 0.349427955291, 0.532563858341, 0.0965393312791, 0.0231315805889, 0.35888325989, 0.555122686936, 0.387781249582, 0.263269036195, 0.256889076049, 0.139870625157, 0.810758817857, 0.1495121381, 0.0152802470498, 0.591456349913, 0.121132138172, 0.222229474695, 0.0538699544182, 0.0866783081519, 0.879226909558, 0.795455523172, 0.0244370311895, 0.774733840157, 36.0613290345
0.0627670732502, 0.0372050636954, 0.0641694458973, 0.877474193491, 0.792934241723, 0.832000839813, 0.0741876059391, 0.173429120442, 0.137256726353, 0.268155819802, 0.411941479463, 0.662735130391, 0.216125507645, 0.61114732166, 0.548657928897, 0.017927528527, 0.40949423461, 0.0783931831036, 0.390880669412, 0.266472671905, 0.204683627711, 0.342998313779, 0.246118561169, 0.403969095219, 0.0908577237081, 0.403213351601, 0.253167521543, 0.0627670732502, 0.0372050636954, 0.0641694458973, 0.877474193491, 0.792934241723, 0.832000839813, 0.0741876059391, 37.2564928739
0.11949479884, 0.949954153871, 0.0673271406572, 0.0265345200227, 0.142922347827, 0.120815747932, 0.783683507713, 0.549348317802, 0.145561731796, 0.345514265192, 0.678508025793, 0.432205094755, 0.55389923119, 0.928408408969, 0.657905380291, 0.590043649652, 0.840869925945, 0.74972834513, 0.78716453076, 0.759443614925, 0.218508212085, 0.270885597263, 0.296834938723, 0.396533772474, 0.0251711517451, 0.651318009646, 0.565789271833, 0.11949479884, 0.949954153871, 0.0673271406572, 0.0265345200227, 0.142922347827, 0.120815747932, 0.783683507713, 52.8055641075
0.0627670732502, 0.0665379325616, 0.0686119546797, 0.0724036767823, 0.147435811518, 0.860301791494, 0.0653029678754, 0.162731839798, 0.140799137807, 0.335534357585, 0.411941479463, 0.668063831838, 0.214981359358, 0.61114732166, 0.101239135584, 0.0279157751022, 0.248126150849, 0.0816858581616, 0.0265442820001, 0.26713748758, 0.0846723732548, 0.344468970318, 0.0541557155206, 0.402458723175, 0.301305481485, 0.989980190263, 0.0494990346623, 0.0627670732502, 0.0665379325616, 0.0686119546797, 0.0724036767823, 0.147435811518, 0.860301791494, 0.0653029678754, 35.5044389083
0.495231674248, 0.0571169465456, 0.00354730286299, 0.152954867002, 0.778692454844, 0.0723539017673, 0.0637361518033, 0.533076283984, 0.118447535391, 0.645904767467, 0.142599008482, 0.0784884204617, 0.693165819551, 0.152615660265, 0.0367342011748, 0.0459391256851, 0.250028173382, 0.568610298505, 0.258228030927, 0.259232000245, 0.34518064585, 0.175381883373, 0.255419943803, 0.616472797611, 0.0317539453881, 0.66024209979, 0.0437581060333, 0.495231674248, 0.0571169465456, 0.00354730286299, 0.152954867002, 0.778692454844, 0.0723539017673, 0.0637361518033, 36.9554815542
0.223960702187, 0.010602217236, 0.914545244244, 0.03021250544, 0.00842219083246, 0.0014624058005, 0.78808327224, 0.164334238674, 0.188107953622, 0.658700720728, 0.488469078507, 0.656953239357, 0.467221032459, 0.829364033532, 0.0949806550133, 0.334731768659, 0.2286759549, 0.316893052003, 0.169373104644, 0.0518901867374, 0.188645323388, 0.137727059482, 0.814778289477, 0.398460742159, 0.0212458196144, 0.835248044713, 0.425400347608, 0.223960702187, 0.010602217236, 0.914545244244, 0.03021250544, 0.00842219083246, 0.0014624058005, 0.78808327224, 42.268215942
0.0634183898189, 0.742971301039, 0.126224863341, 0.0288063574879, 0.797294181619, 0.191150232297, 0.788647935939, 0.16571552586, 0.193062411815, 0.659779653641, 0.485733039936, 0.648287952102, 0.434374051449, 0.585390747774, 0.0949806550133, 0.0516473200469, 0.10276925039, 0.316189138832, 0.169373104644, 0.379342442267, 0.198544654738, 0.272847223422, 0.238441033551, 0.398460742159, 0.0786248924718, 0.392506636834, 0.321777456544, 0.0634183898189, 0.742971301039, 0.126224863341, 0.0288063574879, 0.797294181619, 0.191150232297, 0.788647935939, 37.4656586412
0.867514911487, 0.0121687956825, 0.033916941372, 0.072337882028, 0.783903138873, 0.848429555277, 0.246727459403, 0.253814106631, 0.0327082514085, 0.38710147421, 0.363043937867, 0.665882932535, 0.0782254375367, 0.232896892937, 0.385907042959, 0.0272733742608, 0.812664685253, 0.231695281628, 0.00635537140272, 0.0075841633136, 0.204174867028, 0.482517834156, 0.227423319715, 0.226637563944, 0.301466388247, 0.410967349701, 0.409484756463, 0.867514911487, 0.0121687956825, 0.033916941372, 0.072337882028, 0.783903138873, 0.848429555277, 0.246727459403, 35.8449047036
0.212652530126, 0.0201001344238, 0.0677424177155, 0.912045217889, 0.794949443347, 0.185826171965, 0.0723057957082, 0.00490577988198, 0.134907681856, 0.184423107132, 0.129701125814, 0.96328734433, 0.0676258532234, 0.163037808161, 0.17946462438, 0.141069958097, 0.249922669326, 0.312039259927, 0.0228867062887, 0.367785154328, 0.341225487937, 0.495294667837, 0.608024759564, 0.0788717882787, 0.873203012359, 0.659090093217, 0.0486076299559, 0.212652530126, 0.0201001344238, 0.0677424177155, 0.912045217889, 0.794949443347, 0.185826171965, 0.0723057957082, 37.0337472647
0.399237019642, 0.0191508741951, 0.0728963395744, 0.0125739836612, 0.363772832812, 0.0131526384889, 0.0731743312805, 0.0428504532912, 0.0198569060829, 0.151906108712, 0.0407037218523, 0.0132691629047, 0.215750392846, 0.592611121563, 0.684367125184, 0.0288524338649, 0.805855316586, 0.416988945818, 0.532445047005, 0.00659227920135, 0.209861599289, 0.0235221874628, 0.451442415355, 0.213203907509, 0.0374859421703, 0.0944326121121, 0.37552962453, 0.399237019642, 0.0191508741951, 0.0728963395744, 0.0125739836612, 0.363772832812, 0.0131526384889, 0.0731743312805, 33.7431705722
0.756118506682, 0.0231324766703, 0.0669816512139, 0.0524324301641, 0.0987109440663, 0.945491545761, 0.119026239058, 0.760662904247, 0.348277994021, 0.690517560833, 0.324334339763, 0.420145106366, 0.0426323388486, 0.210485678754, 0.0744007009933, 0.0173601630805, 0.144207798068, 0.559912357532, 0.0238051022155, 0.0110651721622, 0.283888317736, 0.489655387069, 0.333675778035, 0.0342044569713, 0.0502196766973, 0.975967444404, 0.206868834977, 0.756118506682, 0.0231324766703, 0.0669816512139, 0.0524324301641, 0.0987109440663, 0.945491545761, 0.119026239058, 37.0784921853
0.866633760859, 0.717323987775, 0.0596016566526, 0.126395354356, 0.0043645843033, 0.108663392164, 0.00858939727657, 0.711774074204, 0.130247707739, 0.690267936865, 0.480774661959, 0.561861264482, 0.852592148107, 0.833258708258, 0.0703705119422, 0.724616333078, 0.772608358254, 0.236537815218, 0.905833018807, 0.810395218472, 0.28711306714, 0.492322885655, 0.881651689329, 0.0749944697345, 0.939600274633, 0.851501009766, 0.0534406888582, 0.866633760859, 0.717323987775, 0.0596016566526, 0.126395354356, 0.0043645843033, 0.108663392164, 0.00858939727657, 56.1739965288
0.124978775233, 0.725879184429, 0.94003527527, 0.129369245364, 0.787541183637, 0.00212952647051, 0.0725372720547, 0.0514123849724, 0.18827519077, 0.165004651085, 0.816625936879, 0.0108410424488, 0.0601494823338, 0.154861142066, 0.180536521544, 0.0426174424237, 0.249922669326, 0.568830684689, 0.0304973461295, 0.266144432452, 0.153344782196, 0.479328797147, 0.279081783572, 0.32680737857, 0.888386998637, 0.841551021959, 0.312864043235, 0.124978775233, 0.725879184429, 0.94003527527, 0.129369245364, 0.787541183637, 0.00212952647051, 0.0725372720547, 37.0987425408
0.123746013671, 0.725879184429, 0.110552868436, 0.129185923841, 0.787541183637, 0.0827815237065, 0.0724265509208, 0.0317201211301, 0.117594129005, 0.163533958826, 0.126604854705, 0.0108408705165, 0.0601494823338, 0.154861142066, 0.180536521544, 0.0426412663121, 0.249922669326, 0.324065770481, 0.0292275756199, 0.266144432452, 0.153143246908, 0.630444044649, 0.251071436657, 0.32680737857, 0.878439177282, 0.841551021959, 0.312864043235, 0.123746013671, 0.725879184429, 0.110552868436, 0.129185923841, 0.787541183637, 0.0827815237065, 0.0724265509208, 34.0225082766
0.749055958755, 0.0633761613641, 0.105040299004, 0.0270745662003, 0.0952193057032, 0.926630809852, 0.0638468523757, 0.838271092238, 0.345529412075, 0.195121157942, 0.329466443664, 0.392026300705, 0.685396526311, 0.21490832861, 0.404334634683, 0.880538358338, 0.249690799165, 0.64499335606, 0.694289303121, 0.371819956606, 0.63133849608, 0.483390510306, 0.505050966141, 0.473456445934, 0.056284058842, 0.979238711817, 0.16147882559, 0.749055958755, 0.0633761613641, 0.105040299004, 0.0270745662003, 0.0952193057032, 0.926630809852, 0.0638468523757, 49.6508651373
0.0614236196818, 0.0677869706182, 0.134468988594, 0.629569907205, 0.134003259744, 0.0101077937149, 0.836376181148, 0.165620723162, 0.117003751163, 0.645849437445, 0.348025192041, 0.00725486012844, 0.285997333969, 0.0484295669635, 0.643916185295, 0.075393262431, 0.24812318873, 0.370995826125, 0.337653317424, 0.79940569535, 0.162832100236, 0.161341249979, 0.0663605881192, 0.440953057881, 0.619109898998, 0.827655739378, 0.259261080062, 0.0614236196818, 0.0677869706182, 0.134468988594, 0.629569907205, 0.134003259744, 0.0101077937149, 0.836376181148, 39.4026547079
0.0938795598691, 0.00920444401047, 0.0578011553772, 0.0172089279091, 0.135282047732, 0.889247437318, 0.788083599661, 0.2837886933, 0.126588881431, 0.836510551278, 0.415106756509, 0.586083266388, 0.440901437586, 0.83377693643, 0.396787623185, 0.729922813069, 0.22934680133, 0.235397324511, 0.708167229961, 0.943912396519, 0.188692790942, 0.784084086522, 0.208684704089, 0.439634116157, 0.0904916774144, 0.81903607294, 0.423913440253, 0.0938795598691, 0.00920444401047, 0.0578011553772, 0.0172089279091, 0.135282047732, 0.889247437318, 0.788083599661, 50.2407287936
0.06054916118, 0.0663583310917, 0.133224888547, 0.167189025352, 0.792934241723, 0.867492565675, 0.118775473974, 0.163002936638, 0.137585662095, 0.442094270379, 0.643150935921, 0.0040955820298, 0.214874207302, 0.613181711905, 0.0509072256989, 0.0314807830342, 0.247321813843, 0.0785281405763, 0.733328577418, 0.223650994416, 0.153953590247, 0.344468970318, 0.0516514460795, 0.404032716463, 0.0896892332254, 0.402352626925, 0.506747068875, 0.06054916118, 0.0663583310917, 0.133224888547, 0.167189025352, 0.792934241723, 0.867492565675, 0.118775473974, 35.2845644081
0.121716280561, 0.735739234475, 0.201935237025, 0.766896844228, 0.138732064014, 0.201612593982, 0.0419180849999, 0.171057025764, 0.16216757171, 0.339433916502, 0.809504596696, 0.0383114157774, 0.0673190350361, 0.581005179424, 0.637925332008, 0.612413196048, 0.785663413099, 0.365318348356, 0.793053470413, 0.505376853467, 0.282392050633, 0.352443946387, 0.23860545346, 0.442940683019, 0.795032540034, 0.289654224475, 0.404548148047, 0.121716280561, 0.735739234475, 0.201935237025, 0.766896844228, 0.138732064014, 0.201612593982, 0.0419180849999, 46.47846045
0.0939512036529, 0.0522318590625, 0.910467344006, 0.623329227729, 0.141354281887, 0.000198703495422, 0.788083599661, 0.2837886933, 0.126582998021, 0.836510551278, 0.917021747004, 0.586083266388, 0.434064503847, 0.96001322691, 0.0917787968967, 0.723838307867, 0.22934680133, 0.224702104009, 0.338866398518, 0.943912396519, 0.188609963832, 0.789983525796, 0.208745858029, 0.0287866456086, 0.0213854826049, 0.81903607294, 0.423913440253, 0.0939512036529, 0.0522318590625, 0.910467344006, 0.623329227729, 0.141354281887, 0.000198703495422, 0.788083599661, 48.2505298341
0.123252470995, 0.029952367193, 0.125683901795, 0.152709712323, 0.0388263408172, 0.0209411814956, 0.803001279191, 0.687100105307, 0.141110662284, 0.340194394896, 0.142816940123, 0.639003877769, 0.433121736969, 0.217407072261, 0.0956163353655, 0.140991545863, 0.863043795664, 0.538295983491, 0.987132208751, 0.777380523363, 0.28384812631, 0.576219426672, 0.312017690248, 0.0594148001753, 0.0924094588095, 0.886477249878, 0.146147520744, 0.123252470995, 0.029952367193, 0.125683901795, 0.152709712323, 0.0388263408172, 0.0209411814956, 0.803001279191, 45.632074697
0.750522687154, 0.308981739742, 0.785956140655, 0.0700423541274, 0.151856822521, 0.00908095529963, 0.00832884742783, 0.0478691634869, 0.0334465511908, 0.344075325987, 0.140122447793, 0.292888483269, 0.272806343557, 0.860533535649, 0.526522466294, 0.3113193123, 0.864095701432, 0.238192876615, 0.976605033626, 0.0195259789266, 0.155684732484, 0.16259958757, 0.229328845668, 0.32260360953, 0.610274564523, 0.0621134735998, 0.411611126082, 0.750522687154, 0.308981739742, 0.785956140655, 0.0700423541274, 0.151856822521, 0.00908095529963, 0.00832884742783, 40.167670374
0.0534839126139, 0.0107047212005, 0.059837579671, 0.0711815784735, 0.0313207393199, 0.0728029478695, 0.0742999538808, 0.0513211615635, 0.0335897179837, 0.914619804987, 0.144604539359, 0.0503359637004, 0.276116499755, 0.583623453893, 0.657665756654, 0.287844685753, 0.24566915463, 0.236405191785, 0.965687251514, 0.0393116709993, 0.154165466516, 0.487479782154, 0.229326683379, 0.323406967244, 0.603355420584, 0.66997613894, 0.40946133811, 0.0534839126139, 0.0107047212005, 0.059837579671, 0.0711815784735, 0.0313207393199, 0.0728029478695, 0.0742999538808, 42.40862839
0.872012356558, 0.737151014965, 0.0660393261758, 0.0685666877744, 0.138375427646, 0.849037005992, 0.114026965936, 0.160393397626, 0.136812277835, 0.877003681043, 0.113016255514, 0.655078777891, 0.426460026246, 0.838230016125, 0.641879432732, 0.620008851246, 0.808909983869, 0.240958342471, 0.795823658339, 0.13618095557, 0.189385625945, 0.174801968324, 0.683828862457, 0.38828018578, 0.311162206087, 0.129826607775, 0.256654677271, 0.872012356558, 0.737151014965, 0.0660393261758, 0.0685666877744, 0.138375427646, 0.849037005992, 0.114026965936, 45.9041940796
0.851493443235, 0.717323987775, 0.0676149880232, 0.127247322126, 0.828719329966, 0.1076546919, 0.00858939727657, 0.709311104941, 0.134506208848, 0.67614534466, 0.480774661959, 0.562753340668, 0.0671120594295, 0.833258708258, 0.182883235669, 0.325094381527, 0.76147736222, 0.236537815218, 0.0281274120154, 0.82770380185, 0.286945385159, 0.636816743958, 0.881651689329, 0.0749944697345, 0.939424257331, 0.851501009766, 0.0486241963596, 0.851493443235, 0.717323987775, 0.0676149880232, 0.127247322126, 0.828719329966, 0.1076546919, 0.00858939727657, 49.3673133844
0.376452907667, 0.017337843784, 0.105464487162, 0.130906915356, 0.130574876709, 0.0170187117657, 0.101804135701, 0.500573912336, 0.557309726523, 0.839390823593, 0.94979302449, 0.97227215404, 0.346162950254, 0.83410059817, 0.0725970849215, 0.510531716467, 0.89383786821, 0.384507414156, 0.711246182354, 0.90190282058, 0.152909546473, 0.27237020338, 0.250701257577, 0.400030151699, 0.0390458806873, 0.859175442493, 0.122053352968, 0.376452907667, 0.017337843784, 0.105464487162, 0.130906915356, 0.130574876709, 0.0170187117657, 0.101804135701, 53.8081655688
0.0544313880597, 0.0580044483783, 0.126844803145, 0.454156204072, 0.788940303377, 0.018889169429, 0.0637310688354, 0.0221102388549, 0.143827124623, 0.644503875976, 0.131154560109, 0.0785250429911, 0.435102775258, 0.84576162313, 0.0971222887832, 0.0492931207896, 0.530622807239, 0.652159306255, 0.259530608992, 0.263316237974, 0.255272493397, 0.179185487938, 0.0504212652042, 0.616526271555, 0.403377432662, 0.0634442985925, 0.325158749458, 0.0544313880597, 0.0580044483783, 0.126844803145, 0.454156204072, 0.788940303377, 0.018889169429, 0.0637310688354, 37.4354821826
0.0627652121178, 0.0316059855718, 0.13105794027, 0.584921851989, 0.207874073102, 0.715246665402, 0.107728074633, 0.558655616378, 0.129477506408, 0.664040444559, 0.387430698768, 0.669407890279, 0.214981359358, 0.53985733907, 0.352880668666, 0.0812214113034, 0.248003969663, 0.0763578678575, 0.0210900565074, 0.266437217769, 0.205202073624, 0.340587960331, 0.258197484686, 0.0644853617279, 0.0693099246278, 0.401764732891, 0.408724250889, 0.0627652121178, 0.0316059855718, 0.13105794027, 0.584921851989, 0.207874073102, 0.715246665402, 0.107728074633, 37.1019316106
0.0640457089824, 0.0106958963699, 0.220384019586, 0.070505819889, 0.0427293653357, 0.128535234624, 0.0775090609078, 0.175434965071, 0.116917637661, 0.103212410866, 0.1442002511, 0.568316068351, 0.037832815085, 0.845756100777, 0.39698389795, 0.587654724107, 0.406244088632, 0.236382420661, 0.708390423837, 0.945974368141, 0.281724440441, 0.48030604919, 0.680073112378, 0.775025544921, 0.0272080425234, 0.0815996079682, 0.335846097737, 0.0640457089824, 0.0106958963699, 0.220384019586, 0.070505819889, 0.0427293653357, 0.128535234624, 0.0775090609078, 44.3700709335
0.219981176104, 0.715694514587, 0.13105794027, 0.584921851989, 0.207874073102, 0.704251066665, 0.114095560587, 0.557528965336, 0.0319445668722, 0.664040444559, 0.389184359308, 0.188869135049, 0.283562290278, 0.53985733907, 0.38553285255, 0.534693618121, 0.244805520216, 0.189924022339, 0.945365147463, 0.266437217769, 0.205202073624, 0.487861012558, 0.228680031663, 0.0647487992074, 0.0157712424093, 0.0778853606102, 0.0552840890321, 0.219981176104, 0.715694514587, 0.13105794027, 0.584921851989, 0.207874073102, 0.704251066665, 0.114095560587, 38.325363857
0.176756195219, 0.017337843784, 0.143318941568, 0.101604347565, 0.138087024093, 0.0162703862822, 0.766243484887, 0.289591870098, 0.785951182406, 0.336203990116, 0.590306813182, 0.962688917365, 0.376159607887, 0.939862603033, 0.978084024025, 0.509947949719, 0.896827804199, 0.403228646159, 0.785604883225, 0.029500067282, 0.15552130574, 0.790286923292, 0.250836947067, 0.4087568795, 0.0572498160116, 0.594068728641, 0.121636401416, 0.176756195219, 0.017337843784, 0.143318941568, 0.101604347565, 0.138087024093, 0.0162703862822, 0.766243484887, 52.4179049383
0.0848463986936, 0.0187007389105, 0.0656219023597, 0.777919334164, 0.207297460653, 0.103985654864, 0.106741432985, 0.549288126148, 0.129474287198, 0.662777532493, 0.840755370489, 0.687945320738, 0.21508870542, 0.154861142066, 0.0928865268709, 0.0371591811662, 0.248757520809, 0.191276893314, 0.0228867062887, 0.267347849498, 0.206534444872, 0.341631851261, 0.251333932505, 0.0645023864764, 0.76510328417, 0.0878336993699, 0.0612670157321, 0.0848463986936, 0.0187007389105, 0.0656219023597, 0.777919334164, 0.207297460653, 0.103985654864, 0.106741432985, 36.7699981872
0.0640314137146, 0.0107047212005, 0.21922390832, 0.0714181715631, 0.044046806262, 0.00737970013044, 0.0267536611702, 0.105895159877, 0.0335897179837, 0.914619804987, 0.144604539359, 0.0525020626608, 0.276116499755, 0.583623453893, 0.657665756654, 0.287652305742, 0.24566915463, 0.236405191785, 0.00205159192909, 0.0298799853995, 0.155970717825, 0.425716310537, 0.229326683379, 0.323406967244, 0.603355420584, 0.108337153792, 0.335542233294, 0.0640314137146, 0.0107047212005, 0.21922390832, 0.0714181715631, 0.044046806262, 0.00737970013044, 0.0267536611702, 36.5916806387
0.512401854108, 0.0187342662464, 0.0679993471522, 0.0719863715851, 0.143833179943, 0.0024941481481, 0.0650034298653, 0.0511501342235, 0.141309222697, 0.204236366723, 0.835020076498, 0.010511575534, 0.0697619586141, 0.154861142066, 0.0991829880143, 0.0279435443736, 0.802449752342, 0.569443723754, 0.0228867062887, 0.270324794677, 0.218519029182, 0.478957780701, 0.278877078822, 0.061646338965, 0.306008240275, 0.985506015104, 0.0535307997047, 0.512401854108, 0.0187342662464, 0.0679993471522, 0.0719863715851, 0.143833179943, 0.0024941481481, 0.0650034298653, 36.2132196093
0.0634183898189, 0.750014248796, 0.125819478532, 0.0288063574879, 0.135721184447, 0.191333091672, 0.788647935939, 0.164334238674, 0.193062411815, 0.659779653641, 0.486793764161, 0.648287952102, 0.378043873645, 0.585390747774, 0.0949806550133, 0.333073214354, 0.10276925039, 0.316189138832, 0.169373104644, 0.0471817185322, 0.198544654738, 0.13972429114, 0.814778289477, 0.398460742159, 0.0575012262597, 0.394393036838, 0.0677127318407, 0.0634183898189, 0.750014248796, 0.125819478532, 0.0288063574879, 0.135721184447, 0.191333091672, 0.788647935939, 37.8862821039
0.673184678336, 0.976778121016, 0.125683901795, 0.152709712323, 0.0434831630885, 0.00807126178753, 0.0320308049599, 0.0322771128098, 0.034543645184, 0.897886460774, 0.145089515797, 0.292888483269, 0.433018042671, 0.865187641623, 0.0942730901652, 0.0569451044493, 0.864223229475, 0.236389405687, 0.00116415497777, 0.0209113475101, 0.155684732484, 0.161511445778, 0.215609423044, 0.325174258506, 0.610274564523, 0.104741172004, 0.336262014353, 0.673184678336, 0.976778121016, 0.125683901795, 0.152709712323, 0.0434831630885, 0.00807126178753, 0.0320308049599, 36.781174143
0.119654905151, 0.957271000733, 0.125086354601, 0.0690623547731, 0.00721787537463, 0.875846320374, 0.801794445162, 0.162787554714, 0.0388502040176, 0.34179168095, 0.48498845842, 0.448287592438, 0.0654607446826, 0.838325482292, 0.0981481245185, 0.624780980345, 0.809331285577, 0.240945003465, 0.00093267216125, 0.0216002919643, 0.335441735529, 0.27294811662, 0.674173182033, 0.028779910472, 0.316822495615, 0.817091592324, 0.412100922306, 0.119654905151, 0.957271000733, 0.125086354601, 0.0690623547731, 0.00721787537463, 0.875846320374, 0.801794445162, 40.4356246814
0.223411727704, 0.0257867292206, 0.0321006126532, 0.117827664154, 0.799463822442, 0.0723539017673, 0.0882205721179, 0.0497184522319, 0.11807424657, 0.184396976208, 0.125705861805, 0.0444746875326, 0.0180205268536, 0.859095483909, 0.100050594763, 0.0370448099251, 0.249991530255, 0.574544736486, 0.0236051574207, 0.041122389824, 0.343324455196, 0.350793113017, 0.215920306161, 0.332185522356, 0.0317539453881, 0.962438317622, 0.0438147128681, 0.223411727704, 0.0257867292206, 0.0321006126532, 0.117827664154, 0.799463822442, 0.0723539017673, 0.0882205721179, 32.5823092398
0.222380762408, 0.98195790544, 0.0866783081519, 0.879226909558, 0.141911165079, 0.0244365232859, 0.774733840157, 0.348423719464, 0.119707676412, 0.346821941606, 0.966849982131, 0.0244698152676, 0.361877677908, 0.856408890749, 0.0811875713778, 0.0113298195594, 0.411523377369, 0.555122686936, 0.387781249582, 0.0428927931891, 0.342880206022, 0.774243192504, 0.23875479577, 0.1495121381, 0.0211565930869, 0.594136381844, 0.123603648325, 0.222380762408, 0.98195790544, 0.0866783081519, 0.879226909558, 0.141911165079, 0.0244365232859, 0.774733840157, 39.4696050812
0.399237019642, 0.0191508741951, 0.0730840110252, 0.117390378445, 0.139133148322, 0.0254004759335, 0.0731743312805, 0.163898637884, 0.0156133857076, 0.926236500862, 0.0407037218523, 0.903837846207, 0.214992330449, 0.58647388579, 0.0782171743862, 0.469144509534, 0.805855316586, 0.414892221275, 0.532274742064, 0.00659227920135, 0.209861599289, 0.0416177170224, 0.231024530481, 0.436944671349, 0.0354752596497, 0.0942438583368, 0.257027830434, 0.399237019642, 0.0191508741951, 0.0730840110252, 0.117390378445, 0.139133148322, 0.0254004759335, 0.0731743312805, 39.1168031406
0.674755595604, 0.967957704004, 0.125683901795, 0.15170018331, 0.0389785937616, 0.0367511554154, 0.788761734627, 0.93746655048, 0.135287817015, 0.332174071487, 0.141046240914, 0.656040822499, 0.0642617339928, 0.586428370414, 0.0956163353655, 0.140991545863, 0.470599998199, 0.23737209547, 0.993521378073, 0.184575163975, 0.155820178685, 0.518781769661, 0.300675567224, 0.0674128138009, 0.034501606544, 0.809628949388, 0.257693599022, 0.674755595604, 0.967957704004, 0.125683901795, 0.15170018331, 0.0389785937616, 0.0367511554154, 0.788761734627, 40.9188224409
0.750476231454, 0.010324781487, 0.202230090694, 0.072337882028, 0.0433351287599, 0.00950444627441, 0.790757202086, 0.0490917591494, 0.0335897179837, 0.894609125439, 0.144236711507, 0.188022987426, 0.0703058214007, 0.838121537087, 0.0600286335393, 0.612719283516, 0.808814174922, 0.237786200071, 0.980486719609, 0.502659559165, 0.258341221532, 0.479046027402, 0.208233441116, 0.637336320117, 0.313082883523, 0.974658022087, 0.33589994939, 0.750476231454, 0.010324781487, 0.202230090694, 0.072337882028, 0.0433351287599, 0.00950444627441, 0.790757202086, 46.4106907127
0.512401854108, 0.0187342662464, 0.0415480843735, 0.0719863715851, 0.0436136055439, 0.0024941481481, 0.069538683329, 0.0511501342235, 0.141309222697, 0.204236366723, 0.342013213014, 0.010511575534, 0.0697619586141, 0.807829525432, 0.51934694128, 0.634951603672, 0.802449752342, 0.569443723754, 0.0228867062887, 0.26483434675, 0.218519029182, 0.479038111952, 0.278877078822, 0.114491966296, 0.306228712425, 0.985506015104, 0.0255060313103, 0.512401854108, 0.0187342662464, 0.0415480843735, 0.0719863715851, 0.0436136055439, 0.0024941481481, 0.069538683329, 40.5925574048
0.093898565778, 0.750014248796, 0.919840009088, 0.03021250544, 0.141387685522, 0.0014624058005, 0.78808327224, 0.164334238674, 0.193062411815, 0.658700720728, 0.488486831899, 0.648287952102, 0.434559180949, 0.585390747774, 0.0949806550133, 0.334731768659, 0.2286759549, 0.316893052003, 0.169373104644, 0.0518901867374, 0.188645323388, 0.13972429114, 0.814778289477, 0.398460742159, 0.0212458196144, 0.835248044713, 0.425400347608, 0.093898565778, 0.750014248796, 0.919840009088, 0.03021250544, 0.141387685522, 0.0014624058005, 0.78808327224, 41.0591854597
0.0458812945768, 0.0580044483783, 0.00491158835971, 0.0713684881687, 0.783825064327, 0.0183673797093, 0.0637310688354, 0.0298328208891, 0.139983450351, 0.631587487467, 0.142827498202, 0.661769907731, 0.713376469522, 0.844316930603, 0.0971222887832, 0.0360583270667, 0.530735133536, 0.228275927883, 0.259530608992, 0.262472160901, 0.204312868419, 0.484076666483, 0.128821329467, 0.612047634457, 0.401853723709, 0.0634442985925, 0.0247009999619, 0.0458812945768, 0.0580044483783, 0.00491158835971, 0.0713684881687, 0.783825064327, 0.0183673797093, 0.0637310688354, 39.0804897641
0.0715567362906, 0.0116793866178, 0.059087448708, 0.0268104573087, 0.808566713274, 0.00925570977097, 0.810046184606, 0.166525221174, 0.135093675993, 0.185610172314, 0.898134703499, 0.427340427722, 0.245007191623, 0.204969176859, 0.0978414904539, 0.0517595869213, 0.898898631982, 0.228925727141, 0.98069680384, 0.770932550819, 0.213644682552, 0.48968851212, 0.251002250322, 0.0791962374661, 0.187920132334, 0.811550470208, 0.410098179282, 0.0715567362906, 0.0116793866178, 0.059087448708, 0.0268104573087, 0.808566713274, 0.00925570977097, 0.810046184606, 43.2234592996
0.867514911487, 0.0121687956825, 0.0332539832262, 0.0761806767408, 0.145407715431, 0.841842379482, 0.787928780306, 0.253814106631, 0.1264429713, 0.385352931401, 0.931869103411, 0.665882932535, 0.0782254375367, 0.232896892937, 0.385907042959, 0.691397787036, 0.812664685253, 0.231695281628, 0.00635537140272, 0.013810288507, 0.204258166269, 0.790880997402, 0.227423319715, 0.226637563944, 0.2959969465, 0.410967349701, 0.423955053274, 0.867514911487, 0.0121687956825, 0.0332539832262, 0.0761806767408, 0.145407715431, 0.841842379482, 0.787928780306, 41.6876680044
0.0679273851459, 0.0665379325616, 0.0689580429977, 0.165603257675, 0.0389087473571, 0.0289355308896, 0.118775473974, 0.163002936638, 0.140799137807, 0.335534357585, 0.141323000255, 0.655811551951, 0.215173771646, 0.610850401481, 0.0509072256989, 0.032012082602, 0.248126150849, 0.24341251745, 0.707564439767, 0.26713748758, 0.0846723732548, 0.344468970318, 0.0524581769108, 0.403938747826, 0.0896892332254, 0.404140411511, 0.499240127424, 0.0679273851459, 0.0665379325616, 0.0689580429977, 0.165603257675, 0.0389087473571, 0.0289355308896, 0.118775473974, 36.335107897
0.750476231454, 0.306873071638, 0.233177030543, 0.0229833991473, 0.0433351287599, 0.121628669908, 0.790531973171, 0.0488495855124, 0.14085368703, 0.894674261537, 0.363569957395, 0.2870993211, 0.0702897374139, 0.830812581735, 0.520394483654, 0.644001824316, 0.808819220733, 0.236180594367, 0.26162704266, 0.0203179110352, 0.33453342533, 0.474484711461, 0.311784250907, 0.0726843084861, 0.294477833243, 0.103833199923, 0.333876620893, 0.750476231454, 0.306873071638, 0.233177030543, 0.0229833991473, 0.0433351287599, 0.121628669908, 0.790531973171, 40.7180814133
0.866179030367, 0.0193897278073, 0.0633700618813, 0.575207452019, 0.143410155137, 0.02094989487, 0.0958691279196, 0.161415080604, 0.0607558895402, 0.66463391178, 0.0128594063845, 0.0351057981984, 0.210283825906, 0.0537218269629, 0.0757668857608, 0.0747143492407, 0.527887015899, 0.36951192755, 0.844616087243, 0.825246393659, 0.217185393925, 0.16497288007, 0.228317786939, 0.0675540057943, 0.554637235743, 0.131535660106, 0.0462614375157, 0.866179030367, 0.0193897278073, 0.0633700618813, 0.575207452019, 0.143410155137, 0.02094989487, 0.0958691279196, 34.8134740828
0.672451787641, 0.976778121016, 0.125683901795, 0.15170018331, 0.767934402701, 0.0209175756288, 0.059324770946, 0.00431714828127, 0.134269530038, 0.315416964077, 0.147850493001, 0.431401589581, 0.431166153879, 0.586428370414, 0.0956233827743, 0.140991545863, 0.864095701432, 0.237498339091, 0.993521378073, 0.221965722303, 0.155664163814, 0.568286978757, 0.671515356284, 0.0638900716791, 0.034501606544, 0.808549254306, 0.25857958064, 0.672451787641, 0.976778121016, 0.125683901795, 0.15170018331, 0.767934402701, 0.0209175756288, 0.059324770946, 41.1127375305
0.519125536665, 0.0312674530451, 0.0679993471522, 0.782093580711, 0.768225491631, 0.104129339188, 0.0722600287578, 0.535220506063, 0.129435462454, 0.197132593543, 0.828078742899, 0.0138370126721, 0.0697619586141, 0.155756638934, 0.0914525330408, 0.0459347438762, 0.253689859332, 0.0679640488088, 0.0299541401126, 0.270324794677, 0.204415498355, 0.436399627891, 0.278877078822, 0.061646338965, 0.0561031081972, 0.404047980286, 0.415110684752, 0.519125536665, 0.0312674530451, 0.0679993471522, 0.782093580711, 0.768225491631, 0.104129339188, 0.0722600287578, 31.8977650308
0.407182814967, 0.0201001344238, 0.0670203451059, 0.117095130391, 0.0416163184549, 0.873672707072, 0.0295676286099, 0.161560838498, 0.0343659360231, 0.948743668261, 0.130935781868, 0.96328734433, 0.0591091146688, 0.819858319723, 0.0783446715292, 0.466469429166, 0.249922669326, 0.312039259927, 0.1568860409, 0.0313162056567, 0.142358485321, 0.0441543467255, 0.249165113826, 0.32449124238, 0.893292290448, 0.113822502763, 0.266002328681, 0.407182814967, 0.0201001344238, 0.0670203451059, 0.117095130391, 0.0416163184549, 0.873672707072, 0.0295676286099, 38.8326177405
0.0812263636094, 0.00809207753784, 0.0670203451059, 0.117095130391, 0.0269774520024, 0.873672707072, 0.00964110392455, 0.152035257165, 0.0343659360231, 0.993683943435, 0.142747460118, 0.981138212019, 0.428253529672, 0.821603886264, 0.0960866058838, 0.141816604446, 0.249935434329, 0.312039259927, 0.165055341802, 0.0323178646932, 0.141706208088, 0.576936992755, 0.706183426546, 0.323171182145, 0.893292290448, 0.10655756257, 0.266481629596, 0.0812263636094, 0.00809207753784, 0.0670203451059, 0.117095130391, 0.0269774520024, 0.873672707072, 0.00964110392455, 42.8437611489
0.121976218201, 0.014167160548, 0.0621673859662, 0.101353952958, 0.271659477549, 0.128045363812, 0.0770700569158, 0.175194535397, 0.188195101059, 0.102152371684, 0.116932769467, 0.0103200540183, 0.0382866157713, 0.84509974225, 0.401562393087, 0.0413657303296, 0.246061171292, 0.313313036398, 0.696837538121, 0.550679687143, 0.150525862289, 0.480198960106, 0.205884908297, 0.763498724273, 0.883385549794, 0.391388842388, 0.317956498957, 0.121976218201, 0.014167160548, 0.0621673859662, 0.101353952958, 0.271659477549, 0.128045363812, 0.0770700569158, 40.6825290063
0.0979044439458, 0.793546828418, 0.105689756286, 0.0249983778768, 0.787759820546, 0.950162368764, 0.0715550852283, 0.852337114141, 0.338867247373, 0.195121157942, 0.142618518728, 0.388727462344, 0.450721211707, 0.860993438818, 0.0934383736867, 0.0724057028746, 0.868501957751, 0.359265762737, 0.0302701625891, 0.181571349135, 0.132992371809, 0.498852080718, 0.510228282073, 0.473636118463, 0.021751416572, 0.0738131936394, 0.252655521002, 0.0979044439458, 0.793546828418, 0.105689756286, 0.0249983778768, 0.787759820546, 0.950162368764, 0.0715550852283, 39.6451726708
0.0544313880597, 0.0579857384005, 0.00511196971702, 0.148947329317, 0.788940303377, 0.537534664928, 0.0637310688354, 0.0420568159316, 0.140258021069, 0.644503875976, 0.142827498202, 0.0785250429911, 0.692430279302, 0.844316930603, 0.0741376858977, 0.858813598676, 0.249705158241, 0.644675863067, 0.259530608992, 0.259524910267, 0.256205091452, 0.179348202592, 0.0504212652042, 0.616526271555, 0.401853723709, 0.638287249375, 0.286644181095, 0.0544313880597, 0.0579857384005, 0.00511196971702, 0.148947329317, 0.788940303377, 0.537534664928, 0.0637310688354, 42.1277713329
0.0656163977813, 0.0309616820995, 0.106459430214, 0.874429506792, 0.125031186264, 0.0118404469503, 0.0667248117245, 0.169390240357, 0.141392200807, 0.340754361475, 0.414263566312, 0.689201507126, 0.216356395471, 0.835020343347, 0.395828914634, 0.031916417533, 0.411552556357, 0.568184113868, 0.391124267746, 0.274042867086, 0.204931945178, 0.344468970318, 0.250682397872, 0.403969095219, 0.106943803807, 0.404140411511, 0.379193243737, 0.0656163977813, 0.0309616820995, 0.106459430214, 0.874429506792, 0.125031186264, 0.0118404469503, 0.0667248117245, 40.6977353903
0.0633851943464, 0.0141183004436, 0.0576095036469, 0.101077684996, 0.269051914837, 0.128535234624, 0.0776719986399, 0.175194535397, 0.116917637661, 0.103212410866, 0.84817842476, 0.585346572339, 0.037832815085, 0.845756100777, 0.398949258148, 0.587654724107, 0.406244088632, 0.237456027268, 0.708390423837, 0.945974368141, 0.188055080017, 0.480198960106, 0.676683215818, 0.775025544921, 0.0272080425234, 0.0815996079682, 0.410496331066, 0.0633851943464, 0.0141183004436, 0.0576095036469, 0.101077684996, 0.269051914837, 0.128535234624, 0.0776719986399, 46.8648097526
0.123252470995, 0.0298663759926, 0.123856578366, 0.152709712323, 0.0388263408172, 0.804436839182, 0.803001279191, 0.687100105307, 0.141110662284, 0.82937508725, 0.143203420844, 0.287175213701, 0.433123613213, 0.217407072261, 0.0956163353655, 0.0675127180676, 0.863043795664, 0.224863162367, 0.262603082853, 0.777380523363, 0.28384812631, 0.176981674907, 0.312017690248, 0.0594148001753, 0.0924094588095, 0.886477249878, 0.146147520744, 0.123252470995, 0.0298663759926, 0.123856578366, 0.152709712323, 0.0388263408172, 0.804436839182, 0.803001279191, 40.4662170749
0.121055696445, 0.696816565794, 0.234064466463, 0.882365072809, 0.0124360689135, 0.0244337292355, 0.0740655847146, 0.953561046399, 0.0353241254413, 0.271488315687, 0.629953176937, 0.0374522505456, 0.0665908587329, 0.211036100784, 0.543062049748, 0.679839867694, 0.467082975942, 0.31630488199, 0.883984548168, 0.184172400926, 0.288242862496, 0.351483625084, 0.299072102006, 0.39112321153, 0.0173474061419, 0.0753983061167, 0.062629552268, 0.121055696445, 0.696816565794, 0.234064466463, 0.882365072809, 0.0124360689135, 0.0244337292355, 0.0740655847146, 39.7864646453
0.121465176586, 0.0197106780112, 0.873775470008, 0.129303397276, 0.78795366835, 0.0556328649605, 0.0724524283555, 0.0317201211301, 0.18827519077, 0.172533941277, 0.126604854705, 0.0173802231702, 0.218174099264, 0.158091599738, 0.180536521544, 0.0407725222319, 0.317384364631, 0.316488359179, 0.0304973461295, 0.0020192195664, 0.153046148943, 0.0352770538293, 0.327841511359, 0.326065424156, 0.896178475986, 0.368872720063, 0.312864043235, 0.121465176586, 0.0197106780112, 0.873775470008, 0.129303397276, 0.78795366835, 0.0556328649605, 0.0724524283555, 30.6683653508
0.0833602543298, 0.726288520449, 0.899086491393, 0.01386605121, 0.042260100433, 0.0209411814956, 0.0671592561022, 0.16881788714, 0.150161437353, 0.165121755776, 0.142816940123, 0.0141019150502, 0.425107119254, 0.155413042861, 0.0956163353655, 0.140468554406, 0.25348100836, 0.237498339091, 0.988084799851, 0.22061291011, 0.15596691739, 0.570286741761, 0.693961832926, 0.395934398211, 0.897675600189, 0.66178193234, 0.312406961328, 0.0833602543298, 0.726288520449, 0.899086491393, 0.01386605121, 0.042260100433, 0.0209411814956, 0.0671592561022, 40.1207795966
0.0627670732502, 0.984622142206, 0.0933644439048, 0.877474193491, 0.771701294586, 0.0143940897381, 0.0746561538933, 0.10586095679, 0.134789583591, 0.335534357585, 0.142135086414, 0.67438160959, 0.214288963656, 0.860356665285, 0.384049624554, 0.00640008794477, 0.319052551946, 0.0753502530521, 0.39432094754, 0.00659321999965, 0.155976257207, 0.344468970318, 0.246134038419, 0.403969095219, 0.111395277815, 0.0631160725829, 0.407332650587, 0.0627670732502, 0.984622142206, 0.0933644439048, 0.877474193491, 0.771701294586, 0.0143940897381, 0.0746561538933, 34.6923342012
0.109626636632, 0.0300280730273, 0.125415265946, 0.0965272410115, 0.803779954277, 0.863974420853, 0.803106184573, 0.161599648195, 0.135017336215, 0.184423107132, 0.129745392219, 0.96328734433, 0.0616621679828, 0.818280502894, 0.0944552775151, 0.0456393856262, 0.249922669326, 0.312877243571, 0.156082014237, 0.772583882682, 0.142156724244, 0.498010570321, 0.249165113826, 0.028885560474, 0.0930159610337, 0.660204502719, 0.0364932828165, 0.109626636632, 0.0300280730273, 0.125415265946, 0.0965272410115, 0.803779954277, 0.863974420853, 0.803106184573, 36.0009442988
0.756118506682, 0.0223872243818, 0.0669816512139, 0.580271091805, 0.0418525601925, 0.960205220721, 0.119026219184, 0.732643058113, 0.339060405972, 0.690517560833, 0.325120130447, 0.419416972997, 0.0370883474734, 0.214219040933, 0.0633238300714, 0.276540479142, 0.318092239545, 0.559912357532, 0.744921362843, 0.0115250279865, 0.283888317736, 0.487708534085, 0.330361716935, 0.0595219120742, 0.050138734647, 0.975967444404, 0.197156239064, 0.756118506682, 0.0223872243818, 0.0669816512139, 0.580271091805, 0.0418525601925, 0.960205220721, 0.119026219184, 41.0689122918
0.0627670732502, 0.98202957101, 0.0933644439048, 0.0638863910669, 0.0378992881661, 0.0143733591335, 0.0746740852319, 0.106221202066, 0.134204879806, 0.335534357585, 0.145291847985, 0.663541436773, 0.21785117357, 0.839096128932, 0.384049624554, 0.0102348827283, 0.325418377234, 0.0769583037073, 0.396291252253, 0.00659321999965, 0.150911060569, 0.344468970318, 0.246134038419, 0.403969095219, 0.308399378615, 0.403128973854, 0.407286526551, 0.0627670732502, 0.98202957101, 0.0933644439048, 0.0638863910669, 0.0378992881661, 0.0143733591335, 0.0746740852319, 36.9929458627
0.0963966110838, 0.0231301990447, 0.931667851772, 0.575207452019, 0.141337245039, 0.0209083138119, 0.095733247358, 0.164360856127, 0.0437076009701, 0.66463391178, 0.00446434802997, 0.962566011964, 0.210131710221, 0.0465260042169, 0.0960388184065, 0.0747143492407, 0.527887015899, 0.242273468472, 0.176090554116, 0.825246393659, 0.218504189321, 0.16567410955, 0.222710318878, 0.0675540057943, 0.554637235743, 0.0503427696867, 0.320967498803, 0.0963966110838, 0.0231301990447, 0.931667851772, 0.575207452019, 0.141337245039, 0.0209083138119, 0.095733247358, 35.9464681618
0.0627077642231, 0.00920444401047, 0.131304763702, 0.87964554489, 0.141354281887, 0.766803093398, 0.107859756032, 0.0486649025386, 0.13497901532, 0.836484084323, 0.919331967463, 0.587160147584, 0.435769067291, 0.606756390155, 0.663526304458, 0.0143241469436, 0.772504409371, 0.230000591445, 0.334099383889, 0.268514099141, 0.188782609445, 0.801286285705, 0.826349127062, 0.0755395732384, 0.973121212183, 0.858448357738, 0.0591496082121, 0.0627077642231, 0.00920444401047, 0.131304763702, 0.87964554489, 0.141354281887, 0.766803093398, 0.107859756032, 49.8955330474
0.51902316219, 0.0312674530451, 0.127402080309, 0.782093580711, 0.0968765171025, 0.104129339188, 0.0712244704139, 0.535220506063, 0.342150037252, 0.197132593543, 0.826208337481, 0.418107491193, 0.0698238365442, 0.0123344864498, 0.0693511709917, 0.0452962890491, 0.253689859332, 0.0726654932763, 0.0299541401126, 0.270324794677, 0.204415498355, 0.436399627891, 0.335945539803, 0.0329000404808, 0.0561031081972, 0.404047980286, 0.415110684752, 0.51902316219, 0.0312674530451, 0.127402080309, 0.782093580711, 0.0968765171025, 0.104129339188, 0.0712244704139, 33.7702209596
0.0679203014398, 0.0665379325616, 0.130781609778, 0.876659815973, 0.139965336472, 0.765620433803, 0.118775473974, 0.0474270968214, 0.134831589591, 0.34096268162, 0.909198560404, 0.655811551951, 0.215173771646, 0.610850401481, 0.66064724007, 0.032012082602, 0.251327761271, 0.24341251745, 0.707564439767, 0.2685385071, 0.191569986979, 0.344468970318, 0.0524581769108, 0.0778535709732, 0.0755886340851, 0.404140411511, 0.499240127424, 0.0679203014398, 0.0665379325616, 0.130781609778, 0.876659815973, 0.139965336472, 0.765620433803, 0.118775473974, 39.5283745596
0.119496244888, 0.957271000733, 0.125458881991, 0.0690623547731, 0.00419865221335, 0.125165279378, 0.783313787574, 0.550552465307, 0.0388502040176, 0.34179168095, 0.48498845842, 0.447960784403, 0.556292892117, 0.838325482292, 0.103581386767, 0.589447367627, 0.809331285577, 0.205767672643, 0.00665529325932, 0.0274446536752, 0.332907838628, 0.27294811662, 0.297519954829, 0.028779910472, 0.315422537216, 0.883678133373, 0.412100922306, 0.119496244888, 0.957271000733, 0.125458881991, 0.0690623547731, 0.00419865221335, 0.125165279378, 0.783313787574, 42.5137933144
0.851493443235, 0.72052569275, 0.0675022905244, 0.127247322126, 0.828719329966, 0.105950772602, 0.0159173129044, 0.666447407252, 0.134506208848, 0.67614534466, 0.480774661959, 0.562753340668, 0.243600375767, 0.833258708258, 0.193071093366, 0.31811364257, 0.76147736222, 0.236537815218, 0.0281274120154, 0.828892546346, 0.287515087673, 0.636816743958, 0.881651689329, 0.0749944697345, 0.195570548667, 0.851501009766, 0.0486241963596, 0.851493443235, 0.72052569275, 0.0675022905244, 0.127247322126, 0.828719329966, 0.105950772602, 0.0159173129044, 47.2175823779
0.0634183898189, 0.011658042517, 0.128760958907, 0.0288063574879, 0.798081520498, 0.189405143829, 0.788647935939, 0.16571552586, 0.193062411815, 0.659779653641, 0.485733039936, 0.648287952102, 0.434374051449, 0.583917266371, 0.0959204941821, 0.441533082439, 0.245836888715, 0.233700886988, 0.160804017637, 0.379342442267, 0.198544654738, 0.272847223422, 0.248806661126, 0.398460742159, 0.0696660687067, 0.392506636834, 0.321777456544, 0.0634183898189, 0.011658042517, 0.128760958907, 0.0288063574879, 0.798081520498, 0.189405143829, 0.788647935939, 39.2330589595
0.0645517343658, 0.890082963014, 0.231574185582, 0.0286849638756, 0.141899161002, 0.0240335455084, 0.111759185527, 0.159773385816, 0.323025543796, 0.342420215401, 0.275642507709, 0.962997162702, 0.43161819085, 0.855070781105, 0.657730678376, 0.509464891699, 0.862528211788, 0.234431153086, 0.978472586607, 0.0279382577392, 0.155145437761, 0.788104676659, 0.234651722059, 0.0694202461976, 0.0212119974654, 0.863270216351, 0.410050409078, 0.0645517343658, 0.890082963014, 0.231574185582, 0.0286849638756, 0.141899161002, 0.0240335455084, 0.111759185527, 48.4489700537
0.781612940031, 0.0236082919919, 0.23491604617, 0.0292816995128, 0.0433351287599, 0.137653602009, 0.790777067124, 0.0488495855124, 0.0360622559558, 0.894609125439, 0.364043170896, 0.190411157223, 0.0405175224553, 0.853096385953, 0.523603202005, 0.622357997887, 0.80845807576, 0.225161646478, 0.00205159192909, 0.000604067672144, 0.333297565414, 0.478868995568, 0.208233441116, 0.772459609274, 0.295232589903, 0.103833199923, 0.405643681326, 0.781612940031, 0.0236082919919, 0.23491604617, 0.0292816995128, 0.0433351287599, 0.137653602009, 0.790777067124, 41.2859566862
0.121489662103, 0.696816565794, 0.234064466463, 0.876142494503, 0.015968751963, 0.826263117485, 0.114039450528, 0.945668365903, 0.0311956475523, 0.894343230815, 0.625336005809, 0.187261933817, 0.284005738727, 0.203110558546, 0.552289284705, 0.542946669332, 0.467134951022, 0.234347956425, 0.946498933071, 0.180025583942, 0.288242862496, 0.265951773486, 0.209292419291, 0.326986280982, 0.0155092232542, 0.0753983061167, 0.0632930255564, 0.121489662103, 0.696816565794, 0.234064466463, 0.876142494503, 0.015968751963, 0.826263117485, 0.114039450528, 41.5252787749
0.111466376195, 0.0231324766703, 0.125565496378, 0.0420942105388, 0.00730636542935, 0.876406727171, 0.825818132154, 0.747560707208, 0.348277994021, 0.681835135208, 0.483615560554, 0.420145106366, 0.0425225774234, 0.210485678754, 0.0744007009933, 0.020831817862, 0.144207798068, 0.559912357532, 0.0238051022155, 0.0318217651243, 0.283888317736, 0.489655387069, 0.331773700313, 0.0857216332575, 0.0502196766973, 0.974096875071, 0.200719407863, 0.111466376195, 0.0231324766703, 0.125565496378, 0.0420942105388, 0.00730636542935, 0.876406727171, 0.825818132154, 37.7163754617
0.123686414526, 0.0375010574789, 0.889598402529, 0.12117754961, 0.131513935888, 0.0660458777964, 0.0562874296631, 0.548636710117, 0.127002124333, 0.859633687611, 0.100217673326, 0.0383114157774, 0.0794982174949, 0.957835691237, 0.089256171018, 0.0394178039775, 0.23873028433, 0.576502766906, 0.160958072561, 0.0366740388645, 0.144365339512, 0.354726939197, 0.2161802801, 0.0285155192529, 0.77918300512, 0.0874586745806, 0.244739649742, 0.123686414526, 0.0375010574789, 0.889598402529, 0.12117754961, 0.131513935888, 0.0660458777964, 0.0562874296631, 36.1432075983
0.125488948275, 0.884352876809, 0.0676794033569, 0.0359220727728, 0.042260100433, 0.0209411814956, 0.0669461310708, 0.161194120839, 0.137664489992, 0.336999256376, 0.141122168251, 0.647020543919, 0.433121736969, 0.610532808522, 0.665174624336, 0.13814044658, 0.864350096731, 0.234693778953, 0.248875606831, 0.236545112556, 0.155814854269, 0.57027706188, 0.693961832926, 0.395934398211, 0.0906586008038, 0.125547596821, 0.397181816659, 0.125488948275, 0.884352876809, 0.0676794033569, 0.0359220727728, 0.042260100433, 0.0209411814956, 0.0669461310708, 41.8320411084
