0.428523581072, 0.0665465057481, 0.328824821445, 0.350794558365, 0.764477921521, 0.0350356375197, 0.285671720071, 0.0908130328599, 0.823791119268, 0.757787186712, 0.771772786249, 0.130158170132, 0.431898445898, 0.550600539411, 0.258937373559, 0.927226844804, 0.806365039248, 0.645832241014, 0.832147693256, 0.433403143641, 0.467348778, 0.467658619974, 0.428523581072, 0.0665465057481, 19.6674647032
0.460664916392, 0.0291507258626, 0.897762518902, 0.171315630526, 0.5338126978, 0.447412157677, 0.134431357889, 0.652197662635, 0.585479637023, 0.14372438474, 0.594957591833, 0.10755479682, 0.578048377265, 0.582439486231, 0.925574841631, 0.326488932076, 0.26903570106, 0.253798554339, 0.213959943455, 0.206234819404, 0.798032236432, 0.999113859317, 0.460664916392, 0.0291507258626, 18.7026022484
0.340910263189, 0.14661328354, 0.152604251188, 0.590019784453, 0.0700777246106, 0.243766238799, 0.305331198391, 0.989992905755, 0.763378401524, 0.596061008247, 0.120269521164, 0.336316418106, 0.833121132725, 0.855994193278, 0.850243875249, 0.118349055547, 0.512139012472, 0.293396961898, 0.0264804855089, 0.472584340815, 0.708139613528, 0.767351961207, 0.340910263189, 0.14661328354, 18.8217377834
0.827385269391, 0.0206619865539, 0.649718199354, 0.236747828446, 0.347694054562, 0.321240275211, 0.856148936216, 0.361976290023, 0.490769164845, 0.439306047139, 0.298117710887, 0.433477765249, 0.626065055453, 0.859577720574, 0.295674205276, 0.799004654774, 0.787308284209, 0.628036338331, 0.889452084926, 0.831079529474, 0.680184720843, 0.856373784525, 0.827385269391, 0.0206619865539, 21.3318280673
0.696169398487, 0.18365851422, 0.262463200818, 0.111612130659, 0.284988705395, 0.305537490008, 0.943630212557, 0.60006131658, 0.98103128039, 0.997088553046, 0.760170336712, 0.376381377656, 0.275402371288, 0.857873127502, 0.6156414972, 0.467732602887, 0.0745022602817, 0.182786070237, 0.184458583991, 0.033089792538, 0.889108873597, 0.178579776972, 0.696169398487, 0.18365851422, 18.3687594389
0.790488858317, 0.146366978442, 0.282301810216, 0.451718781013, 0.0678082903997, 0.981705231872, 0.748755542181, 0.335747740033, 0.0553890922119, 0.601451803069, 0.0963449354727, 0.381187296269, 0.172169283276, 0.6284379161, 0.121858164315, 0.851709071101, 0.195744313308, 0.293679042546, 0.606696110106, 0.525084994698, 0.392008952648, 0.801036193488, 0.790488858317, 0.146366978442, 17.1877287173
0.427123167843, 0.0665465057481, 0.328824821445, 0.350794558365, 0.764477921521, 0.0679469776715, 0.115199192328, 0.0908130328599, 0.823791119268, 0.757787186712, 0.771772786249, 0.190020461705, 0.391067931257, 0.773246072779, 0.453399721946, 0.948564112706, 0.806365039248, 0.645832241014, 0.830936841579, 0.381095125667, 0.465400009757, 0.467658619974, 0.427123167843, 0.0665465057481, 20.0229889251
0.913703785593, 0.0821623302666, 0.307849645811, 0.352627045106, 0.397121978745, 0.0921688087771, 0.538748023161, 0.456936628963, 0.125358785015, 0.490353594163, 0.739708704342, 0.204231557133, 0.0600711590024, 0.35969456025, 0.0462158859612, 0.54184873758, 0.731542747869, 0.639638794229, 0.546874816891, 0.873930462317, 0.233667845841, 0.419989356319, 0.913703785593, 0.0821623302666, 16.6347167538
0.780685057764, 0.0814620287794, 0.866469743626, 0.671735843029, 0.39757697064, 0.0943639076402, 0.368274609171, 0.345578038452, 0.454669434775, 0.634827814382, 0.740497786428, 0.204755752437, 0.218653476724, 0.951447604211, 0.0394616479813, 0.744252755878, 0.389451725973, 0.889744309555, 0.328562655056, 0.497593922496, 0.0168045097087, 0.419201279507, 0.780685057764, 0.0814620287794, 18.1411785161
0.04301658765, 0.367297413841, 0.0582203649364, 0.946950228343, 0.861345685795, 0.411166186492, 0.0324219517734, 0.0197429510187, 0.0691140038297, 0.828892744724, 0.00950297925208, 0.0950080680685, 0.0639319082041, 0.360522991311, 0.296748489778, 0.465885892162, 0.260827977949, 0.318783597959, 0.659434589483, 0.83120382477, 0.0278180777268, 0.188620776019, 0.04301658765, 0.367297413841, 15.1253281013
0.615871685087, 0.396547147946, 0.328284713033, 0.27727631093, 0.0546216494073, 0.0623570623696, 0.113510573894, 0.942860571747, 0.582506994832, 0.400351470858, 0.522016273686, 0.110836903347, 0.297104669167, 0.775336289523, 0.455296159389, 0.241232017175, 0.387584226333, 0.628133375578, 0.149474333333, 0.162181892522, 0.0468045646488, 0.220514111655, 0.615871685087, 0.396547147946, 15.0217784325
0.302505291035, 0.153939471941, 0.594310882408, 0.0344199423649, 0.470117013546, 0.465477247617, 0.776929678484, 0.843071286388, 0.565797996519, 0.552629034668, 0.885615944434, 0.783317578, 0.725891294187, 0.284852711754, 0.860579282845, 0.372409002812, 0.422609974279, 0.351447786083, 0.61121793699, 0.956988214625, 0.558774225905, 0.559385775464, 0.302505291035, 0.153939471941, 21.5771523634
0.824734297577, 0.675525643162, 0.112523990102, 0.257679969641, 0.378687304629, 0.242248925808, 0.312193315614, 0.0368109891369, 0.194703471677, 0.489350986501, 0.112133062687, 0.00695482590343, 0.452335377589, 0.605337842427, 0.0315022177295, 0.763861087712, 0.555100528488, 0.961833338576, 0.691561105069, 0.097270839028, 0.0297658220869, 0.124566233201, 0.824734297577, 0.675525643162, 14.2476725892
0.0165381234065, 0.466183526158, 0.105115876707, 0.642456936664, 0.77486582073, 0.296842945352, 0.235594022426, 0.680627183576, 0.250615777863, 0.354953845854, 0.287376282903, 0.691656044204, 0.329183242331, 0.304329899926, 0.962560396923, 0.390559022953, 0.889820627119, 0.467234071006, 0.619355866353, 0.789965364913, 0.0789170775816, 0.48070718177, 0.0165381234065, 0.466183526158, 18.9939524874
0.854410441301, 0.675525643162, 0.110004218669, 0.291645861901, 0.501759741317, 0.804514035, 0.312193315614, 0.0422935446555, 0.194703471677, 0.489350986501, 0.112133062687, 0.0093171874771, 0.452335377589, 0.605683110591, 0.0315022177295, 0.763971705388, 0.555100528488, 0.143613920961, 0.691561105069, 0.097270839028, 0.0648848029068, 0.123992351019, 0.854410441301, 0.675525643162, 14.1617252233
0.0342186262631, 0.15926871398, 0.804494739168, 0.634643703172, 0.0133709113506, 0.783086736945, 0.650075602989, 0.419048078202, 0.560221058795, 0.647658455769, 0.262491173939, 0.856808914595, 0.32025860556, 0.801710487682, 0.0145512981472, 0.30594632734, 0.650570023393, 0.837921879663, 0.428146515913, 0.500527273668, 0.876220428111, 0.316424571734, 0.0342186262631, 0.15926871398, 20.3314001197
0.675213860547, 0.0263173003267, 0.866982285082, 0.918686846005, 0.147517959751, 0.566081144327, 0.246202381698, 0.917634136575, 0.877622072159, 0.141403020748, 0.0641048114904, 0.167974682087, 0.693080203547, 0.523100114931, 0.906681801335, 0.470178443815, 0.429539642622, 0.59219700042, 0.212730161657, 0.20462650253, 0.793462254439, 0.992195814988, 0.675213860547, 0.0263173003267, 20.2941524717
0.431527986825, 0.0573348542253, 0.246984257645, 0.714093952013, 0.0170939414263, 0.376536772686, 0.757447077056, 0.761770574938, 0.230060980052, 0.798418399414, 0.73747328096, 0.183926485822, 0.611507943774, 0.873604678952, 0.454274946825, 0.156789806019, 0.0643819986564, 0.713291449949, 0.932579826915, 0.52699004639, 0.169465867609, 0.00413698760029, 0.431527986825, 0.0573348542253, 18.5555415851
0.00837680356163, 0.451109782774, 0.576543443264, 0.535761034776, 0.824488953803, 0.215662814905, 0.572035229426, 0.424667212635, 0.437563199159, 0.253633339524, 0.288792816739, 0.131054899029, 0.990140763634, 0.915572546037, 0.463350079761, 0.0284115663, 0.565207341133, 0.467873552473, 0.456406782744, 0.672017715178, 0.923375499481, 0.758435462434, 0.00837680356163, 0.451109782774, 20.1622283694
0.679451297775, 0.363411750941, 0.30415726954, 0.900722058305, 0.11571001895, 0.881408963642, 0.932680288595, 0.493558113222, 0.324216713818, 0.243030217295, 0.102817585089, 0.494527242778, 0.0279019556208, 0.754175671574, 0.244912746698, 0.375113077788, 0.43353279273, 0.138095682306, 0.623492953638, 0.127753408818, 0.432245849186, 0.437135581801, 0.679451297775, 0.363411750941, 17.0935453319
0.0419190946777, 0.19397116961, 0.300389996743, 0.451300416167, 0.726158113667, 0.978503837924, 0.754091585818, 0.0208854037079, 0.0553890922119, 0.333156744517, 0.0968247238555, 0.381131467018, 0.172169283276, 0.360587671604, 0.115201975502, 0.851709071101, 0.195744313308, 0.672744048806, 0.611336347497, 0.734768915543, 0.392008952648, 0.18622538687, 0.0419190946777, 0.19397116961, 17.228437299
0.89178076887, 0.291915619018, 0.500661603492, 0.999696697188, 0.0941126294134, 0.79135740547, 0.25296836064, 0.128483149226, 0.370666522587, 0.101045619342, 0.168558958671, 0.883082442491, 0.0812974828378, 0.169971146356, 0.0677547522982, 0.227758063157, 0.27569758745, 0.626530053275, 0.465913698043, 0.730844522569, 0.0415282945438, 0.686551522392, 0.89178076887, 0.291915619018, 15.9071191927
0.197470118689, 0.169502689486, 0.47651357248, 0.414567250564, 0.103767633086, 0.930485918827, 0.629392168382, 0.190219214844, 0.689584639971, 0.0061525864564, 0.546974605073, 0.414120166189, 0.678750967743, 0.423256548655, 0.355810102, 0.814486494085, 0.811364482396, 0.63497175752, 0.415617384709, 0.229507047106, 0.583433458652, 0.115244489838, 0.197470118689, 0.169502689486, 18.6037432364
0.860922372029, 0.0439158878965, 0.847845009273, 0.102617507877, 0.485723050232, 0.801655662569, 0.307465093697, 0.666482992669, 0.019097832255, 0.790149161675, 0.504372869077, 0.0126290538206, 0.829408072462, 0.914718796134, 0.0737865048204, 0.7543013465, 0.690798887323, 0.144537836875, 0.573106427874, 0.0927339252104, 0.94499113638, 0.209500494918, 0.860922372029, 0.0439158878965, 18.7589337982
0.507142152256, 0.0439158878965, 0.847845009273, 0.102617507877, 0.889294968088, 0.117707076288, 0.0321367870276, 0.666482992669, 0.019097832255, 0.790911374773, 0.497490392871, 0.314285305008, 0.824935738719, 0.914718796134, 0.0737865048204, 0.27866190465, 0.688688525598, 0.372159809857, 0.573106427874, 0.905314721512, 0.94499113638, 0.209500494918, 0.507142152256, 0.0439158878965, 19.5706030322
0.606522859277, 0.0307173025968, 0.91074790255, 0.168764679986, 0.5338126978, 0.447412157677, 0.13493589773, 0.828096457246, 0.585479637023, 0.373536454423, 0.594957591833, 0.538798420708, 0.209607433452, 0.912840760996, 0.932424364621, 0.326488932076, 0.26919201461, 0.253798554339, 0.826540434666, 0.206234819404, 0.79842226179, 0.999113859317, 0.606522859277, 0.0307173025968, 20.5671124706
0.827385269391, 0.0233844672528, 0.649718199354, 0.236747828446, 0.347694054562, 0.293780344115, 0.856800861635, 0.361976290023, 0.266762514338, 0.435920026496, 0.361162848482, 0.863328176744, 0.626065055453, 0.860223041459, 0.297534107576, 0.796896625102, 0.756709649289, 0.531226719618, 0.889452084926, 0.740518891313, 0.679872360703, 0.856373784525, 0.827385269391, 0.0233844672528, 21.3584771771
0.0769071691371, 0.59732591696, 0.228048961548, 0.581559047224, 0.500122805358, 0.838127253496, 0.0144765060053, 0.026175437822, 0.0238589933899, 0.693188176984, 0.362387393824, 0.0838121330051, 0.0986696278392, 0.155189162538, 0.95567553526, 0.136126094715, 0.739972629228, 0.202064059065, 0.615944639989, 0.230890947922, 0.309403270114, 0.893766550093, 0.0769071691371, 0.59732591696, 16.3031223554
0.170553159007, 0.846549024656, 0.44701195301, 0.370418201371, 0.162829123445, 0.290464618136, 0.272263847788, 0.229832838758, 0.716864161135, 0.5630328312, 0.271298238936, 0.235621543858, 0.165105230755, 0.363631976751, 0.137356618569, 0.692421515047, 0.0474854424777, 0.704796213555, 0.680849637116, 0.305727412049, 0.516590208436, 0.592471804992, 0.170553159007, 0.846549024656, 16.0472168583
0.171290736687, 0.510943630784, 0.871443334107, 0.251178456653, 0.355004803688, 0.412358344045, 0.917169826225, 0.222741589604, 0.32278118925, 0.56327159014, 0.0780620605994, 0.238897807362, 0.164921398354, 0.360551251657, 0.522293829154, 0.0498166114117, 0.804567084296, 0.46669074708, 0.18077010775, 0.101859346923, 0.0770498848489, 0.553353479314, 0.171290736687, 0.510943630784, 16.07177817
0.723257606637, 0.500364633151, 0.683266254121, 0.0446293330443, 0.755496623538, 0.55707547175, 0.306540753519, 0.479843693282, 0.0984613380146, 0.307741130775, 0.264005027302, 0.577279984556, 0.121718501635, 0.604418725708, 0.639419412234, 0.344468493015, 0.0362973343851, 0.974759202338, 0.41673876942, 0.239671814116, 0.581209780411, 0.313658624892, 0.723257606637, 0.500364633151, 17.0242296274
0.303000955045, 0.153939471941, 0.594310882408, 0.743347961637, 0.588250956874, 0.599589477655, 0.776929678484, 0.843071286388, 0.56585469253, 0.553112009694, 0.969732598535, 0.787290524705, 0.660545812538, 0.284852711754, 0.860579282845, 0.373111562464, 0.897511943152, 0.839888571451, 0.61121793699, 0.895274140403, 0.558636114071, 0.577307113806, 0.303000955045, 0.153939471941, 24.1329623603
0.0342186262631, 0.15926871398, 0.788195100257, 0.634643703172, 0.327637763735, 0.784742625116, 0.650075602989, 0.419048078202, 0.560221058795, 0.647658455769, 0.266144639031, 0.856808914595, 0.758572662358, 0.801710487682, 0.493374030113, 0.30594632734, 0.650570023393, 0.837921879663, 0.586754654488, 0.500527273668, 0.877294731006, 0.316424571734, 0.0342186262631, 0.15926871398, 22.188394036
0.399494895565, 0.160482687623, 0.515296023787, 0.75504009017, 0.82799933601, 0.638424016335, 0.770842277721, 0.503735274331, 0.869734628019, 0.543050396782, 0.302275190016, 0.138117390162, 0.904876337667, 0.0973467983965, 0.984460230341, 0.847884567775, 0.129803576105, 0.316548910454, 0.998039449331, 0.234565658637, 0.397569951314, 0.134449079758, 0.399494895565, 0.160482687623, 20.6035561402
0.570020259129, 0.105590991286, 0.0175159034923, 0.986390934195, 0.860127530164, 0.306051164743, 0.901879844267, 0.897671462191, 0.315580555011, 0.6532844348, 0.548000775041, 0.274155807919, 0.305232959982, 0.0772689374542, 0.134038256803, 0.476462367668, 0.0565867143105, 0.823789957761, 0.416688070534, 0.633975079263, 0.309487335635, 0.786224390897, 0.570020259129, 0.105590991286, 19.1274616014
0.570020259129, 0.108214860119, 0.0202654984499, 0.929273507226, 0.242208941937, 0.30529892793, 0.901879844267, 0.897671462191, 0.315580555011, 0.6532844348, 0.548000775041, 0.783183888825, 0.305232959982, 0.0772689374542, 0.134038256803, 0.474689393839, 0.0565867143105, 0.827719611091, 0.416688070534, 0.597533801129, 0.309487335635, 0.786224390897, 0.570020259129, 0.108214860119, 18.859069211
0.699446337382, 0.284731131794, 0.918881162811, 0.475673800183, 0.524190814356, 0.602183755599, 0.129886747915, 0.0383085646494, 0.378680500777, 0.349013225745, 0.298052162962, 0.967502342464, 0.227364528985, 0.496909690834, 0.378010334542, 0.714249556472, 0.0916113493857, 0.466641107008, 0.597270906344, 0.0965420027702, 0.560255793204, 0.756357377633, 0.699446337382, 0.284731131794, 17.9328520586
0.0652437072935, 0.853286173037, 0.769503011565, 0.192776844867, 0.930432564433, 0.926870952286, 0.980877898915, 0.214519385082, 0.0353557978238, 0.712437484159, 0.374768660216, 0.299268560406, 0.67963747076, 0.403540703417, 0.105913028033, 0.339441988118, 0.178486951129, 0.757884608321, 0.530934107259, 0.988041789316, 0.935719374258, 0.14500853525, 0.0652437072935, 0.853286173037, 19.7253442416
0.304046929539, 0.509077087001, 0.87597089954, 0.247115192403, 0.355004803688, 0.412358344045, 0.917169826225, 0.530879025431, 0.322673407852, 0.587512062522, 0.0780620605994, 0.868309028564, 0.446758701239, 0.250857471813, 0.527911398882, 0.0510958475013, 0.797803508404, 0.46669074708, 0.186128619375, 0.101859346923, 0.0770498848489, 0.552813831992, 0.304046929539, 0.509077087001, 17.5944369769
0.170553159007, 0.22958952995, 0.45224837514, 0.913672047474, 0.71806771137, 0.28640336774, 0.778849343842, 0.229832838758, 0.285663043757, 0.5630328312, 0.271298238936, 0.235621543858, 0.163554771972, 0.359552238738, 0.938090453955, 0.0853275936739, 0.0474854424777, 0.992108499151, 0.686434556949, 0.305727412049, 0.34666356274, 0.626376958971, 0.170553159007, 0.22958952995, 18.3565106845
0.0762882765429, 0.425121208293, 0.920174548202, 0.203993203553, 0.437731340629, 0.334358059312, 0.916547169664, 0.0975145555345, 0.9198647541, 0.869289558402, 0.369293942404, 0.732860054641, 0.704562326448, 0.0695289525977, 0.757495810974, 0.869768743809, 0.0697800402944, 0.41700544909, 0.799485316864, 0.934955291242, 0.875400764452, 0.507923411519, 0.0762882765429, 0.425121208293, 21.879100802
0.0582204583823, 0.618493126964, 0.509660708379, 0.992740764569, 0.892109543966, 0.0916652160674, 0.573240582903, 0.42360060636, 0.378446455509, 0.251953230384, 0.0421861127643, 0.31770358634, 0.991268397957, 0.221087086079, 0.301941491363, 0.977333185745, 0.69825943554, 0.455404210564, 0.0810301876893, 0.853047194551, 0.924413676478, 0.577894615427, 0.0582204583823, 0.618493126964, 20.1392617682
0.792473874079, 0.194049496355, 0.282301810216, 0.451718781013, 0.726158113667, 0.978503837924, 0.754091585818, 0.335747740033, 0.0553890922119, 0.338960106749, 0.0968247238555, 0.381131467018, 0.172169283276, 0.630962117865, 0.121858164315, 0.851709071101, 0.195744313308, 0.686365790707, 0.611336347497, 0.734768915543, 0.392008952648, 0.756818046741, 0.792473874079, 0.194049496355, 18.4415026363
0.615871685087, 0.381963682969, 0.326085247256, 0.27727631093, 0.0491406704826, 0.524311822772, 0.113510573894, 0.919964073917, 0.582506994832, 0.399641696542, 0.522016273686, 0.925861471871, 0.296811035996, 0.775336289523, 0.455296159389, 0.241232017175, 0.387584226333, 0.628133375578, 0.149474333333, 0.162181892522, 0.0468045646488, 0.946776245312, 0.615871685087, 0.381963682969, 17.6607832785
0.0654473645463, 0.608723079986, 0.979228019241, 0.235466457502, 0.0934794536027, 0.264210923201, 0.590331811072, 0.656922535811, 0.561896720224, 0.925633332765, 0.149349760763, 0.791911209916, 0.32860065255, 0.303428870215, 0.245729022483, 0.430927630974, 0.425348658234, 0.198892121645, 0.440116306996, 0.49272621583, 0.904635256897, 0.318021233397, 0.0654473645463, 0.608723079986, 18.5110560102
0.113365961693, 0.304526395051, 0.844100401283, 0.912996887153, 0.147303296633, 0.375681278593, 0.0191537231765, 0.0159850700165, 0.68729092939, 0.138525899694, 0.202566560727, 0.857722165257, 0.30943247794, 0.414567307764, 0.988109735875, 0.299474036294, 0.892070750777, 0.478325169661, 0.423887902307, 0.700222252817, 0.23992101925, 0.16827901783, 0.113365961693, 0.304526395051, 18.1660685346
0.108444006667, 0.304526395051, 0.196252987928, 0.136670504592, 0.147303296633, 0.375681278593, 0.989237098125, 0.669384372498, 0.721469268213, 0.138516456096, 0.127538563852, 0.859177291823, 0.30943247794, 0.413256979266, 0.986594375568, 0.216624695708, 0.352329966522, 0.870456276057, 0.974859624992, 0.697520989064, 0.521458393702, 0.16777758324, 0.108444006667, 0.304526395051, 19.1835307807
0.49640813623, 0.211511976238, 0.391096504355, 0.28918401908, 0.649197709025, 0.0592645149656, 0.686337900546, 0.798723961606, 0.902326759486, 0.233612229168, 0.681767074473, 0.0418314358516, 0.980357262188, 0.283996040738, 0.33411560215, 0.627880541913, 0.240086282823, 0.21258916986, 0.277187647193, 0.484740247823, 0.291939634123, 0.459363836384, 0.49640813623, 0.211511976238, 17.9559688046
0.90537708679, 0.930044822346, 0.416189534771, 0.33301846509, 0.0367632414566, 0.118848813377, 0.615418010622, 0.403047581346, 0.489879559911, 0.806490387782, 0.28761823823, 0.442475703884, 0.195064476237, 0.98888571408, 0.379982891483, 0.540757546439, 0.00996391265102, 0.561097907651, 0.406930155929, 0.121639820535, 0.307453688495, 0.412903881395, 0.90537708679, 0.930044822346, 15.9556052071
0.90717413864, 0.291915619018, 0.934936523837, 0.999696697188, 0.670759077527, 0.756312291506, 0.25296836064, 0.128483149226, 0.370666522587, 0.102924755991, 0.160273185102, 0.883082442491, 0.0812974828378, 0.169971146356, 0.170775054446, 0.230811753818, 0.277578696433, 0.626530053275, 0.47115246729, 0.730844522569, 0.0329154407691, 0.686551522392, 0.90717413864, 0.291915619018, 17.3380322335
0.540082015252, 0.0995853876034, 0.429828430899, 0.155698488075, 0.758714297016, 0.18237155098, 0.479177444909, 0.0459198095829, 0.372686553919, 0.542094241008, 0.561340590133, 0.92364836045, 0.721722426748, 0.279044720706, 0.902085337801, 0.668416428933, 0.278880555074, 0.739329835651, 0.551972992379, 0.698529533109, 0.958429129202, 0.853304285824, 0.540082015252, 0.0995853876034, 20.9328153824
0.087816792268, 0.61178027092, 0.228048961548, 0.575911652023, 0.500362980557, 0.16855088251, 0.258862960714, 0.026175437822, 0.0155191622245, 0.696066675481, 0.362387393824, 0.0838121330051, 0.0986696278392, 0.352462478636, 0.95567553526, 0.136126094715, 0.737915533383, 0.273122428738, 0.610885628217, 0.695100459064, 0.309403270114, 0.894000909322, 0.087816792268, 0.61178027092, 16.6708633052
0.762117064674, 0.745438202507, 0.676791921881, 0.126787089443, 0.108180701833, 0.549792606489, 0.343061113797, 0.212989161294, 0.491634841987, 0.861805506677, 0.0483167287537, 0.715572200941, 0.465999293791, 0.141270093632, 0.544940794968, 0.995979159279, 0.197568836136, 0.683624680707, 0.434688993023, 0.105248768457, 0.095432714382, 0.180523505534, 0.762117064674, 0.745438202507, 16.2034222476
0.674779755021, 0.160535222968, 0.930495894359, 0.780055233251, 0.64780986779, 0.968411053252, 0.877763158988, 0.445436774663, 0.870208094796, 0.544032243365, 0.05710659781, 0.512926701001, 0.0203527415659, 0.923806640849, 0.834833465907, 0.146056299823, 0.125670341324, 0.159888728521, 0.433891188654, 0.348952978882, 0.336733066664, 0.196455199271, 0.674779755021, 0.160535222968, 19.4582004573
0.570020259129, 0.111916629539, 0.0175159034923, 0.986390934195, 0.640972284385, 0.304138359033, 0.892810605344, 0.893166085511, 0.832494505668, 0.6532844348, 0.533479566989, 0.274155807919, 0.305232959982, 0.601445332238, 0.36643518816, 0.475228564812, 0.0565867143105, 0.823789957761, 0.415873450421, 0.430264771667, 0.654888545624, 0.785299523114, 0.570020259129, 0.111916629539, 20.6890632351
0.696822658252, 0.118541427283, 0.260576077547, 0.115128937863, 0.940154434828, 0.681182736637, 0.609151259447, 0.715857203157, 0.890809429047, 0.84129850195, 0.692690572825, 0.385196107758, 0.300025445445, 0.796233430648, 0.781703489961, 0.322008741257, 0.905942162396, 0.244403498391, 0.191367821275, 0.00352509548603, 0.967637743799, 0.14957846009, 0.696822658252, 0.118541427283, 20.2872538429
0.419644094646, 0.59833174225, 0.021250522677, 0.569187670395, 0.362426023894, 0.91997603097, 0.0432824191424, 0.451871067033, 0.574201374577, 0.208875740268, 0.94164672379, 0.0376909809074, 0.24816351033, 0.243498566524, 0.690801086225, 0.503873310047, 0.0519331869742, 0.349624378592, 0.984707522752, 0.358096345951, 0.303446670211, 0.805415972107, 0.419644094646, 0.59833174225, 17.6238526915
0.414155060363, 0.59833174225, 0.0181087481129, 0.569187670395, 0.362426023894, 0.91997603097, 0.0411601562625, 0.666716644758, 0.574201374577, 0.208875740268, 0.94164672379, 0.0376909809074, 0.24816351033, 0.243498566524, 0.885384818515, 0.503873310047, 0.0519331869742, 0.349624378592, 0.972068712157, 0.354487570162, 0.303446670211, 0.805415972107, 0.414155060363, 0.59833174225, 18.1425404454
0.48660121185, 0.243571551639, 0.143531239501, 0.0270848340912, 0.284988705395, 0.305537490008, 0.946351052823, 0.60006131658, 0.98103128039, 0.997088553046, 0.279171033124, 0.931620460636, 0.394930902234, 0.858135804864, 0.616322019858, 0.467732602887, 0.101134047656, 0.182786070237, 0.654483157407, 0.0328148929999, 0.889108873597, 0.178579776972, 0.48660121185, 0.243571551639, 19.2231507432
0.314565625839, 0.299208300644, 0.864752225523, 0.880828779345, 0.732441941279, 0.515302850404, 0.621519778459, 0.819214818547, 0.874912582969, 0.171441630866, 0.642741711003, 0.197448007847, 0.107477201985, 0.127826183929, 0.0317737290673, 0.532170860929, 0.791271758696, 0.602160781802, 0.407304539705, 0.57963630957, 0.215004786301, 0.441958961537, 0.314565625839, 0.299208300644, 19.5233471596
0.170553159007, 0.22958952995, 0.219637831526, 0.913672047474, 0.71806771137, 0.136202014204, 0.200275086106, 0.158294995225, 0.285663043757, 0.573900357169, 0.271298238936, 0.541086596107, 0.166985064384, 0.359552238738, 0.938090453955, 0.761051470594, 0.970512790668, 0.992108499151, 0.686434556949, 0.305727412049, 0.346917860166, 0.621440299874, 0.170553159007, 0.22958952995, 19.5370641886
0.0692443333999, 0.620884761467, 0.977934843292, 0.235473100605, 0.670754966684, 0.696906328909, 0.487009089523, 0.463348239991, 0.56817079005, 0.643558508669, 0.840479275984, 0.589868692013, 0.127579321426, 0.278493242292, 0.251717324789, 0.58029769336, 0.278783639138, 0.92611734987, 0.828787686766, 0.886778111528, 0.897321768612, 0.315689181145, 0.0692443333999, 0.620884761467, 21.4608267887
0.0655525123539, 0.853286173037, 0.769503011565, 0.241366944397, 0.930432564433, 0.926542644817, 0.980877898915, 0.214519385082, 0.0353557978238, 0.891921814306, 0.3803089681, 0.299492495504, 0.674411552728, 0.403540703417, 0.105913028033, 0.339441988118, 0.178486951129, 0.757884608321, 0.204068458958, 0.986193348993, 0.945276828184, 0.146442906837, 0.0655525123539, 0.853286173037, 19.6064674697
0.320243945959, 0.304938682763, 0.876028228254, 0.880828779345, 0.357987790095, 0.515026152913, 0.913851076355, 0.522249052792, 0.313941418998, 0.58774579707, 0.64295596427, 0.197448007847, 0.438989657118, 0.124141162582, 0.0193670337819, 0.051637178589, 0.797735706044, 0.599775151038, 0.408438189684, 0.57963630957, 0.214690417949, 0.441958961537, 0.320243945959, 0.304938682763, 18.6261599324
0.228643382711, 0.603263549735, 0.632607333848, 0.83109090347, 0.478915568888, 0.545757993839, 0.617849246028, 0.569251597075, 0.59870714303, 0.198444540822, 0.0315172168563, 0.594066883857, 0.400577650402, 0.0677685144843, 0.193610778272, 0.431731406566, 0.421139517152, 0.855868834766, 0.259255305897, 0.872892110569, 0.409579770641, 0.222777344413, 0.228643382711, 0.603263549735, 18.3043196304
0.111665305533, 0.304526395051, 0.844100401283, 0.131571222622, 0.147303296633, 0.375681278593, 0.989237098125, 0.0159850700165, 0.676403432521, 0.138337204373, 0.975884861727, 0.859177291823, 0.30943247794, 0.414567307764, 0.986594375568, 0.21731790339, 0.892070750777, 0.870456276057, 0.423887902307, 0.697520989064, 0.242781183977, 0.16827901783, 0.111665305533, 0.304526395051, 19.8596353939
0.675213860547, 0.226807486645, 0.867306457681, 0.913856647449, 0.147517959751, 0.566081144327, 0.246202381698, 0.917634136575, 0.877622072159, 0.93641424669, 0.0589045597194, 0.167974682087, 0.693080203547, 0.523100114931, 0.0961193791204, 0.470178443815, 0.423635714745, 0.59219700042, 0.689735669702, 0.279504956689, 0.202094922627, 0.404463760967, 0.675213860547, 0.226807486645, 19.3168018127
0.588446037135, 0.267000966144, 0.220535121097, 0.882765398553, 0.582206079493, 0.368855307934, 0.00872831679071, 0.421979180332, 0.261405654243, 0.118608549249, 0.202803314704, 0.781373856995, 0.335210722271, 0.431851047706, 0.639341509363, 0.300352668194, 0.766178189308, 0.474510112886, 0.970121650815, 0.125537306793, 0.528679267079, 0.544870279902, 0.588446037135, 0.267000966144, 17.9611670798
0.49640813623, 0.311020883313, 0.393192611681, 0.28918401908, 0.0878443922679, 0.0710449807465, 0.686337900546, 0.798723961606, 0.9016131403, 0.233612229168, 0.13692794567, 0.0418314358516, 0.979449599706, 0.283996040738, 0.33411560215, 0.626073298455, 0.240086282823, 0.910517814621, 0.541327547696, 0.345574688928, 0.737543040803, 0.462183053564, 0.49640813623, 0.311020883313, 18.1987109342
0.930985128723, 0.363411750941, 0.30402317244, 0.900722058305, 0.140295424795, 0.881408963642, 0.394640763484, 0.5628562226, 0.291550859643, 0.243030217295, 0.102817585089, 0.771064707811, 0.0609321008246, 0.754175671574, 0.782039824547, 0.375113077788, 0.434094834425, 0.141457220378, 0.623492953638, 0.12885523186, 0.423094858135, 0.558067704768, 0.930985128723, 0.363411750941, 17.5745477736
0.087816792268, 0.611998458007, 0.228048961548, 0.58192763809, 0.500362980557, 0.838127253496, 0.256382374041, 0.026175437822, 0.0155191622245, 0.693188176984, 0.362387393824, 0.0838121330051, 0.0986696278392, 0.155189162538, 0.95567553526, 0.136126094715, 0.73747926559, 0.201523682488, 0.610885628217, 0.695100459064, 0.309403270114, 0.894000909322, 0.087816792268, 0.611998458007, 17.209315971
0.494641499783, 0.802309740934, 0.117207526865, 0.512651517484, 0.436466388223, 0.0752445183138, 0.114257890775, 0.811279289329, 0.902299157446, 0.23082762993, 0.763023593847, 0.315706406742, 0.974006366307, 0.267286429594, 0.622083198122, 0.178378471477, 0.323339990205, 0.444718027245, 0.149201082197, 0.34631172378, 0.493786750345, 0.420371925557, 0.494641499783, 0.802309740934, 17.1185433857
0.90537708679, 0.930044822346, 0.416189534771, 0.33301846509, 0.0533737767936, 0.321104511079, 0.615418010622, 0.000733210652989, 0.489879559911, 0.806490387782, 0.281816574779, 0.442475703884, 0.195064476237, 0.979350388663, 0.379982891483, 0.799023337991, 0.00996391265102, 0.633726804963, 0.463366550323, 0.116472622591, 0.644176345123, 0.412903881395, 0.90537708679, 0.930044822346, 16.635635175
0.641515565695, 0.211550309351, 0.477179460307, 0.531146781344, 0.707915906084, 0.844466452234, 0.739746382437, 0.614905848234, 0.418269928585, 0.00890372592199, 0.54715109703, 0.541069590566, 0.848313882896, 0.742924896123, 0.814805058567, 0.567602954018, 0.931629054319, 0.220764911453, 0.282917713578, 0.484386755064, 0.284198186857, 0.895095709706, 0.641515565695, 0.211550309351, 21.2931539371
0.693188395263, 0.183057232835, 0.590174918079, 0.747201830615, 0.591493086066, 0.598961086681, 0.609151259447, 0.716911468566, 0.890809429047, 0.555013671911, 0.970690874943, 0.785520210141, 0.299158290486, 0.798664997202, 0.860322009898, 0.321443086479, 0.905942162396, 0.939453057874, 0.183140636183, 0.00264085403859, 0.967637743799, 0.146747074565, 0.693188395263, 0.183057232835, 22.5106148519
0.697703092641, 0.183057232835, 0.260576077547, 0.115128937863, 0.940154434828, 0.681182736637, 0.609151259447, 0.715857203157, 0.890809429047, 0.84129850195, 0.777116808424, 0.381133612323, 0.299158290486, 0.796233430648, 0.781703489961, 0.322008741257, 0.905942162396, 0.93861207832, 0.191367821275, 0.00264085403859, 0.967637743799, 0.146747074565, 0.697703092641, 0.183057232835, 21.277607702
0.913703785593, 0.163863832828, 0.307849645811, 0.632675733188, 0.59375409842, 0.599309691144, 0.538748023161, 0.458042032741, 0.56645732777, 0.488831165111, 0.643263913531, 0.865562839613, 0.0627059369886, 0.372440371076, 0.6896704588, 0.54184873758, 0.731542747869, 0.836091393864, 0.546469763203, 0.479934902183, 0.233667845841, 0.787504379005, 0.913703785593, 0.163863832828, 20.3273241527
0.570020259129, 0.611206197764, 0.00844988656741, 0.981957881841, 0.408689134045, 0.306051164743, 0.590170536792, 0.0560008860626, 0.315580555011, 0.6532844348, 0.548000775041, 0.274155807919, 0.614172309516, 0.609635321312, 0.134038256803, 0.476462367668, 0.0565867143105, 0.823789957761, 0.416688070534, 0.568591786526, 0.309487335635, 0.786224390897, 0.570020259129, 0.611206197764, 17.9677931277
0.170553159007, 0.22958952995, 0.464682102463, 0.913672047474, 0.767331454427, 0.28640336774, 0.782180603599, 0.229832838758, 0.832128678053, 0.5630328312, 0.271298238936, 0.235246732698, 0.424902720684, 0.359552238738, 0.938090453955, 0.0853275936739, 0.0474854424777, 0.992108499151, 0.835066035511, 0.305727412049, 0.346782365924, 0.664204646116, 0.170553159007, 0.22958952995, 19.7758278395
0.351430993657, 0.230315656978, 0.109074756452, 0.243456683359, 0.734926676376, 0.830432252957, 0.00168457642997, 0.228693288389, 0.746484910415, 0.890085187678, 0.885037075163, 0.391700910112, 0.880602933872, 0.845481959589, 0.686822253369, 0.405886902388, 0.526800236645, 0.0287397003556, 0.17741387599, 0.437658638596, 0.945115740596, 0.324472816042, 0.351430993657, 0.230315656978, 19.7551710651
0.320243945959, 0.304938682763, 0.87229013708, 0.880828779345, 0.736575932221, 0.515026152913, 0.606011401454, 0.0150751044794, 0.873720135545, 0.711291125612, 0.64295596427, 0.197448007847, 0.73606095739, 0.127826183929, 0.0317737290673, 0.532170860929, 0.50175625516, 0.602160781802, 0.407304539705, 0.57963630957, 0.215004786301, 0.441958961537, 0.320243945959, 0.304938682763, 19.62133335
0.228643382711, 0.605819558898, 0.0788181783434, 0.83109090347, 0.478915568888, 0.449768941492, 0.617849246028, 0.569251597075, 0.597579455835, 0.198444540822, 0.0340526286246, 0.594066883857, 0.400577650402, 0.0677685144843, 0.200973410182, 0.541634414757, 0.416569157248, 0.856016317847, 0.259633194291, 0.872892110569, 0.958639824026, 0.222777344413, 0.228643382711, 0.605819558898, 18.3198456526
0.111665305533, 0.304526395051, 0.844100401283, 0.224419570648, 0.0150375181541, 0.30652891384, 0.989237098125, 0.903975237182, 0.676403432521, 0.631701767433, 0.975884861727, 0.874212868395, 0.30943247794, 0.0659464205992, 0.118782497705, 0.21731790339, 0.892070750777, 0.870225562466, 0.416754974071, 0.694541800969, 0.310245057583, 0.16279996032, 0.111665305533, 0.304526395051, 20.0248014023
0.705697007839, 0.283879699644, 0.234840329145, 0.871102799502, 0.638357626668, 0.628474338991, 0.435729048182, 0.0503140068717, 0.732510035156, 0.348749875503, 0.988539183598, 0.185268436415, 0.979107965971, 0.0994077183971, 0.297885266143, 0.692408369178, 0.788442286851, 0.412264702369, 0.319780183995, 0.141025765009, 0.566719110462, 0.0244074827955, 0.705697007839, 0.283879699644, 18.4114532183
0.824755162204, 0.309565039655, 0.408670967379, 0.257444920818, 0.380058396904, 0.241457418513, 0.141860868708, 0.966607511633, 0.0756219122991, 0.304852114824, 0.253788493572, 0.651255483512, 0.847692640941, 0.97929345701, 0.165492655574, 0.75067942132, 0.0195368365267, 0.97044351483, 0.272500812581, 0.42270188282, 0.937020154725, 0.198789513004, 0.824755162204, 0.309565039655, 18.0048829357
0.552783090515, 0.555952806756, 0.66076734147, 0.822404685358, 0.0230576521951, 0.542000079663, 0.527776479284, 0.573157935496, 0.600971811456, 0.179006943292, 0.210620310128, 0.59421285054, 0.792544909575, 0.069115009433, 0.193837150525, 0.121072391422, 0.579170061146, 0.219957360145, 0.865211991258, 0.876533735263, 0.959156823998, 0.220160973745, 0.552783090515, 0.555952806756, 18.96721316
0.22190522852, 0.271162851054, 0.972961437619, 0.451632840159, 0.764403675595, 0.996519467747, 0.0505750188444, 0.342298086855, 0.818364247787, 0.704791787774, 0.0769276254724, 0.9836744209, 0.811191340496, 0.610512655911, 0.672919086048, 0.862852856032, 0.91196361995, 0.679670451285, 0.980773397463, 0.364260741937, 0.336285946151, 0.96672232649, 0.22190522852, 0.271162851054, 23.7960864714
0.797761916596, 0.608722985526, 0.140921365127, 0.365939258815, 0.683642735764, 0.378918829611, 0.256912717017, 0.216238853002, 0.328568386762, 0.138199422041, 0.968251138949, 0.822784338875, 0.0409450075249, 0.406863042636, 0.20361162626, 0.483621245088, 0.704111574213, 0.65483537107, 0.826382449346, 0.943867929745, 0.995956330179, 0.222296660318, 0.797761916596, 0.608722985526, 18.7597971842
0.674795156066, 0.807265182261, 0.117207526865, 0.512651517484, 0.439530793597, 0.581156080724, 0.121431476849, 0.101304154067, 0.842170586204, 0.681388302166, 0.763023593847, 0.315706406742, 0.456223612464, 0.70535222885, 0.622083198122, 0.0708736538249, 0.323339990205, 0.442069252394, 0.159702307235, 0.539142051501, 0.493786750345, 0.420371925557, 0.674795156066, 0.807265182261, 17.22744695
0.228643382711, 0.603263549735, 0.632923926126, 0.830875777684, 0.478915568888, 0.545645315587, 0.616764486301, 0.569251597075, 0.594214518388, 0.91604113618, 0.058370607097, 0.594066883857, 0.400689620247, 0.541281241902, 0.190816582371, 0.431642698386, 0.421139517152, 0.855868834766, 0.259255305897, 0.872892110569, 0.409579770641, 0.222777344413, 0.228643382711, 0.603263549735, 19.9266328038
0.228643382711, 0.850798085388, 0.632607333848, 0.873804111248, 0.477845211151, 0.630500747604, 0.00316088981945, 0.750439439397, 0.607127372492, 0.198444540822, 0.0315172168563, 0.530463665192, 0.284476809279, 0.0679217846409, 0.193610778272, 0.420202258241, 0.421139517152, 0.855868834766, 0.199813508016, 0.872892110569, 0.406329445961, 0.222777344413, 0.228643382711, 0.850798085388, 17.2383324153
0.529306293691, 0.597808101614, 0.91676657309, 0.376294718825, 0.098960727243, 0.682957408917, 0.0146099902395, 0.638549722153, 0.921780250647, 0.274805350182, 0.585571820479, 0.766555828494, 0.46237772558, 0.425917868735, 0.943764011123, 0.0791316845187, 0.994050437726, 0.644717160952, 0.259164465836, 0.227904684862, 0.0705508584162, 0.844854503009, 0.529306293691, 0.597808101614, 19.7458520105
