3.50140605947e-05, 0.00400684934115, 0.115290032799, 0.259677078165, 0.804458137026, 0.306338488965, 0.0094572599001, 0.0706440862755, 0.219986615292, 0.142073356033, 0.114589206708, 0.0109929557341, 0.0236024186026, 0.390283144087, 0.00824858537353, 0.446541544427, 0.0469527820202, 0.56351273543, 0.603058095863, 0.200506053866, 0.034079000998, 0.122474481213, 3.50140605947e-05, 0.00400684934115, 12.0645321576
0.00069924548876, 1.19062924852e-05, 0.120198602169, 0.986128743102, 0.0894579022429, 0.417667748581, 0.0088589044475, 0.016193624524, 0.592030017789, 0.0720181974956, 0.673580271468, 0.0478912249593, 0.641784648798, 0.355364456977, 0.0306953955305, 0.377200887202, 0.0384134742619, 0.187752051901, 0.456743984765, 0.205254120298, 0.0428489551627, 0.187704153315, 0.00069924548876, 1.19062924852e-05, 13.4893815598
0.168416253892, 0.000595572240103, 0.33396602824, 0.112082792373, 0.0211618798107, 0.150102329378, 0.00615302764813, 0.0124621950343, 0.170474722828, 0.0823618349532, 0.150929032298, 0.0100122265371, 0.452292357642, 0.20225835297, 0.0703082500637, 0.312181699567, 0.047261659048, 0.252942452812, 0.194017232241, 0.102283750094, 0.0170123718654, 0.157316108036, 0.168416253892, 0.000595572240103, 9.81012116761
0.0139363455911, 0.369900176487, 0.00418090896449, 0.279145197968, 0.079406798607, 0.337823547344, 0.0793051330204, 0.0221860545328, 0.0252254907172, 0.495889140335, 0.0802274694976, 0.0153204494532, 0.419601029519, 0.185458995881, 0.0308383163345, 0.0870746739812, 0.0460053745628, 0.246151410739, 0.210426544214, 0.0962174873872, 0.0173326472814, 0.190193721246, 0.0139363455911, 0.369900176487, 9.94263705012
0.0132168609125, 0.00258761735485, 0.104419667592, 0.0996038133971, 0.103238197796, 0.242137125589, 0.127665099142, 0.0725677708482, 0.035781807011, 0.110723340393, 0.0838584157659, 0.00938650291978, 0.444899427716, 0.247368236309, 0.00057182207532, 0.0887634909649, 0.0644397536322, 0.550687085112, 0.699771448533, 0.0503750811298, 0.0347228780008, 0.123515603366, 0.0132168609125, 0.00258761735485, 10.4449736295
0.00200622724961, 0.0148518397413, 0.271938954784, 0.261154595675, 0.350408037077, 0.134282676282, 0.320380383837, 0.123798651041, 0.0788450188879, 0.543392088188, 0.135719134291, 0.00722651688987, 0.0705298114828, 0.265857597147, 0.0314626753015, 0.0842158586824, 0.0788753952262, 0.557906039541, 0.201096286184, 0.0870292573721, 0.00867282894581, 0.118636120815, 0.00200622724961, 0.0148518397413, 11.034480536
0.000924944187551, 0.0343310424284, 0.0206049723152, 0.485155794995, 0.00130958865245, 0.144560164164, 0.315611771263, 0.0782804286453, 0.0371604575099, 0.105541714431, 0.0823596363048, 0.0436397917035, 0.31795342812, 0.336065719217, 0.0147466142773, 0.0807472475115, 0.0636052875606, 0.0918893000913, 0.700224917973, 0.0877330753922, 0.0363472510228, 0.244918824038, 0.000924944187551, 0.0343310424284, 10.4325715893
0.000155687041179, 0.00257406558545, 0.119970119313, 0.990902921805, 0.0801082845028, 0.245889933787, 0.55446198424, 0.0126167505545, 0.605544389885, 0.396306240963, 0.082538517624, 0.047368777005, 0.44661742644, 0.336300898386, 0.000331891281649, 0.0921123878097, 0.109753298825, 0.991390623523, 0.203177233141, 0.0956466003143, 0.0224281051834, 0.184582497431, 0.000155687041179, 0.00257406558545, 13.5838504834
0.0032422425243, 0.00134758440822, 0.288410117349, 0.114792796687, 0.388975749229, 0.323962987587, 0.306139971122, 0.00940076330751, 0.221126940841, 0.766291126787, 0.0848446281062, 0.0368427868003, 0.426953173299, 0.269445182803, 0.0345464263506, 0.204761223143, 0.0531553050342, 0.112594764916, 0.203408716566, 0.0963983232919, 0.0169030655131, 0.119330304627, 0.0032422425243, 0.00134758440822, 11.5049266539
0.112805871262, 0.00125653484544, 0.494722129779, 0.112876795982, 0.151731243742, 0.24257714877, 0.305053147279, 0.0782036939847, 0.034792748257, 0.140694888476, 0.0837817732348, 0.00937455987112, 0.0738205063341, 0.184308612218, 0.0314320240879, 0.224091918621, 0.0555418962426, 0.298153905213, 0.769089232276, 0.212799660122, 0.0337316917703, 0.165779734289, 0.112805871262, 0.00125653484544, 10.9655092035
0.000401244685991, 0.026156877885, 0.119018059279, 0.115436495717, 0.369097086434, 0.299219863683, 0.0621381295186, 0.0365494912053, 0.0667396504653, 0.0262569720474, 0.291017220513, 0.0740815292133, 0.120321927621, 0.930843898843, 0.0243327601493, 0.186412710467, 0.052203416363, 0.23860213368, 0.456716335721, 0.207045973406, 0.030968264147, 0.188620776019, 0.000401244685991, 0.026156877885, 11.2538856054
0.117912423324, 0.00403336493323, 0.0173428789343, 0.119227338313, 0.0415004283293, 0.243490266829, 0.0623456099716, 0.0722622469407, 0.0707432393102, 0.143167429063, 0.12983674363, 0.0434660249236, 0.0325734465933, 0.195290814179, 0.297585539708, 0.0778904891396, 0.0555217847683, 0.559769441271, 0.617887751404, 0.0788991914509, 0.0335258526791, 0.11767496177, 0.117912423324, 0.00403336493323, 10.0307848884
0.012757751644, 0.00222613891619, 0.114145654779, 0.228061436848, 0.133053409157, 0.153839506254, 0.310099184656, 0.076524528452, 0.222295544242, 0.477180536715, 0.295497022309, 0.00667954950511, 0.494054075273, 0.278662148766, 0.000283292944687, 0.199452645415, 0.298141941794, 0.0938898702321, 0.212258186693, 0.0933000235901, 0.0289304313323, 0.123278690135, 0.012757751644, 0.00222613891619, 11.1808955201
0.0278617876668, 0.0277099622342, 0.0532380467826, 0.114595122329, 0.369949318099, 0.239556818312, 0.0324754477828, 0.0148148308, 0.0134738776535, 0.109288339439, 0.0815164385068, 0.0450767939162, 0.474299222888, 0.183765264229, 0.0412139799882, 0.188512175304, 0.0115263969419, 0.299458086858, 0.470982699463, 0.203436989413, 0.0171097096374, 0.188620776019, 0.0278617876668, 0.0277099622342, 10.2462159465
0.00170485252272, 0.00222613891619, 0.216251250962, 0.228061436848, 0.133053409157, 0.412636891423, 0.331415006269, 0.120305076086, 0.199814721317, 0.482515047163, 0.291113891877, 0.00649817916528, 0.0462320183103, 0.370690331434, 0.0215769017202, 0.199452645415, 0.312851498179, 0.265066799305, 0.21281751506, 0.0933000235901, 0.0289304313323, 0.117463071355, 0.00170485252272, 0.00222613891619, 11.5209171091
0.00172202303156, 0.0278302343921, 0.0532380467826, 0.114529054487, 0.0894472124665, 0.244546501022, 0.0312231169696, 0.0130645565407, 0.0126447196905, 0.106430944668, 0.111569580591, 0.0449594574174, 0.121693968023, 0.183765264229, 0.0313511727969, 0.188816992466, 0.257017217862, 0.24852860671, 0.470982699463, 0.203436989413, 0.0164408747351, 0.674653922631, 0.00172202303156, 0.0278302343921, 10.3393489954
0.00479282651638, 0.00339241912803, 0.198377319979, 0.116036771966, 0.36995887551, 0.245108482832, 0.107591181771, 0.0130634957883, 0.187118045308, 0.0967597986298, 0.0848446281062, 0.0361689785592, 0.192076950524, 0.345227171989, 0.03476603589, 0.188816682978, 0.103615689564, 0.567334601027, 0.463436317262, 0.0963439289893, 0.428298077053, 0.190207273308, 0.00479282651638, 0.00339241912803, 11.4865853579
0.0685525277147, 5.67763376521e-06, 0.0532380467826, 0.258811331039, 0.380822280267, 0.299141692425, 0.316331509279, 0.0211542170716, 0.0121106778785, 0.106430944668, 0.0815164385068, 0.0449594574174, 0.112556637934, 0.183765264229, 0.182200147033, 0.188816992466, 0.0620593155642, 0.30086064937, 0.850401601228, 0.203436989413, 0.294619913605, 0.165766601794, 0.0685525277147, 5.67763376521e-06, 11.5429076031
0.100425710145, 0.00944519041248, 0.00494133505614, 0.273719226629, 0.101649531318, 0.338572040664, 0.026770280752, 0.107202435107, 0.0252254907172, 0.485725471016, 0.111697147948, 0.00283253661351, 0.121025601022, 0.25762160378, 0.0315052734705, 0.0884106074519, 0.0633408063643, 0.249300738207, 0.470913831941, 0.0770807871053, 0.0386662553225, 0.189529302439, 0.100425710145, 0.00944519041248, 10.1109539307
0.168046543992, 0.000485824687845, 0.344104979752, 0.279098583899, 0.148843014629, 0.24257714877, 0.0790411753784, 0.0154405970833, 0.0354057867147, 0.545122227662, 0.0837817732348, 0.00623593680603, 0.420027466134, 0.190272410879, 0.0315579946424, 0.118778670085, 0.0459980295421, 0.298007937238, 0.197053527541, 0.212805053309, 0.0173529485329, 0.166023595083, 0.168046543992, 0.000485824687845, 10.6437482303
0.00532312135035, 0.0010404114187, 0.115184756835, 0.116479073279, 0.127260704672, 0.327224880473, 0.12878894827, 0.0704467895392, 0.280134099892, 0.142895231511, 0.128575257318, 0.0103363201693, 0.19117405067, 0.245675765895, 0.0354153013234, 0.0805140139644, 0.0414305356407, 0.567483302961, 0.450345996381, 0.694160288918, 0.340940433283, 0.11489270771, 0.00532312135035, 0.0010404114187, 11.68155164
0.0278365385128, 0.0273451703057, 0.0532380467826, 0.114595122329, 0.369949318099, 0.244546501022, 0.0312231169696, 0.0130645565407, 0.0126447196905, 0.106430944668, 0.0815164385068, 0.0449594574174, 0.121693968023, 0.183765264229, 0.182200147033, 0.188816992466, 0.257017217862, 0.301563348877, 0.470982699463, 0.203436989413, 0.0171097096374, 0.188620776019, 0.0278365385128, 0.0273451703057, 10.2927903358
0.000633946003267, 0.0273331763958, 0.120471971119, 0.244630524348, 0.368472913978, 0.24457429132, 0.0087511768043, 0.0778095643867, 0.0146272576773, 0.106958984571, 0.0830937940578, 0.0479977896095, 0.121256732026, 0.183765264229, 0.182200147033, 0.375047667262, 0.00730387100485, 0.298165681143, 0.456981630125, 0.203436989413, 0.0146468604499, 0.165766601794, 0.000633946003267, 0.0273331763958, 10.4848467901
0.0934132452948, 0.367173105936, 0.053203609044, 0.118274818809, 0.080437502331, 0.240651368247, 0.0255680735214, 0.0221860545328, 0.0252254907172, 0.105184146985, 0.113474161297, 0.00766031597436, 0.422262066474, 0.266747625129, 0.0211897347743, 0.342876631577, 0.0116484555393, 0.252411134435, 0.471009466167, 0.109670795691, 0.0386662553225, 0.188624093224, 0.0934132452948, 0.367173105936, 9.87858973102
0.000502292456749, 0.00334173685084, 0.382223539646, 0.116036771966, 0.146506380254, 0.336572035406, 0.00563384546839, 0.110726879742, 0.20722723666, 0.76233775654, 0.660891074295, 0.00648149849243, 0.375748609617, 0.193144332394, 0.0342205467553, 0.206586485096, 0.0532182435971, 0.360972840811, 0.206311075555, 0.0963983232919, 0.0171193352835, 0.115003875627, 0.000502292456749, 0.00334173685084, 11.9303814776
0.000526455341558, 3.09935760461e-05, 0.267953225032, 0.103483348136, 0.370200605455, 0.242512956544, 0.314012341443, 0.0498154879847, 0.0414234742909, 0.145488965672, 0.733674168906, 0.00419325035384, 0.429077755644, 0.414204596081, 0.0258755454803, 0.0886546438623, 0.0575404443201, 0.357477881729, 0.209886612689, 0.247648686549, 0.0337707743168, 0.164706800302, 0.000526455341558, 3.09935760461e-05, 11.8070700208
0.112573407234, 0.00239861982728, 0.109917855087, 0.282949699322, 0.389634635454, 0.33826719137, 0.305070892066, 0.11146176376, 0.0268527489481, 0.142983264218, 0.111867877996, 0.00515388048597, 0.0763728340859, 0.271159200144, 0.0314658959632, 0.286851079769, 0.270992668141, 0.360885686996, 0.209335653818, 0.0935224153711, 0.0386662553225, 0.117284531683, 0.112573407234, 0.00239861982728, 10.8013181688
0.00594644961937, 0.00134758440822, 0.335482564775, 0.117142077339, 0.376668153942, 0.336485332381, 0.309522366826, 0.072831637523, 0.0136464335279, 0.769510564822, 0.0848446281062, 0.0368777898155, 0.19017787771, 0.257909191996, 0.0531949742316, 0.212382644435, 0.0532193579035, 0.361884255091, 0.203408716566, 0.0963983232919, 0.0353996610082, 0.114857521017, 0.00594644961937, 0.00134758440822, 11.4417651238
0.0032271721961, 0.00399026611279, 0.0433488425885, 0.114784307977, 0.0825721163307, 0.151358908754, 0.0620359149499, 0.00936090257318, 0.772298048922, 0.150056448071, 0.296850214442, 0.0435984452317, 0.425684329078, 0.288145151976, 0.0298218538751, 0.378893596329, 0.0804531786222, 0.110065301024, 0.213005483154, 0.0548309699646, 0.00875684699094, 0.119416635991, 0.0032271721961, 0.00399026611279, 10.6365813355
0.00247529831552, 0.0193330209302, 0.115188407235, 0.115449898386, 0.800184442777, 0.306610261486, 0.0628143586823, 0.0465710001566, 0.0679187239898, 0.143173719259, 0.12983674363, 0.00721170655358, 0.070760790486, 0.197413929231, 0.0302355844607, 0.0778220860486, 0.0553519630522, 0.55389122771, 0.596151433448, 0.11875869041, 0.0297653401279, 0.119469196791, 0.00247529831552, 0.0193330209302, 10.9162760101
0.00484262210127, 0.00335058733551, 0.109457451014, 0.115962138077, 0.374681340974, 0.336848589415, 0.0643650882487, 0.00338967064035, 0.284607756698, 0.772377537063, 0.0798557203775, 0.00725340523087, 0.375748609617, 0.23152613923, 0.0345443916412, 0.206586485096, 0.0533443943232, 0.549813076814, 0.203408716566, 0.0867929771478, 0.0171193352835, 0.122610416559, 0.00484262210127, 0.00335058733551, 11.4395314486
0.000142456759076, 0.269468879259, 0.0285450685056, 0.273839503959, 0.127032228863, 0.33826719137, 0.863361296934, 0.0122565322202, 0.0575308849846, 0.485662085609, 0.111867877996, 0.00183327165656, 0.629741528101, 0.271159200144, 0.0314659384979, 0.713979345134, 0.0465443264637, 0.361877971463, 0.467028065661, 0.0935224153711, 0.417389130886, 0.117477610607, 0.000142456759076, 0.269468879259, 13.2811370907
4.67588442825e-05, 0.00556709607137, 0.957202342455, 0.983673100145, 0.14897413649, 0.415568638359, 0.0121490576112, 0.0700999801671, 0.592995857985, 0.545596544161, 0.0844932597529, 0.00942084102737, 0.635315446891, 0.35451217109, 0.024690230267, 0.377200887202, 0.0612582750495, 0.184677599364, 0.456743984765, 0.0770471236439, 0.0426141057523, 0.187704153315, 4.67588442825e-05, 0.00556709607137, 14.3984729018
0.000149186095985, 0.00571185696073, 0.108860735475, 0.109690422175, 0.0883597245999, 0.296297957788, 0.0642448992314, 0.0666379165086, 0.284822387226, 0.112639900008, 0.251653526193, 0.00608223537594, 0.265938898118, 0.231123461557, 0.0320586339766, 0.424278645924, 0.0533418841316, 0.549942519545, 0.696470809221, 0.0868336379414, 0.0262505006312, 0.925849985124, 0.000149186095985, 0.00571185696073, 12.3188103849
0.000166867941551, 0.00571185696073, 0.0480357024625, 0.109690422175, 0.0883597245999, 0.296491335543, 0.0642448992314, 0.0666379165086, 0.274800873501, 0.112639900008, 0.251653526193, 0.00608223537594, 0.265938898118, 0.231123461557, 0.0320586339766, 0.424278645924, 0.0533700072124, 0.545367506472, 0.70409336109, 0.0864378726081, 0.0262505006312, 0.901705612567, 0.000166867941551, 0.00571185696073, 12.1944573838
0.000391011375338, 0.00404727364271, 0.219860665363, 0.0441871054977, 0.795827826988, 0.412065482923, 0.00709728854083, 0.0144968307284, 0.219842880836, 0.0491156796146, 0.106322621994, 0.00699829886164, 0.431415238231, 0.272880582841, 0.0410733943588, 0.091051875331, 0.0300897726585, 0.883787505617, 0.46182015636, 0.199534105376, 0.456070679577, 0.10203489381, 0.000391011375338, 0.00404727364271, 12.540729138
4.67588442825e-05, 0.00571078252235, 0.957202342455, 0.983673100145, 0.0892948978934, 0.415568638359, 0.0323040108907, 0.0700478699108, 0.015452152348, 0.395749195451, 0.0876053587574, 0.0478934100577, 0.47531517164, 0.181658186676, 0.030029847911, 0.380296786507, 0.811424726657, 0.297900213318, 0.456743984765, 0.0770471236439, 0.0428489551627, 0.187704153315, 4.67588442825e-05, 0.00571078252235, 14.1471189449
0.168416253892, 0.0012757922115, 0.336402644334, 0.110372098933, 0.0350938570571, 0.150102329378, 0.0966164106938, 0.0152145137587, 0.170474722828, 0.083970576544, 0.150929032298, 0.0100346572099, 0.452292357642, 0.175018011156, 0.0703082500637, 0.2322952238, 0.047261659048, 0.252942452812, 0.197988314004, 0.102283750094, 0.0170123718654, 0.2190477513, 0.168416253892, 0.0012757922115, 9.90155085453
0.0132168609125, 0.00258761735485, 0.104419667592, 0.0996038133971, 0.104574428408, 0.151354778451, 0.127665099142, 0.0725677708482, 0.289489755215, 0.110723340393, 0.0963579564729, 0.00667218912944, 0.444899427716, 0.269071037069, 0.00057182207532, 0.0887634909649, 0.0422788335159, 0.550687085112, 0.700623184095, 0.0652559496936, 0.0347228780008, 0.123139286705, 0.0132168609125, 0.00258761735485, 10.6999958836
0.11083683057, 0.00400684934115, 0.115290032799, 0.25784291914, 0.034625326967, 0.243687657069, 0.00879627849031, 0.0713793113113, 0.202257098015, 0.141818703185, 0.114589206708, 0.0109926222218, 0.181793098462, 0.354513512093, 0.0352706123454, 0.21254650359, 0.0413378963554, 0.549264633175, 0.603058095863, 0.0772350455301, 0.0358059985926, 0.122441042824, 0.11083683057, 0.00400684934115, 10.5779564014
0.000391011375338, 0.00347169818752, 0.220497947117, 0.0224000188432, 0.795827826988, 0.243808530743, 0.00709728854083, 0.0152232955333, 0.219842880836, 0.767917797677, 0.299146513154, 0.00686051412516, 0.431415238231, 0.963919613553, 0.0410733943588, 0.091051875331, 0.0463525584723, 0.883787505617, 0.46596463825, 0.199534105376, 0.456070679577, 0.10203489381, 0.000391011375338, 0.00347169818752, 14.4769933752
0.00425259108636, 0.00196327006688, 0.11226395359, 0.984356421747, 0.0410490754651, 0.136059543979, 0.0620359149499, 0.00844759787757, 0.772298048922, 0.0918217735724, 0.130185063682, 0.00761398849731, 0.49138659526, 0.276523500899, 0.0399260945412, 0.0705988306244, 0.0412555204728, 0.561890373984, 0.207822545706, 0.0637784863452, 0.0348557245054, 0.117943802714, 0.00425259108636, 0.00196327006688, 11.7393012977
0.000401244685991, 0.0272787400575, 0.119103754547, 0.111356472853, 0.369097086434, 0.404138988772, 0.0298177751643, 0.0362831400858, 0.219946296083, 0.0262569720474, 0.291017220513, 0.0740815292133, 0.120321927621, 0.930843898843, 0.0244880557402, 0.186412710467, 0.052203416363, 0.23860213368, 0.456716335721, 0.20755581388, 0.0309803628613, 0.188620776019, 0.000401244685991, 0.0272787400575, 11.5534984219
0.117912423324, 0.00403336493323, 0.115188324597, 0.115449898386, 0.800184442777, 0.297750457484, 0.0623456099716, 0.0727822231185, 0.0679187239898, 0.143167429063, 0.12983674363, 0.00721170655358, 0.0303376345261, 0.195290814179, 0.0303744596372, 0.0778904891396, 0.0555217847683, 0.559769441271, 0.390225170268, 0.0788991914509, 0.0335213043318, 0.117443327949, 0.117912423324, 0.00403336493323, 10.5303953611
0.0915665348518, 0.00222613891619, 0.114145654779, 0.228061436848, 0.133053409157, 0.408283422443, 0.311436131118, 0.119996176527, 0.199814721317, 0.482515047163, 0.295497022309, 0.00649817916528, 0.394234566343, 0.27897230254, 0.0215769017202, 0.199452645415, 0.306540043507, 0.0938898702321, 0.211698482796, 0.0933000235901, 0.0289304313323, 0.117463071355, 0.0915665348518, 0.00222613891619, 11.4350268822
0.00200622724961, 0.014907416949, 0.268163165559, 0.116051693666, 0.348911740848, 0.134282676282, 0.325721926276, 0.123798651041, 0.0788450188879, 0.543392088188, 0.135719134291, 0.00722651688987, 0.0705298114828, 0.265857597147, 0.0314626753015, 0.126325991006, 0.0788753952262, 0.557906039541, 0.201096286184, 0.685553053956, 0.0350065454268, 0.118636120815, 0.00200622724961, 0.014907416949, 11.7389227266
0.0032271721961, 0.269628262953, 0.0433488425885, 0.113865944304, 0.0825574710467, 0.151358908754, 0.0620359149499, 0.00888457786867, 0.772298048922, 0.15371295364, 0.12983674363, 0.0435984452317, 0.265174321116, 0.27668325929, 0.029859832775, 0.378893596329, 0.0787561546345, 0.110065301024, 0.381440474373, 0.079197778559, 0.00875684699094, 0.117749799905, 0.0032271721961, 0.269628262953, 10.3758747995
0.168046543992, 0.00125642190443, 0.342611369925, 0.260367967367, 0.148843014629, 0.24257714877, 0.158116245754, 0.0154405970833, 0.0354057867147, 0.545122227662, 0.0837817732348, 0.00623593680603, 0.461510885449, 0.751547575143, 0.0315725231974, 0.118778670085, 0.0630697256801, 0.298153905213, 0.197391239319, 0.212805053309, 0.0287202667928, 0.165779734289, 0.168046543992, 0.00125642190443, 11.5718133476
0.176873509475, 0.00112311250283, 0.34661636915, 0.366381839761, 0.0345570186594, 0.288440010987, 0.0622410692341, 0.0713793113113, 0.147029676702, 0.757725279618, 0.295383006616, 0.0109926222218, 0.185233499845, 0.270012083579, 0.0296134485156, 0.21254650359, 0.020049723777, 0.101746118323, 0.848918653211, 0.0772350455301, 0.00884427820924, 0.122809193774, 0.176873509475, 0.00112311250283, 11.689994648
0.167690258812, 0.0273451703057, 0.0532380467826, 0.118975883307, 0.369949318099, 0.244546501022, 0.0311342180786, 0.0152091455279, 0.0126447196905, 0.0483564816273, 0.0815164385068, 0.0642951229813, 0.121693968023, 0.183765264229, 0.0411951924556, 0.187577026255, 0.257017217862, 0.603691596574, 0.470982699463, 0.203436989413, 0.0172191600859, 0.188101678319, 0.167690258812, 0.0273451703057, 10.4196913757
0.0673089432767, 0.0326098622112, 0.0257164475368, 0.258928997146, 0.129936107518, 0.24457429132, 0.109593021139, 0.0778095643867, 0.0433433793057, 0.106430944668, 0.0815164385068, 0.0449594574174, 0.122245164848, 0.183765264229, 0.182200147033, 0.181896553634, 0.0619798884843, 0.298165681143, 0.696517239958, 0.203655534271, 0.0280621080017, 0.242897107988, 0.0673089432767, 0.0326098622112, 10.4653911043
0.0032271721961, 0.264555170595, 0.0432882966508, 0.113865944304, 0.0825574710467, 0.151358908754, 0.0620359149499, 0.00844759787757, 0.772298048922, 0.133126272947, 0.12983674363, 0.00721170655358, 0.265174321116, 0.276506220192, 0.029859832775, 0.0807408283044, 0.0787561546345, 0.559740288474, 0.389495351537, 0.0784608822067, 0.00875684699094, 0.117749799905, 0.0032271721961, 0.264555170595, 10.5114350171
0.00268776596921, 0.369818867761, 0.21614455911, 0.265271461753, 0.367758753399, 0.246381992722, 0.331487645719, 0.050046923564, 0.0299509168313, 0.107491592867, 0.109781727147, 0.0042742828281, 0.0468847496856, 0.37014156635, 0.0306142757748, 0.343141980087, 0.0413380176958, 0.26668148524, 0.469295654972, 0.00794510023284, 0.0331318135408, 0.188589127671, 0.00268776596921, 0.369818867761, 10.7228796082
0.0979070604879, 0.369900176487, 0.053203609044, 0.279145197968, 0.0794121812023, 0.240651368247, 0.0255680735214, 0.0221860545328, 0.0252254907172, 0.105184146985, 0.113474161297, 0.00766031597436, 0.422035600602, 0.269865810388, 0.0314767085612, 0.342876631577, 0.0116484555393, 0.250117712863, 0.471009466167, 0.0764296589679, 0.0386662553225, 0.188624093224, 0.0979070604879, 0.369900176487, 10.0627592123
0.00185262440864, 0.0034603587317, 0.390760171826, 0.310519791328, 0.129936107518, 0.24457429132, 0.109593021139, 0.107366742447, 0.0433433793057, 0.668929234977, 0.08030460784, 0.0449594574174, 0.122245164848, 0.183765264229, 0.206525914423, 0.181896553634, 0.0463313858332, 0.316375199012, 0.671698315674, 0.203655534271, 0.0280621080017, 0.244685284828, 0.00185262440864, 0.0034603587317, 11.8520617794
0.00206205833076, 0.000116467646816, 0.393083543296, 0.982762206955, 0.839765257941, 0.243808530743, 0.00709728854083, 0.0158679888944, 0.196023524505, 0.759510433305, 0.127119182283, 0.00686051412516, 0.43275636828, 0.342721641116, 0.0411179543818, 0.091051875331, 0.0467161462497, 0.353348119554, 0.671747412412, 0.199534105376, 0.0339083454248, 0.10203489381, 0.00206205833076, 0.000116467646816, 13.9468092237
0.00515797131787, 0.0010404114187, 0.047702066375, 0.48115501998, 0.127260704672, 0.325028757371, 0.12878613098, 0.0704467895392, 0.280134099892, 0.142895231511, 0.128575257318, 0.00974513181264, 0.19117405067, 0.245675765895, 0.0354153013234, 0.0805140139644, 0.0414307585365, 0.567483302961, 0.184131619917, 0.694160288918, 0.419673693808, 0.114889147462, 0.00515797131787, 0.0010404114187, 11.8259105578
0.00629180214819, 0.000126103738907, 0.210168852032, 0.497867166204, 0.840722535357, 0.243973096216, 0.00542590975933, 0.0158897261592, 0.05395801412, 0.0724852117784, 0.126297620049, 0.00764849719091, 0.622053952055, 0.334979791913, 0.0314624720291, 0.0887757415116, 0.0512142431666, 0.351949367487, 0.675320942894, 0.243706682486, 0.438207968037, 0.101724267118, 0.00629180214819, 0.000126103738907, 12.7674816769
0.709939595455, 0.000176415552832, 0.0503188592124, 0.104178281075, 0.375772863717, 0.417232372409, 0.0305470433899, 0.0148049114572, 0.0663826953165, 0.645334726539, 0.112553343392, 0.927239064985, 0.405749614482, 0.36816557668, 0.0244880557402, 0.0857613640038, 0.0384265623184, 0.577299354921, 0.466853965153, 0.102787037572, 0.0165405044994, 0.129761971419, 0.709939595455, 0.000176415552832, 12.5230696104
0.112143843252, 3.13106838819e-05, 0.256027422939, 0.950817306117, 0.148822859047, 0.299856290104, 0.313693615048, 0.0210967739534, 0.144599474696, 0.135231544642, 0.0735675134436, 0.00386105247668, 0.264873237219, 0.280742771429, 0.0245894708247, 0.387926282227, 0.0450627479298, 0.30083282775, 0.911769125278, 0.119911690978, 0.295243784489, 0.117442941165, 0.112143843252, 3.13106838819e-05, 12.842474804
0.00173310371228, 0.00276553506547, 0.112772784229, 0.470864078537, 0.176060634865, 0.247032384391, 0.31273874362, 0.0505591007943, 0.577985482145, 0.491853700559, 0.0778001529224, 0.0447627330365, 0.513650839324, 0.336249647773, 0.000228278353015, 0.211691412843, 0.107459905209, 0.119737539749, 0.211217130339, 0.0937465149, 0.0364359340007, 0.184278933668, 0.00173310371228, 0.00276553506547, 11.9083583474
0.00532312135035, 9.44071856181e-05, 0.032683207188, 0.122874766558, 0.843450618848, 0.327154788091, 0.12878894827, 0.651353255578, 0.280134099892, 0.148022488201, 0.166816874911, 0.0103363201693, 0.191418658928, 0.360640244525, 0.0354153013234, 0.0805983662458, 0.0414305356407, 0.567483302961, 0.450093479284, 0.69445385611, 0.343362761305, 0.11489270771, 0.00532312135035, 9.44071856181e-05, 13.5473490295
0.00057758466975, 0.0010404114187, 0.047702066375, 0.489480431393, 0.127260704672, 0.266041974356, 0.102577173839, 0.0704467895392, 0.282112608299, 0.146170207328, 0.128575257318, 0.00532427369711, 0.163152551884, 0.258475632048, 0.0354153013234, 0.0805140139644, 0.0418484423414, 0.56866224137, 0.467261320559, 0.689646857952, 0.419673693808, 0.114889147462, 0.00057758466975, 0.0010404114187, 12.0817879929
0.00240447947386, 0.000900223973684, 0.115184756835, 0.277803345378, 0.127260704672, 0.267404587253, 0.134786967371, 0.0704467895392, 0.280134099892, 0.139807969798, 0.128575257318, 0.0100480711017, 0.395254109249, 0.245788481043, 0.0354153013234, 0.0805140139644, 0.0414305356407, 0.567270902978, 0.450249492444, 0.694160288918, 0.340940433283, 0.11489270771, 0.00240447947386, 0.000900223973684, 12.0978829325
0.00104481063271, 0.00587397288364, 0.0442578845364, 0.115428725643, 0.798949187176, 0.296215355601, 0.308796399404, 0.0727822231185, 0.763031573623, 0.121892302504, 0.130290373707, 0.00748530991281, 0.265174321116, 0.269479203541, 0.029859832775, 0.0807408283044, 0.0533536507223, 0.554954149277, 0.19855819403, 0.0788991914509, 0.00875684699094, 0.117458389002, 0.00104481063271, 0.00587397288364, 11.8258968589
0.00479282651638, 0.00134758440822, 0.335482564775, 0.116036771966, 0.37608578235, 0.336485332381, 0.309522366826, 0.0130634957883, 0.221126940841, 0.769510564822, 0.0848446281062, 0.0367984135189, 0.375748609617, 0.269445182803, 0.0345464263506, 0.206586485096, 0.0532193579035, 0.360996511214, 0.203408716566, 0.0963983232919, 0.0171232462486, 0.114857521017, 0.00479282651638, 0.00134758440822, 11.8461867446
0.0032271721961, 0.00582193687789, 0.0329157082877, 0.115449898386, 0.131992818338, 0.149830643376, 0.128779248329, 0.0727822231185, 0.203771752534, 0.133126272947, 0.128783184188, 0.00721170655358, 0.265956619525, 0.186887405025, 0.0349803067521, 0.0881474111736, 0.0533570501503, 0.561980414172, 0.460746254066, 0.693051247088, 0.034666227999, 0.183715362962, 0.0032271721961, 0.00582193687789, 10.9505166364
0.00324204757441, 0.00407859960357, 0.0433488425885, 0.114784307977, 0.0825721163307, 0.151358908754, 0.128307343915, 0.00936090257318, 0.778579978196, 0.142839499364, 0.296850214442, 0.0435984452317, 0.187180318367, 0.288145151976, 0.029866048435, 0.0767575910496, 0.0804531786222, 0.596271105287, 0.213005483154, 0.0548309699646, 0.00875684699094, 0.119416635991, 0.00324204757441, 0.00407859960357, 10.6513409287
0.00542166365643, 0.00403193015656, 0.109838405984, 0.0436973127295, 0.131823343885, 0.336848399444, 0.317939949722, 0.169563187219, 0.213260587842, 0.767787411686, 0.0846151863202, 0.0197184245626, 0.0243329576324, 0.265942163526, 0.0317869402749, 0.193751649038, 0.798364105033, 0.0960242469681, 0.203207737934, 0.0932856221657, 0.0149064989015, 0.115116021651, 0.00542166365643, 0.00403193015656, 11.441360646
0.00384092361991, 0.264555170595, 0.0213411526754, 0.11457068814, 0.0810449204609, 0.303864471209, 0.0620359149499, 0.00844759787757, 0.751372786398, 0.0996860403867, 0.104303413494, 0.00697255967802, 0.32613657498, 0.276506220192, 0.00532997193159, 0.0807408283044, 0.0800671039455, 0.559740288474, 0.389495351537, 0.0784608822067, 0.0275469801954, 0.114999369893, 0.00384092361991, 0.264555170595, 10.6502024221
0.0278617876668, 0.0277071397784, 0.0532380467826, 0.111360743688, 0.369949318099, 0.239556818312, 0.0298061926156, 0.0363327427171, 0.210317388242, 0.109288339439, 0.290257812465, 0.0450767939162, 0.474299222888, 0.183765264229, 0.0241272108664, 0.188512175304, 0.0115263969419, 0.239245537011, 0.470982699463, 0.207711360188, 0.0171592203674, 0.188620776019, 0.0278617876668, 0.0277071397784, 10.7159215051
0.11083683057, 0.00400684934115, 0.115290032799, 0.257776101152, 0.0345570186594, 0.305987408321, 0.00879627849031, 0.0713793113113, 0.195581936736, 0.142895231511, 0.114589206708, 0.0109926222218, 0.189222697635, 0.354513512093, 0.0352706123454, 0.21254650359, 0.0414305356407, 0.56351273543, 0.603058095863, 0.0772350455301, 0.034079000998, 0.122474481213, 0.11083683057, 0.00400684934115, 10.6811619997
0.000305033070044, 0.270738578239, 0.0239983641233, 0.366208695133, 0.130798319352, 0.414869499512, 0.103928543322, 0.0146795076434, 0.565001088139, 0.0518935410488, 0.145849735536, 0.00675975590948, 0.0298659325102, 0.359950540671, 0.0308052846017, 0.379478548011, 0.371869347155, 0.102040469817, 0.705374135864, 0.671853737827, 0.0170208387341, 0.204859528583, 0.000305033070044, 0.270738578239, 12.2691588908
0.0685525277147, 0.0273331763958, 0.0532380467826, 0.258811331039, 0.368472913978, 0.24457429132, 0.0312231169696, 0.0778095643867, 0.0121106778785, 0.106430944668, 0.0815164385068, 0.0449594574174, 0.121256732026, 0.183765264229, 0.182200147033, 0.188816992466, 0.0620593155642, 0.298165681143, 0.850401601228, 0.203436989413, 0.0171097096374, 0.165766601794, 0.0685525277147, 0.0273331763958, 10.7733930008
0.0999840675058, 0.00239861982728, 0.113059209917, 0.283374522276, 0.389634635454, 0.33826719137, 0.309026049184, 0.110758420955, 0.0268527489481, 0.485662085609, 0.111867877996, 0.00515388048597, 0.422035600602, 0.271159200144, 0.0314658959632, 0.286851079769, 0.270992668141, 0.360885686996, 0.209335653818, 0.0935224153711, 0.0386662553225, 0.117477610607, 0.0999840675058, 0.00239861982728, 11.7425967831
0.0979070604879, 0.369900176487, 0.00494133505614, 0.273719226629, 0.0793806319617, 0.338572040664, 0.026770280752, 0.0221696174567, 0.0252254907172, 0.485725471016, 0.111697147948, 0.00781369351498, 0.121025601022, 0.271159200144, 0.0315052734705, 0.187845510934, 0.0465443264637, 0.249998271247, 0.470913831941, 0.0770807871053, 0.0386662553225, 0.191677488395, 0.0979070604879, 0.369900176487, 10.0734641205
0.043606958424, 0.000101607314938, 0.0321069488214, 0.983531355297, 0.839723101685, 0.372164950214, 0.311824554081, 0.673226957405, 0.0675307044038, 0.64614685332, 0.129184215913, 0.868929046337, 0.092918512231, 0.359539200434, 0.278723517378, 0.0886143521025, 0.274539893165, 0.356943554881, 0.453957832974, 0.694457947235, 0.032480455065, 0.186877150602, 0.043606958424, 0.000101607314938, 16.4404626261
0.168416253892, 0.0012757922115, 0.336402644334, 0.242331461561, 0.0350938570571, 0.150102329378, 0.12996097563, 0.0152145137587, 0.170474722828, 0.083970576544, 0.150929032298, 0.0836921980271, 0.452292357642, 0.878630636224, 0.0703082500637, 0.120292829983, 0.047261659048, 0.304511145716, 0.197988314004, 0.101927313314, 0.0168519199941, 0.165779734289, 0.168416253892, 0.0012757922115, 11.0152673593
0.698987890488, 0.000176440761575, 0.0503188592124, 0.104178281075, 0.364191971754, 0.417232372409, 0.0305470433899, 0.0148049114572, 0.0663826953165, 0.646472181823, 0.11338022433, 0.922914906228, 0.121693968023, 0.36816557668, 0.0244880557402, 0.0846361940082, 0.0384265623184, 0.35746415832, 0.518426451071, 0.684252248394, 0.0342319807585, 0.188648007685, 0.698987890488, 0.000176440761575, 12.7922876142
0.0916391506184, 0.00404055881023, 0.109838405984, 0.0436973127295, 0.131823343885, 0.409329510817, 0.118168582418, 0.119992716741, 0.200096169136, 0.0462024289334, 0.104308402267, 0.0460720906508, 0.0243329576324, 0.559912715005, 0.084656678344, 0.450246937607, 0.809115379106, 0.0945322574784, 0.215716560546, 0.0932856221657, 0.0299594175563, 0.195253753805, 0.0916391506184, 0.00404055881023, 11.2207051307
0.178145958227, 0.00112311250283, 0.115256628319, 0.366381839761, 0.0345570186594, 0.297952787199, 0.0620332855563, 0.0713793113113, 0.195581936736, 0.757725279618, 0.138297165414, 0.0109926222218, 0.185233499845, 0.275414500921, 0.0399779575601, 0.0791487449362, 0.0196145161754, 0.56351273543, 0.848918653211, 0.0772350455301, 0.00867776522733, 0.117972546007, 0.178145958227, 0.00112311250283, 11.7005163989
0.00425259108636, 0.0150044682882, 0.115134665669, 0.112620210788, 0.0410490754651, 0.136059543979, 0.0620359149499, 0.00844759787757, 0.772298048922, 0.133126272947, 0.12983674363, 0.00721170655358, 0.491687086549, 0.276506220192, 0.0399260945412, 0.0805795007509, 0.0787561546345, 0.558537045732, 0.209814461381, 0.234560820759, 0.00875684699094, 0.117943802714, 0.00425259108636, 0.0150044682882, 10.8767918169
0.016597628362, 0.00129676030958, 0.115468955566, 0.325359295102, 0.40319473532, 0.264364320782, 0.16100551451, 0.131643974006, 0.0304771114594, 0.387934491171, 0.0894569951152, 0.0100589295183, 0.191189687995, 0.285967343758, 0.0412247180289, 0.118928309734, 0.0374730093364, 0.950278770713, 0.209813255561, 0.21892215424, 0.277461751868, 0.12130903745, 0.016597628362, 0.00129676030958, 11.8981760679
0.0132168609125, 0.00258761735485, 0.104419667592, 0.0955265582577, 0.104574428408, 0.151354778451, 0.127665099142, 0.0725677708482, 0.289489755215, 0.143750067667, 0.112335433788, 0.00673016032852, 0.186081518098, 0.269071037069, 0.0312535638156, 0.0951369695755, 0.0422788335159, 0.550687085112, 0.700623184095, 0.228898790092, 0.43473478008, 0.123139286705, 0.0132168609125, 0.00258761735485, 11.2221708379
0.00479282651638, 0.00334909440803, 0.335482564775, 0.116036771966, 0.37608578235, 0.336485332381, 0.309522366826, 0.00338967064035, 0.212502681581, 0.769510564822, 0.0848446281062, 0.00725340523087, 0.375748609617, 0.269445182803, 0.0345464263506, 0.206586485096, 0.0532193579035, 0.360972840811, 0.203408716566, 0.0963983232919, 0.0171193352835, 0.114857521017, 0.00479282651638, 0.00334909440803, 11.7812230531
0.00226785273693, 0.00585212198315, 0.0209195201351, 0.325359295102, 0.40319473532, 0.148403816146, 0.0341825929382, 0.131643974006, 0.0304771114594, 0.387934491171, 0.0898870729704, 0.00684740713838, 0.315523772209, 0.326211927212, 0.0414068900345, 0.373569063922, 0.0377060564731, 0.950278770713, 0.176702931907, 0.21892215424, 0.277664065678, 0.123371177978, 0.00226785273693, 0.00585212198315, 11.9658672576
0.000149186095985, 0.00571185696073, 0.108860735475, 0.467936902886, 0.0883597245999, 0.245082440241, 0.325238393434, 0.407748682681, 0.284822387226, 0.489542341135, 0.251653526193, 0.0906191486297, 0.456993379784, 0.23167310588, 0.295403125175, 0.424278645924, 0.0468052014754, 0.549942519545, 0.696470809221, 0.0868336379414, 0.0262505006312, 0.925849985124, 0.000149186095985, 0.00571185696073, 14.7742741092
0.00247529831552, 0.0191534279478, 0.115188407235, 0.115455457542, 0.800184442777, 0.306610261486, 0.0625206283439, 0.044928769216, 0.068898363049, 0.766314243085, 0.12983674363, 0.00721170655358, 0.372336333881, 0.197413929231, 0.0302355844607, 0.0778220860486, 0.0532311322318, 0.362230413896, 0.596151433448, 0.118808961407, 0.016795946302, 0.119469196791, 0.00247529831552, 0.0191534279478, 11.884064472
0.00246431180973, 0.000904657796348, 0.22082329027, 0.0220440768881, 0.375792366833, 0.266743259585, 0.907017978038, 0.0712015582674, 0.220357546977, 0.503816882849, 0.292836545955, 0.0205008638964, 0.396862165106, 0.258259774115, 0.0246836579384, 0.186412134193, 0.0510449982568, 0.579836208206, 0.466344177265, 0.0967349850327, 0.495626363026, 0.129288008382, 0.00246431180973, 0.000904657796348, 13.5407739385
0.000640809554631, 0.0282298099077, 0.221700612599, 0.0220440768881, 0.375792366833, 0.266743259585, 0.907017978038, 0.0146153640908, 0.201030335288, 0.503816882849, 0.108063731435, 0.00530607990302, 0.163239444644, 0.258383690154, 0.0502937284788, 0.186412134193, 0.0336606364743, 0.242111846858, 0.466344177265, 0.0941136474129, 0.495626363026, 0.129288008382, 0.000640809554631, 0.0282298099077, 12.4003465501
0.00069924548876, 0.00556709607137, 0.120198602169, 0.983673100145, 0.0894579022429, 0.420759014597, 0.00885650401263, 0.0700478699108, 0.592995857985, 0.136182265358, 0.673580271468, 0.0478912249593, 0.641784648798, 0.355364456977, 0.0306923630117, 0.377200887202, 0.811424726657, 0.187752051901, 0.456743984765, 0.204927889352, 0.0428489551627, 0.187704153315, 0.00069924548876, 0.00556709607137, 14.6928260036
0.00173310371228, 0.0266201629456, 0.05323058076, 0.470864078537, 0.17068588971, 0.247032384391, 0.31273874362, 0.0505286845573, 0.577985482145, 0.492436615254, 0.0778001529224, 0.0447623592104, 0.513650839324, 0.181403010452, 0.000228278353015, 0.211437323799, 0.107459905209, 0.289057001611, 0.211217130339, 0.0937465149, 0.0368429975276, 0.184278933668, 0.00173310371228, 0.0266201629456, 11.8362047229
