0.108397691206, 0.834998538615, 3.17389485731, 0.622560904353, 26.8132816127, 18.9359025727, 0.63136285804, 3.15375134051, 1.08999937797, 158.083639933, 0.00135835938406, 0.0
0.108397691206, 0.834998538615, 3.17389485731, 0.622560904353, 26.8132816127, 18.9359025727, 0.63136285804, 3.15375134051, 1.08999937797, 158.083639933, 0.00135835938406, 0.0
0.206515241582, 0.826844848355, 2.32306095976, 0.50299958496, 47.4757267791, 49.5500414458, 0.305196504693, 0.790625448413, 13.4018495767, 59.4417435862, 0.255413917938, 0.222222222222
0.206515241582, 0.826844848355, 2.32306095976, 0.50299958496, 47.4757267791, 49.5500414458, 0.305196504693, 0.790625448413, 13.4018495767, 59.4417435862, 0.255413917938, 0.222222222222
0.105213362183, 0.842702152794, 2.01957881769, 0.453426633191, 28.8175208429, 1.49246814862, 0.774649920584, 1.90461120764, 19.1896052068, 60.4907132514, 0.0240180067247, 0.3
0.105213362183, 0.842702152794, 2.01957881769, 0.453426633191, 28.8175208429, 1.49246814862, 0.774649920584, 1.90461120764, 19.1896052068, 60.4907132514, 0.0240180067247, 0.3
0.880625370791, 0.834998538615, 2.72400415164, 0.603839447494, 30.0086958474, 1.08315203267, 0.011020214865, 2.5503166305, 1.77725320381, 79.3590578449, 0.0, 0.142857142857
0.880625370791, 0.834998538615, 2.72400415164, 0.603839447494, 30.0086958474, 1.08315203267, 0.011020214865, 2.5503166305, 1.77725320381, 79.3590578449, 0.0, 0.142857142857
0.108397691206, 0.834998538615, 8.34507469848, 0.622560904353, 80.7592871391, 1.13327744834, 0.63136285804, 3.92215248585, 1.08999937797, 220.36141147, 0.000417134290203, 0.0
0.108397691206, 0.834998538615, 8.34507469848, 0.622560904353, 80.7592871391, 1.13327744834, 0.63136285804, 3.92215248585, 1.08999937797, 220.36141147, 0.000417134290203, 0.0
0.108397691206, 0.854764784304, 4.09097708128, 0.641731974699, 16.2306248644, 1.08315203267, 0.63136285804, 2.48119656254, 1.07565373383, 96.6456181454, 0.00634428109047, 0.0
0.108397691206, 0.854764784304, 4.09097708128, 0.641731974699, 16.2306248644, 1.08315203267, 0.63136285804, 2.48119656254, 1.07565373383, 96.6456181454, 0.00634428109047, 0.0
0.108397691206, 0.822895799211, 3.36065353671, 0.622560904353, 80.7592871391, 1.3856235112, 0.63136285804, 0.97243302854, 1.04197167922, 110.285834813, 0.00470977484203, 0.0
0.108397691206, 0.822895799211, 3.36065353671, 0.622560904353, 80.7592871391, 1.3856235112, 0.63136285804, 0.97243302854, 1.04197167922, 110.285834813, 0.00470977484203, 0.0
0.109253788707, 1.01146331062, 2.93048409075, 0.401699202643, 26.8785711052, 1.00000223628, 0.107624893544, 4.10829341484, 4.40389805956, 171.640617014, 0.00149624612062, 0.0
0.109253788707, 1.01146331062, 2.93048409075, 0.401699202643, 26.8785711052, 1.00000223628, 0.107624893544, 4.10829341484, 4.40389805956, 171.640617014, 0.00149624612062, 0.0
0.880625370791, 0.831173442855, 2.33769104729, 0.688170939646, 80.7592871391, 1.24657508852, 0.503241608635, 1.21621873479, 1.50952451214, 73.3300890986, 0.0738088075884, 0.5625
0.880625370791, 0.831173442855, 2.33769104729, 0.688170939646, 80.7592871391, 1.24657508852, 0.503241608635, 1.21621873479, 1.50952451214, 73.3300890986, 0.0738088075884, 0.5625
0.211934235048, 0.842702152794, 2.30402722973, 0.437767581199, 88.7060506973, 1.96924978599, 0.180798854606, 0.909298441157, 3.50187579835, 89.9066356796, 0.0188716952558, 0.318181818182
0.211934235048, 0.842702152794, 2.30402722973, 0.437767581199, 88.7060506973, 1.96924978599, 0.180798854606, 0.909298441157, 3.50187579835, 89.9066356796, 0.0188716952558, 0.318181818182
0.201435711709, 0.842702152794, 2.00573893468, 0.643280521258, 79.5091104424, 1.00837636202, 0.774649920584, 3.92215248585, 33.3700987393, 93.603203308, 0.0137594900491, 0.272727272727
0.201435711709, 0.842702152794, 2.00573893468, 0.643280521258, 79.5091104424, 1.00837636202, 0.774649920584, 3.92215248585, 33.3700987393, 93.603203308, 0.0137594900491, 0.272727272727
0.880625370791, 0.834998538615, 2.33769104729, 0.697199820462, 80.7592871391, 1.24657508852, 0.503241608635, 1.21621873479, 1.50952451214, 93.896067651, 0.100426675988, 0.230769230769
0.880625370791, 0.834998538615, 2.33769104729, 0.697199820462, 80.7592871391, 1.24657508852, 0.503241608635, 1.21621873479, 1.50952451214, 93.896067651, 0.100426675988, 0.230769230769
0.100834825555, 0.834998538615, 2.72400415164, 0.480539170026, 72.1749546725, 1.08315203267, 0.011020214865, 3.22088513173, 1.77725320381, 96.6451892567, 0.00968845753023, 0.647058823529
0.100834825555, 0.834998538615, 2.72400415164, 0.480539170026, 72.1749546725, 1.08315203267, 0.011020214865, 3.22088513173, 1.77725320381, 96.6451892567, 0.00968845753023, 0.647058823529
0.108397691206, 0.840007920299, 4.09097708128, 0.641731974699, 26.8132816127, 1.08315203267, 0.63136285804, 2.48119656254, 1.08999937797, 106.937732625, 0.00450872910271, 0.684210526316
0.108397691206, 0.840007920299, 4.09097708128, 0.641731974699, 26.8132816127, 1.08315203267, 0.63136285804, 2.48119656254, 1.08999937797, 106.937732625, 0.00450872910271, 0.684210526316
0.880625370791, 0.834998538615, 2.72400415164, 0.604385090171, 20.2599577583, 1.08315203267, 0.011020214865, 2.5503166305, 1.77725320381, 102.302468628, 0.0473651632506, 0.0
0.880625370791, 0.834998538615, 2.72400415164, 0.604385090171, 20.2599577583, 1.08315203267, 0.011020214865, 2.5503166305, 1.77725320381, 102.302468628, 0.0473651632506, 0.0
0.109253788707, 1.01146331062, 2.60914003222, 0.400536156895, 37.5840786503, 1.00000223628, 0.107624893544, 4.10829341484, 4.40389805956, 98.1597885724, 0.00653659459119, 0.333333333333
0.109253788707, 1.01146331062, 2.60914003222, 0.400536156895, 37.5840786503, 1.00000223628, 0.107624893544, 4.10829341484, 4.40389805956, 98.1597885724, 0.00653659459119, 0.333333333333
0.880625370791, 0.834998538615, 2.33769104729, 0.688170939646, 80.7592871391, 1.24657508852, 0.503241608635, 1.21621873479, 1.50952451214, 104.591592034, 0.0436625467531, 0.0
0.880625370791, 0.834998538615, 2.33769104729, 0.688170939646, 80.7592871391, 1.24657508852, 0.503241608635, 1.21621873479, 1.50952451214, 104.591592034, 0.0436625467531, 0.0
0.243356779687, 0.836055333283, 2.20486996711, 0.538022620734, 74.1408074781, 1.3400979619, 0.224019871201, 4.85124501719, 43.3948578957, 98.7825951414, 0.0172484050687, 0.2
0.243356779687, 0.836055333283, 2.20486996711, 0.538022620734, 74.1408074781, 1.3400979619, 0.224019871201, 4.85124501719, 43.3948578957, 98.7825951414, 0.0172484050687, 0.2
0.201435711709, 0.842702152794, 2.05567601928, 0.643280521258, 79.5091104424, 1.00837636202, 0.135134188775, 3.92215248585, 33.3700987393, 156.821773314, 0.00950598443901, 0.0
0.201435711709, 0.842702152794, 2.05567601928, 0.643280521258, 79.5091104424, 1.00837636202, 0.135134188775, 3.92215248585, 33.3700987393, 156.821773314, 0.00950598443901, 0.0
0.108397691206, 0.821524791708, 2.37551447704, 0.643280521258, 65.4358233346, 1.3856235112, 0.307161691825, 1.51077743219, 9.26893338991, 131.960107897, 0.0110284252198, 0.181818181818
0.108397691206, 0.821524791708, 2.37551447704, 0.643280521258, 65.4358233346, 1.3856235112, 0.307161691825, 1.51077743219, 9.26893338991, 131.960107897, 0.0110284252198, 0.181818181818
0.109253788707, 0.842702152794, 2.12730352766, 0.453426633191, 68.4031383432, 1.49246814862, 0.774649920584, 4.30857088825, 19.1896052068, 138.27585801, 0.00999412674302, 0.0
0.109253788707, 0.842702152794, 2.12730352766, 0.453426633191, 68.4031383432, 1.49246814862, 0.774649920584, 4.30857088825, 19.1896052068, 138.27585801, 0.00999412674302, 0.0
0.342109440828, 0.854764784304, 7.85494980311, 0.641731974699, 26.8132816127, 1.08315203267, 0.00727788712337, 2.48119656254, 1.08999937797, 238.433014678, 0.00336828321486, 0.125
0.115482572103, 0.847678395409, 8.42771456262, 0.400089512812, 40.5870862951, 1.11054873025, 0.13060041551, 0.354899240694, 12.7008525895, 472.467049635, 0.00347897782168, 0.0
0.115482572103, 0.847678395409, 8.42771456262, 0.400089512812, 40.5870862951, 1.11054873025, 0.13060041551, 0.354899240694, 12.7008525895, 472.467049635, 0.00347897782168, 0.0
0.211934235048, 0.842702152794, 2.30402722973, 0.518758580405, 70.7692589475, 1.76424588504, 0.180798854606, 0.909298441157, 13.9332378261, 96.4396768266, 0.0395725694134, 0.590909090909
0.100080802363, 0.834998538615, 3.07517102282, 0.465985854666, 80.7592871391, 1.3856235112, 0.216168836792, 2.48119656254, 1.3353047537, 103.061182021, 0.0147825233855, 0.72
0.118660091526, 0.822537622204, 2.32306095976, 0.613558294058, 47.4757267791, 47.8581666434, 0.0628885609833, 0.976215976924, 34.2953076153, 101.665571014, 0.304178857134, 0.285714285714
0.342109440828, 0.854764784304, 7.85494980311, 0.641731974699, 26.8132816127, 1.08315203267, 0.00727788712337, 2.48119656254, 1.08999937797, 238.433014678, 0.00336828321486, 0.125
0.206515241582, 0.947780773336, 2.32306095976, 0.653166418739, 47.4757267791, 47.9548987265, 0.305196504693, 0.976215976924, 34.2953076153, 102.997304103, 0.165280200796, 0.0
0.118660091526, 0.822537622204, 2.32306095976, 0.613558294058, 47.4757267791, 47.8581666434, 0.0628885609833, 0.976215976924, 34.2953076153, 101.665571014, 0.304178857134, 0.285714285714
0.289672510957, 0.836055333283, 2.00016202413, 0.538022620734, 32.2860981281, 26.3621756271, 0.332224464034, 4.85124501719, 43.3948578957, 141.909794847, 0.153087613686, 0.0909090909091
0.880625370791, 0.834998538615, 2.23118361372, 0.604385090171, 80.7592871391, 1.09078207967, 0.0873216107815, 3.78100681674, 1.77725320381, 106.815037389, 0.0910842203502, 0.304347826087
0.115482572103, 0.836055333283, 2.20486996711, 0.538022620734, 79.4113052529, 1.3400979619, 0.224019871201, 4.85124501719, 43.3948578957, 113.882695543, 0.0216984866514, 0.47619047619
0.880625370791, 0.834998538615, 2.23118361372, 0.604385090171, 80.7592871391, 1.09078207967, 0.0873216107815, 2.54511845018, 12.7388754998, 99.6503558047, 0.0680278604153, 0.333333333333
0.211934235048, 0.842702152794, 2.30402722973, 0.437767581199, 70.7692589475, 1.96924978599, 0.180798854606, 0.909298441157, 11.8087386589, 112.779370327, 0.0252782286968, 0.222222222222
0.158142236113, 0.834998538615, 2.51204711788, 0.493405255092, 79.5091104424, 1.00837636202, 0.63136285804, 3.92215248585, 1.08999937797, 144.975749113, 0.013134566589, 0.142857142857
0.108397691206, 0.960765158494, 3.48757570362, 0.622560904353, 80.7592871391, 1.1978437944, 0.619818251974, 0.761300091992, 14.9198307677, 159.179592985, 0.0105574771843, 0.0714285714286
0.109253788707, 1.01146331062, 2.60914003222, 0.400536156895, 37.5840786503, 1.00000223628, 0.107624893544, 4.10829341484, 4.40389805956, 196.616880896, 0.00704136400312, 0.0
0.108397691206, 0.960765158494, 3.48757570362, 0.622560904353, 80.7592871391, 1.1978437944, 0.619818251974, 0.761300091992, 14.9198307677, 159.179592985, 0.0105574771843, 0.0714285714286
0.211934235048, 0.842702152794, 2.30402722973, 0.518758580405, 70.7692589475, 1.76424588504, 0.180798854606, 0.909298441157, 13.9332378261, 96.4396768266, 0.0395725694134, 0.590909090909
0.100834825555, 1.03386449166, 3.34628646699, 0.656673063856, 86.2715346554, 1.04643390946, 0.63136285804, 2.48119656254, 1.36600572657, 139.912692598, 0.00664506117025, 0.647058823529
0.109253788707, 1.01146331062, 2.93048409075, 0.401699202643, 26.8785711052, 1.00000223628, 0.107624893544, 4.10829341484, 4.40389805956, 133.567607422, 0.0130394643236, 0.428571428571
0.158142236113, 0.834998538615, 2.34658019713, 0.493405255092, 79.5091104424, 1.00609793182, 0.63136285804, 3.92215248585, 1.08999937797, 104.92357235, 0.0156565750648, 0.592592592593
0.100080802363, 0.834998538615, 3.07517102282, 0.465985854666, 80.7592871391, 1.3856235112, 0.216168836792, 2.48119656254, 1.3353047537, 127.67723413, 0.0131271027573, 0.705882352941
0.10541142434, 0.960765158494, 2.90278003265, 0.622560904353, 80.7592871391, 1.08048189562, 0.619818251974, 0.761300091992, 14.9198307677, 191.859967008, 0.0100333885038, 0.0
0.211934235048, 0.842702152794, 2.30402722973, 0.437767581199, 70.7692589475, 1.96924978599, 0.180798854606, 0.909298441157, 11.8087386589, 112.779370327, 0.0252782286968, 0.222222222222
0.100834825555, 1.03386449166, 3.34628646699, 0.656673063856, 86.2715346554, 1.04643390946, 0.63136285804, 2.48119656254, 1.36600572657, 139.912692598, 0.00664506117025, 0.647058823529
0.108397691206, 0.834998538615, 3.17389485731, 0.622560904353, 26.8132816127, 1.13600041821, 0.63136285804, 2.48119656254, 3.75736924458, 142.717146238, 0.014945515035, 0.375
0.679781986398, 0.95102952981, 2.46161041165, 0.440430763497, 92.6314678143, 1.49246814862, 0.332224464034, 4.24315937122, 7.86414643242, 151.269455256, 0.0803501264192, 0.1
0.108397691206, 0.820824827561, 3.34628646699, 0.519130209885, 18.2075719927, 1.3856235112, 0.596574907603, 4.21700563452, 3.78634849271, 194.256190027, 0.00340823793554, 0.272727272727
0.679781986398, 0.95102952981, 2.46161041165, 0.440430763497, 92.6314678143, 1.49246814862, 0.332224464034, 4.24315937122, 7.86414643242, 151.269455256, 0.0803501264192, 0.1
0.880625370791, 0.834998538615, 2.72400415164, 0.603839447494, 93.8015166325, 1.08315203267, 0.011020214865, 2.5503166305, 1.77725320381, 105.812077127, 0.0307261438931, 0.307692307692
0.880625370791, 0.834998538615, 2.23118361372, 0.604385090171, 80.7592871391, 1.09078207967, 0.0873216107815, 2.54511845018, 12.7388754998, 99.6503558047, 0.0680278604153, 0.333333333333
0.100834825555, 0.834998538615, 2.72400415164, 0.480539170026, 72.1749546725, 1.08315203267, 0.011020214865, 3.22088513173, 31.9283428249, 121.794994339, 0.013788160082, 0.454545454545
0.108397691206, 0.834998538615, 3.17389485731, 0.622560904353, 26.8132816127, 1.13600041821, 0.63136285804, 2.48119656254, 3.75736924458, 154.496104565, 0.00843271491832, 0.347826086957
0.289672510957, 0.836055333283, 2.00016202413, 0.538022620734, 32.2860981281, 26.3621756271, 0.332224464034, 4.85124501719, 43.3948578957, 141.909794847, 0.153087613686, 0.0909090909091
0.109253788707, 1.01146331062, 2.93048409075, 0.401699202643, 26.8785711052, 1.00000223628, 0.107624893544, 4.10829341484, 4.40389805956, 133.567607422, 0.0130394643236, 0.428571428571
0.115482572103, 0.836055333283, 2.20486996711, 0.538022620734, 79.4113052529, 1.3400979619, 0.224019871201, 4.85124501719, 43.3948578957, 113.882695543, 0.0216984866514, 0.47619047619
0.100834825555, 0.834998538615, 2.72400415164, 0.480539170026, 72.1749546725, 1.08315203267, 0.011020214865, 3.22088513173, 31.9283428249, 121.794994339, 0.013788160082, 0.454545454545
0.880625370791, 0.834998538615, 2.23118361372, 0.604385090171, 80.7592871391, 1.09078207967, 0.0873216107815, 3.78100681674, 1.77725320381, 106.815037389, 0.0910842203502, 0.304347826087
0.206515241582, 0.947780773336, 2.32306095976, 0.653166418739, 47.4757267791, 47.9548987265, 0.305196504693, 0.976215976924, 34.2953076153, 102.997304103, 0.165280200796, 0.0
0.108397691206, 0.834998538615, 3.17389485731, 0.622560904353, 26.8132816127, 1.13600041821, 0.63136285804, 2.48119656254, 3.75736924458, 142.717146238, 0.014945515035, 0.375
0.100080802363, 0.834998538615, 3.07517102282, 0.465985854666, 80.7592871391, 1.3856235112, 0.216168836792, 2.48119656254, 1.3353047537, 127.67723413, 0.0131271027573, 0.705882352941
0.108397691206, 0.834998538615, 3.17389485731, 0.622560904353, 26.8132816127, 1.13600041821, 0.63136285804, 2.48119656254, 3.75736924458, 154.496104565, 0.00843271491832, 0.347826086957
0.108397691206, 0.834998538615, 3.36065353671, 0.622560904353, 80.7592871391, 1.3856235112, 0.63136285804, 0.97243302854, 1.08999937797, 115.054546479, 0.024291203858, 0.3
0.158142236113, 0.834998538615, 2.51204711788, 0.493405255092, 79.5091104424, 1.00837636202, 0.63136285804, 3.92215248585, 1.08999937797, 144.975749113, 0.013134566589, 0.142857142857
0.108397691206, 0.834998538615, 3.36065353671, 0.622560904353, 80.7592871391, 1.3856235112, 0.63136285804, 0.97243302854, 1.08999937797, 115.054546479, 0.024291203858, 0.3
0.880625370791, 0.834998538615, 2.72400415164, 0.603839447494, 93.8015166325, 1.08315203267, 0.011020214865, 2.5503166305, 1.77725320381, 105.812077127, 0.0307261438931, 0.307692307692
0.108397691206, 0.820824827561, 3.34628646699, 0.519130209885, 18.2075719927, 1.3856235112, 0.596574907603, 4.21700563452, 3.78634849271, 194.256190027, 0.00340823793554, 0.272727272727
0.100080802363, 0.834998538615, 3.07517102282, 0.465985854666, 80.7592871391, 1.3856235112, 0.216168836792, 2.48119656254, 1.3353047537, 103.061182021, 0.0147825233855, 0.72
0.158142236113, 0.834998538615, 2.34658019713, 0.493405255092, 79.5091104424, 1.00609793182, 0.63136285804, 3.92215248585, 1.08999937797, 104.92357235, 0.0156565750648, 0.592592592593
