5.77235775718, 1.3679712987, 0.928681116457, 0.867634274573, 6.2458663338, 1.05303900564, 3.9443563349, 1.16411363514, 0.974214906857, 5.42854948587, 2.2977424822, 1.11140726458, 4.56580068703, 1.23864128429, 1.0042911411, 1.18937835252, 1.09085057257, 0.875891871497, 4.85267626576, 1.13211794505, 0.888799147492, 277.1581407, 1.14386808546, 4.90887930511, 1.07418887546, 3.78267465429, 1.2044291048, 14.378936561, 7.04720104179, 42.6787030128
4.47523432056, 1.37716962181, 1.02825898214, 1.18929324697, 5.04952104709, 1.00988676144, 1.45099451671, 0.900613551415, 1.00292439496, 5.11872415643, 5.0445642025, 0.98933649748, 4.19486282124, 1.24165651434, 1.04369463126, 1.6181640814, 1.13795624522, 0.903627018252, 4.19299828979, 0.984942453522, 0.927726455571, 365.164866735, 1.18336798034, 4.83733811061, 0.950845980763, 2.29402462048, 0.940496743163, 14.6559966456, 8.61379581953, 118.712004948
2.7673065333, 1.06717613434, 0.817270038385, 0.927859503924, 6.02039964036, 0.82944639841, 4.15720248573, 0.885020991524, 0.993733072182, 2.04345491959, 2.58526024401, 1.01454112094, 1.4096601062, 1.17232836904, 1.07229230544, 1.4894600421, 1.0491465918, 1.09292131686, 7.23144821706, 1.12983319982, 0.816390860763, 181.022426027, 0.910858236559, 4.86748076825, 1.17897310578, 5.37149483399, 0.959831364186, 127.252619103, 10.9214260109, 386.261204422
5.22281078765, 1.34946262578, 1.57284969832, 0.831635442485, 3.12318015795, 0.957320301818, 3.34045649497, 1.12696327058, 0.999519453054, 5.66059977429, 5.86263658569, 1.17812395593, 3.83910035384, 0.896952664059, 0.818670190182, 1.05584051914, 1.11481596193, 1.00776484785, 8.21966976332, 1.09382869732, 0.895130959587, 306.24806792, 0.847999729664, 5.73414260303, 1.02431573453, 4.23873511367, 1.2932829281, 40.9209275328, 11.3098453222, 211.987307056
5.34518845093, 1.05016962289, 1.31417499373, 1.11776368483, 7.06211790992, 0.859991455312, 4.53691627634, 1.16428211128, 1.13321479981, 5.57839942572, 7.43746177879, 1.14055963754, 4.65915760731, 1.25347404257, 0.903915841816, 1.20845742627, 1.02151239735, 0.879044825698, 3.44983326946, 0.960417036549, 0.942713227149, 391.256373587, 0.937277537014, 4.45315570807, 1.17161003886, 1.45278582754, 1.02697176561, 118.247734415, 13.3329133875, 409.577036557
3.5475146931, 1.05089824166, 1.42841911747, 0.864526347349, 6.87569522507, 0.956651425751, 4.62258810631, 1.16441353734, 0.999402460491, 5.57858411636, 6.30594118091, 0.963025340271, 2.57918385316, 0.826331389157, 0.905415071504, 1.29259851613, 1.15910534405, 0.925035317241, 8.2728522903, 1.09163494599, 0.892872327242, 195.98477518, 0.918076219676, 3.19305377087, 0.971888998001, 1.07984019321, 0.995624681151, 46.2054146474, 12.4511894925, 669.099444972
4.88427444687, 1.1774579914, 1.40674702145, 1.14898247343, 4.2757477595, 1.1698673312, 4.62526617509, 1.14227416088, 1.10683925445, 2.11153571741, 3.75269325685, 0.887436962223, 1.826756476, 1.24960882541, 0.980964978449, 1.36867623369, 1.06951375858, 0.994081492017, 6.60528791169, 1.00112401885, 0.895821441075, 243.347292241, 1.15190767217, 4.68784766002, 1.15620773795, 2.45447861376, 0.907680485549, 180.009375995, 12.4549533765, 529.444381674
2.51130828468, 1.17076283408, 0.778623344149, 0.965033580417, 2.86827583855, 1.06397152904, 5.47155193905, 1.21202527681, 1.04797081648, 2.78058575296, 5.28439367616, 0.921657567232, 1.27709450516, 1.09048576722, 0.803759828129, 1.61411636923, 1.01691762416, 1.03250479355, 5.40885505101, 1.14427772394, 0.997651607741, 187.305028002, 1.14953184897, 3.45071506189, 1.14605463906, 4.35436591429, 1.2981189564, 92.9187410112, 14.848960578, 522.138610592
1.78193918099, 1.17667938041, 1.69529975594, 1.18256196583, 2.86872644503, 1.14730497338, 3.40965069986, 0.992379824918, 1.02657788275, 4.58071839293, 2.77781627759, 1.06635468177, 3.96087115847, 1.25737492596, 1.04986338324, 1.18593796819, 1.01161191751, 0.850490677601, 8.43323301421, 1.07066636175, 0.803536132617, 345.888321798, 0.891681165165, 3.85219627768, 1.05575067775, 2.86190164054, 1.19445455224, 146.101822197, 17.4593730597, 316.941320614
1.43907579437, 1.38316277526, 1.13802894751, 0.899408534725, 5.51336278218, 0.823321368474, 1.03548582533, 1.13667364519, 1.03983030444, 4.80468853915, 6.22372165898, 0.924623543815, 4.62132454369, 1.2615402847, 0.935919074805, 1.2783011756, 1.08918480105, 0.856183683725, 6.11346439968, 0.939813680081, 0.926331665008, 212.791230214, 1.14159315617, 3.21799030719, 0.966585817671, 3.23154666256, 1.02025876471, 45.8699936963, 16.4281029465, 354.49927773
5.77509190905, 1.07769343114, 0.772409250463, 1.21623496516, 2.88231180087, 0.844089989636, 5.77305980738, 1.0792335978, 1.05595802235, 3.3749795396, 5.64038751078, 0.966711164443, 4.21528278233, 1.08981381549, 0.803759828129, 1.26220369072, 1.16755911498, 1.03333013901, 4.54491595123, 1.09628405834, 0.997651607741, 187.305028002, 1.15088776413, 3.45071506189, 1.12560527448, 3.50820275858, 1.29855166961, 73.5954885588, 18.5977613799, 282.873600383
4.38182273054, 1.34860928108, 1.00273895227, 1.06174964615, 1.97918909159, 0.72149166104, 3.09329214882, 1.24288811564, 0.913644670546, 4.58496260091, 2.80181188729, 1.21186138528, 4.52860006397, 1.08967636815, 1.05949110446, 1.50744987824, 1.04015162306, 1.08134854951, 4.17026421651, 0.973716584069, 0.843299904777, 408.163928648, 1.18335958867, 3.92280972001, 0.978596088278, 3.75619479144, 1.17095737925, 133.538757456, 16.328103627, 489.429063732
2.76401143467, 1.10689205805, 1.57642131884, 0.956471995951, 5.76107095141, 1.07305954833, 5.24292601046, 1.21408557098, 1.00150907888, 2.44926494533, 5.33895497734, 1.07191731473, 2.68831777799, 1.05772973606, 0.984450922381, 1.56473697259, 1.08813899816, 1.08113202709, 8.64372668226, 1.06574070872, 0.949961357585, 71.9981817542, 1.19936868004, 4.89020785407, 1.04011598059, 2.8576931387, 1.27597788118, 161.956406534, 14.2190960668, 1420.53127273
5.29755404964, 1.08553209258, 1.29800392188, 0.988656456494, 4.46434368781, 0.859317763096, 3.88412015314, 1.10832994494, 1.07503092059, 3.8348958737, 3.80341555188, 1.06974246907, 3.04711508776, 0.95335647504, 0.800411091828, 1.28287509341, 1.13405703022, 0.918418910014, 8.3246668116, 0.984797319936, 0.780483374665, 395.875067294, 0.923594263632, 1.40913473421, 1.1367003151, 4.34124923325, 0.953319693086, 391.01577083, 15.4324597247, 556.959026741
2.16544877547, 1.22833365002, 0.797152347031, 0.825899199928, 3.76140902973, 1.15693476241, 3.12117445334, 1.1279649121, 1.00057844713, 2.1529971306, 4.88008494544, 0.979420729099, 3.22488134604, 0.850741126687, 0.919360709902, 1.60304510344, 1.05181261654, 1.1620016599, 8.29547546684, 1.1833392468, 0.816864746288, 408.563843362, 0.926689301663, 2.22314542084, 1.0262615198, 3.26899574475, 1.23678187197, 234.671248624, 16.3275448902, 1036.84464268
5.30263176156, 1.08912718068, 0.769604725222, 0.987320591516, 2.71442226127, 0.958703310593, 3.35919750373, 1.10832994494, 1.07283442872, 3.83402342404, 3.80341555188, 1.06974246907, 3.04711508776, 0.95335647504, 0.800411091828, 1.28375084784, 1.13820166951, 1.00679862444, 6.86587755558, 1.09611142058, 0.780483374665, 305.011874326, 0.932128559476, 2.77896087819, 1.13105132531, 1.29193137372, 0.953283370993, 124.833059494, 16.258892831, 1511.74656798
4.27305726031, 1.07671880548, 1.27838660384, 1.14872713268, 5.92557082001, 0.944156651344, 5.36693398397, 1.23928319331, 0.96785192306, 1.82422261544, 1.96987151564, 1.18735655686, 2.81087100022, 1.21641739854, 0.781737812112, 1.4434255343, 1.15366389721, 0.915735861787, 6.61386370421, 0.98947015583, 0.890616566018, 39.4296286355, 0.91469101142, 4.98754506469, 1.13127542125, 3.06124799325, 0.938796770663, 131.161139054, 16.5686706791, 1311.80959404
3.5475146931, 1.20951888994, 1.42841911747, 0.865022629867, 2.60968887308, 0.956651425751, 4.62258810631, 1.14726762419, 0.999402460491, 5.6843262735, 6.53446527107, 0.963025340271, 3.83214791073, 0.830408018645, 0.800748559731, 1.30662499352, 1.16010188789, 0.927136383358, 8.2728522903, 1.09001426506, 0.892872327242, 194.775900995, 0.948758983536, 3.19305377087, 0.971888998001, 1.07606875677, 0.995624681151, 98.9991979394, 20.2249499129, 300.849726859
4.42257897717, 1.25384537599, 1.33483679377, 0.968724613296, 1.95468253818, 0.944480228953, 3.17584977448, 0.899202166897, 1.13554882424, 1.95110110736, 4.05277916611, 0.816362815331, 2.98505917569, 1.21570196261, 0.855826855566, 1.21810299828, 1.09345068776, 1.06745952729, 7.0600901548, 1.07560922094, 0.968564836553, 95.86537298, 0.966154518982, 4.95961052355, 0.978695546756, 2.78939518189, 0.907860042582, 266.216888817, 14.8036331057, 1872.88515679
5.05294927972, 1.32458610334, 1.45309223044, 0.956420224891, 5.54800894525, 0.849768322298, 1.87656314967, 0.894572217191, 1.00330644153, 4.88806475522, 2.51837318269, 0.997099914315, 1.06524514257, 1.21061661543, 0.916966012175, 1.38234624107, 1.03885701311, 1.06989971593, 5.43141987004, 1.06501936753, 0.949867144437, 78.9224718219, 1.19945616539, 4.89295978664, 1.21973213375, 2.84901405589, 1.16261370652, 607.089769071, 18.1659579755, 923.692056623
5.86751947778, 1.28342193016, 0.895877621988, 0.914577476067, 4.96001846147, 0.960073499199, 1.54794829597, 1.21043777683, 1.01797485488, 3.99402671387, 2.59679951069, 1.15684886466, 2.56167619408, 1.15524562484, 0.874048868204, 1.47833350003, 1.0336817985, 0.926626529705, 5.71189648489, 1.0692637417, 0.928111932626, 215.639539523, 1.07625580127, 1.44260278682, 1.14083476746, 3.64121251092, 0.935068155299, 362.401150371, 18.3604407464, 1229.64749785
5.34518845093, 1.05016962289, 1.07283618424, 1.11776368483, 7.01895343531, 0.859991455312, 4.53691627634, 1.16428211128, 1.13321479981, 5.57839942572, 2.36129104351, 1.14055963754, 4.65915760731, 1.25286989955, 0.869165591817, 1.20845742627, 1.02140756309, 0.879044825698, 3.91200081001, 1.16933913035, 0.809154702304, 391.256373587, 0.937277537014, 4.45315570807, 1.17381581039, 1.45278582754, 1.02713230711, 232.221957045, 16.4052797371, 4072.15439063
5.89422464637, 1.24995183901, 1.72830665709, 0.950288556193, 2.57709354973, 0.984141496754, 3.57670265002, 1.16561298791, 1.12809100468, 3.57221433662, 5.54066953307, 1.08819572071, 2.62837702079, 1.18696399348, 0.92101052326, 1.59715580717, 1.09291477946, 0.856345866495, 8.73863330582, 0.938997398189, 0.777425467565, 161.688406843, 1.01822362602, 5.77101877151, 1.04411049537, 2.72938572865, 1.06150418642, 164.449868233, 17.4008735545, 1879.65442667
3.13573960505, 1.4140595983, 1.07141386658, 0.847554936179, 4.14617716641, 1.0811807142, 4.54801305079, 0.949040143555, 0.900363096597, 5.60252595776, 3.2011880228, 1.0128576811, 4.42944505111, 1.16876159534, 0.847111860664, 1.24525700269, 1.02043001055, 0.880151002241, 4.36136853867, 1.1541253894, 0.978439777371, 388.438002751, 0.904164556509, 5.42576818728, 1.13955911809, 5.22428144435, 1.02694035264, 358.165359891, 18.0677818194, 1870.33060941
2.62933790426, 1.42106297069, 1.36280060019, 1.14386626805, 5.92086618194, 0.714770049547, 5.53497878295, 1.23940333822, 0.929592369344, 5.47195102107, 1.91291729587, 1.15844533467, 4.85405155619, 1.26722767491, 0.783046885304, 1.44282644481, 1.15362629438, 1.01637222193, 3.3042454791, 1.05151306395, 0.937464166901, 231.586368681, 0.918173955668, 5.66102074432, 1.13182997632, 3.06608747239, 1.24028206711, 241.845085922, 19.6119091813, 1458.07436529
5.19960915675, 1.01669470571, 1.57164241884, 0.963378294735, 3.15842663618, 0.957854782711, 5.2035489348, 1.12792518998, 0.998754563932, 5.64536316598, 5.27914261542, 0.912832203224, 3.84622835113, 1.05431749274, 0.856161039874, 1.22035074629, 1.11438761933, 1.06993876501, 8.65432042999, 1.09932328221, 0.844612657879, 300.880480746, 0.965445755645, 4.90059588496, 1.04010284965, 2.78975681486, 0.900034683375, 206.226308096, 19.284205464, 1607.74172105
4.77545595302, 1.37877275463, 1.13044973695, 0.823462205201, 2.38269287008, 0.867452944901, 4.85083844329, 1.23668415792, 1.10159013164, 5.25137223541, 4.6831818985, 1.10808498885, 1.59893245762, 1.18331048682, 0.783945474959, 1.38657690813, 1.14808200002, 1.18587693907, 8.16947253856, 1.12843543445, 0.938195890597, 136.680198919, 1.13387620227, 3.81673042107, 1.00880786793, 1.61565855348, 1.22837069427, 644.297518644, 35.6053123864, 418.984147965
5.29755404964, 1.08585335789, 1.29800392188, 0.987320591516, 4.49918161901, 0.955078198064, 3.35919750373, 1.10832994494, 1.07249619195, 3.8348958737, 3.80341555188, 1.06974246907, 3.04711508776, 0.95335647504, 0.800411091828, 1.28375084784, 1.13820166951, 1.00679862444, 8.3246668116, 1.09725779615, 0.780483374665, 305.011874326, 0.840140052638, 2.77896087819, 1.1367003151, 1.28860743932, 0.953283370993, 100.100063206, 20.4911569834, 534.062492216
4.43983408036, 1.01695011401, 0.962906137762, 1.10404793645, 2.75746276154, 0.834259504454, 3.2042447069, 1.16333881352, 1.13554882424, 1.92960594925, 4.13243515857, 0.813514299081, 1.73589368265, 1.21967643249, 0.795028477159, 1.21792175803, 1.0929133923, 0.855966386216, 7.0600901548, 1.1631786783, 0.853998456553, 64.3131076063, 0.972532095574, 4.15980128377, 0.978162532343, 2.57118007061, 0.914926677491, 135.896329426, 21.451250097, 523.769780268
4.78471437142, 1.38888945059, 1.12558383688, 0.940608730095, 5.7028642315, 0.967231806852, 5.08241485541, 1.05795848687, 0.956544250207, 6.17380902312, 4.46706133292, 0.971244470553, 2.91827865956, 1.20817576252, 0.862781463447, 1.3880070928, 1.02586510383, 0.912456063797, 6.17529143027, 1.08447143619, 0.87967928513, 136.683212217, 0.8981929979, 3.81675667951, 1.15319200299, 2.78428775355, 1.02038385018, 325.965739658, 15.854119868, 3269.5177566
4.19409654845, 1.18189726974, 1.32956883834, 1.12780696256, 4.78551117361, 1.15706799525, 2.64202090417, 0.912972590477, 0.981360511713, 3.92670462135, 6.05205712794, 1.18788919539, 2.1445771979, 1.15903391247, 0.843518427241, 1.03778530832, 1.13170002857, 1.07772916414, 4.04489488652, 1.05588119019, 0.972906126445, 188.917370531, 1.13972452695, 2.44916309598, 1.10481576265, 1.42133979765, 1.02109501233, 462.497182845, 16.9551060489, 2091.87765559
5.29755404964, 1.08559136334, 1.2628548795, 0.975655847441, 4.46434368781, 0.859317763096, 3.88412015314, 1.10848087929, 1.07521091809, 3.75282236444, 3.80341555188, 1.06974246907, 3.51299313666, 0.95335647504, 0.801156275135, 1.28287509341, 1.13145913559, 0.918418910014, 7.15893711938, 0.984646717654, 0.780483374665, 149.181090838, 1.02380098083, 1.40913473421, 1.13671035345, 1.84135940857, 0.970485264867, 474.548849184, 16.2562280699, 2650.08244698
5.34518845093, 1.03813772548, 1.02245251491, 0.972043938555, 2.14922223204, 1.04196955406, 4.11920185646, 1.16428211128, 1.1355350056, 5.57809948829, 2.36129104351, 1.14055963754, 2.95694847468, 1.25364420327, 0.869571445276, 1.38959004801, 1.13970435179, 0.879107804073, 3.79001872939, 1.16933913035, 0.809154702304, 391.888431993, 0.916917307226, 1.32909363865, 1.10600024735, 2.40220941913, 1.02713230711, 781.377369777, 18.945252156, 1688.39964585
2.83429407145, 1.08935544193, 1.56450882953, 0.947643870238, 5.31138474033, 0.912896756555, 5.46953483171, 1.07501441894, 0.929368550474, 5.9410918342, 3.03741147254, 1.00443026193, 3.7566110267, 1.2154518876, 0.822230308118, 1.40593736143, 1.02305396403, 0.91745174179, 6.05224176381, 1.11393373543, 0.891287752629, 222.779648408, 0.919082115156, 4.98829841972, 1.12675901082, 2.97536023042, 0.933645290875, 231.510380265, 19.05527172, 2545.95447881
1.81397339091, 1.02103519531, 1.69863210683, 1.04519584212, 5.06836190573, 0.723321617006, 3.90014103176, 1.07705002065, 0.918108306349, 3.39036898659, 6.87077844618, 1.06599262116, 3.96242885957, 0.861639643488, 1.04925530421, 1.17334711266, 1.00961573723, 0.850551345325, 4.54946678328, 1.16609016304, 0.890426030502, 157.732705387, 1.17155700827, 4.99367442684, 1.02693076295, 5.05016567735, 1.29280757724, 337.61979277, 21.3906927679, 1480.04131519
5.05294927972, 1.32458610334, 1.45387976576, 0.952737040401, 5.4779763252, 0.860998767581, 1.87656314967, 1.13361161916, 1.00126963339, 4.88806475522, 2.51837318269, 0.997099914315, 1.09661455566, 1.21108687704, 0.893389127339, 1.5665863135, 1.13266070409, 1.06989971593, 5.43112822469, 1.06501936753, 0.904124727271, 78.9224718219, 1.19945616539, 4.89170624768, 1.21973213375, 2.84901405589, 1.16261370652, 587.090562121, 20.7357770021, 1248.08659288
4.05249895551, 1.34412951224, 0.984099475735, 0.883120171457, 4.63410260037, 1.02618047503, 1.22925320489, 0.91764748385, 1.07858530068, 5.82811798942, 1.84176983748, 1.00624811651, 5.00146978463, 0.862104564607, 1.01835317607, 1.47293074255, 1.14263194857, 0.900425026466, 3.7904465556, 1.14701494291, 0.963688543207, 397.108687026, 0.900602813839, 5.88460152965, 1.22618805909, 2.24066132017, 0.889280887071, 570.472344082, 24.8037341731, 1103.0896659
3.66434326411, 1.04827830293, 0.935532101181, 0.933253044086, 6.016775755, 0.751724654875, 3.69409039092, 1.0511786494, 1.02859546596, 6.07470219859, 1.58935304211, 1.16444996884, 2.87002947857, 0.8312154527, 0.959908658163, 1.16961689753, 1.02372209894, 1.16406705562, 8.1892699422, 0.929302173872, 0.776993784258, 387.96061883, 1.1793574659, 2.69734034438, 1.05378817964, 4.43631819867, 0.995979457104, 306.422319579, 27.6637711002, 794.268222887
3.29394378727, 1.29949114181, 1.36267334919, 0.869434515623, 2.99801101873, 0.967928013317, 5.85877942347, 1.24561695247, 1.04690153208, 4.37199451679, 2.06937882265, 1.06295052548, 4.05337981772, 1.13666002498, 0.965462903331, 1.02180081016, 1.11360842439, 1.11186128917, 4.67738861249, 1.158134866, 0.765109338592, 277.61102263, 0.982509950263, 4.17198283615, 1.02851124285, 2.70740900007, 0.900582613867, 216.279643379, 25.2344626608, 1354.71612792
3.97190343709, 1.06746095779, 1.04151263436, 1.08087872779, 4.44146830634, 1.04547746908, 5.93912570251, 1.04967941594, 1.03292051894, 5.54276473174, 2.53575553421, 0.86217925863, 2.60478416666, 1.10820104242, 0.903391774898, 1.44218920998, 1.09824505438, 1.07184491591, 5.75749788433, 1.14061391986, 0.910480419621, 87.1106506686, 1.14217323177, 4.61120695078, 1.21511143734, 5.02788177147, 1.08327112186, 224.571572946, 27.5068565264, 1305.80220533
4.21995862898, 1.12995829466, 0.868366840811, 0.958449756705, 5.65558232151, 1.07148857217, 3.0867538314, 1.24248546651, 1.02990608506, 2.44628946776, 5.3067391907, 1.11523778417, 4.54906162649, 1.23808602097, 1.05609778714, 1.5066495257, 1.03958879695, 1.08329692501, 8.65726400835, 0.973506927153, 0.824459246856, 414.353593997, 0.963694948551, 1.53956280072, 1.07370272426, 5.03614924959, 1.27492095522, 678.003249265, 34.3178536934, 789.507671388
3.66575218788, 1.38113752628, 1.13802894751, 0.935734606739, 5.51336278218, 0.823321368474, 1.03548582533, 1.10905177172, 1.03983030444, 5.2718181728, 3.11252883804, 0.918034208443, 4.62132454369, 1.11042696901, 0.935919074805, 1.27643733956, 1.08739965974, 0.857190395705, 5.87091683873, 1.01374700355, 0.926331665008, 213.590533359, 1.14159315617, 3.19073001906, 0.967618001674, 3.23154666256, 1.02025876471, 585.605175055, 17.906994068, 8096.97306972
4.42257897717, 1.01695011401, 1.33589792036, 1.11162663861, 5.16375527933, 0.831287418146, 3.19025712529, 0.899202166897, 1.13554882424, 1.95110110736, 4.05277916611, 0.81551255804, 2.98505917569, 1.21867252928, 0.85628521774, 1.21838929809, 1.0929133923, 1.06745952729, 7.0600901548, 1.07560922094, 0.844234484716, 93.6951733714, 0.966154518982, 4.87781484864, 0.978695546756, 2.78939518189, 1.00094918931, 577.687283271, 18.8947583141, 3112.92263483
3.5475146931, 1.20653320808, 1.42841911747, 0.86760873292, 2.59651946972, 0.955317685083, 4.62258810631, 1.14726762419, 0.999402460491, 5.6843262735, 6.55964915958, 0.963025340271, 3.84148769397, 0.8225024004, 0.781560391728, 1.44927303854, 1.16010188789, 0.927136383358, 3.29766297963, 1.09020826278, 0.892872327242, 194.775900995, 0.948758983536, 3.17162024204, 0.971888998001, 3.08776759461, 0.995624681151, 906.075851919, 19.7334004838, 1846.23380184
1.94284494771, 1.40683781654, 1.27621576073, 0.942671868395, 1.72075140166, 1.12852456552, 5.83849015056, 0.945159123579, 1.1013751067, 3.23434773866, 1.61433007418, 1.16189159764, 1.21166115969, 1.0972575368, 1.01297394499, 1.39065260198, 1.12908336532, 0.840591912624, 7.63376537256, 1.09543764324, 0.839527513627, 242.505951447, 1.02133481497, 2.29818695971, 1.22025237501, 4.92334814544, 1.12839402307, 788.074373011, 20.0744393904, 1796.66350873
1.13909575094, 1.35915516245, 1.6890191187, 0.915648226556, 4.75051600682, 1.05351492582, 4.13975491342, 0.859018040851, 1.08724825416, 1.33028533777, 7.74982656337, 1.12418908473, 1.46620408402, 1.11168137836, 0.875634770316, 1.1385260837, 1.14260352169, 0.872215695049, 5.70978901154, 1.07523461977, 0.922451053357, 364.813544243, 0.891062693036, 4.76004783726, 1.05947693275, 3.86970369279, 0.938197903756, 320.28868871, 22.0627324051, 13091.1293708
4.44223574803, 1.41420258621, 1.07141386658, 0.848144677927, 4.15706503853, 1.080570997, 4.54801305079, 0.950325735591, 1.13113131839, 5.60252595776, 3.13381848533, 0.811229583281, 4.45799869152, 1.16894112952, 0.960490006062, 1.24525700269, 1.09099357581, 0.941569606472, 4.3413068876, 0.915403527497, 0.978439777371, 387.554893925, 0.904164556509, 4.88286118921, 1.13830224876, 1.75047948686, 1.0015361689, 420.883047496, 19.1911586189, 9544.70759982
4.52683820727, 1.01695011401, 0.750568753545, 0.869862490492, 5.59429754947, 0.968349739783, 3.2042447069, 1.16333881352, 1.13546318483, 1.92196622469, 1.83657013354, 1.05862017106, 1.45157602437, 1.22152985693, 0.955660341896, 1.46279706167, 1.0929133923, 0.9416013043, 4.68304104792, 0.916027136691, 0.764317936011, 283.725102096, 0.972532095574, 4.88939304131, 1.0188971526, 1.73639819564, 0.900323612419, 769.550336046, 19.394989217, 2943.74224813
5.77281594098, 1.36590580035, 1.13499798331, 1.21605773273, 5.51336278218, 0.822894097159, 1.03548582533, 1.10905177172, 1.05614590081, 5.2718181728, 3.11252883804, 0.918034208443, 4.62132454369, 1.11042696901, 0.804436377862, 1.26208344622, 1.08739965974, 1.03505527102, 5.85549852468, 1.01400497341, 0.999690573956, 213.590533359, 1.14159315617, 3.45220102375, 1.11634655317, 3.50994275512, 1.02025876471, 451.24255922, 19.1984281056, 3317.61953324
5.80115155838, 1.28319404458, 0.935328498469, 0.914307162242, 6.02186159351, 1.0385992544, 2.66346257023, 1.10937629384, 1.05047125247, 5.26297949539, 3.18472849676, 1.12418908473, 2.86761056101, 1.11168137836, 0.875320380508, 1.1385260837, 1.05361012527, 1.16614544635, 5.73881051792, 1.07002796998, 0.922339906834, 364.957899984, 0.918591721156, 1.47602039521, 1.0594907786, 3.86452535685, 0.935444471065, 410.313906483, 22.1531353161, 1971.93577014
2.74334213109, 1.32922150603, 1.53268685518, 0.808014997526, 4.39297743636, 1.03038040918, 1.96773231971, 1.23822131634, 0.925672033879, 5.72335779316, 6.29932890292, 1.04002656169, 4.43992479198, 0.994641229813, 0.854274353431, 1.45272221487, 1.02358143842, 0.883962344586, 5.36389401034, 1.06275985334, 0.943428270878, 184.779278109, 1.15843648108, 1.81008010457, 1.19967892147, 2.04678645147, 0.910197407842, 475.862314156, 24.4533018131, 1921.05942854
4.34006580297, 1.26193372459, 0.896111513538, 1.13374054963, 6.24578762104, 0.84325394904, 4.55964561214, 1.00809539342, 1.01797419956, 2.19994260005, 4.64371934587, 1.13213417405, 4.39222298425, 1.05909342271, 0.882350222074, 1.34555035922, 1.07401042064, 0.926513696114, 7.8353019998, 1.01677553641, 0.928302776882, 215.749255316, 1.0776864333, 3.60363622998, 0.992375026955, 3.70455647538, 1.02515786036, 494.260961432, 24.8672996069, 1887.04493707
4.84267762051, 1.17189553839, 1.02410769729, 0.87424742217, 4.06826447676, 0.93183198739, 2.08171920296, 1.22130816551, 0.929464680516, 4.41978917203, 2.83146269334, 0.888036181172, 1.02021839494, 1.25295589284, 0.961227551347, 1.13697176807, 1.03649540587, 1.1267127575, 9.18848858854, 1.17079105982, 0.828857612886, 243.295817908, 1.08359219333, 5.92271296523, 0.958646641344, 1.51590205511, 0.907204918884, 644.731047158, 22.3279894908, 1970.94178234
2.16544877547, 1.22833365002, 1.4042949038, 1.12199903232, 3.75132903242, 1.16985648383, 3.1255067214, 1.12937358793, 1.00057844713, 2.1529971306, 4.88916695093, 0.962958079015, 3.22488134604, 0.853090207488, 0.843656076679, 1.60304510344, 1.05181261654, 1.1620016599, 8.29547546684, 1.1833392468, 0.816864746288, 408.563843362, 0.903855335858, 2.22314542084, 1.0262615198, 3.25836734217, 1.02257525808, 822.336023129, 22.9402616058, 1336.72526015
1.58951068155, 1.30741709085, 1.70827273551, 1.01714058468, 5.94994448511, 1.06364364016, 1.25297186891, 1.0652085319, 0.948616502275, 5.9956890679, 6.95987669036, 0.910673874267, 3.33590056974, 1.12735536687, 0.939034236756, 1.54362101429, 1.08011643292, 1.02979168103, 7.6867111859, 1.10089512033, 0.861694964379, 215.694806469, 0.874329995731, 3.31522229433, 1.1439362188, 3.73546977926, 1.08852773572, 366.471942527, 29.2846388746, 1294.3792213
5.29755404964, 1.07211006974, 0.875533263838, 0.98959934997, 4.46434368781, 0.963447654034, 3.88412015314, 1.10832994494, 1.0798652491, 3.99369972872, 3.80341555188, 1.1589516504, 3.04711508776, 1.14996502023, 0.873563296348, 1.48346790647, 1.13405703022, 0.918418910014, 8.3246668116, 0.985650892483, 0.773787767151, 395.875067294, 0.923594263632, 1.44223939264, 1.14091597934, 3.6254559577, 0.953319693086, 282.554685627, 29.7045358715, 1342.56853769
5.77509190905, 1.18061215633, 0.772340066043, 1.21478286036, 2.8820811861, 0.848436788839, 3.87045650584, 1.0792335978, 1.05595802235, 3.3749795396, 5.64038751078, 1.10776070958, 4.19671769071, 1.08979336372, 0.803759828129, 1.26220369072, 1.16755911498, 1.03250479355, 4.54491595123, 1.09685191369, 0.997651607741, 187.305028002, 1.15088776413, 3.45071506189, 1.14655371592, 5.00013996825, 1.29855166961, 1294.53103048, 27.9215877944, 1332.28205929
4.52767714925, 1.00824032194, 1.70827273551, 1.01726764918, 2.34740025916, 0.715172870114, 1.25297186891, 1.0652085319, 0.948616502275, 6.00454003317, 6.55045118935, 1.10512598503, 1.47138757297, 1.12756301459, 0.939034236756, 1.46139160834, 1.08011643292, 1.18359349608, 7.6867111859, 1.12692235767, 0.861694964379, 215.261029436, 0.87460400194, 3.79739320661, 1.02528850824, 3.75169165136, 1.08852773572, 672.371029866, 19.0575573039, 3571.81057564
2.73083312936, 1.37832653281, 1.53053073878, 0.808014997526, 5.55189336117, 1.03038040918, 1.961924686, 1.23822131634, 0.925672033879, 5.73309128015, 6.3150354885, 0.917328000871, 4.62821439017, 1.11366257264, 0.854274353431, 1.45272221487, 1.02412678891, 0.883195549664, 5.86021480743, 1.0645162906, 0.943465892476, 184.903640509, 1.15843648108, 1.7359455284, 1.19481425972, 2.05425874025, 1.01850835893, 971.993250941, 21.5677526661, 2724.15584812
4.36440084719, 1.10900448042, 1.34730741833, 1.19362136803, 3.39804170042, 0.919138795689, 5.9109231497, 1.09765109635, 1.09890938755, 4.3217443325, 1.7690934577, 0.953074206787, 1.81728333407, 1.10887937845, 0.911004353905, 1.07863581613, 1.14431453519, 0.949644476677, 4.54130480409, 0.971660701901, 0.970171607742, 356.798131859, 1.02508895757, 5.37368085138, 1.23782896088, 2.73035553992, 0.97222176523, 606.146582572, 20.7256459296, 4648.70068452
1.58951068155, 1.30741709085, 1.70827273551, 1.01714058468, 6.71945372411, 1.04793721816, 1.25297186891, 1.0652085319, 0.948616502275, 6.00454003317, 6.95987669036, 0.910673874267, 3.33590056974, 1.12735536687, 0.939034236756, 1.54362101429, 1.08011643292, 1.02979168103, 7.6867111859, 1.10089512033, 0.861694964379, 215.705757704, 0.874329995731, 3.31522229433, 1.1439362188, 3.73546977926, 1.08852773572, 539.351537151, 20.2596470784, 4943.93328668
4.52767714925, 1.00824032194, 1.36677625395, 1.01726764918, 2.34740025916, 0.713878336656, 1.24852099231, 1.0652085319, 0.948616502275, 6.00454003317, 6.55045118935, 1.15875676704, 1.47138757297, 1.12756301459, 0.96325633741, 1.46062782106, 1.08011643292, 0.894645926364, 5.14850300578, 1.1287043592, 0.946379079754, 215.343724541, 1.06167901899, 3.34696719888, 1.02487724553, 3.74357817337, 1.23665699954, 626.886492115, 19.3111064807, 5393.03152529
2.61425009534, 1.42106297069, 1.70782103472, 1.14309558527, 5.92086618194, 0.714770049547, 1.16906417886, 1.23940333822, 1.12628890376, 1.86536974501, 1.91291729587, 1.18747450521, 4.85405155619, 1.26722767491, 0.781691457657, 1.44282644481, 1.15362629438, 1.05692004537, 3.29361122432, 1.05151306395, 0.793677660847, 389.393242069, 0.918173955668, 5.62820751785, 1.13182997632, 3.06608747239, 0.939968417853, 487.010190987, 20.4080788532, 14861.8386107
4.55473654812, 1.11700246474, 1.35187483876, 0.87246918186, 3.96796415186, 0.722425903926, 2.84843681747, 1.13568244569, 0.918864297, 2.17387901382, 2.69703169462, 0.871776285666, 4.32490955768, 0.930391502792, 0.893734393724, 1.56639975149, 1.13352870482, 0.929868216839, 5.54899423972, 0.987418853819, 0.905064874555, 288.497015693, 0.952486357656, 3.61303878657, 1.03001704911, 1.28099058696, 0.897843762437, 473.769069449, 20.4719294792, 5136.02843551
5.29755404964, 1.21436015183, 1.2628548795, 0.977734336071, 3.14203934596, 0.859317763096, 1.27134056222, 0.843223584557, 1.07521091809, 3.75282236444, 3.80341555188, 0.999278334087, 3.51299313666, 0.95335647504, 0.976173773414, 1.09147685106, 1.13130742531, 0.918418910014, 7.15893711938, 1.0771369564, 0.780483374665, 283.679090401, 1.02308710029, 1.38391008385, 1.13671035345, 1.85112924455, 0.969985513969, 493.37375546, 24.2779202903, 2851.24371583
4.76099579393, 1.36804216286, 0.986232484928, 0.823064685953, 4.31419604742, 1.12615342561, 1.70471633686, 1.16484362298, 0.973951840424, 5.25145003706, 6.69894919215, 1.1235905835, 1.69958802608, 0.847260735726, 1.02578408971, 1.38702476688, 1.09085057257, 1.18555882133, 4.85267626576, 1.13268335768, 0.88824603203, 277.1581407, 1.13371357812, 1.2937039127, 1.12981251626, 1.6404986947, 1.2044291048, 457.92887203, 23.7567514756, 4114.86500431
1.80597079053, 1.16616969537, 0.963548913852, 0.90534917459, 2.02585795177, 0.900940848266, 3.41264768078, 1.2150836211, 1.0562503241, 3.60050448449, 6.95033882762, 1.2056522554, 3.00855732317, 0.862691653074, 1.01495357551, 1.13802330689, 1.08943657663, 0.823219536906, 9.11114280375, 1.01963719376, 0.986314159857, 269.090422994, 1.19784048034, 4.65634108441, 1.12447629312, 5.39162039439, 1.09289833107, 626.184510163, 22.3282115868, 4459.75334012
3.45337065729, 1.25241021452, 1.70827273551, 1.01714058468, 5.94994448511, 1.04807434009, 1.25297186891, 1.0652085319, 0.948616502275, 5.9956890679, 6.95987669036, 0.910673874267, 3.33590056974, 1.02315738194, 0.939034236756, 1.54362101429, 1.0810531235, 1.02979168103, 7.59491100694, 1.1014838361, 0.862335441056, 212.833115099, 0.873749625852, 3.31522229433, 1.1439362188, 3.73546977926, 1.08852773572, 429.658530974, 24.3058223768, 2024.9813801
5.65879150487, 1.38469291883, 0.776803144705, 0.942527298398, 2.75485864953, 1.12929111419, 1.65666133148, 1.11828044185, 1.11601467389, 3.94035812863, 1.61496667505, 0.992442462466, 1.42631429104, 1.19183377833, 0.794793055285, 1.39299305074, 1.16313135059, 1.01224013672, 3.08842967221, 1.11578617658, 0.967101774244, 112.642499305, 1.02139579401, 1.84981000313, 0.981223691083, 3.7307530182, 1.0684958667, 743.501302962, 27.8356988954, 1915.23081823
4.07828964287, 1.30145713663, 1.30540708622, 0.923464584729, 4.30799864878, 1.13975892213, 5.96524113347, 1.02683951174, 0.901234781697, 3.55750847827, 2.17039298938, 0.843545994217, 1.92304784729, 0.978591096185, 0.904742339619, 1.41187904472, 1.02248549038, 0.859818320422, 8.26472392762, 0.960750094766, 0.938312800641, 406.675499321, 1.04277244103, 1.49467335595, 1.17124678097, 3.79621787622, 1.09128979681, 658.574263071, 22.564110872, 3030.07540496
5.94821392457, 1.19487006518, 0.778436713908, 0.865573472668, 5.50539399845, 0.875113283525, 1.77259970514, 1.1391916709, 0.998458997464, 3.78772805792, 4.73783245339, 1.08280369951, 2.36299707518, 0.826628410779, 0.894631583198, 1.39967272433, 1.09255717936, 1.07764297046, 5.62504056771, 1.05983846489, 0.890217891312, 270.780240249, 0.845165938894, 3.18996408884, 0.981502051202, 3.58267956196, 1.07120928314, 1152.0801839, 25.6871935297, 1883.27803938
2.06221053759, 1.33834308126, 0.981275427668, 1.03595708948, 4.35660271198, 1.15044223774, 3.97762288248, 1.16020530803, 1.01160859154, 5.68682052761, 7.53904115817, 0.946600729589, 4.52537462937, 0.848442909213, 0.8786472097, 1.43914764071, 1.05101935344, 0.87623450692, 5.35392375362, 1.09572732707, 0.9691196154, 394.375616314, 0.894390492613, 1.28626212541, 1.07208490051, 5.40738533472, 1.2420773148, 1615.80857765, 25.7761908059, 1658.27669761
5.78152276327, 1.02103519531, 0.829560351079, 1.04519584212, 4.49825066827, 0.723321617006, 3.90014103176, 1.07975224989, 0.918108306349, 3.37922903671, 6.81802547609, 1.02703447838, 4.156452896, 0.861639643488, 0.967339553248, 1.17334711266, 1.16349786937, 0.837297578319, 4.54946678328, 1.16933087716, 0.890426030502, 156.484473119, 1.17155700827, 4.99367442684, 1.02676564994, 5.01869097276, 1.29280757724, 849.195062428, 38.771948706, 1339.37502642
5.34518845093, 1.05016962289, 1.31417499373, 1.11776368483, 7.06196067959, 0.859991455312, 4.53691627634, 1.16428211128, 1.13321479981, 5.57839942572, 7.43746177879, 1.14055963754, 4.65915760731, 1.25347404257, 0.903915841816, 1.20845742627, 1.02151239735, 0.879044825698, 3.44983326946, 0.962295803846, 0.937453431847, 391.256373587, 0.937277537014, 4.45315570807, 1.17166215029, 1.45278582754, 1.02697176561, 933.04252416, 30.019380086, 1793.60116484
1.80597079053, 1.16610687036, 0.963548913852, 0.864795898123, 2.60407855943, 0.958913941033, 3.41264768078, 1.2150836211, 1.0562503241, 3.60050448449, 6.95033882762, 1.20554891138, 3.00855732317, 0.862592189445, 1.01495357551, 1.27363831786, 1.0895013847, 0.823219536906, 9.11173841132, 1.01963719376, 0.986314159857, 269.090422994, 1.19784048034, 4.65634108441, 0.972502248992, 5.34638435435, 1.09221022624, 320.105799403, 29.9564468581, 3015.59312317
5.29734990741, 1.04907648902, 1.07283618424, 0.989367160181, 7.0109056336, 0.859975668684, 3.8863375569, 1.16428211128, 1.13321479981, 5.57000118573, 2.36129104351, 1.14055963754, 4.70938897523, 1.26683015003, 0.800603536786, 1.20845742627, 1.02140756309, 0.879044825698, 3.94324023823, 1.17092646522, 0.77915383533, 391.256373587, 0.937277537014, 4.45577033525, 1.17381581039, 1.45278582754, 1.02713230711, 425.190772684, 32.7387778522, 1890.30266279
5.19960915675, 1.04938807921, 1.40671287291, 1.06853152962, 3.12778620656, 0.957712757561, 3.35722117686, 1.12742922491, 0.999519453054, 5.64536316598, 5.86263658569, 0.916893826013, 3.83910035384, 1.27381324323, 0.818670190182, 1.05158783857, 1.11438761933, 1.00798777493, 8.2201476174, 1.09584067372, 0.894803714251, 306.24806792, 0.847981967659, 2.78847187725, 1.02431573453, 1.4674454819, 0.902510318107, 441.262577871, 31.8938246917, 1520.60178575
4.98291819264, 1.1779502236, 0.772190446752, 1.21478286036, 2.86827583855, 0.845000015877, 5.7302735626, 0.843817105681, 1.05595802235, 2.78058575296, 5.64038751078, 1.10776070958, 1.27709450516, 1.08979336372, 0.803759828129, 1.26254593021, 1.05076380054, 1.03250479355, 5.40885505101, 1.09685191369, 0.997651607741, 187.305028002, 1.15088776413, 3.45071506189, 1.14605463906, 4.35636936886, 1.29857942969, 310.202517924, 30.1447662168, 6530.38403723
5.81032767784, 1.05016962289, 1.31417499373, 1.11776368483, 7.06196067959, 0.860959488375, 4.53691627634, 1.16428211128, 1.13636706662, 5.57839942572, 7.43746177879, 1.15685176762, 2.58779984118, 1.15572785273, 0.904150742753, 1.20845742627, 1.0342737276, 0.879044825698, 3.44983326946, 0.962295803846, 0.937314603246, 391.256373587, 0.91773597594, 4.45315570807, 1.14024762791, 1.46222057202, 1.02697176561, 1096.12223847, 21.8009572511, 4670.38762682
5.34518845093, 1.0392436162, 1.02245251491, 0.823893841556, 4.28217257973, 1.16746744914, 2.62443746921, 1.16481851271, 1.1355350056, 5.24316025743, 6.07376650031, 1.14071311188, 2.9894012114, 0.846145457916, 1.02970245224, 1.38629718974, 1.13970435179, 0.879107804073, 3.76843702518, 1.16933913035, 0.88746250435, 276.552797744, 1.13554525937, 1.29352053861, 1.11696100862, 2.41448924343, 1.02709307428, 678.147790801, 19.9104736319, 8123.42353429
1.64551227978, 1.25822308491, 1.26313150789, 0.971124422253, 2.11946763607, 0.942309358859, 1.83913230671, 1.16019308926, 1.01118745205, 6.12876557962, 7.60372470523, 1.06406377764, 3.02084915157, 0.847674235348, 0.802355826394, 1.38323277568, 1.1468268094, 0.875450832683, 8.6062670284, 1.09550519889, 0.964539570048, 10.8787091225, 1.12227648036, 1.36179638344, 1.09984781863, 2.39584301432, 0.907973381449, 720.720556117, 19.3876555028, 8284.75663923
4.05249895551, 1.34412951224, 0.984099475735, 0.883120171457, 4.63410260037, 1.02618047503, 1.22925320489, 1.10271466949, 0.962950992009, 5.82811798942, 1.84862427967, 1.00624811651, 3.34759830471, 1.02339336894, 1.01835317607, 1.46772985936, 1.14263194857, 1.03047310502, 7.59583640771, 1.14701494291, 0.963688543207, 210.698857958, 0.87230392804, 5.88460152965, 1.14365446461, 2.24066132017, 0.887443987463, 980.875121599, 24.1127192944, 2890.76574164
4.43983408036, 1.01695011401, 0.962906137762, 1.11162663861, 5.21659259988, 0.834259504454, 3.2042447069, 1.16333881352, 1.13554882424, 1.91901706219, 4.05277916611, 0.813514299081, 1.74773595851, 1.21967643249, 0.85628521774, 1.21788072132, 1.0929133923, 0.9416013043, 7.0600901548, 1.07567794091, 0.844234484716, 64.7298905761, 0.972532095574, 4.87781484864, 0.978695546756, 2.57118007061, 1.00094918931, 867.764236705, 21.3393564278, 5208.25375585
5.43467462321, 1.08935544193, 1.56450882953, 1.21957969923, 1.83543803945, 0.91284949542, 4.09815758044, 1.15116856893, 0.967409533728, 5.9719371077, 3.03741147254, 1.19002684622, 3.7566110267, 1.2154518876, 0.822230308118, 1.40593736143, 1.02525263219, 0.915792480541, 6.58392363837, 1.11393373543, 0.891287752629, 222.416592857, 0.919167678232, 4.98829841972, 0.988546971396, 2.97536023042, 0.93443768299, 739.76536953, 24.5837720072, 5659.13589088
5.45851915669, 1.03952855865, 1.02081499608, 0.822769392668, 2.14274276344, 1.05496122635, 4.17028660832, 0.856219326613, 1.13550076458, 5.61670511492, 7.76641593685, 1.13998552306, 1.98011472642, 0.999455180233, 0.791449669003, 1.09192632411, 1.00740530269, 0.868880353115, 3.22855022339, 1.16727278106, 0.987929229823, 396.757047806, 0.895187976415, 4.7926027215, 1.04351433922, 2.40717389469, 1.00461651057, 1013.33189879, 42.1225942649, 1647.06943841
2.50951824579, 1.20753918696, 0.816883004267, 0.934707259822, 2.74108247643, 1.0441116188, 2.38269053302, 1.14854930573, 1.11607165842, 3.9398439911, 2.22979588565, 1.03376866898, 1.42939310471, 1.02220796523, 0.795845222629, 1.22984533763, 1.16677363035, 0.85532530031, 8.36697039085, 1.16227029263, 0.854132568358, 35.8604662196, 0.93765178614, 4.1636247665, 0.978166448697, 3.30716472463, 0.914472749247, 770.424002217, 22.8092904623, 5239.29614765
3.05688481722, 1.08442601332, 1.56485833704, 0.805914400276, 1.84358278524, 1.03038040918, 1.94318883615, 1.23822131634, 0.968161417065, 5.72560622199, 6.3150354885, 0.917328000871, 4.62821439017, 1.11366257264, 0.854274353431, 1.45272221487, 1.02412678891, 0.883107172028, 5.81914391937, 1.06487615436, 0.891578759546, 184.903640509, 1.15385823177, 1.7359455284, 1.19481425972, 2.06020077822, 1.01848876262, 1199.54220978, 22.4428086689, 4038.02133141
4.43983408036, 1.01695011401, 0.750568753545, 1.11162663861, 5.21659259988, 0.834259504454, 3.2042447069, 1.16333881352, 1.13546318483, 1.92196622469, 5.94555029546, 0.810692210342, 1.45157602437, 1.21967643249, 0.955660341896, 1.46279706167, 1.0929133923, 0.9416013043, 7.04012651161, 0.916027136691, 0.901526082811, 64.7298905761, 0.972532095574, 4.87781484864, 1.01907284398, 1.73639819564, 1.00135694421, 832.380481211, 29.298046502, 2619.74325376
2.16544877547, 1.22634064765, 0.816479751739, 0.857215401339, 3.78656444844, 0.831796626908, 3.12117445334, 1.02676975025, 1.00057485096, 2.12881275594, 4.8784511593, 0.977071515982, 1.42329193071, 0.82195230002, 0.919360709902, 1.60304542563, 1.06139106456, 1.17904872791, 4.97524442286, 1.1833392468, 0.817188107949, 246.922939793, 0.886587914381, 2.23522455961, 1.0262615198, 3.26963329682, 1.06518824905, 443.86695114, 32.1971152433, 2500.19198115
3.45337065729, 1.25241021452, 0.887686311731, 1.01714058468, 5.94994448511, 1.05417135126, 1.54598721389, 1.21046256403, 0.948983614224, 5.9956890679, 6.95987669036, 0.910673874267, 2.55503254467, 1.02315738194, 0.939034236756, 1.54333163133, 1.08141255537, 1.02979168103, 5.7295124654, 1.10150068209, 0.862335441056, 212.833115099, 0.873749625852, 4.29264939048, 1.14086819352, 3.64187762196, 1.08852773572, 967.989333957, 20.7138526054, 4988.37498682
1.7969213297, 1.41706541792, 1.68928959865, 1.18256196583, 2.87890298032, 0.909645817846, 2.0655965367, 0.992335106008, 1.02628323244, 4.58071839293, 2.77781627759, 1.06635468177, 3.93198805699, 1.25736206657, 1.02994776357, 1.19283787592, 1.01161191751, 0.851081081797, 8.46146029619, 1.07066636175, 0.803536132617, 243.960131337, 0.881643531051, 3.85219627768, 0.957993919921, 1.495610468, 1.06769241232, 993.886391955, 25.0775405696, 2349.49894122
2.29441846378, 1.04922935236, 1.32443718194, 1.06971997451, 2.00110560534, 1.00289012544, 1.15189211838, 1.1759486108, 0.957628855799, 6.18628194199, 1.65783974203, 0.914010168239, 1.68217689079, 1.26777606205, 0.976819526676, 1.20954856081, 1.10362890277, 0.90097765376, 3.65396208696, 0.971303893718, 0.952813802011, 223.26222669, 0.989227725401, 2.79039719398, 1.00955710984, 4.71396146504, 0.911120242281, 909.428034682, 29.8374306939, 2520.11855706
