0.646915945258, 0.821646683102, 2.25441252845, 0.698965644678, 2.89687284045, 24.6262158086, 0.263728379731, 1.56311239321, 3.19914991152, 6.07093970551, 0.550364421373, 0.0
0.107262457878, 0.921552308389, 2.71054529543, 0.51434985852, 88.0254273786, 1.14851118668, 0.0155249627336, 0.708138366816, 2.92889915763, 166.697989842, 0.00374652150755, 0.0
0.629198931356, 0.882376993611, 2.21905501676, 0.406499945823, 11.3640577548, 1.05084504445, 0.977541711954, 0.717084275016, 3.19170374782, 60.4969262137, 0.0401111169351, 0.125
0.111530970162, 0.939208220161, 2.53803933549, 0.627535881329, 45.6274646846, 1.4409565516, 0.021091473353, 0.838512052273, 1.21040891028, 54.7317580345, 0.00911029132965, 0.538461538462
0.107057912191, 0.939323445221, 2.21487854483, 0.478333276566, 43.1625248636, 1.00198692388, 0.678292610004, 0.854872266891, 1.69045171519, 83.2329633201, 0.00501926092266, 0.0
0.806423894634, 0.829647750313, 2.21716813424, 0.489376408435, 25.6558199953, 7.4712924535, 0.254369273828, 0.718062607612, 12.6357362033, 44.9267873068, 0.207677665617, 0.0
0.113279096121, 1.13558268255, 2.4084624996, 0.407581056727, 83.84438196, 1.47412898108, 0.0621066436458, 4.28827431181, 10.7953067881, 176.874146429, 0.00366171685847, 0.25
0.113872793072, 0.933920333622, 4.45200540783, 0.613058723766, 45.6274646846, 9.45354152978, 0.065952886482, 0.914103622441, 1.228586165, 192.325815083, 0.0, 0.0
0.160583192391, 0.987330917903, 2.04382157866, 0.639688373881, 83.5744840639, 1.67680141404, 0.0134235635515, 0.48146905857, 2.88786381112, 54.8706086707, 0.00299262638479, 0.285714285714
0.115601564539, 0.939492270581, 2.01230463112, 0.636130998958, 45.2990043092, 1.00058282587, 0.214535757281, 0.832891822816, 11.859418158, 79.1429914112, 0.00804316646021, 0.111111111111
0.594750412108, 1.07332485065, 2.16637439788, 0.578045936162, 29.6106153164, 30.0215799919, 0.0474426184588, 1.36911304267, 4.16936445794, 38.4852445388, 0.605766387237, 0.0
0.298435853811, 0.84342018191, 2.41750968256, 0.457568062503, 40.7036391896, 1.67844584787, 0.136272421459, 2.4384578067, 2.69843593699, 93.7215996312, 0.0171448478256, 0.0
0.124053583437, 0.933231186501, 2.04382157866, 0.639688373881, 12.9383008046, 1.67680141404, 0.0168395470846, 0.689858003185, 11.8123134832, 83.3399029856, 0.0114173231188, 0.0833333333333
0.796193546124, 0.82293836868, 2.3661561053, 0.485482602136, 91.241176653, 1.7018978095, 0.0662007743788, 0.926499049992, 5.26320201652, 92.3158630001, 0.0306413183181, 0.0
0.100902951282, 0.933456901299, 2.25305623601, 0.571463777973, 20.2009752002, 1.08331157295, 0.261642081766, 0.744959785247, 2.24489444553, 148.163213433, 0.00560634936818, 0.272727272727
0.107878750418, 0.820679001055, 2.19465829421, 0.485504447154, 27.8903733848, 1.75431182146, 0.919956636341, 2.4353198143, 13.55414261, 95.4926620871, 0.00578950548723, 0.0
0.806423894634, 0.829647750313, 2.21716813424, 0.466876632869, 25.6558199953, 7.47158890994, 0.247184568908, 0.71495029643, 12.6357362033, 54.3315461773, 0.244160704379, 0.222222222222
0.775882423666, 0.830424769269, 2.21905501676, 0.406499945823, 11.2421668212, 7.5183618929, 0.933704644209, 0.716569036147, 10.3176244945, 78.2680355558, 0.272501116352, 0.2
0.626096271982, 0.928657068013, 2.41763480457, 0.518597846146, 39.7637325946, 9.48668429059, 0.237761914279, 4.90317240599, 21.7440953095, 65.5852601749, 0.415653286912, 0.0
0.544981056641, 0.936424668595, 2.16556280251, 0.588511417015, 29.4414511453, 8.7272261652, 0.969820205171, 1.36451769902, 10.5912461914, 90.4405331185, 0.255246861289, 0.0
0.646915945258, 0.821646683102, 2.30109008194, 0.681540908833, 2.89687284045, 24.2692179582, 0.334615650953, 1.56311239321, 4.52475525427, 89.6172477042, 0.298886850752, 0.0
0.106581561679, 1.08297391642, 5.68674636995, 0.628134250856, 43.9070492065, 1.00040586199, 0.0246225762421, 2.49708665455, 2.73732181284, 275.300477825, 0.00490770707509, 0.117647058824
0.107052566114, 1.14426585638, 5.68674636995, 0.628134250856, 43.9070492065, 1.00040586199, 0.0246225762421, 2.49265636929, 2.73732181284, 317.646959358, 0.00313607896367, 0.181818181818
0.141406001875, 0.990104312331, 2.00684788249, 0.638680296052, 43.6271284607, 3.50260483589, 0.237579968262, 0.517476885306, 2.91816480706, 75.6892804935, 0.0400524936475, 0.3
0.112459267479, 0.840027270254, 2.05878794851, 0.689989084706, 11.4838598761, 1.1710117446, 0.265224449871, 1.57159892795, 3.14485954388, 65.7292077552, 0.00508377019354, 0.5
0.143725148804, 0.927104545804, 2.66573463562, 0.626157046874, 10.0784567699, 1.46497291893, 0.0172474366926, 0.999335048333, 1.19927368831, 62.5035019958, 0.0203945571503, 0.806451612903
0.107052566114, 0.989330554458, 2.31667551752, 0.623480864425, 43.9070492065, 1.00256095921, 0.0678876952713, 2.48961631141, 1.23308591122, 87.641920069, 0.00493064354376, 0.578947368421
0.106518072264, 0.829759984532, 2.21716251388, 0.483634460631, 37.4466469182, 1.00412297823, 0.242931063448, 2.48234313021, 4.47002913548, 94.3619270134, 0.00639555559508, 0.411764705882
0.100645872146, 1.08781025615, 2.53382864839, 0.49980934569, 44.3873938528, 1.75546115562, 0.957893765267, 1.63625485825, 3.19954148218, 76.079848579, 0.0109055132158, 0.470588235294
0.141406001875, 0.978876119089, 2.00655637339, 0.638680296052, 43.3649544752, 3.50260483589, 0.629001657036, 0.517570360096, 2.91816480706, 64.7654216082, 0.0526444833212, 0.5
0.237288223978, 0.826982915201, 2.31682872362, 0.674497998807, 9.85129534233, 4.81412426628, 0.917036963139, 1.00054447137, 7.02336304195, 62.5945666584, 0.138477435855, 0.363636363636
0.101848091921, 0.933456901299, 2.41160020928, 0.571463777973, 20.2009752002, 1.08331157295, 0.97564619035, 0.579081104482, 2.24489444553, 110.598790742, 0.00471307142485, 0.333333333333
0.631130319799, 1.08332486526, 2.18167375048, 0.6158338914, 7.81340585065, 3.18521271701, 0.015692219181, 0.911490709281, 6.81535128344, 58.2668113411, 0.164390880245, 0.6
0.798501323978, 0.829647750313, 2.21613879063, 0.466323386794, 10.1323600235, 7.47158890994, 0.951929369549, 0.71495029643, 12.3769504136, 64.9681283309, 0.209124306406, 0.285714285714
0.106619189655, 0.82284968972, 2.19496466032, 0.62453512637, 43.6352179268, 1.0014775916, 0.927154183483, 0.919451145011, 6.45250098714, 100.682991975, 0.00486523233029, 0.363636363636
0.109672009448, 0.878501572459, 2.42568573075, 0.515738101344, 89.8277161383, 2.51286189718, 0.268639478296, 0.819374300106, 3.07325051472, 68.0847531032, 0.0151457697892, 0.333333333333
0.107057912191, 0.939323445221, 2.30665054697, 0.643737026854, 43.9070492065, 1.00256095921, 0.631765207601, 0.812292535631, 1.1875445111, 134.983775315, 0.00424531530976, 0.72
0.108283171832, 0.933540101484, 2.51653669244, 0.585480757775, 18.0313737298, 1.08376023251, 0.983401789622, 0.819374300106, 3.15459680956, 146.935977435, 0.00475040715973, 0.3
0.65431183801, 0.939021687185, 2.03835806707, 0.587162558448, 29.4407114743, 7.80850181924, 0.975430770844, 0.602060871713, 2.33218754293, 82.2196116957, 0.260025783956, 0.2
0.790126260464, 0.822388890549, 2.49471024481, 0.655536836204, 2.49155146244, 23.8602997136, 0.263728379731, 0.910701574012, 13.2364660892, 60.6750303822, 0.634089310586, 0.0
0.660442442485, 0.823213579553, 2.36641863289, 0.486887366368, 3.45214230006, 1.4061427559, 0.239570688149, 1.55637718296, 3.1661779658, 88.5339659374, 0.0413816615623, 0.25
0.116058485764, 1.08371140511, 2.16014931716, 0.627609524142, 8.07523243044, 2.04767466854, 0.021091473353, 0.837103538335, 1.21040891028, 88.2164426496, 0.0133569880759, 0.333333333333
0.107878750418, 0.82284968972, 2.19496466032, 0.488573919311, 25.5974491599, 1.75431182146, 0.927172365241, 0.713372465839, 12.6063793334, 88.6305705128, 0.0149481602193, 0.190476190476
0.141406001875, 0.978783094277, 2.73190648208, 0.638680296052, 43.3649544752, 3.50260483589, 0.629001657036, 0.526641537513, 2.91816480706, 93.2964301109, 0.0161821167924, 0.0833333333333
0.627811032174, 0.83434572511, 2.21905501676, 0.406499945823, 11.2421668212, 7.5183618929, 0.238766676234, 0.717084275016, 11.5977440363, 92.3565109201, 0.202370710422, 0.0
0.113849181565, 1.03753506966, 5.68635714042, 0.689110082281, 48.7737278047, 1.4409565516, 0.0700720759192, 0.811477725747, 3.17928074502, 339.251791273, 0.00586427290085, 0.0
0.113279096121, 0.920664404694, 2.36620757704, 0.407581056727, 83.84438196, 1.64543059728, 0.0620749190018, 4.28827431181, 10.7953067881, 97.7700242413, 0.00991470338144, 0.0
0.100645872146, 1.08781025615, 2.29559315167, 0.49980934569, 44.3873938528, 1.75559442364, 1.96049826402, 1.64828099061, 3.24021286126, 202.773750877, 0.00623282298366, 0.103448275862
0.122487126119, 0.967716411889, 2.04598509118, 0.484833146783, 88.0598243194, 1.82727116785, 0.260184326715, 4.02932169453, 12.9452193415, 108.569948091, 0.00653242011691, 0.0
0.115229828364, 0.927330538597, 2.04382157866, 0.647308507989, 12.8514493258, 1.67680141404, 0.95765595432, 0.689790298458, 11.8123134832, 96.6420283808, 0.0155243109067, 0.0526315789474
0.107541848652, 0.968424607862, 2.10363885467, 0.48499088428, 28.6716359496, 1.15561911641, 0.208753907597, 4.05275902604, 3.70134932107, 98.9492674404, 0.00801627768866, 0.0
0.113849181565, 1.03437207958, 5.68635714042, 0.61293172121, 45.6274646846, 1.4409565516, 0.0700720759192, 0.811477725747, 1.228586165, 403.404151733, 0.00583046828771, 0.0
0.545927471938, 0.93799155305, 2.16534441291, 0.587338891745, 29.3238710906, 9.39788193627, 0.97564619035, 0.845608993939, 2.26233371005, 76.021410093, 0.292694286337, 0.272727272727
0.647894468813, 1.19117253607, 2.30143126118, 0.636960314006, 57.6028177025, 12.804273182, 0.0092193634714, 4.96279329487, 10.6928275343, 80.8364561697, 0.543116834894, 0.0
0.790126260464, 0.821646683102, 2.25422490198, 0.689440313358, 2.89687284045, 24.6262158086, 0.263728379731, 1.56311239321, 3.19914991152, 77.6521266068, 0.442324955054, 0.111111111111
0.31083329979, 0.930104581795, 2.32627101213, 0.665611570153, 37.3425850907, 32.6842881155, 0.208513983816, 0.744196701435, 10.080005774, 92.0012706362, 0.400810308288, 0.0
0.665053018329, 1.07332485065, 2.32450927481, 0.635989959703, 67.1729603705, 30.0215799919, 0.0474426184588, 0.826852776064, 4.48196447803, 91.7690959747, 0.498544984024, 0.0
0.10320583267, 0.990395983526, 4.47813220753, 0.487261139049, 91.4473940376, 1.68290434716, 0.208514417747, 0.495060970867, 1.62780786351, 281.922259795, 0.00492241453054, 0.142857142857
0.113872793072, 0.939594292906, 2.71115618006, 0.626157046874, 45.9603217131, 1.39905083393, 0.0172717353492, 0.811477725747, 1.17783012794, 79.3670884056, 0.00666702621679, 0.55
0.113872793072, 0.939512782524, 2.54205802719, 0.626157046874, 29.5408504685, 1.4409565516, 0.0172474366926, 0.931652691142, 1.19927368831, 65.7859603086, 0.0112179382048, 0.5
0.244609321454, 0.826337537214, 2.72062753916, 0.670680862001, 25.931503505, 9.48042394647, 0.978546764976, 4.87418697438, 19.7215780109, 67.2241593289, 0.206477727646, 0.416666666667
0.545927471938, 0.93799155305, 2.16556280251, 0.588511417015, 29.4414511453, 8.7272261652, 0.969820205171, 1.36451769902, 2.26233371005, 65.6971891047, 0.161306801646, 0.666666666667
0.646915945258, 0.821646683102, 2.25441252845, 0.682517651478, 2.89687284045, 24.2692179582, 0.0245637741489, 1.56311239321, 4.52475525427, 73.1259400633, 0.382740774438, 0.285714285714
0.107057912191, 0.939323445221, 2.30666563872, 0.478333276566, 43.4231618624, 1.00198692388, 0.678292610004, 0.854872266891, 1.1875445111, 119.739284807, 0.00523795947009, 0.461538461538
0.107052566114, 0.989330554458, 2.31132122549, 0.623480864425, 43.9070492065, 1.00256095921, 0.242931063448, 2.49761576349, 2.73927344094, 108.437088025, 0.00738123931669, 0.533333333333
0.106562955431, 0.822690376297, 2.31132122549, 0.488367562636, 37.4466469182, 1.00256095921, 0.242931063448, 2.48234313021, 4.47002913548, 140.509612285, 0.00603527142831, 0.384615384615
0.113872793072, 0.918239982192, 2.17702959611, 0.613095800673, 45.6274646846, 1.4409565516, 0.0666925141001, 0.811477725747, 1.228586165, 82.6535850327, 0.0173525298789, 0.413793103448
0.298435853811, 0.84342018191, 2.41750968256, 0.476861781068, 39.6364365162, 9.48805405006, 0.136272421459, 4.86466409484, 2.69843593699, 77.9332341304, 0.195353729584, 0.384615384615
0.109697402932, 0.829627152189, 2.21716813424, 0.466876632869, 25.7262264326, 1.75699415605, 0.96183980014, 0.714680218028, 12.6357362033, 83.9583369024, 0.0172476510935, 0.333333333333
0.775882423666, 0.830424769269, 2.02896996638, 0.406499945823, 11.2421668212, 1.51349280974, 0.93413616822, 0.716555417365, 10.2825503126, 82.1693750772, 0.0947390370589, 0.388888888889
0.109672009448, 0.878501572459, 2.32627101213, 0.515738101344, 90.1655191324, 1.14851118668, 0.210589037395, 0.819374300106, 2.92889915763, 73.5736797928, 0.0152132973048, 0.466666666667
0.655409449655, 0.933431134679, 2.04506414203, 0.564697010474, 29.3238710906, 8.90005505134, 0.97564619035, 0.602060871713, 2.26233371005, 76.5733240059, 0.264443572172, 0.384615384615
0.138921161073, 0.991334253258, 2.3674915396, 0.484833146783, 88.0598243194, 1.82727116785, 0.0662007743788, 4.02932169453, 12.9452193415, 74.3255824977, 0.0356628498058, 0.4375
0.806423894634, 0.829647750313, 2.21716813424, 0.569074215664, 26.1861636351, 7.68626259468, 0.247184568908, 0.738154036976, 12.6357362033, 83.4036893072, 0.300967924389, 0.230769230769
0.646915945258, 0.821646683102, 2.25441252845, 0.682517651478, 2.89687284045, 7.84096899823, 0.0246147132653, 0.741401222097, 4.57251938687, 85.6331965011, 0.269177444276, 0.25
0.132122033451, 0.989337350644, 2.32630832279, 0.632825927555, 36.8898857895, 32.1223146536, 0.20757911643, 0.735893921475, 28.0622423484, 84.3585488515, 0.281499743703, 0.2
0.655654947137, 0.928560760852, 2.27379362708, 0.565414744868, 46.357408098, 1.64180571109, 0.0419079515323, 3.82994483486, 3.19850349718, 97.6769986798, 0.0807806206291, 0.166666666667
0.790126260464, 0.9389814576, 2.25422490198, 0.565619749469, 86.7294816714, 33.6008458133, 0.263327922769, 4.01985575952, 3.19914991152, 87.0919807563, 0.502739564525, 0.111111111111
0.776748033816, 1.08332486526, 2.30626533605, 0.633603692086, 2.12653469424, 29.9667029832, 0.0434612674797, 1.00474091811, 3.18470831051, 93.451338025, 0.303885059569, 0.125
0.640636538509, 0.928438323639, 2.30221042682, 0.472577556281, 90.720673669, 1.63197177931, 0.0662007743788, 3.8260767012, 3.37438548403, 69.5847483946, 0.125994319933, 0.730769230769
0.594499554035, 0.826982915201, 2.19496466032, 0.488855192385, 9.85129534233, 4.81412426628, 0.917036963139, 1.00054447137, 7.02336304195, 93.6039581252, 0.170099860234, 0.272727272727
0.64750739869, 0.933606287532, 2.21651325062, 0.689043339247, 16.1918250583, 33.7050027956, 0.263665200433, 1.5631102012, 3.17137467058, 66.5194772199, 0.371563308255, 0.578947368421
0.599816850876, 0.834058123681, 2.21905501676, 0.405092760254, 11.2421668212, 7.61227798267, 0.359999761558, 0.717084275016, 11.7338465393, 96.8737281166, 0.339543705421, 0.0526315789474
0.113439536278, 0.831060981942, 2.45852619557, 0.471913418914, 79.2209363884, 1.49323835352, 0.238027948816, 0.606150876163, 3.50371920895, 136.012638741, 0.00689027145899, 0.130434782609
0.161970354869, 0.991015428927, 2.36641863289, 0.486887366368, 79.0588494565, 1.4061427559, 0.239502158002, 2.72239264681, 3.16603739345, 100.27181975, 0.0151860210406, 0.142857142857
0.31083329979, 0.925776715736, 2.41166190782, 0.482792844856, 39.7637325946, 8.92261940465, 0.237761914279, 4.90317240599, 21.7440953095, 88.7452930099, 0.201964424319, 0.352941176471
0.790126260464, 0.933606287532, 2.21614644399, 0.689386506903, 10.2895039098, 33.7050027956, 0.00755684502934, 1.56291560105, 3.17137467058, 97.0380129014, 0.216013868018, 0.25
0.107177649956, 0.990395983526, 4.47813220753, 0.487224262341, 79.4348685012, 1.14410114232, 0.208514417747, 0.495060970867, 1.62780786351, 247.994115498, 0.00628929962558, 0.2
0.132327531229, 0.928438323639, 2.3661561053, 0.485482602136, 88.0598243194, 1.64180571109, 0.0662007743788, 3.84362627509, 12.9452193415, 72.2188562688, 0.0362372959977, 0.538461538462
0.108283171832, 0.878501572459, 2.28909357014, 0.486436452508, 78.8298219255, 1.14851118668, 0.210326090487, 0.819374300106, 3.15459680956, 99.928301765, 0.0106205077696, 0.3125
0.798501323978, 0.829647750313, 2.21762383961, 0.466876632869, 25.6558199953, 7.47158890994, 0.951929369549, 0.71495029643, 12.3769504136, 96.9517244464, 0.241508865731, 0.0
0.113872793072, 1.02620031805, 5.88853467873, 0.689467470175, 45.6646162998, 1.36498480337, 0.0678029220856, 0.811477725747, 3.20284407767, 298.459000679, 0.00578841106259, 0.2
