0.114765647303, 1.01614021451, 2.35505153901, 0.685632320471, 76.1793060155, 2.35322960915, 0.330383150311, 3.30277108906, 18.9214540405, 85.6554641415, 0.00683712584205, 0.142857142857
0.173626497503, 0.822486305213, 2.16450474168, 0.478138044061, 18.8208356123, 15.265357584, 0.914150527169, 4.03082142692, 7.06969329334, 78.5639243014, 0.150218256069, 0.0
0.105549820052, 0.9239118864, 2.2673307744, 0.628192651654, 41.1459424324, 4.66697504852, 0.209760686174, 4.08237761615, 14.9770936606, 86.0491425497, 0.0126360894646, 0.0
0.256249364523, 0.985309140149, 6.21354915733, 0.682495561335, 17.8855223131, 44.5279743277, 0.492001007279, 1.07280619316, 39.6427127452, 106.486275516, 0.0, 0.0
0.227649702583, 0.830635239966, 2.10664482721, 0.475654715959, 23.2023448312, 1.34043932841, 0.906629585595, 4.04565969114, 7.04971919496, 99.2141451455, 0.00678577372901, 0.142857142857
0.357168615705, 0.849840244176, 2.33433450262, 0.538547316262, 39.791053598, 3.93527365821, 0.335671220339, 2.08978788477, 10.9014688176, 62.6201466445, 0.0774639643997, 0.125
0.211913127775, 0.848708550696, 2.42450545218, 0.457269972208, 43.221270561, 18.7174432694, 0.351884400288, 4.74111615501, 6.01178835662, 62.6048893718, 0.151062401773, 0.363636363636
0.513241200267, 0.858806422476, 2.10664482721, 0.481339448066, 82.7680888768, 2.165407001, 0.906629585595, 0.638030547595, 6.97620043328, 79.4010594152, 0.0735883650306, 0.0
0.491963964258, 0.84911948662, 2.30822895956, 0.481425037509, 82.6201912629, 4.38877901534, 0.873877769914, 0.914885906979, 10.9518002504, 100.025019926, 0.0427238700201, 0.0
0.105549820052, 0.9239118864, 2.35941864304, 0.628192651654, 40.6419922795, 4.68132713856, 0.209760686174, 4.08237761615, 14.9770936606, 97.3214071002, 0.0465046782717, 0.533333333333
0.169975430326, 0.847659635118, 2.83618631566, 0.537650424528, 46.8455629659, 4.7348475108, 0.188276249065, 3.49657793605, 15.1167310162, 98.9569238154, 0.0602609973863, 0.363636363636
0.109611367398, 0.848218557806, 2.64223993133, 0.544323742088, 39.7987452649, 2.49981567394, 0.458124961127, 3.95399675935, 17.6292253908, 118.200748641, 0.0261914298501, 0.0
0.109611367398, 0.848218557806, 2.64223993133, 0.544323742088, 44.6745731689, 2.55863701366, 0.458124961127, 4.20650698883, 18.9405844382, 133.235433275, 0.0100694429571, 0.0
0.384263123902, 1.0350555163, 4.6425805803, 0.62527447555, 36.7725874537, 15.7272392978, 0.187354115573, 4.08377561951, 14.2620764847, 309.009868801, 0.0, 0.0
0.199811872846, 0.985469899603, 2.0524511125, 0.483023166072, 99.5220056928, 4.33743461574, 0.354614660027, 3.98351502642, 21.4967034914, 126.224978738, 0.0261847065971, 0.0
0.223051394988, 1.01624112465, 3.16020288207, 0.447785843242, 42.1395917118, 1.30508903262, 0.0869086779325, 3.46883895163, 34.7933695547, 199.738313606, 0.00866098451275, 0.25
0.227649702583, 0.830626788142, 2.35294687735, 0.475654715959, 81.1150374787, 1.38040697666, 0.906629585595, 4.0562244529, 7.04971919496, 107.103847292, 0.0131826895485, 0.142857142857
0.12850577711, 0.849427831338, 2.36040580493, 0.41490317103, 66.30074834, 2.35322960915, 0.325892220768, 3.30492529286, 18.9214540405, 99.426099334, 0.0133358049688, 0.166666666667
0.704488543279, 0.830635239966, 2.10748046509, 0.476097048907, 23.2023448312, 4.70536354569, 0.906629585595, 4.05553670935, 7.04971919496, 67.5057292509, 0.18431654028, 0.181818181818
0.73767269833, 0.830228957585, 2.1047028584, 0.627209456813, 82.2215312885, 2.20670870101, 0.872264466673, 2.19522752638, 15.0391840399, 84.9149132966, 0.081196163082, 0.0
0.411047878126, 1.05060528482, 2.28203647021, 0.544994105029, 23.2341715079, 15.7726520816, 0.150613171603, 2.16690324759, 7.16797888923, 79.7008453532, 0.328271217892, 0.0
0.105181325781, 1.03067970453, 2.33300078721, 0.564996830604, 55.2858297292, 4.63067223398, 0.182540962978, 4.13733779314, 15.0487802032, 101.883222259, 0.047435522472, 0.0
0.12849714356, 1.03878166063, 3.63063001636, 0.413768152904, 66.2964448529, 2.29222773641, 0.464846916276, 3.16173776911, 18.9214540405, 181.185437219, 0.0130208478991, 0.3125
0.114765647303, 1.0870497311, 2.36016919439, 0.413768152904, 66.30074834, 2.35322960915, 0.330383150311, 3.30534709669, 18.9214540405, 183.061065706, 0.0100719392652, 0.0
0.12849714356, 1.03878166063, 2.36040580493, 0.413768152904, 66.30074834, 2.35322960915, 0.330383150311, 3.30492529286, 18.9214540405, 151.496522461, 0.0162965681856, 0.0555555555556
0.248931529306, 0.985733239176, 6.21354915733, 0.682495561335, 17.8855223131, 44.5279743277, 0.492001007279, 1.07280619316, 40.6448779735, 384.944631755, 0.0, 0.0
0.475858703274, 0.926015053622, 2.30834772326, 0.597461941487, 23.1355637462, 3.78406650977, 0.807797928828, 0.931690388313, 8.36478905258, 182.857773759, 0.030697017489, 0.0
0.133775780374, 1.03724226071, 2.26085696691, 0.414351309895, 93.5899438675, 2.96380839738, 0.498001170356, 3.20832496263, 18.9483409104, 123.362404456, 0.0365442725836, 0.266666666667
0.128932906247, 1.03527272494, 2.31138716872, 0.627209456813, 61.0383623265, 2.3082562644, 0.185640944287, 3.37197251677, 15.0391840399, 119.946431202, 0.0135340696941, 0.411764705882
0.491963964258, 0.827531614716, 2.30524020998, 0.481425037509, 82.6201912629, 4.38877901534, 0.873877769914, 2.1395378054, 10.9518002504, 81.3308985635, 0.18643065117, 0.421052631579
0.704488543279, 0.830635239966, 2.10748046509, 0.476097048907, 88.7665346104, 4.85639959001, 0.886561283817, 4.05553670935, 7.04971919496, 91.6787836704, 0.131089941541, 0.125
0.767853897151, 0.827517317527, 2.04412306239, 0.474935734426, 74.5282836155, 14.7353517282, 0.332242508335, 3.45005273197, 7.04971919496, 85.1306574619, 0.150635931629, 0.0
0.861796432892, 0.830635239966, 2.10664482721, 0.475654715959, 23.2023448312, 1.34043932841, 0.886437870851, 3.88930499336, 7.42525597698, 89.691112145, 0.137477636313, 0.294117647059
0.37501457696, 1.03725352728, 2.11674341413, 0.623663764557, 35.7651880197, 15.2664830066, 0.795035683957, 2.19600001545, 7.12696098108, 92.9036051766, 0.148147878119, 0.0
0.105028110475, 1.11400768586, 2.84182577394, 0.627191885326, 58.5779270755, 19.6868162203, 0.190998597308, 4.13733779314, 6.27371244464, 100.841211857, 0.0902507386843, 0.0
0.106649833634, 0.828800538707, 2.05016244237, 0.477843884863, 52.0878335798, 15.7726520816, 0.458089665495, 2.51448921209, 8.90143859703, 98.9564426332, 0.112326686778, 0.0
0.705012936263, 0.828800538707, 2.05016244237, 0.477843884863, 52.0878335798, 16.7462613968, 0.189739944537, 3.99835350175, 19.0483081977, 84.6726114624, 0.407901701503, 0.222222222222
0.363297188398, 0.84908879345, 3.63623954168, 0.532011420221, 42.7316127333, 9.05945930463, 0.255552351479, 2.12404855969, 42.136996822, 159.416710073, 0.0508453252378, 0.0
0.289679868126, 1.04363629636, 2.30969169569, 0.412359707941, 44.9615921436, 2.4203871059, 0.20214892611, 4.68117796461, 18.9618284144, 142.628958582, 0.0614918847877, 0.0
0.200047532145, 0.846227646315, 2.0524511125, 0.48641023248, 99.5220056928, 4.33743461574, 0.354614660027, 3.98351502642, 21.4967034914, 115.147651843, 0.0484792855902, 0.214285714286
0.49506005958, 0.858622416106, 2.30117321224, 0.481263759839, 82.6500016628, 4.35965142363, 0.112753159422, 2.2473522097, 11.3481929048, 107.82560033, 0.0726895073952, 0.111111111111
0.105549820052, 0.920381197714, 2.2673307744, 0.628192651654, 58.8670215772, 4.62966221199, 0.270699493231, 4.08237761615, 15.0484343597, 103.034510497, 0.0542715400412, 0.242424242424
0.134703528516, 0.860832257975, 2.99745409225, 0.414845405703, 48.0152190723, 2.63962610722, 1.83004640399, 3.2445547614, 40.5067746774, 225.798988712, 0.0172792794127, 0.0
0.127087542435, 1.07619271606, 2.96525445746, 0.473726028071, 74.5485693278, 2.16374355633, 1.88239967875, 0.00364780727166, 38.4373216096, 366.388027857, 0.0155064297729, 0.0
0.109341692603, 1.01624112465, 3.49780822688, 0.681566777532, 52.8034239081, 1.30508903262, 0.0869086779325, 3.75444177352, 34.7933695547, 311.471520979, 0.011745459342, 0.1
0.109611367398, 0.848218557806, 2.64223993133, 0.544323742088, 87.0388497887, 2.55863701366, 0.456254195564, 3.97282733722, 17.6292253908, 193.133336383, 0.0222816818406, 0.0
0.134703528516, 0.860832257975, 2.72451368489, 0.477762074983, 87.2227894496, 2.63962610722, 1.88239967875, 0.00364780727166, 17.7972822555, 234.574788168, 0.0157517326779, 0.0625
0.109611367398, 0.848218557806, 2.64223993133, 0.544323742088, 39.7987452649, 2.55863701366, 0.458124961127, 3.99074359689, 17.6292253908, 155.912884335, 0.0204074087465, 0.272727272727
0.105549820052, 1.02946452222, 2.33300078721, 0.531119289018, 58.8728209604, 4.63067223398, 0.182540962978, 4.13733779314, 15.0487802032, 154.598562554, 0.0257942359229, 0.0909090909091
0.134703528516, 0.860832257975, 8.37791690666, 0.477762074983, 48.2529040283, 2.63962610722, 1.88239967875, 0.00364780727166, 38.257202318, 703.316458482, 0.012586331234, 0.0
0.219122181368, 0.849419947167, 3.5050542671, 0.565825400438, 60.1629066468, 3.89987293389, 0.929228957765, 3.90187533529, 31.1950166633, 187.072783023, 0.0308505842279, 0.0
0.127566072436, 1.09760656074, 2.86823915426, 0.544323742088, 39.7987452649, 2.63647439679, 0.487612945206, 3.98641035937, 38.2538932284, 134.570814678, 0.0378087064406, 0.352941176471
0.113984563639, 1.04100635401, 2.64979199333, 0.538022620734, 93.3767251984, 2.35682029842, 0.337108208324, 3.20828258896, 39.9820918139, 212.10877631, 0.0150714049552, 0.5625
0.12849714356, 1.03878166063, 2.36040580493, 0.414410915886, 66.5265684418, 2.35322960915, 0.330489724013, 3.89269072191, 18.9214540405, 135.785121812, 0.0238522291986, 0.428571428571
0.109590321764, 0.841918363747, 2.64969515757, 0.538054818835, 90.9397084466, 2.55863701366, 0.336612256824, 4.63870093813, 14.5462184449, 135.692210968, 0.0347571819698, 0.5
0.110828885966, 0.924316984835, 2.24963866104, 0.537091254729, 39.7987452649, 2.56697064202, 0.463170030481, 3.98641035937, 17.0329938133, 151.569399645, 0.016134995519, 0.470588235294
0.134867393802, 0.830024392122, 3.48931632181, 0.530740839524, 79.7464160668, 2.37437760847, 0.467725857558, 4.00905174219, 17.0233014524, 130.22547599, 0.0419863014799, 0.590909090909
0.701930064699, 0.828368504037, 2.11674341413, 0.478142499768, 55.2197956066, 15.265357584, 0.795035683957, 2.20109004865, 7.04971919496, 82.8441592906, 0.446415540029, 0.473684210526
0.701930064699, 0.828368504037, 2.16450474168, 0.477835001553, 23.0993656294, 15.265357584, 0.906629585595, 2.20105163577, 7.06969329334, 84.0314427767, 0.428575815744, 0.538461538462
0.784354200482, 0.84970040597, 2.42261759034, 0.620428257549, 21.7515564195, 19.7939680303, 0.342854279323, 4.45583814244, 6.52236369726, 91.3556755881, 0.199767931072, 0.0
0.63660645333, 0.860235056262, 2.09197952117, 0.47741419789, 54.1323271201, 7.02526647081, 0.0869086779325, 2.97617464586, 35.3803901628, 86.3113401239, 0.20764413447, 0.3
0.768370200184, 0.827517317527, 2.25386879289, 0.585220524789, 54.7854499142, 15.860374913, 0.795768013614, 2.2045514549, 6.88086744449, 89.0433788681, 0.48086093784, 0.178571428571
0.756417948729, 0.824739578619, 2.24921192349, 0.613656057316, 55.3209510698, 15.4809828491, 0.0963270676945, 0.459399012815, 7.02266178472, 97.7910939172, 0.171099068441, 0.0
0.128032316454, 0.829149970611, 2.37277655696, 0.565002941953, 55.2605400638, 18.4568970365, 0.465770343344, 4.0085864008, 6.7987059573, 96.9188256908, 0.149631991888, 0.5
0.708342203649, 0.830635239966, 2.6113722788, 0.476097048907, 88.7665346104, 5.20335783142, 0.197495126099, 4.05553670935, 12.879993809, 112.052022426, 0.127784392063, 0.0
0.477177108743, 0.925262304531, 2.30963570961, 0.595131807855, 37.0519359739, 3.78406650977, 0.807797928828, 0.923083544679, 8.36478905258, 132.474547645, 0.126886121929, 0.0
0.767874412063, 0.827534276783, 2.23617948629, 0.620243801065, 54.3267924549, 2.45759526004, 0.138328641771, 2.2045514549, 5.28902019503, 103.107003354, 0.140369389626, 0.0
0.175632007255, 1.04203707541, 3.28797990691, 0.530740839524, 18.8011555906, 2.32826411075, 0.467825223277, 4.01354208036, 18.9628916553, 179.021092804, 0.027318316404, 0.181818181818
0.359949759349, 1.04564418175, 2.08736433371, 0.52825160516, 42.426103287, 4.40865176349, 0.332224464034, 4.06895810067, 31.3175716043, 110.392125786, 0.0870888095566, 0.3
0.133480114864, 1.01135486202, 7.68440607083, 0.413768152904, 17.6013132966, 2.48123702292, 0.511900428454, 4.92945934465, 21.5385662031, 639.244039426, 0.0137919824565, 0.142857142857
0.757442805175, 0.828797418172, 2.05016244237, 0.477843884863, 52.1748635267, 15.4897434452, 0.189739944537, 3.4695404783, 8.89893167144, 92.5881412477, 0.378851708691, 0.1
0.883978657451, 1.11133293051, 2.39692973119, 0.464410335625, 39.5856775998, 2.27778551809, 0.66533631303, 0.679315392675, 7.1666090845, 106.004364268, 0.147442854208, 0.0833333333333
0.134867393802, 1.04293134246, 3.48931632181, 0.530740839524, 42.6575783812, 2.37437760847, 0.467825223277, 4.01354208036, 19.1614572862, 226.277806058, 0.0204998646279, 0.3
0.109341692603, 1.05087697316, 3.50210878084, 0.681566777532, 55.0420596421, 4.47445441276, 0.0869086779325, 3.75444177352, 34.7933695547, 348.835938122, 0.0171722025151, 0.222222222222
0.135130047221, 1.04293134246, 7.68440607083, 0.413768152904, 18.2347558745, 2.48123702292, 0.467825223277, 4.92945934465, 18.9618284144, 495.947196799, 0.016006903425, 0.25
0.359949759349, 0.927529572785, 2.26167918752, 0.538022620734, 42.426103287, 4.40865176349, 0.330392755069, 3.30943688595, 18.8580400344, 158.058940938, 0.0717344395628, 0.142857142857
0.110080857073, 0.986352142482, 2.64223993133, 0.544323742088, 39.7987452649, 4.68597562024, 0.450571490507, 2.51862533185, 39.2608109715, 170.783670661, 0.0280515960508, 0.125
0.76092889331, 0.827534276783, 2.05203656292, 0.494276582229, 54.5283342418, 2.45759526004, 0.138328641771, 2.2045514549, 5.32644838917, 158.937769957, 0.0301340188629, 0.142857142857
0.704488543279, 1.04284644878, 2.10748046509, 0.47610323285, 23.2023448312, 2.3361965921, 0.332099540016, 4.05553670935, 7.04971919496, 115.236833137, 0.0939589455718, 0.166666666667
0.359949759349, 0.927529572785, 2.26085696691, 0.538022620734, 42.426103287, 4.40865176349, 0.332224464034, 3.72101516949, 40.3242286177, 171.53858554, 0.0638989116909, 0.0
0.461741650538, 0.842638532362, 2.32306095976, 0.540547544151, 49.0533648892, 1.85335030245, 0.198938966866, 0.490273462839, 43.205998761, 200.572429278, 0.0494650563438, 0.0
0.113984563639, 1.04100635401, 2.64979199333, 0.629341881934, 58.8847460804, 2.46389877096, 0.337108208324, 3.21746630538, 40.4965380136, 199.598467605, 0.0308909916726, 0.0625
0.214874001801, 0.846227646315, 2.0524511125, 0.48641023248, 99.5220056928, 18.7143914649, 0.348880967276, 3.88804746301, 21.0309414713, 109.197964817, 0.133848074443, 0.384615384615
0.73866522134, 0.827126710014, 2.30164031301, 0.632422862533, 53.1256222913, 2.42085729748, 0.199884949, 0.502108202161, 14.382501807, 145.64767772, 0.0910554111525, 0.0
0.491963964258, 0.830229188044, 2.17105372899, 0.525958982538, 82.6201912629, 3.8940430934, 0.873877769914, 0.788328366226, 12.9786436726, 109.990556339, 0.139373305188, 0.333333333333
0.49506005958, 0.859007483923, 2.30549292368, 0.481263759839, 82.6500016628, 4.35965142363, 0.107964554471, 2.2473522097, 10.7816938568, 90.6532982676, 0.250804312109, 0.384615384615
0.756417948729, 0.824739578619, 2.24921192349, 0.47592247992, 55.3217540501, 15.4809828491, 0.103802288548, 2.218946847, 6.25619849181, 91.4883041203, 0.406344315687, 0.318181818182
0.767874412063, 0.827517317527, 2.25386879289, 0.620243801065, 55.1743455096, 15.6363901176, 0.796531090314, 2.2045514549, 6.88086744449, 89.4496233729, 0.467518971987, 0.514285714286
0.352127353503, 0.849825997181, 2.32306095976, 0.538547316262, 47.1576801624, 3.93527365821, 0.335671220339, 3.5276122914, 10.5735818638, 126.599474545, 0.0758716186138, 0.333333333333
0.26015350467, 0.985309140149, 6.21338838521, 0.688644489092, 17.8855223131, 1.77637297328, 0.494807135482, 1.06605720052, 39.6427127452, 536.854618629, 0.0198129524236, 0.0
0.883978657451, 1.12567004508, 2.3948153875, 0.456577712451, 40.1386909873, 2.41598949461, 0.645048096621, 0.679315392675, 7.1666090845, 96.7564963031, 0.220065684655, 0.535714285714
0.475858703274, 0.927047774843, 2.30834772326, 0.595131807855, 37.1658467504, 3.78406650977, 0.807797928828, 0.931690388313, 8.36478905258, 201.760450047, 0.0409138950137, 0.0
