0.636702628714, 0.839277255187, 6.58483166764, 0.450807526599, 36.9565922742, 40.3144059133, 2.71398438792, 2.66765570037, 32.8462145847, 703.206167454, 0.478516542743, 0.175
0.816939703742, 0.872973611698, 3.40548053821, 0.370271578112, 25.3342563053, 47.5181337949, 2.89019373607, 0.715295274948, 41.2483588483, 423.197103555, 0.5949352015, 0.0
0.709843863356, 1.04685915847, 4.69737158924, 0.355131260971, 48.7702497554, 48.5163746462, 2.3811857098, 3.07140540154, 31.0642468488, 711.320244935, 0.550995635497, 0.00970873786408
0.9, 1.22761273059, 2.70199841395, 0.329197050401, 40.4944082766, 48.0907961245, 2.32166768024, 3.50566941331, 28.7999355281, 467.823031597, 0.651608277408, 0.0291262135922
0.804894154207, 1.04346162349, 3.67926035603, 0.445361612675, 1.16611770322, 42.0993404772, 3.77715926264, 0.91958130578, 40.4416305508, 680.753065887, 0.579592153933, 0.122377622378
0.685227722534, 1.2080600147, 2.24183087216, 0.5, 11.423865092, 48.2644401309, 3.57665855391, 2.92720461013, 41.689052117, 520.222004202, 0.604022639292, 0.0641975308642
0.505548154206, 1.16408854118, 4.25038395561, 0.350651715067, 50.0, 40.8815984139, 2.17552271232, 1.62206640772, 30.5920885305, 679.849365315, 0.405262144215, 0.356756756757
0.813873106542, 0.914306094657, 7.42081253985, 0.378998239888, 12.1372295518, 43.0472272112, 2.88105255743, 1.98334986078, 43.0485877778, 693.704434328, 0.524296805359, 0.224
0.72899344643, 1.12446917044, 4.53484314705, 0.395290078016, 25.4085960748, 44.6381536074, 2.69801762136, 2.96208801634, 42.5120269507, 898.410471778, 0.643712039994, 0.0
0.518402921145, 0.877474457603, 7.16571877174, 0.432926581964, 10.6286449553, 45.3730528067, 2.89343167736, 3.36006749614, 20.4092844359, 794.295291121, 0.533946762392, 0.0
0.757053671846, 1.22388541227, 6.94534973279, 0.217606063951, 8.51767161441, 41.1912094812, 3.79518062187, 0.864884496712, 33.4548604165, 2074.45958871, 0.615978129618, 0.158333333333
0.853868186832, 0.921517506575, 2.50327596263, 0.496094365974, 24.4962991475, 42.758413776, 3.30263847423, 0.950030633273, 32.2458896756, 367.802550745, 0.582210672869, 0.0
0.64291052702, 1.20887644057, 3.68971862892, 0.240739995551, 21.4800889097, 48.1076409257, 2.94766325576, 1.35183598239, 31.5233316513, 621.602444619, 0.522891165979, 0.347826086957
0.604221627248, 0.99483112204, 3.82921697475, 0.471590937571, 47.2246943399, 43.0955907067, 3.52652858931, 2.5005983292, 37.3626138376, 685.271539539, 0.55494493339, 0.0829383886256
0.873127669092, 1.01048423365, 2.10474406226, 0.326776517658, 6.46394951557, 46.0665734941, 2.95743037844, 4.85080283342, 42.9212509946, 298.201278943, 0.659252147993, 0.123529411765
0.829296113948, 0.926272306964, 5.86574451841, 0.484898965129, 29.2075167003, 40.0, 2.08759747905, 4.0244556835, 41.7714429747, 721.498253012, 0.58092129574, 0.0709219858156
0.80375237237, 1.11741048335, 2.93333550107, 0.402511851912, 32.3750899067, 43.767398872, 3.60108243282, 4.8563538242, 36.4069818928, 614.092272655, 0.607659824147, 0.223183391003
0.584064751264, 0.939964423433, 5.22429126963, 0.49229338642, 46.8486637091, 42.2049142102, 2.64860724524, 3.21759270411, 41.6211414628, 708.329397687, 0.530484742103, 0.259036144578
0.555056299478, 1.26, 4.88908015388, 0.413516737136, 50.0, 40.8651536779, 2.0, 0.171081987419, 20.2934919179, 826.43995628, 0.514555771967, 0.202312138728
0.703951781379, 1.02730611211, 4.19557945406, 0.346933472598, 8.93941294544, 42.9244504433, 3.46273360726, 2.42660232932, 20.2597677617, 747.636754326, 0.560818293483, 0.0342679127726
0.546460483466, 0.853123684291, 4.35490814871, 0.465476859601, 21.74682104, 46.900194215, 3.0988051442, 2.39471042091, 31.6476368514, 638.507173834, 0.546350612141, 0.0
0.572197015184, 1.09295522121, 3.46754589319, 0.325687026246, 24.6507700672, 43.9574592311, 2.41940552873, 4.45837569506, 26.8599332678, 493.660272012, 0.536483231408, 0.027972027972
0.588969099421, 0.918690850356, 4.06463778266, 0.456470948012, 15.7495931772, 47.7442192374, 4.0, 3.33277583386, 26.3997144458, 760.29766992, 0.541635424654, 0.124787775891
0.855779214301, 0.957976730874, 2.92069757304, 0.473889298517, 11.5813164562, 46.0871501251, 4.0, 1.02425677399, 24.7335496109, 559.652450184, 0.59213167695, 0.00979325353645
0.9, 0.82, 4.72414231337, 0.379891509419, 33.4680591084, 42.861560593, 3.23178000912, 4.98599370428, 36.0602923066, 601.414917631, 0.590536941584, 0.0243243243243
0.7174671824, 0.903286220841, 2.20470563155, 0.317132124035, 20.7641102324, 43.6413727253, 3.50764312983, 2.92264707484, 44.0, 388.660968018, 0.564627462828, 0.0224438902743
0.625089360454, 1.24097302163, 2.0, 0.476032279695, 30.5443765884, 44.0821411573, 2.00881246703, 3.74049285205, 23.7569182592, 335.825036999, 0.516772181327, 0.170731707317
0.745517753667, 1.18297886703, 5.12721322746, 0.358230971203, 0.0, 42.4525827521, 3.28140187613, 1.58665950982, 24.9746127683, 1156.07359238, 0.569623108952, 0.129353233831
0.731864952748, 0.82, 3.18344883149, 0.355428214874, 50.0, 47.350198253, 2.39114908895, 0.693460599315, 43.3858892081, 421.131271382, 0.602529795939, 0.180327868852
0.504792462123, 0.89539181826, 5.88449701578, 0.364001142097, 25.0410963995, 46.6335546136, 2.27332259587, 2.53891326018, 33.4201867925, 696.103192667, 0.486875937495, 0.0425531914894
0.688186270214, 1.14227421725, 4.33453425876, 0.327409003442, 31.0313736142, 43.2836969868, 2.17632948327, 4.96247268653, 41.3306726124, 847.801494365, 0.547268229316, 0.0272727272727
0.702435422597, 0.895842144177, 5.56333172979, 0.400263646725, 12.7301742996, 41.960032005, 3.16113870186, 2.10909925268, 23.2935309332, 720.780912605, 0.563752387733, 0.20725388601
0.769807963243, 0.85573920362, 2.85939025667, 0.32984300181, 16.0809896731, 49.1348094268, 3.34314899445, 3.65452425404, 26.1953447942, 430.873927824, 0.602719086715, 0.0347826086957
0.728205198004, 0.938116008521, 2.69156630072, 0.497831233942, 10.1867302867, 41.3838827038, 2.42999083182, 4.02534288454, 43.1195223199, 417.164188067, 0.572327991195, 0.295698924731
0.9, 1.09109883973, 3.00286865755, 0.380209863675, 48.0013132468, 45.9715397407, 3.96359787196, 3.11129832386, 36.013555656, 706.255489853, 0.631402730716, 0.0260586319218
0.894487404097, 0.981384579323, 8.0, 0.361696512313, 27.4040297438, 45.990095019, 2.25001115332, 0.0, 36.5975094636, 1301.91089671, 0.58367719749, 0.0227272727273
0.891390474709, 1.04205817273, 5.36753909633, 0.430428359244, 9.75762395334, 49.310979328, 3.12007250062, 0.944105359513, 39.0441505966, 972.537021405, 0.610669101581, 0.0591966173362
0.820894993297, 1.07367881748, 7.94582037715, 0.371271026738, 50.0, 41.2632964299, 4.0, 2.554648901, 22.1328202069, 1754.43929266, 0.565542667725, 0.139001349528
0.9, 0.856878656987, 7.57735613336, 0.433942157515, 44.340226685, 41.0858678068, 3.77680607778, 0.787570062392, 29.073399069, 1086.25501669, 0.57416234475, 0.173745173745
0.660782548856, 0.99763376206, 7.48251869226, 0.454595265898, 27.0680278317, 43.799196836, 2.27217856692, 0.0, 20.0, 957.402304235, 0.586105463028, 0.00990099009901
0.773728935732, 0.89562752897, 5.96215710706, 0.404714903223, 4.72733503949, 49.5892726646, 3.33528626406, 1.20323438164, 34.4244984437, 899.881592017, 0.607271366261, 0.0352303523035
0.749836650078, 0.987900063679, 3.27435652562, 0.345847313105, 5.38953145113, 45.9751824524, 2.01444112248, 4.06212092564, 28.5135366207, 375.509448791, 0.598615641236, 0.104395604396
0.758067744206, 1.05059982744, 7.43505030158, 0.206563168977, 14.4366022449, 41.9942180006, 3.6962192669, 3.7534445095, 31.9303124505, 1565.40238944, 0.590414180184, 0.0938337801609
0.800981617719, 0.981857553096, 2.41226953074, 0.273536033133, 0.0, 46.1765160638, 3.96002009134, 2.09658737349, 39.3461500658, 487.705864959, 0.56774347334, 0.20987654321
0.564284234871, 0.839601808116, 3.53222937023, 0.263983413652, 30.0884594282, 49.8791992918, 2.6459774729, 0.198819461323, 26.5027500204, 358.852230153, 0.612695186209, 0.0258620689655
0.774227874567, 1.18653087535, 4.73288187175, 0.350471323603, 23.9496533509, 45.0674919011, 3.8211452936, 0.618233004692, 43.4186747552, 1026.5859761, 0.622121633687, 0.0180412371134
0.515792111755, 1.16605294145, 4.84646220741, 0.5, 24.3025097254, 41.7729213046, 2.10122724397, 5.0, 37.191837827, 803.952882903, 0.630145241558, 0.0
0.519511276891, 1.21666595218, 2.34026194816, 0.347140701144, 15.962579234, 41.6347409778, 3.05425291428, 3.01340184768, 24.5702424368, 450.773524757, 0.514577616519, 0.0281329923274
0.599775200218, 0.881863145245, 5.05417392576, 0.2, 39.5739827256, 47.2722669515, 3.49447569811, 0.0, 20.0, 654.894101174, 0.582235634004, 0.0461165048544
0.695041912726, 0.908138597519, 7.63810712262, 0.488066257222, 14.4241740545, 42.4927723337, 2.03874250838, 3.30680349024, 25.077188834, 886.040435328, 0.528147849793, 0.0108695652174
0.65481493719, 0.85257251932, 6.06574438623, 0.5, 43.9868239918, 44.637784501, 2.53220464206, 0.162494457602, 41.6478962139, 680.587656877, 0.58317915918, 0.00729927007299
0.663880640204, 1.14892372753, 4.45064177676, 0.5, 28.4628973433, 40.7679183345, 2.84461086932, 3.71190209014, 30.1371783296, 885.329126722, 0.59364493532, 0.010752688172
0.732354160731, 1.18360060671, 7.55638711945, 0.288694895324, 32.419588043, 50.0, 2.0, 0.417007773676, 40.7809074665, 1737.47442459, 0.612062082882, 0.0754716981132
0.565077092691, 1.19897874452, 4.07893914043, 0.379485549749, 4.74934555975, 44.4650141204, 3.84354813006, 2.86356042469, 20.3823594742, 849.543535024, 0.543751226195, 0.0181818181818
0.52509805311, 0.927985091676, 4.45398933856, 0.407301419459, 38.1063787021, 46.123110121, 3.17003857453, 2.39877720498, 39.6793970919, 805.809860011, 0.562096215867, 0.137157107232
0.615048286599, 0.896937935963, 3.60693252331, 0.483144576673, 33.2143331783, 42.1277001488, 3.83066071497, 0.431727757873, 39.5105625066, 570.87579904, 0.538609063774, 0.00816326530612
0.718063919274, 0.899740775312, 4.95273755024, 0.5, 5.33189901894, 42.1222239241, 3.55988775537, 1.70212210879, 20.8737608576, 676.875411017, 0.558278554408, 0.014652014652
0.769188556191, 0.939598976698, 7.49086167327, 0.255288375472, 12.5294686426, 44.5304163904, 2.00762081747, 2.12110605791, 34.3608040036, 920.797899163, 0.612766740212, 0.064
0.581421904368, 1.12264268506, 7.46588859828, 0.462935478582, 26.7514695506, 48.1918792042, 2.00747709795, 2.25797696022, 42.3926007485, 1569.74856058, 0.617420288067, 0.0
0.679297750097, 1.26, 6.06138778878, 0.497528980779, 50.0, 42.9916983181, 2.8468592521, 3.22537306325, 33.6868074342, 1344.47655139, 0.510132368007, 0.0
0.509967147924, 0.853892097894, 7.93328787382, 0.39029398223, 2.06511329886, 40.3405686567, 2.80956627311, 0.623536571175, 33.6650176121, 830.079696343, 0.573857477611, 0.30303030303
0.511862155255, 0.88685051662, 7.29410277749, 0.5, 30.4714062329, 46.22294633, 3.32424330439, 4.38412344919, 39.6793970919, 1115.79372678, 0.501886661121, 0.00355871886121
0.725527371652, 1.16296578924, 3.50459626245, 0.43437939696, 6.97631048148, 46.4105813069, 2.10404052537, 2.23062783854, 41.5561863201, 720.275889828, 0.524136786823, 0.238709677419
0.653646769621, 0.84815318715, 5.06576338703, 0.337895415582, 0.0, 40.7613952946, 2.0, 4.14023705673, 22.2324264929, 565.436484966, 0.536911324968, 0.0116279069767
0.876568370384, 1.01978034879, 4.9362981815, 0.5, 28.1776548298, 41.9822607352, 2.21792637218, 1.25339792257, 35.7973905617, 708.432100822, 0.55423753915, 0.0
0.784485632207, 1.25512309197, 6.7903078076, 0.357715590056, 37.3126303672, 41.5447628346, 2.59974319772, 2.5078824908, 31.4673953437, 1712.93113755, 0.558820335246, 0.0169491525424
0.602475552846, 1.15454341978, 7.78936898318, 0.295557361677, 44.1637543615, 40.8338791119, 2.42712237375, 4.86660653172, 23.6537039098, 1134.62195648, 0.473952667479, 0.0220588235294
0.703917664137, 0.951643808325, 5.2207254185, 0.494212589567, 36.0161810846, 46.5547813999, 2.39388907123, 4.76279126703, 39.3215497809, 695.495099445, 0.581128772611, 0.0
0.813618405628, 1.14082009038, 4.93064508349, 0.265056942148, 42.6834385231, 46.7495268653, 2.3139885557, 4.65946970011, 26.8384900184, 854.361396099, 0.63948316264, 0.0309278350515
0.618291366889, 1.26, 2.0, 0.267538605599, 0.0, 43.5911343884, 3.73990297599, 2.45455807206, 28.9042443824, 366.007474659, 0.552526713119, 0.452165156093
0.525130910926, 1.14967306976, 6.12840509855, 0.303024561656, 41.1752962746, 44.7439295473, 3.71269907149, 2.77483483245, 20.9301345702, 1280.28360851, 0.53563369605, 0.0495867768595
0.719661189248, 1.12898287704, 2.0, 0.411536856935, 34.855668091, 42.627368763, 2.0, 5.0, 26.6322319204, 285.629631302, 0.608618091867, 0.0
0.5, 0.849136953913, 6.71472721767, 0.399862868706, 2.0536872485, 41.1279854577, 2.81517409658, 0.0, 44.0, 947.109209536, 0.446289840217, 0.0
0.841295850151, 0.903983053987, 7.18813041039, 0.232075193974, 50.0, 47.9132209375, 2.6095677901, 2.07744530761, 44.0, 886.757620932, 0.634117145283, 0.063829787234
0.5, 1.06124870365, 3.43331551929, 0.395220434902, 22.4190279803, 49.3181521091, 2.13355222071, 0.0, 39.4924554563, 581.581019635, 0.551062720476, 0.104166666667
0.877492606874, 1.04590590421, 5.52995444886, 0.481922445836, 41.2793230456, 49.5558809394, 3.1291159262, 4.74971644799, 29.8494941366, 1047.95122345, 0.606619935262, 0.0
0.749928100651, 1.26, 2.0, 0.495369697714, 5.43604504511, 41.5924980419, 2.22438886642, 1.5820371078, 22.8983406333, 320.869266387, 0.500430511486, 0.103448275862
0.570952365598, 1.2472822197, 2.14632854157, 0.28965573388, 8.82377366186, 44.46950844, 2.39186262595, 4.64211154566, 28.0384013224, 380.844017884, 0.509581847601, 0.024
0.564084697991, 0.988076179642, 4.13483214872, 0.430542409762, 14.0022387877, 43.5787864552, 2.0, 2.87197459939, 40.3228732167, 649.239620223, 0.549552599452, 0.0117647058824
0.531307770317, 0.880780394124, 3.8216389121, 0.325203075135, 11.3199335033, 42.2214938795, 2.90466113316, 3.16040305183, 29.9059697675, 500.988170842, 0.498745414571, 0.0786516853933
0.816990142892, 1.14934642588, 7.70614006219, 0.395583094934, 39.0002127293, 45.2803555224, 3.24230247318, 5.0, 23.037090422, 1706.41173361, 0.594682672239, 0.0369127516779
0.770322852913, 1.09630184951, 7.06621285132, 0.394435081207, 34.0816157794, 42.8213341944, 2.15066995663, 2.87989223589, 20.7710310257, 887.907566211, 0.59680346093, 0.208121827411
0.880540741513, 1.16918228056, 3.25908067077, 0.225358641696, 37.4114909986, 41.3867365731, 3.19550573056, 0.973556847411, 31.1440609884, 634.155633995, 0.592289014648, 0.0546697038724
0.802432785212, 0.852117103484, 3.43121135723, 0.33656971756, 35.3857522536, 44.1161683428, 2.76237045922, 3.99985956745, 38.3561097694, 431.770615988, 0.57175043928, 0.00943396226415
0.780710665231, 1.2249933473, 3.34943782073, 0.233435678424, 50.0, 50.0, 3.5264307467, 2.53871934508, 21.7421969513, 719.208125246, 0.598813413567, 0.51878914405
0.7809169038, 1.26, 3.52778018758, 0.273896447706, 19.978150045, 41.9936519565, 2.0, 0.502181906343, 37.281731987, 811.671887901, 0.621099335149, 0.138461538462
0.859061727458, 0.977165925651, 7.54538126689, 0.344901697649, 18.1777240537, 40.5007898165, 2.32150992816, 0.711143512886, 28.6381380471, 1066.87069352, 0.604126374354, 0.145833333333
0.9, 1.2564110677, 2.0, 0.449645493392, 48.356826302, 46.4942263052, 3.98222262188, 3.99611676019, 31.9873584973, 448.535006648, 0.605791736703, 0.0541871921182
0.5, 0.82, 4.42618889187, 0.428586024139, 22.705513102, 44.8069217926, 3.91690909172, 4.37399029268, 26.3183452959, 582.662613665, 0.554334694927, 0.2828125
0.5, 0.871125212557, 4.85610040893, 0.318630556091, 39.6430546827, 43.4253868782, 3.65401077512, 2.38608577269, 28.4071846703, 677.133987834, 0.496727533537, 0.0666666666667
0.83777212336, 0.845952116276, 5.46608184913, 0.379573544893, 16.6840919015, 40.0, 2.4384014721, 0.0, 36.9429332367, 720.040837496, 0.605419112388, 0.0
0.5, 0.977869608964, 6.09886477416, 0.338826566281, 9.3386332872, 40.8327455903, 2.96108467213, 2.3308320067, 36.4364129345, 840.136465989, 0.4989336709, 0.0
