0.116482668738, 0.92448275692, 87.7165044562, 0.490038117008, 31.0429736929, 17.1915888876, 1.06888054156, 1.2682715339, 18.3421404411, 5460.41457556, 0.109925772895, 0.0
0.9, 0.829182353722, 86.4129570687, 0.554285722206, 20.3142479504, 16.4492715062, 1.32057488907, 0.248146806205, 19.3150094497, 3357.6549783, 0.434966994738, 0.0
0.820809538789, 0.891182659603, 90.4902510343, 0.63463072661, 18.5329493721, 42.6176458969, 0.000167305142596, 2.4656336517, 9.70094667789, 3180.46077818, 0.377902177759, 0.0
0.1, 1.03617858518, 88.0620951583, 0.683859184461, 73.8649300571, 50.0, 2.0, 2.99213296979, 20.0, 12018.1994201, 0.257867057339, 0.0
0.537592473321, 1.10503483448, 88.3071283415, 0.413348722374, 42.6492590659, 16.0436868981, 0.626505820251, 4.1638482813, 9.38713527723, 6245.73635288, 0.162595478658, 0.0
0.168890120843, 0.920612213164, 81.4176960044, 0.61036473857, 60.7739233258, 16.8899634713, 1.13463762643, 1.71177593614, 1.0, 4571.0487203, 0.143387202542, 0.0
0.513974491259, 1.00535657349, 87.2393213094, 0.451337526678, 94.5464549562, 22.6301794119, 0.588500589485, 1.83502299996, 11.2189396612, 4653.42954702, 0.188537363261, 0.125
0.410237745403, 0.863058852572, 80.2241072528, 0.7, 24.1404971987, 6.37434482044, 1.57927608593, 0.284609060688, 12.4433801768, 3288.82162098, 0.193327536668, 0.183333333333
0.706251492051, 1.06355606407, 95.0, 0.7, 42.404544099, 24.3566540161, 0.604298625806, 1.74044089032, 4.46277275548, 7980.12022857, 0.428769341139, 0.0
0.1, 0.966793916666, 91.6751887617, 0.615120526419, 33.2925652134, 43.3320655585, 0.633824981339, 2.86074483548, 2.48986486081, 4548.16309344, 0.180528588795, 0.181818181818
0.793594650162, 0.939058284675, 81.2788290115, 0.432425790152, 61.8548562546, 15.0910330257, 0.984066366092, 0.840077805934, 16.1652610551, 3892.85804679, 0.454798242375, 0.0
0.25795245798, 1.16128060766, 83.4553556251, 0.59053046987, 66.4388144599, 30.406602135, 0.179592238286, 3.98610663184, 8.78886691826, 9023.47914862, 0.316558041953, 0.1
0.466504803655, 0.977264141472, 87.0323672551, 0.557328206939, 10.5840026577, 49.6683046827, 0.082958407284, 3.05431268357, 2.32644084161, 767.442715947, 0.24958872753, 0.0
0.42618520876, 0.960034022861, 83.5820232113, 0.528847631701, 45.2440159315, 2.60226134682, 1.68927550056, 0.809166625498, 1.03730598291, 5506.03178308, 0.0565607572436, 0.0
0.1, 1.10944516426, 86.8711483858, 0.59715290062, 43.660384726, 10.6414303867, 0.0, 0.0998219366391, 13.7560008202, 8260.43728636, 0.0486936846387, 0.0
0.410050414046, 1.22371638754, 94.1045267026, 0.420690415459, 30.7255126397, 33.153263454, 1.92124031206, 0.627719649226, 11.6839236959, 21573.4845834, 0.391596150272, 0.0
0.101500012701, 1.0039256706, 80.1867617355, 0.465188155106, 89.4692034641, 16.2640835658, 0.263129762964, 3.2802979888, 5.54922368174, 3693.74482115, 0.0724091297331, 0.0
0.670773578186, 1.12290141894, 86.7955268912, 0.478165245953, 49.097553679, 26.2039617313, 1.22609176309, 4.60332377422, 1.66919749481, 9902.76243526, 0.473663101353, 0.0384615384615
0.149103588743, 1.01482947525, 93.86024723, 0.7, 80.4018584955, 1.0, 0.909769367727, 4.13767284834, 18.1706428006, 5942.15282583, 0.0068328124036, 0.0
0.432028788796, 1.06138492127, 89.4906558373, 0.453643877659, 0.0, 21.7590883587, 0.954721594214, 3.70749343061, 6.58072580026, 6972.48625429, 0.260590398345, 0.0
0.449132409905, 1.08307069083, 90.0519290075, 0.688656086407, 100.0, 8.95716638061, 0.874903490444, 0.0, 3.19004020733, 3904.02860812, 0.185904811353, 0.111111111111
0.122873194557, 1.00336856137, 95.0, 0.7, 45.2666819186, 49.4302411009, 0.706286147148, 3.57709351306, 3.02588412921, 4129.49549087, 0.0236825972626, 0.0
0.371759940951, 0.904931367159, 83.5280501272, 0.429509621989, 99.563325262, 34.1386382338, 1.10696024709, 4.24923837036, 9.96525824797, 3933.00950286, 0.383510068005, 0.0625
0.810823032854, 0.858668657731, 89.8766370751, 0.495097157781, 46.8469021025, 29.9650798506, 1.04855964149, 1.44044911746, 20.0, 5244.33466082, 0.617465627717, 0.166666666667
0.731882360294, 0.926229577508, 83.4684446299, 0.601327128812, 99.4739401516, 22.6070487595, 0.803066334149, 3.53278787197, 19.8734921756, 4459.39391535, 0.297567214689, 0.0
0.115924181128, 1.19507635223, 80.1497934654, 0.411388866522, 27.654883567, 44.3282912567, 0.0190184553438, 2.61061903859, 3.5314589322, 9931.55849637, 0.211702497389, 0.0
0.661975030981, 0.864442755239, 92.1713435666, 0.617741669551, 21.9179120893, 18.2509508311, 0.046271481403, 2.49832087039, 16.9856360561, 4047.21132883, 0.285896789841, 0.0
0.332444711709, 0.953664766075, 95.0, 0.516295093858, 37.4362709154, 17.1637619105, 1.23438824407, 2.99597450584, 17.9235310189, 7994.73129151, 0.251163751943, 0.128205128205
0.691387146348, 0.904529815454, 80.0, 0.650673146192, 47.4453306613, 1.23346150957, 1.31454419696, 4.4387382077, 2.63028945176, 3637.62004257, 0.06599967494, 0.173913043478
0.584543570096, 0.871453426987, 86.2465462686, 0.478203318261, 87.3550493569, 1.0, 1.3268736563, 1.2391736433, 11.9012696302, 5003.18963981, 0.0562657130413, 0.549295774648
0.684486697932, 0.82, 80.0, 0.49416430288, 21.4724491396, 9.97006240688, 1.2659741347, 1.6137274095, 20.0, 3379.8909291, 0.323382664847, 0.298245614035
0.308478117037, 0.99036723733, 80.3885151913, 0.472043375136, 93.2929443108, 1.35851928331, 1.42046287149, 0.376618547759, 9.53054200144, 6461.5491103, 0.022142298312, 0.0
0.885741409545, 1.1122425452, 95.0, 0.601213298633, 100.0, 26.1424193366, 1.41949110014, 2.39743451314, 20.0, 14584.3786438, 0.395339841825, 0.0
0.885040925425, 1.05833466786, 85.6777410469, 0.5865253028, 10.4257314078, 1.0, 1.31630662009, 0.826007502439, 20.0, 10053.4750628, 0.0869380855524, 0.392857142857
0.424479666951, 1.16570807654, 80.1854975462, 0.425229216972, 98.3995712966, 32.8996577803, 0.000620603637464, 0.102093007792, 5.00552544568, 5150.66075437, 0.169982619077, 0.0
0.111710831997, 0.846974084839, 84.899938954, 0.7, 48.7915929814, 39.3668641294, 1.53462926883, 1.65186712814, 8.77845180885, 4734.75811736, 0.15870016016, 0.0
0.630108271307, 0.87733514055, 93.2481536451, 0.683860577886, 52.2507143712, 48.7182501518, 0.323162126882, 4.55211705775, 5.76207866015, 3691.78518355, 0.120275862185, 0.25
0.64782126073, 0.970656678849, 89.302888418, 0.413579190598, 58.6673199432, 45.3831264277, 1.06857348413, 2.23433567438, 15.4325520739, 3934.36200176, 0.645588933279, 0.0
0.163793158186, 0.82, 82.2685152296, 0.648505941847, 35.7930969564, 21.0040818466, 1.61261568758, 5.0, 20.0, 3650.04477656, 0.149366879912, 0.0238095238095
0.567790631186, 1.16127127348, 91.6202218862, 0.561272147106, 40.0864034222, 11.3851744757, 1.04287855762, 2.87848716625, 5.54261487332, 16240.622773, 0.302387526142, 0.037037037037
0.11870125711, 1.01074756084, 88.0440165999, 0.696593942327, 54.7971338018, 37.0252433779, 1.03764391776, 3.75323303407, 17.990158371, 8453.08389501, 0.214477797691, 0.0
0.1, 0.866805002263, 86.1466559329, 0.540728763182, 75.7603999349, 10.4352959805, 2.0, 1.44012892523, 20.0, 6408.99002503, 0.0478325890269, 0.0
0.179041202994, 1.16505865515, 80.0, 0.49422053846, 97.785275451, 28.7999838507, 0.319948485634, 4.08255504414, 12.8881647726, 9844.78391034, 0.179523801733, 0.0
0.542434179194, 0.875061464469, 80.3857753448, 0.61621142007, 10.2113982947, 50.0, 1.22366016539, 4.59443567297, 15.7131978481, 5730.15201553, 0.614066798488, 0.0
0.136308339974, 1.03278508278, 88.0294820739, 0.553695575816, 92.2783773659, 48.251964771, 0.190788362501, 4.01577635506, 6.90005938678, 3716.51730018, 0.245128151061, 0.0666666666667
0.284150136493, 0.82, 84.9082277898, 0.505686371767, 50.3721539509, 50.0, 1.61724570029, 0.0, 15.5936153447, 3702.82193663, 0.480427494993, 0.0
0.9, 0.903785844917, 83.4296965744, 0.613770978467, 65.5605801154, 8.57936510065, 1.37441828734, 4.65268580126, 1.76613840757, 4398.03832648, 0.261704377594, 0.0294117647059
0.190358575884, 0.915288681296, 80.4948801473, 0.7, 50.508505336, 37.7084753409, 0.847121859901, 3.79221035659, 20.0, 3154.74199555, 0.130554575888, 0.0
0.302557011979, 0.876223624569, 86.3992421246, 0.653440671336, 29.1899181192, 27.1046346474, 0.495473333048, 0.970223184205, 18.4347039076, 2163.53327477, 0.430580921681, 0.0
0.507734220233, 0.986301208228, 88.7682849555, 0.664984861561, 26.4474122142, 21.3541308719, 0.0810944185743, 2.24865526219, 3.17362404915, 3593.82754962, 0.106447195435, 0.0
0.116611267326, 0.881266904607, 88.2887522938, 0.505173021062, 55.9379925342, 33.4867971322, 0.0690128579351, 2.70645317792, 4.05429676901, 2520.04089347, 0.102435480135, 0.0
0.507326277645, 1.04562796359, 94.3882422398, 0.4596009814, 85.2666469102, 22.9786879978, 0.518633815365, 0.591345352502, 3.19327911, 6307.31882662, 0.332645567186, 0.0
0.1, 0.862997680758, 94.2252268116, 0.546769306652, 61.418755704, 23.9908630972, 1.33822571644, 1.53283862398, 1.0, 2741.4916376, 0.209957229976, 0.0
0.248044519253, 0.973193651162, 80.0, 0.568526898289, 100.0, 50.0, 1.41664562109, 4.67095362711, 9.20851308166, 8074.34219165, 0.390874573704, 0.0526315789474
0.7844361105, 0.877394150737, 84.2571853811, 0.540197742674, 52.3701011072, 30.861701881, 0.135493605371, 4.7537855928, 15.1324269255, 3029.53541629, 0.373982417383, 0.0
0.675644994711, 1.06981075558, 89.3518673738, 0.7, 68.5964949338, 11.5859379356, 1.71089851074, 0.99819858126, 10.2450959245, 10425.1325622, 0.185394671916, 0.0
0.1, 0.839474848041, 80.0, 0.7, 72.7521197911, 28.5251641892, 1.74901614852, 1.18468333337, 14.0108556581, 3784.60082945, 0.215487512191, 0.125
0.505045550911, 1.18834159607, 90.4112162331, 0.595895476601, 70.2869940419, 2.52657887082, 0.581022310949, 4.39489916666, 12.3834571967, 10774.9473332, 0.0567546051633, 0.0
0.322591187859, 1.05137091418, 83.5795441957, 0.4, 40.7812595091, 18.4465189258, 1.39327894406, 0.0, 10.1879601012, 8710.88753385, 0.224642085924, 0.025
0.413794559303, 1.17075253267, 81.8281174684, 0.478831162278, 38.853549835, 6.68620042585, 1.77685397393, 2.79899043428, 3.4921118059, 11429.5650976, 0.0850641772827, 0.0526315789474
0.201162095329, 0.893521468032, 93.7725861389, 0.589966930287, 55.0782160298, 50.0, 1.10256433683, 3.73267377149, 20.0, 6323.19231952, 0.314519284408, 0.327868852459
0.526610203964, 0.933361692617, 94.5067023515, 0.485366264042, 10.1653223295, 29.0203319062, 0.526456969184, 1.74959556177, 13.6873531022, 4476.34024054, 0.225517598769, 0.0
0.219135201516, 1.23042931251, 92.0019767039, 0.61420464292, 9.6656312364, 34.8804417862, 0.0, 1.09346747608, 20.0, 14286.3693365, 0.155741402722, 0.0
0.1, 0.9953343951, 94.3656956344, 0.7, 47.9111303212, 19.9142882743, 1.56223658405, 0.0, 20.0, 7543.69793518, 0.177278978573, 0.171428571429
0.379925251666, 0.844561843331, 90.1217010588, 0.617160859061, 48.9012502729, 1.0, 1.30336526491, 0.0774285653857, 9.18514256719, 3312.07029839, 0.011754638045, 0.0
0.418437735353, 0.957016664769, 84.6213178815, 0.580571883259, 35.2577798981, 21.2393880973, 0.0, 0.320192593856, 10.3292133905, 3464.1217891, 0.379202881492, 0.0
0.437064486448, 1.08360242114, 81.5774547772, 0.582343144261, 100.0, 50.0, 1.02689951687, 2.01594918142, 1.0, 9580.72247069, 0.381368335637, 0.0625
0.66937246173, 0.82, 91.6994131257, 0.583846182487, 56.5865441903, 39.1514313865, 0.828623202655, 0.991130787294, 10.1485041313, 2240.13925045, 0.401023192341, 0.0666666666667
0.1, 0.940002803279, 84.5123590303, 0.675546064911, 88.9637996059, 48.1400890727, 0.0916035304094, 1.49918601019, 17.6324438531, 2372.42930807, 0.13760999021, 0.0
0.389020050111, 0.868422651971, 80.0, 0.591416169022, 63.651213875, 38.041234925, 0.548967161819, 3.7778692023, 19.2279159933, 2588.16118695, 0.403707020689, 0.0
0.643970884998, 0.908367272647, 90.7613637642, 0.627148081578, 77.7637244774, 40.6766742003, 0.413245264394, 4.86446962916, 15.2708342981, 4605.19726142, 0.371302739434, 0.0
0.889571672634, 1.02806861375, 91.0046494669, 0.645832384543, 85.2508979893, 19.9493560186, 1.07658761754, 2.5046994182, 5.82183260869, 8723.1962689, 0.215319431221, 0.0
0.1, 1.06035677705, 84.9649112269, 0.425495258199, 57.42649599, 34.2612584447, 1.77316698303, 2.98419660248, 20.0, 8877.55969566, 0.275307062176, 0.266666666667
0.311604643251, 1.05772249785, 84.7365897095, 0.630734864513, 88.9444758238, 42.1705362972, 1.86155649964, 4.76769865564, 16.8358006711, 9871.07686996, 0.386007336509, 0.0
0.172704610206, 1.24816336065, 83.4092671168, 0.4, 93.9537777387, 40.0598804794, 0.485970245252, 0.823001474862, 3.3613584482, 20967.5819984, 0.257288813141, 0.0
0.361663288893, 0.899273942857, 85.8703198255, 0.653752195797, 67.3387118612, 20.1857235712, 1.9447904919, 3.87641904276, 8.46924517582, 4395.26813832, 0.228903502082, 0.0882352941176
0.9, 0.82, 93.941286053, 0.538956786074, 39.1579126748, 46.5502277852, 0.0, 2.94211202105, 14.3525469824, 2860.46062883, 0.0898514813285, 0.0
0.8446607962, 1.00463899054, 88.4847815747, 0.52574213497, 38.5262746524, 20.465574175, 1.81293754873, 3.47085459687, 5.36507919725, 5757.55698491, 0.351617361714, 0.0
0.689689449663, 0.879242047946, 89.0248966208, 0.680738595544, 7.57509615003, 36.672882882, 1.46125664922, 3.34490019851, 3.75605311039, 3082.4441668, 0.436713663744, 0.0
0.793432997779, 0.971858224334, 81.1875053707, 0.63132247433, 10.5587329043, 34.9428069, 1.03467745612, 3.89220574968, 20.0, 4825.04302918, 0.521549929054, 0.0
0.198451316713, 0.893425311512, 82.9270449406, 0.527824117031, 56.1027776328, 20.9585630927, 1.53610098311, 1.59779718567, 17.8156058697, 4610.50309954, 0.194965815695, 0.0
0.853789121964, 0.928935627659, 85.2869682558, 0.56925709123, 100.0, 8.64005677244, 0.465872362579, 1.66189875646, 14.9438483171, 4040.35518364, 0.208457775247, 0.0
0.423988951541, 0.953195526418, 90.2830930619, 0.444034545676, 93.3981090872, 42.0490355177, 0.29042247647, 3.56539419597, 8.9652214925, 3991.94444042, 0.261025155134, 0.0
0.685725916841, 0.864713048023, 93.3136455028, 0.478570386359, 0.0, 1.0, 0.0, 4.55465345465, 1.0, 2584.49234257, 0.0322148543728, 0.233333333333
0.337040785031, 1.23409718097, 92.733383271, 0.675611801506, 10.6659818428, 38.5945997774, 0.227188922107, 3.22754171692, 18.6783424657, 13230.8082556, 0.243656194016, 0.0
0.9, 1.14511988725, 90.5044712148, 0.539700349831, 4.39901059607, 4.35385888486, 1.65263028745, 2.82528667476, 13.0157681035, 14125.9782781, 0.148234227077, 0.0
0.272723514703, 0.884820226534, 82.7102674581, 0.402508259385, 56.2146481363, 41.517910755, 0.459375640304, 3.39291756405, 2.82260996194, 1952.92030415, 0.250783647723, 0.0
0.188682933112, 1.12973632657, 83.4092671168, 0.429863929115, 4.78792222408, 18.3731336803, 0.215413312225, 1.34695623497, 1.47381039011, 8220.65093236, 0.101857681255, 0.5
0.728044950923, 0.896680344398, 88.0417649914, 0.522611384239, 0.0, 1.0, 0.534093808378, 1.252239347, 12.3398317555, 3301.49577064, 0.0296463803385, 0.0
0.134230731191, 0.82, 84.8792774341, 0.606120503139, 8.92494089006, 2.5601096905, 1.79745631077, 3.08414459653, 13.1702473732, 3787.38732296, 0.0152277279834, 0.0
0.49709278748, 0.99667484252, 94.5666702048, 0.4, 67.7354467746, 1.0, 1.71119948083, 0.0575062526541, 5.48962231773, 5836.93851538, 0.0361436855814, 0.129032258065
0.9, 1.04620946253, 86.4023381372, 0.578849294324, 0.0, 1.0, 0.579373356995, 5.0, 9.18514256719, 6118.33384868, 0.0909015052118, 0.0
