0.11609130021, 1.10643245242, 2.00696628409, 0.539979805178, 80.2279080435, 1.18018161539, 0.108679713771, 0.19442781734, 19.4542336803, 78.5642058301, 0.00101728742603, 0.0
0.113262524408, 0.828823130934, 2.05174378816, 0.504262119891, 81.9805345058, 1.02157654503, 0.853345599182, 0.981475675724, 1.95351766833, 60.9825495871, 0.00295973731185, 0.0
0.110717655878, 0.823236718439, 2.01254937675, 0.416345737007, 48.6130445213, 3.38854324756, 0.673963135171, 0.673089281149, 1.84409745533, 33.3899697026, 0.0279120063139, 0.724137931034
0.135534131609, 0.92650175796, 2.01330966339, 0.412851842703, 36.6842593429, 1.16865105764, 0.793427986378, 0.608687105763, 7.38357647042, 47.6025407496, 0.00940490737994, 0.0
0.10458328886, 0.828600796734, 2.13781868905, 0.413195215092, 32.3540315273, 1.14006956298, 0.796289147986, 0.983629016738, 7.12349724792, 40.0073722845, 0.00684111344974, 0.538461538462
0.142324589175, 0.848921799236, 2.00526218068, 0.623979763907, 14.689149643, 1.01256104222, 0.684999868192, 4.41046755405, 1.0662818303, 55.618895606, 0.00120245206268, 0.125
0.113269614116, 0.823236718439, 2.01254937675, 0.416345737007, 48.726325369, 3.38854324756, 0.673963135171, 0.673089281149, 6.25365734383, 47.0561521067, 0.0284335133563, 0.0666666666667
0.223622206909, 1.0557679368, 6.21858072885, 0.682503484965, 11.9880727618, 35.210873222, 0.0239100656124, 2.85271815476, 38.2012424701, 713.889560847, 0.0, 0.0
0.143793484816, 0.823219404514, 2.63766611157, 0.564490013065, 85.3665882838, 1.34794844803, 0.305218672895, 0.670662022474, 17.0993017865, 154.077082033, 0.00132578556132, 0.0
0.133627680064, 0.925132911296, 2.70185562148, 0.55108617692, 81.7360504198, 1.00159574182, 0.827561405009, 3.69454748813, 1.15700417199, 139.825630176, 0.00182391821489, 0.0
0.143769020401, 1.03647455542, 2.21185065455, 0.619952730483, 88.8509053277, 1.34964226102, 0.315714509712, 0.988291166677, 7.39469708566, 82.2991912759, 0.00199020566785, 0.0
0.111765710481, 0.825302181163, 2.11620686293, 0.617712807126, 37.952181908, 1.48699721786, 0.555858190261, 2.16211659254, 7.28964322543, 65.5157655054, 0.0042144455986, 0.0
0.12431223734, 0.848921799236, 2.00521084112, 0.622328129047, 74.6373753096, 7.87521751846, 0.897691033859, 2.16016805538, 7.05125530043, 49.1562688992, 0.0280186590702, 0.222222222222
0.474789535268, 0.928010337573, 2.06409440658, 0.507123580405, 81.9754032399, 4.38877901534, 0.854170352169, 3.39861479985, 6.30142085347, 56.1227043114, 0.0945857248391, 0.0
0.11174973692, 0.926429083149, 2.11620686293, 0.617712807126, 37.952181908, 1.44184928254, 0.555858190261, 2.16211659254, 7.28964322543, 49.0844794646, 0.0198409734486, 0.533333333333
0.117467923978, 0.865391943392, 2.03899028938, 0.547117044625, 79.3394274701, 4.13716866431, 0.714603549728, 3.67146815016, 1.08785868534, 57.6953242805, 0.0458566208057, 0.0
0.130545145461, 0.82136847012, 2.07770275768, 0.416345737007, 48.8180380552, 3.38226218243, 0.673963135171, 4.38399061024, 7.36106529574, 62.9088485697, 0.0193733254016, 0.0
0.110717655878, 0.823236718439, 2.01254937675, 0.415624950498, 69.4818339739, 3.38854324756, 0.0552983824882, 0.340728351647, 1.84409745533, 45.7313870756, 0.0159636982036, 0.571428571429
0.111420842707, 0.823254025525, 2.04476572907, 0.496492546743, 38.2167812865, 1.0685681089, 0.711112574745, 1.4330639569, 1.24438331215, 72.7682067924, 0.00342171629069, 0.848484848485
0.132945102868, 0.823236718439, 2.00186478533, 0.412735089598, 48.7490013038, 1.1779609083, 0.669812682259, 3.56918348401, 1.89232584535, 59.0578262998, 0.0114675114131, 0.2
0.124089021112, 1.10837432735, 2.01667454244, 0.46576122941, 40.8331943089, 5.38807568472, 0.606735870091, 4.49470891932, 6.85531830257, 109.857002459, 0.00157570925237, 0.125
0.109843968912, 1.08383390413, 2.00676900738, 0.458464675871, 27.4927200669, 1.17391450867, 0.681213445416, 0.0680390853335, 19.5175775193, 57.1907957636, 0.00836058080272, 0.3
0.117523033527, 0.863990826812, 2.64302462484, 0.414651363552, 43.1478645396, 1.14685860562, 0.98241123722, 0.608669866136, 17.0479932204, 169.629452018, 0.00184372116229, 0.0
0.110883948444, 0.861252389146, 2.01503208743, 0.471783018571, 36.7405524913, 1.03660441146, 0.0937015279818, 3.54390960763, 1.92293964513, 93.4892216476, 0.00293579615143, 0.666666666667
0.102338283623, 0.861515223282, 2.10664409704, 0.472015584408, 48.3405802259, 1.15125952214, 0.912234704525, 3.63613051596, 7.14417742988, 83.4308150001, 0.00364091069051, 0.0
0.117523033527, 0.866494401139, 2.11299240867, 0.45839141269, 43.1478645396, 1.14685860562, 0.985341505482, 0.608669866136, 15.6571624389, 107.579475368, 0.00203558979111, 0.272727272727
0.117444478061, 0.851260271456, 2.15269211338, 0.416345737007, 17.6609908899, 1.22198881295, 0.29599004433, 1.43194827201, 5.89699505614, 80.4522358075, 0.00489181212801, 0.666666666667
0.103968943167, 0.926846486414, 2.03385744723, 0.414669783813, 81.0970327343, 1.34964226102, 0.918165429235, 2.19615017463, 6.68773768064, 67.4386811799, 0.0130908287741, 0.111111111111
0.117442816804, 0.821478733898, 2.00718876691, 0.557308230401, 36.1241596261, 1.13711310244, 0.303080704152, 0.660216355766, 1.24047573101, 77.6280431233, 0.00608765840211, 0.142857142857
0.117368730232, 0.861061049314, 2.01468580631, 0.43110727206, 43.1479681311, 1.03618723857, 0.712557536182, 0.55016335024, 1.09084658778, 72.5725450372, 0.00759110228348, 0.0
0.425611384266, 0.822889997365, 2.07780021596, 0.416345737007, 48.8180380552, 3.38854324756, 0.673963135171, 4.38399061024, 7.36106529574, 57.2782808222, 0.124426860084, 0.272727272727
0.184599674952, 0.82359317844, 2.01254937675, 0.521717621766, 49.3562859077, 7.00456535134, 0.672720371369, 1.4330639569, 1.24438331215, 56.4715486997, 0.0948094223479, 0.548387096774
0.142324589175, 0.848921799236, 2.00526218068, 0.623979763907, 16.0050794751, 7.87521751846, 0.684999868192, 4.41046755405, 1.10601351045, 59.9812262642, 0.0621240775164, 0.0
0.127640013966, 0.861175588256, 2.04411889891, 0.459221517823, 17.5610176551, 1.1720489396, 0.713850951982, 0.564993117151, 3.18970164246, 49.9336180219, 0.0206336426442, 0.714285714286
0.110991687336, 0.832910134116, 2.01254937675, 0.413676214377, 48.4584858552, 4.69272598064, 0.673963135171, 0.673089281149, 1.84409745533, 57.0186985022, 0.0523794483417, 0.6
0.152948436794, 0.823324470316, 2.04491662663, 0.418663812767, 38.1825341661, 1.12454129232, 0.711673992329, 3.57221522099, 16.4700549414, 54.5117050615, 0.0762221404518, 0.666666666667
0.110717655878, 0.861061049314, 2.02334684658, 0.500740765965, 43.1479681311, 1.03705915188, 0.553773511926, 2.20144773955, 11.8481105357, 64.8109264651, 0.00899791388817, 0.3
0.116065712004, 1.09598362619, 2.00158133278, 0.41635146318, 36.3518467708, 1.26614668261, 0.115497524922, 2.76896116699, 1.93025998556, 60.868621866, 0.0097833151557, 0.421052631579
0.136040212638, 1.11140019984, 2.00781651618, 0.459373553156, 27.6766245886, 1.14689100458, 0.130023038536, 0.674558851552, 17.0298674581, 63.8287360839, 0.0140826981073, 0.333333333333
0.110717655878, 0.861061049314, 2.02334684658, 0.641720649525, 43.1479681311, 1.03705915188, 0.55143925895, 2.20144773955, 11.8481105357, 62.4215835539, 0.0179850615578, 0.416666666667
0.264359496023, 0.827651772546, 2.14766281958, 0.413565619446, 35.2048344929, 1.71579945342, 0.796710599238, 2.15993509552, 6.99117354722, 60.546321647, 0.0507647156739, 0.65
0.133718087152, 0.928150247972, 2.70185562148, 0.540364682625, 81.1099296063, 1.01594143125, 0.380410785967, 3.69474918754, 1.03451444334, 71.2961250865, 0.0084313551909, 0.787878787879
0.428929693886, 0.859330582493, 2.0037773305, 0.538428671378, 40.3048031877, 1.15420330562, 0.706829102732, 0.465028968368, 6.16347507034, 60.5605496134, 0.0439706642856, 0.44
0.133545883717, 0.927714392121, 8.4394901444, 0.47523887092, 75.1081343313, 1.13450223363, 0.683048640054, 1.9904672498, 5.09546365824, 423.921783303, 0.0023498961924, 0.125
0.133545883717, 0.926743789778, 8.38514278998, 0.415751925667, 75.298243627, 1.13410143404, 0.300154185493, 0.156877047995, 41.4426965768, 564.635002845, 0.00222382188503, 0.111111111111
0.117467923978, 0.926851184488, 2.70185562148, 0.549951144513, 81.3121037457, 1.01594143125, 0.380410785967, 3.69474918754, 1.15700417199, 102.374516198, 0.00296604706824, 0.852941176471
0.133149626229, 0.823236718439, 2.2182858342, 0.412735089598, 49.1513526517, 1.26547036411, 0.672934030501, 0.673089281149, 7.30332117648, 90.193378957, 0.00500433627276, 0.0
0.104376977024, 0.823221048369, 2.1819203104, 0.684734896256, 48.3601155291, 1.18775115865, 0.296582117177, 2.72069595096, 1.69118799661, 95.6415939424, 0.00457418412725, 0.0
0.117613940122, 0.853943520586, 2.18362185945, 0.429071132337, 38.1824513081, 1.03618723857, 0.712268471431, 0.678479463589, 1.09084658778, 92.9224501336, 0.00444075253867, 0.266666666667
0.10458328886, 0.828600796734, 2.13781868905, 0.413853402252, 32.2780228497, 1.15076660351, 0.796289147986, 0.996025178311, 7.12349724792, 93.3222815365, 0.0049383675436, 0.0
0.118268221598, 0.92431828535, 2.003674117, 0.635334327394, 96.0619558986, 1.3192070119, 0.295239205517, 3.9506681115, 6.64355933003, 122.64545084, 0.00448397317897, 0.0
0.100162904932, 0.830568955367, 2.10758668348, 0.454448015388, 47.2723957999, 1.04144772164, 0.382744278791, 3.73146114952, 16.4881663006, 119.786560242, 0.00395968397874, 0.0909090909091
0.117336815177, 0.851260271456, 2.00230168378, 0.416345733014, 36.0901981936, 1.21973896346, 0.1150641108, 1.43209599658, 5.89699505614, 83.5604478696, 0.00548958385071, 0.0625
0.127640013966, 0.850750525171, 2.04411889891, 0.45930909185, 17.3380966982, 1.16848105053, 0.306468953678, 4.41114863114, 5.77060094933, 85.2120459265, 0.00464670937973, 0.0666666666667
0.109843968912, 1.08432277406, 2.71198745928, 0.458464675871, 26.5832717324, 1.08351987797, 0.681213445416, 0.0680390853335, 2.09698759204, 113.736014575, 0.00391988378078, 0.384615384615
0.117467923978, 0.925144890643, 2.70185562148, 0.55108617692, 81.7360504198, 1.00160302333, 0.801135394816, 3.68588595069, 1.15700417199, 108.811058696, 0.00279733708836, 0.807692307692
0.102341755014, 0.861200768683, 2.0035058878, 0.532447973803, 40.5976799091, 5.35315931567, 0.0915468578861, 0.472751057662, 3.5603382139, 70.7202423986, 0.0471680650485, 0.133333333333
0.100413559351, 0.821793646501, 2.10251365059, 0.412735089598, 48.7431146091, 1.1397258041, 0.669414193793, 0.703547635224, 1.62254922268, 79.3671885055, 0.00663224929061, 0.461538461538
0.114635154052, 0.829544629682, 2.11620686293, 0.539142274533, 40.2959790602, 3.20959767119, 0.0919593423195, 0.470099833667, 7.22047553013, 74.2634234985, 0.00824077689972, 0.111111111111
0.148074322286, 0.860998475874, 2.01525676288, 0.471783018571, 36.9193184575, 1.146310932, 0.129708578846, 1.11422567056, 2.00542557942, 83.0437187127, 0.00824928410248, 0.0
0.117263022602, 0.853943520586, 2.00558847859, 0.631970829289, 15.9746755171, 1.03618723857, 0.684509230756, 0.678479463589, 1.10667260456, 77.9010730988, 0.00793473889473, 0.4
0.636983677526, 0.865597246164, 2.00696628409, 0.539979805178, 80.2279080435, 1.14206619662, 0.0565321650943, 0.264243254783, 19.4542336803, 73.5701127976, 0.030395124337, 0.0
0.429562036199, 0.822892064356, 2.08193239755, 0.454205583909, 48.8181270666, 1.04170977942, 0.673921483532, 4.38973490759, 16.5050750658, 80.2071272297, 0.0241034101473, 0.0
0.13936947846, 0.922089593927, 2.67355374095, 0.475985991597, 81.1099296063, 15.5609988595, 0.778686752475, 3.64680854687, 13.1710590679, 66.7469343001, 0.198324780359, 0.0
0.117444478061, 0.82359317844, 2.01254937675, 0.416345737007, 48.6130445213, 7.00456535134, 0.673963135171, 1.4330639569, 1.24438331215, 59.5658801352, 0.0467454798668, 0.75
0.110717655878, 0.826289268957, 2.00143735567, 0.416345737007, 36.1424293803, 5.41219634644, 0.559674745827, 0.60888965237, 1.9303686075, 51.3248802324, 0.0671819738356, 0.774193548387
0.102225802943, 0.859330582493, 2.0035058878, 0.538428671378, 40.5976799091, 1.20463587769, 0.0938280581001, 0.473330255319, 3.60982241302, 71.5421506988, 0.0101696257475, 0.409090909091
0.135991957815, 0.828600796734, 2.00058454019, 0.456285286512, 36.1386639782, 1.13475209248, 0.1207522463, 0.975593390446, 7.12349724792, 69.0757977583, 0.0110131934879, 0.333333333333
0.117442816804, 0.823219404514, 2.63766611157, 0.560375304579, 40.317770584, 1.19153037014, 0.304049780535, 0.660216355766, 17.0993017865, 63.6902789592, 0.0141965327311, 0.5
0.21549571485, 0.822433158613, 2.04259540366, 0.412735089598, 48.7431146091, 1.1397258041, 0.668252856134, 0.673089281149, 1.62517409061, 61.5324872437, 0.0201295394961, 0.64
0.117613940122, 0.853943520586, 2.01468580631, 0.43110727206, 38.1824513081, 1.03618723857, 0.712565713881, 0.701298572148, 1.09084658778, 62.8956982778, 0.0120607927024, 0.8
0.132990007716, 0.823236718439, 2.2182858342, 0.412735089598, 49.1513526517, 1.26609718674, 0.668252856134, 0.673089281149, 7.30332117648, 65.5698191954, 0.0348664106862, 0.470588235294
0.110717655878, 1.10826637329, 2.01254937675, 0.417183267265, 48.6130445213, 17.745389294, 0.109500330477, 2.51954204681, 17.0898538521, 65.7769279315, 0.156604416498, 0.4375
0.135534131609, 0.92650175796, 2.10899812327, 0.458393171226, 36.6842593429, 1.16910927173, 0.793427986378, 3.54390960763, 7.38357647042, 68.8229150447, 0.0189425356366, 0.416666666667
0.429562036199, 0.822892064356, 2.08193239755, 0.412735089598, 48.8181270666, 1.14022359346, 0.673921483532, 4.38973490759, 7.39181010309, 62.8379262009, 0.0622305089823, 0.458333333333
0.123031876593, 0.926846486414, 2.03385744723, 0.435588229214, 39.7390974529, 1.15128492103, 0.974410823388, 2.52610850724, 6.58991636996, 74.9096277433, 0.0108459793796, 0.2
0.123031876593, 0.926846486414, 2.03227848629, 0.416355614923, 83.2300240022, 1.09990877848, 0.915850356533, 2.15311048586, 4.82901646384, 83.3564094715, 0.00918256501662, 0.111111111111
0.110717655878, 0.825429903028, 2.00143735567, 0.416345737007, 36.1424293803, 5.41219634644, 0.55455446543, 0.673088491476, 1.9303686075, 74.8041658097, 0.049922760722, 0.2
0.127640013966, 0.927291979376, 2.04411889891, 0.45933026808, 17.3380966982, 1.14653698944, 0.791447094894, 0.594052052042, 15.6251607694, 77.4169300524, 0.018028015317, 0.133333333333
0.127620717384, 0.850750525171, 2.04411889891, 0.452697219212, 17.3380966982, 1.0666704026, 0.291895557447, 3.63603293307, 5.63604291302, 94.0419503349, 0.00488460850837, 0.222222222222
0.110717655878, 0.861061049314, 2.71416244531, 0.415001966041, 43.1211246266, 1.31783694605, 0.115480502715, 0.622056190223, 1.93025998556, 126.184748471, 0.00430127976889, 0.1
0.136040212638, 1.11140019984, 2.00781651618, 0.457969744713, 27.6766245886, 1.02663033377, 0.130023038536, 1.65964235515, 16.8814892702, 81.0169503433, 0.011409852191, 0.125
0.10458328886, 0.828600796734, 2.14531502215, 0.458401667782, 48.3235213802, 5.3911348028, 0.780713399684, 4.36884092759, 10.781118558, 76.1540035797, 0.0333352086727, 0.0
0.127640013966, 0.822629665685, 2.04411889891, 0.41675194023, 17.3380966982, 1.16848105053, 0.306468953678, 4.31629174011, 5.77060094933, 83.7906479067, 0.00662292247172, 0.363636363636
0.127640013966, 0.850750525171, 2.04411889891, 0.45930909185, 17.3380966982, 1.14653698944, 0.994161022573, 0.634330647837, 15.6251607694, 83.4561528074, 0.00998045322706, 0.0
0.113216291487, 0.824014995878, 2.07775668783, 0.504262119891, 80.4117543392, 3.38714969873, 0.853345599182, 2.52729146067, 6.28992192478, 73.4427357126, 0.0308691426125, 0.363636363636
0.10227536957, 0.88859510592, 2.10671588356, 0.537412307529, 48.3405802259, 1.15125952214, 0.912234704525, 3.63613051596, 7.11088879324, 82.1262339447, 0.00905324811116, 0.333333333333
0.117523033527, 0.866494401139, 2.1126441574, 0.457039449967, 43.1478645396, 1.14685860562, 0.985341505482, 0.608669866136, 15.6571624389, 92.165459925, 0.00513834695913, 0.230769230769
0.111420842707, 0.823256348018, 2.00569151333, 0.521717621766, 48.9319014864, 7.06230390133, 0.748225338156, 1.4330639569, 1.24438331215, 64.7833514488, 0.0614642254252, 0.5
0.124984753803, 1.05432453787, 2.01254937675, 0.614035336389, 48.6130445213, 2.60137887953, 0.545692826576, 2.53611718325, 17.0898538521, 64.5773259263, 0.0622397536082, 0.666666666667
0.100162904932, 0.830568955367, 2.11137657606, 0.539210559494, 47.2723957999, 1.04144772164, 0.963312449616, 3.68066111136, 16.4671543249, 119.662934403, 0.004773543813, 0.272727272727
0.110717655878, 1.06715393293, 2.00158133278, 0.45930413466, 35.9343653485, 1.26614668261, 0.527818933775, 0.673101594933, 1.93025998556, 90.9043102829, 0.00517879865628, 0.0
