0.359949759349, 0.849825997181, 2.32306095976, 0.538022620734, 42.7225824927, 4.68728095559, 0.332224464034, 3.46732847722, 42.2327513148, 149.58050597, 0.135384880984, 0.4
0.704291356248, 0.887866015346, 5.42231766832, 0.558939802747, 24.5828739439, 13.5367437742, 0.880802560269, 3.17766833298, 12.6634775054, 207.353032973, 0.25343089344, 0.1
0.114964967641, 1.09762258771, 2.09535352092, 0.545252634081, 36.8590348845, 6.29971955163, 3.36924247366, 2.53837225613, 15.8844352625, 395.890659455, 0.049737518438, 0.12183908046
0.110695738614, 0.987760688849, 2.64080563278, 0.589628386671, 76.2109764079, 43.228421719, 1.97354952879, 2.51817912463, 16.6718412089, 205.159624949, 0.290357136684, 0.0568181818182
0.135227752029, 0.860525330801, 8.43989967061, 0.536961173307, 42.7320706675, 1.13343271883, 0.300799724805, 0.00364780727166, 42.3437464675, 397.468232709, 0.0198225637635, 0.434782608696
0.223622206909, 1.0557679368, 6.21858072885, 0.682503484965, 11.9880727618, 35.210873222, 0.0239100656124, 2.85271815476, 38.2012424701, 713.889560847, 0.0, 0.0
0.213809650362, 1.11110874249, 2.41914637947, 0.465615583658, 12.2878891128, 19.8182604089, 0.0403652971057, 4.53724250495, 10.139168442, 143.394400928, 0.228612077664, 0.411764705882
0.756417948729, 0.827517317527, 2.93759983233, 0.475924655549, 74.5282836155, 15.5335192141, 0.796531090314, 2.2045514549, 7.04971919496, 99.5121198216, 0.427711360096, 0.142857142857
0.880625370791, 1.04395428817, 2.72400415164, 0.640667755922, 27.9406548477, 1.76474302363, 1.8740307698, 3.20569134699, 4.83018088389, 247.384187242, 0.0524314495246, 0.0526315789474
0.134867393802, 1.04293134246, 7.6690216095, 0.413768152904, 18.2347558745, 2.551607931, 0.467825223277, 4.01354208036, 18.9618284144, 439.163034823, 0.0228362036497, 0.0
0.888166457816, 1.04395428817, 2.72783285053, 0.622560904353, 43.1309682326, 18.6616288267, 1.38499253334, 2.96824546431, 14.7392192229, 196.113954699, 0.369121792773, 0.0
0.473840779667, 0.928010337573, 3.62967675273, 0.480686788002, 81.8554067763, 4.38877901534, 0.854170352169, 0.673286711811, 36.7355409166, 235.710872643, 0.0559271606867, 0.0
0.110608209704, 1.09746997872, 2.64223993133, 0.544323742088, 39.7509957748, 4.94980558435, 1.74690792582, 2.53813216796, 15.9889519209, 222.089149302, 0.0566255677944, 0.586206896552
0.756417948729, 0.828600796734, 2.93840968839, 0.458401667782, 48.8652417693, 3.26737544729, 0.796531090314, 0.975593390446, 7.04971919496, 150.799499057, 0.208853211691, 0.5
0.139138991609, 0.928089161386, 8.40175445707, 0.583735400554, 98.7987437605, 1.15098070858, 0.299507927334, 3.54130947561, 10.6035426501, 410.901542565, 0.0211034363936, 0.5
0.881377190657, 1.03456191669, 2.65807513931, 0.584943224955, 98.4318924165, 33.7014801701, 0.557581537319, 3.57071553972, 10.6035426501, 136.085377473, 0.477658530093, 0.2
0.756417948729, 0.827517317527, 2.91942157656, 0.521313061, 75.4284084424, 15.5335192141, 0.796531090314, 2.78140070041, 7.04971919496, 123.971865185, 0.435262632302, 0.538461538462
0.701495511534, 0.922136411494, 2.97560657093, 0.596591944501, 98.4318924165, 34.1205167494, 0.557581537319, 3.54130947561, 10.6035426501, 189.408561985, 0.717207069581, 0.166666666667
0.302518726432, 0.925670992845, 8.13639016334, 0.549305184709, 21.8989519257, 1.75155417137, 0.713348620886, 3.7618620503, 32.2717450584, 366.847744069, 0.0544007614933, 0.32
0.132953849646, 0.860832257975, 8.43989967061, 0.478794949255, 48.2529040283, 2.63962610722, 1.88239967875, 0.00364780727166, 38.459345431, 634.055405085, 0.0530748053015, 0.417808219178
0.401716369436, 1.00076878275, 6.72118783287, 0.600562324213, 45.1431890839, 2.70346314504, 3.78297317258, 0.094995778654, 43.1198479743, 1374.054276, 0.0530041721987, 0.0
0.701495511534, 0.928326138155, 7.01312602595, 0.584943224955, 98.4318924165, 31.0943659143, 0.557581537319, 1.73769836411, 10.6035426501, 227.791569482, 0.438912402242, 0.0909090909091
0.492578633502, 0.848803001728, 3.58889504054, 0.620868936685, 76.9179677811, 31.0948786943, 1.3060079191, 0.225033538548, 11.9007353636, 243.610841209, 0.444798410116, 0.0
0.28853896438, 1.09741711262, 2.00109464576, 0.53593423879, 40.6899778926, 2.78766494961, 3.09142113996, 2.58542991661, 17.0301888515, 364.870664624, 0.0717489766351, 0.291803278689
0.407205038784, 1.11042552191, 2.64223993133, 0.544323742088, 39.7509957748, 4.96949011818, 1.70585204181, 2.53813216796, 16.2003072655, 241.1902139, 0.145126141467, 0.267857142857
0.211442005511, 1.11133293051, 2.41914637947, 0.465615583658, 39.7511723916, 19.8182604089, 1.74421772069, 4.53724250495, 42.9921703364, 245.758351527, 0.258419572349, 0.193548387097
0.63660645333, 1.01624112465, 3.49780822688, 0.445888785075, 55.879709654, 7.05195858403, 0.0869086779325, 1.18158069904, 35.3803901628, 247.814467068, 0.240822046847, 0.0
0.880625370791, 1.04395428817, 2.72400415164, 0.622560904353, 43.3283781132, 1.76474302363, 1.8724712249, 2.56586129929, 1.93823693737, 238.942116796, 0.0946028579512, 0.315789473684
0.769577990867, 0.926452536889, 7.58713801675, 0.435784476406, 43.8661001352, 1.46353387802, 3.32382129234, 3.75969797719, 34.7491667224, 1231.96647311, 0.057320567815, 0.00557103064067
0.225791298827, 1.0557679368, 5.26283841844, 0.439718888563, 11.5956774028, 31.7621645819, 0.775276533902, 4.16321129459, 10.9935262849, 288.382714559, 0.157162489524, 0.1
0.375705022187, 1.10152530733, 5.97522849383, 0.461825002444, 60.2765882478, 7.88399883575, 0.314647341363, 1.54695160717, 20.6120939549, 309.656983403, 0.122293269105, 0.0
0.227432961009, 0.833360841179, 7.61451638588, 0.603233578992, 17.3222750528, 20.7916512254, 0.63136285804, 0.542921326417, 35.3342403891, 374.19142883, 0.0811585731959, 0.0
0.291672285424, 1.02176855988, 3.47046894613, 0.445732678193, 60.6569079734, 7.01613218814, 0.0688934661471, 1.19103668461, 21.2554208033, 205.837855329, 0.234575688186, 0.647058823529
0.576237145357, 1.16657693859, 2.02408664856, 0.487111764006, 99.7694993345, 18.7331065606, 1.38114451098, 2.97143714836, 15.2010029627, 162.739922186, 0.505418421368, 0.465277777778
0.218581115699, 0.825968631482, 8.43989967061, 0.536961173307, 46.7726184534, 1.25716310002, 0.300799724805, 0.00364780727166, 42.3437464675, 524.875115759, 0.0697872900719, 0.666666666667
0.756417948729, 1.16870774815, 3.00302726284, 0.652766704068, 66.0828271079, 15.4916403284, 0.796531090314, 2.22945632593, 21.8730897515, 243.625041279, 0.450618518747, 0.0769230769231
0.109611367398, 1.09741711262, 2.64223993133, 0.544323742088, 39.7987452649, 4.94980558435, 3.0888445892, 2.51862533185, 17.0329938133, 442.746444296, 0.0729473897319, 0.498820754717
0.405406152481, 0.989858921423, 6.72118783287, 0.622890268815, 45.1431890839, 1.76504267747, 1.71438346685, 2.59905830084, 43.1198479743, 803.269734415, 0.0723544471526, 0.373333333333
0.613407465137, 0.919535238662, 5.41439085595, 0.513648922113, 53.5855263854, 13.4441770502, 0.906439306742, 4.4216515036, 12.6605285034, 261.242069776, 0.330064924036, 0.0909090909091
0.493968095258, 0.848803001728, 3.59495540024, 0.620873727838, 43.3462275673, 18.7265639222, 1.30622021747, 0.250566027712, 11.9007353636, 252.299007836, 0.41097610264, 0.232142857143
0.694162427143, 0.919628856241, 5.43027675646, 0.513427326624, 24.6038542139, 13.5367437742, 0.906439306742, 3.17766833298, 12.642545265, 305.951462255, 0.365605573473, 0.0
0.508434779443, 0.899922740154, 7.92045891091, 0.670965076877, 62.1739061564, 5.07346615176, 0.82437387544, 2.16188214404, 4.91069078904, 253.589417696, 0.244131886935, 0.5
0.558939135822, 0.898002267242, 3.59349682575, 0.425637981672, 55.0691672945, 14.8658650674, 1.5837287231, 3.59665865781, 42.1332418107, 324.764495448, 0.351850994381, 0.0
0.411175350766, 1.0350555163, 4.98451626881, 0.62527447555, 37.6500751737, 15.7726520816, 0.187354115573, 4.08377561951, 15.0391840399, 357.964108055, 0.302091534079, 0.0
0.387684099279, 0.885176694199, 8.49908210427, 0.481319357885, 81.8554067763, 4.38877901534, 0.69260750977, 0.673286711811, 36.7355409166, 326.996593648, 0.146445356902, 0.142857142857
0.537810633146, 1.15604790188, 2.11161126673, 0.558365311323, 42.5477290335, 6.25788469238, 3.36924247366, 4.16325721614, 6.92277432182, 318.020926459, 0.260686721145, 0.367123287671
0.692192987776, 0.942722146478, 3.93329244198, 0.69519720503, 32.7400769588, 6.02276231544, 1.23860608381, 2.12567046581, 34.3532564701, 363.391624075, 0.146250871689, 0.0
0.114335990376, 0.863787929353, 4.46750948307, 0.560834462398, 2.77391361965, 31.5970836082, 1.61400535281, 3.5228840389, 20.6843660178, 335.958242069, 0.207876799754, 0.0612244897959
0.226221611689, 0.897142538322, 6.1267844184, 0.604849611044, 93.6751054025, 31.4826344011, 0.633291442348, 0.519632984741, 35.391275144, 331.405499208, 0.322617646014, 0.0
0.382734663888, 0.95389539749, 5.95273099754, 0.461534075842, 60.3094624322, 7.92617697111, 0.623322273603, 1.50940157419, 20.7487970653, 349.914510612, 0.186516222689, 0.125
0.769577990867, 0.963427769642, 8.05067950054, 0.421435021846, 57.8346232094, 1.32092461861, 1.26096826844, 3.76207698443, 26.8095579291, 850.89107903, 0.10104470151, 0.298245614035
0.769577990867, 0.926241649311, 8.05067950054, 0.421435021846, 57.8346232094, 1.14788932975, 1.26081451854, 3.762089496, 26.8095579291, 773.288276693, 0.0841808912407, 0.358208955224
0.769577990867, 0.926452536889, 7.58713801675, 0.421435021846, 42.3015947994, 1.46353387802, 1.26612681873, 3.76099305418, 34.7491667224, 1004.22047831, 0.0921657110588, 0.291666666667
0.401716369436, 0.999858773392, 6.75692190214, 0.600682693443, 45.1431890839, 2.69614688252, 3.73668482981, 0.0603493301163, 43.1198479743, 1378.47061946, 0.0977967406602, 0.170731707317
0.433393012179, 1.12991885356, 9.76563039964, 0.544117325334, 81.1099296063, 4.02864071043, 3.9198606057, 1.02707138933, 19.2710209403, 2200.58484264, 0.0955073532774, 0.24
0.221554465072, 0.826269006549, 7.68799719765, 0.595692754242, 46.817789039, 2.57998513619, 2.87044270063, 0.517866143469, 29.1856442555, 739.341198151, 0.0826040670427, 0.431034482759
0.390606795193, 0.886412204542, 8.5827072055, 0.641052034985, 27.996477852, 11.8996876667, 0.691638642641, 3.19966985572, 32.5701419281, 443.993981444, 0.104908632459, 0.0
0.186677750149, 1.02162820445, 9.80576602516, 0.415793121738, 32.4629836347, 17.7651924682, 0.11997588528, 0.673089281149, 1.84409745533, 385.949329508, 0.126713778571, 0.25
0.677403393301, 0.981311090713, 3.09062680862, 0.589580101806, 76.8894200521, 17.3125921795, 1.97354952879, 0.698331410871, 29.3286402581, 278.133887467, 0.441657515191, 0.139240506329
0.510733401301, 0.897142538322, 6.75391371036, 0.604832806034, 93.6751054025, 31.1379060927, 0.825460072339, 1.42232741991, 4.75599074089, 274.447347559, 0.508213004734, 0.142857142857
0.67878675534, 1.1680702329, 5.93181820413, 0.418054194593, 60.7864310546, 48.5183943326, 0.515400586438, 0.764876195316, 3.94128840932, 254.75854715, 0.604154063, 0.666666666667
0.223636442987, 1.0557679368, 5.26283841844, 0.439718888563, 11.9880727618, 31.595251176, 0.0280365299891, 2.83460106053, 10.9935262849, 317.909336715, 0.426311043749, 0.578947368421
0.776622677168, 0.898141778197, 3.25014463376, 0.426949514409, 56.1719509197, 18.2158714535, 1.5837287231, 4.16320276261, 42.1332418107, 327.668625364, 0.444700505684, 0.111111111111
0.182505482747, 0.9872939543, 6.21402211959, 0.682495561335, 17.8406097353, 44.5279743277, 0.490272622005, 1.05880418804, 38.1704351145, 329.039138431, 0.354287679637, 0.133333333333
0.411175350766, 1.0350555163, 4.98451626881, 0.62527447555, 37.6398520159, 15.7726520816, 0.209444231894, 3.66587762594, 33.792901764, 391.792027784, 0.171860821674, 0.0
0.538362633432, 1.1450226026, 2.11161126673, 0.630639919167, 36.8967039475, 6.25788469238, 3.36924247366, 3.08898221397, 6.92277432182, 345.717811991, 0.215379444099, 0.264492753623
0.716307145303, 0.929052548769, 7.64320639483, 0.527572330837, 98.4318924165, 33.3655228441, 0.175746279455, 3.35157774029, 22.2051357227, 348.753502168, 0.339416181805, 0.0
0.701495511534, 0.928089161386, 7.00988998241, 0.584943224955, 98.4318924165, 33.7014801701, 0.557581537319, 3.54130947561, 10.6035426501, 334.18557085, 0.59381465875, 0.0
0.412180341913, 0.887774734471, 9.43903765142, 0.56147441021, 27.4016106845, 18.3049592408, 0.88082374774, 2.15190351074, 23.2261434879, 365.765823577, 0.258018598757, 0.222222222222
0.29119100312, 1.16507898893, 7.84464211048, 0.483033653168, 12.8299656146, 3.2735907463, 3.39410398227, 4.35015029323, 28.8025284146, 2089.81564458, 0.0999096959758, 0.379471228616
0.769962695454, 0.924928287555, 8.13639016334, 0.549305184709, 21.8989519257, 1.75155417137, 1.26612681873, 3.76099305418, 32.2717450584, 704.170899107, 0.110178163241, 0.290322580645
0.757098531305, 0.963427769642, 8.05067950054, 0.611192873205, 69.9406597671, 1.33782831817, 1.26096826844, 3.76207698443, 12.3417356837, 668.788160607, 0.117571700009, 0.385714285714
0.539323100227, 0.918912960096, 8.02382349553, 0.513682542803, 92.273273155, 13.5871938002, 0.869535749854, 3.18729564188, 12.7773052504, 508.769636964, 0.148787589791, 0.0
0.260061055279, 1.13556366484, 5.41201387434, 0.457133107248, 56.9965578655, 13.4857468758, 2.33785054697, 0.801373465331, 18.6457423876, 860.973897192, 0.147303999814, 0.01
0.453509089483, 0.928843376162, 5.97522849383, 0.539890683066, 55.0551161987, 7.83081715854, 1.78841658499, 1.01826585139, 37.2361658499, 632.093876489, 0.124275814837, 0.365384615385
0.682062498089, 0.860525330801, 8.43989967061, 0.536961173307, 42.7320706675, 1.13343271883, 0.115459527104, 0.00354938435266, 42.3437464675, 599.382094926, 0.114247544707, 0.545454545455
0.712998166072, 1.12991885356, 9.5690110159, 0.544163509168, 80.3471620369, 4.02864071043, 3.9198606057, 1.02707138933, 19.2710209403, 2077.24668791, 0.11996170583, 0.0335917312661
0.108628042284, 1.07370428823, 8.89637126531, 0.40111398963, 12.3981487563, 27.7724561338, 3.97270801556, 0.84093491428, 11.9720909478, 1298.98844599, 0.13523630149, 0.0126903553299
0.411181652881, 0.842147496172, 6.87664939144, 0.533523670864, 22.7503753138, 2.44564201806, 3.52245245701, 4.09151597402, 22.0955144412, 803.194848856, 0.10523991813, 0.37380627558
0.292634572679, 0.928843376162, 5.97522849383, 0.627452037227, 55.3551999109, 7.88354118588, 1.87503741102, 1.55491801106, 37.2486538078, 682.469937936, 0.12123421645, 0.09375
0.300353155077, 0.842702152794, 8.34507469848, 0.435776768951, 60.6569079734, 3.294902188, 1.58950129227, 3.92215248585, 21.2554208033, 527.757124137, 0.115502632353, 0.415730337079
0.401305579735, 1.00779395553, 3.12884245283, 0.47616286529, 49.0038967356, 3.30182379202, 3.76634814389, 0.965378127277, 1.24883461073, 420.421686183, 0.129637191044, 0.72076372315
0.545834734445, 0.868081298779, 8.43704296793, 0.563197709154, 11.5702643503, 27.7219823674, 0.299570185953, 4.17157379526, 35.1270361089, 377.570347627, 0.417255967555, 0.111111111111
0.66501933541, 0.978324085921, 3.09062680862, 0.589580101806, 76.5870985466, 17.3125921795, 2.9893331741, 0.698331410871, 29.3286402581, 409.765143885, 0.414482719166, 0.0551724137931
0.192706897287, 0.978303464725, 3.30637019165, 0.445513331122, 65.0946438808, 16.0976045287, 3.00021344635, 1.56977228508, 13.2607386723, 511.619573069, 0.174881652305, 0.245247148289
0.520155768518, 1.117278746, 2.09535352092, 0.630639919167, 36.8967039475, 6.29971955163, 3.36924247366, 3.08898221397, 40.5381630499, 438.737098942, 0.179503784872, 0.095652173913
0.508434779443, 0.899922740154, 7.92045891091, 0.669601259396, 62.2020709304, 5.0157647169, 3.29022915901, 2.11327288065, 4.50322586667, 836.902305384, 0.17377477407, 0.270134228188
0.538228858172, 1.14854004455, 2.23013240434, 0.493946091798, 23.1348522311, 40.8085821507, 2.99153777664, 3.08898221397, 6.92277432182, 282.418562927, 0.4517703394, 0.21897810219
0.787690883092, 1.17294927663, 3.33802597227, 0.479931476986, 60.7608709298, 18.0136577706, 1.39676532915, 0.473088444433, 19.7395437445, 381.656495373, 0.354275288247, 0.078431372549
0.482478409595, 1.18042137328, 4.62583602962, 0.609602763452, 69.8786972921, 31.4125792369, 0.481969000721, 3.8545881829, 9.55217571026, 394.345936818, 0.282618068815, 0.384615384615
0.227432961009, 0.833360841179, 7.61451638588, 0.600702870775, 45.4189996387, 20.7916512254, 3.70195749552, 0.041655196086, 35.3342403891, 1049.79846146, 0.180033660018, 0.0
0.769292730849, 1.19354665525, 2.47515282053, 0.594312812925, 89.151380845, 7.61777820254, 2.26288913247, 0.629961839421, 11.7734809198, 332.567666258, 0.372029265324, 0.356828193833
