0.107861698362, 1.12985918114, 2.70971904109, 0.539914644443, 81.1099296063, 4.02864071043, 0.681213445416, 1.7089701067, 19.2710209403, 191.921132799, 0.0150672748568, 0.0
0.104236265682, 1.05291982249, 2.66971515308, 0.677867306015, 48.3221924757, 4.94980558435, 0.0395405332708, 2.80443014577, 15.3607521149, 171.168252975, 0.0375179749772, 0.04
0.403392232721, 1.11042552191, 2.64223993133, 0.544267474996, 39.7553051114, 1.16848105053, 0.974145897531, 2.53813216796, 17.0993017865, 197.118940561, 0.00647112830145, 0.0
0.140128138003, 0.848921799236, 2.91897380049, 0.622328129047, 74.5282836155, 47.5256035359, 0.918165708322, 2.16016805538, 6.75280455198, 169.932045859, 0.0561250719676, 0.0
0.110717655878, 1.11071286194, 2.01254937675, 0.415793121738, 43.1211246266, 17.745389294, 0.115497524922, 0.673089281149, 1.84409745533, 109.040011545, 0.141642862105, 0.277777777778
0.139138991609, 0.928089161386, 2.78908203766, 0.622555635599, 98.8621430618, 1.15098070858, 0.299507927334, 3.53018594118, 11.6982039999, 148.262588347, 0.0241676048877, 0.4
0.223622206909, 1.0557679368, 6.21858072885, 0.682503484965, 11.9880727618, 35.210873222, 0.0239100656124, 2.85271815476, 38.2012424701, 713.889560847, 0.0, 0.0
0.133545883717, 0.927714392121, 8.4394901444, 0.47523887092, 75.1081343313, 1.13343271883, 0.287338703525, 3.58677990732, 5.09546365824, 326.928638615, 0.00503901744084, 0.0
0.679435748719, 0.848921799236, 2.8982010306, 0.622328129047, 74.5282836155, 47.6794482051, 0.794140272506, 2.16016805538, 7.04971919496, 89.0915444646, 0.326613102272, 0.0
0.430258726889, 0.821422213306, 2.93840968839, 0.458401667782, 48.8652417693, 3.26737544729, 0.122470111689, 0.985817039283, 7.04971919496, 138.480021918, 0.0691238853426, 0.0
0.756417948729, 0.827517317527, 2.14947710642, 0.475924655549, 74.4114634378, 3.17246650467, 0.788212058617, 2.2045514549, 7.04971919496, 106.59681804, 0.147803841898, 0.0769230769231
0.676185371439, 0.89850833832, 2.70845775586, 0.622615124897, 60.6046487085, 1.400906629, 0.0626373370074, 0.535597561471, 1.93895597131, 137.951534328, 0.0405331502064, 0.16
0.108193824252, 1.13028626903, 3.87111418062, 0.539945224786, 81.0210190308, 4.26719913473, 0.859584897131, 2.76243058013, 2.0557443507, 162.379330877, 0.0203194219138, 0.454545454545
0.756417948729, 0.828600796734, 2.10899812327, 0.458401667782, 36.7437961139, 2.93019883931, 0.796531090314, 0.975593390446, 7.04971919496, 100.662983286, 0.200333729282, 0.314285714286
0.756417948729, 0.827517317527, 2.93812480851, 0.475924655549, 74.5282836155, 15.5335192141, 0.796531090314, 2.76500196882, 7.04971919496, 80.0618529838, 0.349410725746, 0.0909090909091
0.219633730835, 0.89850833832, 2.70845775586, 0.622615124897, 43.3283781132, 1.76779287985, 1.8724712249, 0.535911332657, 1.93823693737, 167.366228536, 0.0232238311627, 0.222222222222
0.480751755977, 1.09568948955, 2.00177219322, 0.535968206816, 40.5349756215, 1.17620120078, 0.482747705824, 1.99338981369, 4.80831692229, 136.915476195, 0.0444391812381, 0.65
0.679353093867, 0.963749746019, 5.93181820413, 0.421447198025, 60.7687280294, 1.46537550625, 0.0676932084528, 0.764876195316, 1.6547122744, 271.426598306, 0.029876442649, 0.0
0.110608209704, 0.893017085222, 5.41869101884, 0.544323742088, 39.4814692362, 4.94980558435, 0.906168572841, 2.53343420337, 16.0031653923, 281.57201576, 0.0214740063909, 0.277777777778
0.112371175692, 0.888120529309, 5.41869101884, 0.544761967884, 41.9312647173, 13.720298293, 0.90813435442, 0.162506909829, 15.7229658425, 261.450185705, 0.0392326275322, 0.0
0.880625370791, 1.04395428817, 2.72400415164, 0.640667755922, 27.9406548477, 1.76474302363, 1.8740307698, 3.20569134699, 4.83018088389, 247.384187242, 0.0524314495246, 0.0526315789474
0.473840779667, 0.928010337573, 3.62967675273, 0.480686788002, 81.8554067763, 4.38877901534, 0.854170352169, 0.673286711811, 36.7355409166, 235.710872643, 0.0559271606867, 0.0
0.135227752029, 0.860525330801, 8.43989967061, 0.536961173307, 42.7320706675, 1.13343271883, 0.300799724805, 0.00364780727166, 42.3437464675, 397.468232709, 0.0198225637635, 0.434782608696
0.114393323067, 0.928089161386, 8.40175445707, 0.583735400554, 22.5125956666, 1.15098070858, 1.77863933539, 3.54130947561, 15.8543211389, 621.212447117, 0.00927554666667, 0.209302325581
0.133606362993, 1.10080954682, 3.00142608827, 0.536678416333, 49.2371361073, 2.78766494961, 3.14598695079, 2.45356390364, 17.8991364287, 498.505542896, 0.0191327699287, 0.0
0.133545883717, 0.926379396034, 8.4394901444, 0.536961173307, 42.7320706675, 1.13343271883, 0.300799724805, 3.56974651819, 41.9844387121, 527.109166227, 0.0119599296307, 0.208333333333
0.110111883826, 1.10108860609, 6.0690524917, 0.465662615074, 19.3146307379, 5.38807568472, 0.606735870091, 4.49470891932, 16.0031653923, 336.698047581, 0.0280990599075, 0.0
0.134867393802, 1.04293134246, 7.6690216095, 0.413768152904, 18.2347558745, 2.551607931, 0.467825223277, 4.01354208036, 18.9618284144, 439.163034823, 0.0228362036497, 0.0
0.110787041692, 0.860740217849, 7.76597746339, 0.414392607357, 18.4342995528, 1.3770027662, 1.53037628962, 2.54012337069, 17.2263028354, 560.493559951, 0.0118347102553, 0.388888888889
0.107861698362, 1.12985918114, 2.70182376218, 0.539914644443, 81.1099296063, 4.02864071043, 3.9198606057, 1.02707138933, 19.2710209403, 486.222663424, 0.0226064189247, 0.00542005420054
0.701495511534, 0.923365079695, 2.97560657093, 0.596591944501, 89.0585965656, 34.1205167494, 0.534796299911, 3.14488306569, 10.6035426501, 116.559746918, 0.579759651639, 0.0
0.635672351284, 0.900218450847, 2.97560657093, 0.621639132838, 81.0613297567, 33.7640245273, 0.0867252874652, 1.03238539819, 10.6856757473, 127.402607131, 0.442847608758, 0.0
0.635672351284, 0.924297145215, 2.97560657093, 0.621639132838, 89.0585965656, 34.1205167494, 0.0867252874652, 3.14488306569, 10.6856757473, 180.456032521, 0.112588824795, 0.0
0.756417948729, 0.828600796734, 2.92835951608, 0.457539563372, 48.8652417693, 3.26737544729, 1.7468466986, 2.35860661203, 6.71505577072, 169.415192673, 0.112961735635, 0.0
0.769577990867, 0.963427769642, 2.00645782531, 0.421996773244, 45.2051518868, 1.31769654826, 1.26096826844, 0.13507293212, 26.8742075319, 172.069875967, 0.0795545588699, 0.0769230769231
0.756417948729, 1.08041397376, 2.91942157656, 0.521313061, 75.4284084424, 5.00882355491, 0.796531090314, 2.89260869113, 7.04971919496, 156.562965357, 0.164198571638, 0.0
0.427491281309, 1.12849368235, 2.70770616389, 0.539914644443, 48.9827301987, 4.02864071043, 0.127519323367, 1.7089701067, 7.18158911791, 157.765602894, 0.153794624894, 0.0625
0.872951731657, 0.825702179524, 2.72593225064, 0.475924655549, 74.5282836155, 15.5798733585, 0.794279791407, 2.2045514549, 1.94355952944, 142.812650345, 0.351098787364, 0.0
0.133354751879, 0.859912760259, 3.00302726284, 0.652694737247, 45.6077824998, 10.0789662141, 0.796531090314, 2.45439165035, 41.0971686067, 111.752066299, 0.186985323965, 0.272727272727
0.481358286025, 1.09568948955, 2.05198838572, 0.535968206816, 40.5349756215, 1.17620120078, 0.481773996412, 0.00354938435266, 16.9465191981, 149.0477745, 0.0706005960771, 0.275862068966
0.293484502627, 0.828600796734, 2.93840968839, 0.458721974619, 48.8656304402, 2.77518346209, 0.796531090314, 2.54832343675, 6.98965752734, 147.500502935, 0.0755480569292, 0.457142857143
0.892688038607, 0.850872561693, 2.5595563267, 0.622560904353, 43.3283718049, 1.76474302363, 1.8724712249, 2.56586129929, 1.93823693737, 151.351979227, 0.116676991542, 0.222222222222
0.774710248672, 1.04104615873, 2.16633035782, 0.457855959739, 38.1066164742, 1.08033838379, 0.690326217352, 3.78197009287, 31.5492936491, 147.738950548, 0.115756809765, 0.25
0.213798127504, 0.912846293997, 3.00512488155, 0.465615583658, 12.2878891128, 19.8182604089, 0.0330227277792, 4.53724250495, 10.631071375, 107.14504831, 0.215436668998, 0.652173913043
0.756417948729, 0.827517317527, 2.93759983233, 0.475924655549, 74.5282836155, 15.5335192141, 0.796531090314, 2.2045514549, 7.04971919496, 99.5121198216, 0.427711360096, 0.142857142857
0.755756420173, 0.827517317527, 2.93653372727, 0.475924655549, 74.5282836155, 15.5335192141, 0.793634233891, 2.2045514549, 7.04971919496, 129.104220639, 0.398295511224, 0.190476190476
0.229128342835, 0.892981160861, 2.65892188561, 0.544723482352, 39.5052350071, 1.76779287985, 1.78422685356, 0.535911332657, 1.85189697792, 175.010050821, 0.0274283967571, 0.224137931034
0.769569999668, 0.963427769642, 2.00645782531, 0.421996773244, 28.1655017771, 1.33229654107, 1.26096826844, 3.76207698443, 26.8558148975, 205.952315386, 0.0700396507615, 0.222222222222
0.102427312495, 1.02063654205, 3.3638177444, 0.540614637723, 48.3221924757, 4.93278323299, 1.75000805699, 3.6628162469, 15.9889519209, 324.807234034, 0.0341835696085, 0.0175438596491
0.114685559237, 0.863606172313, 5.41439085595, 0.559067778371, 54.0571823618, 13.4958201234, 0.9037266469, 3.51314069808, 17.1182182733, 301.188942025, 0.0496340336685, 0.0
0.4085492233, 1.0350555163, 4.98451626881, 0.623495770702, 37.6500751737, 3.18019843079, 0.187354115573, 4.08377561951, 15.0305718582, 241.183763984, 0.0718060195846, 0.0
0.4085492233, 1.03388929543, 5.9341104982, 0.623495770702, 37.6500751737, 3.18019843079, 0.187354115573, 4.17674840552, 15.0422199381, 300.928789037, 0.0593431718006, 0.0
0.139138991609, 0.928089161386, 8.40175445707, 0.583735400554, 98.7987437605, 1.15098070858, 0.299507927334, 3.54130947561, 10.6035426501, 410.901542565, 0.0211034363936, 0.5
0.133545883717, 0.926379396034, 8.37856217956, 0.537370998152, 75.2728611866, 1.13343271883, 0.300799724805, 3.56974651819, 41.8340611396, 557.244865194, 0.014028780223, 0.333333333333
0.482779748365, 0.860525330801, 8.53810930685, 0.60995754812, 42.7320706675, 1.22623707345, 0.481773996412, 0.00354938435266, 8.94473700151, 349.894913992, 0.0310729176276, 0.0
0.223622206909, 0.859526024514, 6.2259010094, 0.682503484965, 11.9880727618, 1.56674132356, 0.971959906211, 2.85271815476, 38.2012424701, 395.207418665, 0.0310092513061, 0.117647058824
0.104236265682, 1.02063654205, 8.47901927397, 0.543471966592, 22.057091524, 4.93539233696, 1.74690792582, 1.08653457458, 15.9889519209, 934.139987251, 0.0264545011058, 0.0
0.107861698362, 1.12988462859, 2.70182376218, 0.539807261523, 81.1099296063, 4.92259925841, 3.9198606057, 1.02707138933, 19.3380546928, 468.724998309, 0.0282421283141, 0.0
0.134690958074, 0.860703948204, 8.30956736041, 0.478772175391, 48.2529040283, 2.44539344522, 3.51382594121, 0.0238924949038, 38.459345431, 1224.26117007, 0.0241471480044, 0.101364522417
0.755756420173, 0.827517317527, 2.93646820001, 0.475924655549, 74.5282836155, 15.5335192141, 0.559521508926, 3.56602329329, 10.6522656885, 120.074504215, 0.60257425174, 0.0
0.751198374666, 1.03236047826, 2.65807513931, 0.584943224955, 98.4318924165, 32.4438806411, 0.799190585748, 3.54933234637, 7.0293756924, 118.233404978, 0.614105907293, 0.0
0.701495511534, 0.922136411494, 2.97560657093, 0.596591944501, 98.4318924165, 34.1205167494, 0.557581537319, 3.54130947561, 10.6035426501, 128.373497774, 0.485328977589, 0.0
0.893400678376, 1.02176855988, 2.71521271909, 0.444752746999, 60.6569079734, 1.62281981938, 1.87238428001, 2.75814295697, 1.94933895017, 237.155485431, 0.0818197136885, 0.0909090909091
0.473542389146, 0.928010337573, 3.63609953556, 0.625327769362, 88.7150694164, 4.34914583511, 0.832228308787, 0.673286711811, 36.7355409166, 225.495664127, 0.0871533202547, 0.142857142857
0.780254709178, 0.861074779396, 3.00302726284, 0.652694737247, 65.6000991163, 10.0789662141, 0.796531090314, 1.87713866491, 41.5533798899, 192.605930192, 0.180824596029, 0.0
0.103900338994, 0.927286114339, 5.33461387937, 0.544344903402, 39.4604936927, 15.7948016917, 0.916584912533, 2.53343420337, 16.0031653923, 200.403926493, 0.163261503197, 0.166666666667
0.704291356248, 0.887866015346, 5.42324272415, 0.589891894875, 24.8605284815, 13.5367437742, 0.880802560269, 3.16574567882, 12.6634775054, 189.223980019, 0.277209801262, 0.0909090909091
0.780212263626, 0.828133207593, 2.63612107071, 0.540919089454, 39.7509957748, 4.55424804989, 1.72308706975, 2.53813216796, 16.2003072655, 182.109444556, 0.168862461693, 0.116666666667
0.213809650362, 1.11110874249, 2.41914637947, 0.465615583658, 12.2878891128, 19.8182604089, 0.0403652971057, 4.53724250495, 10.139168442, 143.394400928, 0.228612077664, 0.411764705882
0.361964714266, 0.884311132705, 2.34602152419, 0.670572617232, 42.9205644007, 15.3284077009, 0.726390923827, 2.08375331903, 4.87046524145, 122.493731941, 0.296360055127, 0.294117647059
0.433020451056, 0.821422213306, 2.93840968839, 0.492701671013, 48.8652417693, 3.26737544729, 0.122470111689, 0.985817039283, 7.04971919496, 157.512821139, 0.0763319316638, 0.470588235294
0.359949759349, 0.849825997181, 2.32306095976, 0.538022620734, 42.7225824927, 4.68728095559, 0.332224464034, 3.46732847722, 42.2327513148, 149.58050597, 0.135384880984, 0.4
0.892688038607, 0.850872561693, 2.55896046044, 0.622560904353, 43.3283718049, 1.76474302363, 1.79392245851, 2.10025253867, 1.93823693737, 165.280363506, 0.117696804896, 0.388059701493
0.893400678376, 1.02176855988, 3.60230022736, 0.42411232618, 60.6569079734, 4.26719913473, 0.859584897131, 2.75814295697, 2.0557443507, 156.815186306, 0.133614981486, 0.785714285714
0.881377190657, 1.04042843477, 2.65745542285, 0.529063578408, 99.0773688721, 3.67956228254, 0.557581537319, 0.165353069304, 10.6173610318, 160.441384556, 0.163414596682, 0.25
0.755981765732, 0.82841205608, 2.75824516471, 0.475924655549, 88.9650683147, 15.5705946749, 0.533782487185, 2.2045514549, 5.53892313825, 120.968583545, 0.506923995178, 0.705882352941
0.881377190657, 1.03456191669, 2.65807513931, 0.584943224955, 98.4318924165, 33.7014801701, 0.557581537319, 3.57071553972, 10.6035426501, 136.085377473, 0.477658530093, 0.2
0.482779748365, 0.860525330801, 8.43989967061, 0.60995754812, 42.7320706675, 1.22623707345, 0.481773996412, 0.00354938435266, 8.94473700151, 249.428732548, 0.0578008743662, 0.4
0.219487060101, 0.899653113137, 2.64001715111, 0.624717072618, 37.7488381764, 1.76779287985, 1.8724712249, 0.535911332657, 2.03286055196, 187.564232802, 0.0311351081337, 0.470588235294
0.104236265682, 1.02063654205, 2.64223993133, 0.543471966592, 48.3221924757, 4.94980558435, 1.74690792582, 1.08653457458, 15.9889519209, 308.342049861, 0.0310522556264, 0.372093023256
0.496982482358, 0.888226747794, 3.56761613675, 0.559585673065, 77.4649585468, 13.6971900633, 1.32105552233, 0.159875347237, 1.7807313672, 240.174652955, 0.221260033352, 0.037037037037
0.892976220009, 1.02223470204, 2.71582558131, 0.444752746999, 54.6580276644, 1.14656719069, 1.87238428001, 2.9371029873, 21.955305801, 319.506147698, 0.0832555581714, 0.162162162162
0.28853896438, 1.09741711262, 2.00109464576, 0.536171371715, 40.6899778926, 2.35968543223, 3.09142113996, 2.58542991661, 17.0301888515, 317.862659929, 0.0648778275979, 0.253234750462
0.134729394605, 0.860832257975, 8.30956736041, 0.605109324445, 48.2529040283, 2.44539344522, 0.543187070827, 4.12783597875, 39.3123668752, 552.340021208, 0.0243277161606, 0.578947368421
0.704291356248, 0.887169769697, 3.6489472884, 0.558939802747, 24.531796893, 13.347237143, 0.852400249865, 3.17766833298, 12.6634775054, 144.938759848, 0.354382411134, 0.363636363636
0.114685559237, 0.863606172313, 5.53607013698, 0.456806841693, 54.1721559018, 13.5345405387, 0.88722741587, 3.51314069808, 17.1182182733, 233.091096272, 0.151521667372, 0.2
0.880625370791, 1.04395428817, 2.72400415164, 0.595992100436, 27.9406548477, 1.76474302363, 1.8740307698, 3.20569134699, 4.6142703276, 229.215912455, 0.0970115498276, 0.204545454545
0.110608209704, 0.893017085222, 5.41869101884, 0.544323742088, 39.4814692362, 15.7948016917, 0.916584912533, 2.53343420337, 16.0031653923, 244.566589313, 0.125057868913, 0.0
0.110695738614, 0.987760688849, 2.64080563278, 0.589628386671, 76.2109764079, 43.228421719, 1.97354952879, 2.51817912463, 16.6718412089, 205.159624949, 0.290357136684, 0.0568181818182
0.134847052848, 0.862558691711, 8.43677243487, 0.412941897147, 18.2347558745, 2.55135388994, 0.467825223277, 0.0371391455337, 38.4262073439, 482.702518191, 0.028610320441, 0.0909090909091
0.132953849646, 0.860832257975, 8.43989487597, 0.478794949255, 99.0683964842, 2.63962610722, 0.297161371984, 3.61656496276, 41.1071143007, 654.456504759, 0.0284546234581, 0.166666666667
0.756422866376, 0.827924323372, 2.94182069237, 0.410336606377, 77.7837854263, 32.4302273884, 0.798272877681, 0.110565087649, 7.05722586183, 131.943613267, 0.557421934362, 0.34375
