0.999997976721, 0.814847061308, 0.42143955875, 0.402162572089, 0.326748238178, 0.0375609644012, 0.744611815434, 0.70149356816, 0.337037591383, 47.1921346908, 70.1537795389, 161.094758444, 63.2684478413, 0.000691374241271
0.99976116391, 0.999850936631, 0.000442910130537, 0.967637003761, 0.146784165096, 0.976033318708, 0.999219125539, 0.0742657640158, 0.156882184117, 0.145222830326, 0.00485703408757, 338.699393349, 0.0505175745305, 0.0809608852201
0.999921243919, 0.999672086389, 0.995475580194, 0.0311581655132, 0.50270700198, 0.640493784192, 0.184658432639, 0.331298323953, 0.998804455322, 6.30286099544, 195.983149481, 0.919386522869, 0.0666556728564, 0.0160101711691
0.000734887425047, 0.679959326072, 0.999256019747, 0.997080448064, 0.946826309891, 0.0775662056888, 0.206691939007, 0.171596150224, 0.462619537017, 0.159419618954, 0.000466796694346, 0.000119040900113, 0.0753107607799, 319.97184655
0.00201399218504, 0.00157943172865, 0.000442910130537, 0.432965786428, 0.50270700198, 0.367200192762, 0.184658432639, 0.109563532659, 0.470918734127, 1.10531679542e-07, 1.44757959979e-07, 0.000576136221685, 0.364359617352, 180.835374287
0.999921243919, 0.987387614444, 0.960382830132, 0.995708967331, 0.6587595622, 0.976033318708, 0.84445593338, 0.0492906277251, 0.998707937794, 356.974149282, 1.53838901401, 14.789156661, 4.76836536812, 0.0297776615138
0.0140706887479, 0.130147320493, 1.45296446122e-05, 0.992791442205, 0.506830393285, 0.909143511851, 0.0797868701159, 0.88228060309, 0.591980287046, 2.83470452016e-06, 2.05825015168e-08, 0.196511725618, 1.31342492581, 105.801048162
0.999684159013, 2.52059294813e-05, 0.000442910130537, 0.990765470366, 0.0091871357819, 0.810982110696, 0.998639538564, 0.869613758427, 0.661496443483, 2.34176364255e-06, 2.18266445491e-08, 0.00533413725748, 211.710754022, 0.0668897455588
6.38386305585e-06, 0.997895928445, 0.70906055965, 0.970458082579, 0.482858965269, 0.367200192762, 0.48203272744, 0.0742657640158, 0.155406699154, 0.00129015303614, 3.92738183532e-05, 0.000545486136226, 3.95326905266e-06, 294.31305918
0.00201399218504, 0.00157943172865, 0.99922907817, 0.334489330801, 0.50270700198, 0.519016583935, 0.206691939007, 0.109563532659, 0.155406699154, 0.000171170575362, 0.000340566450605, 3.94813614928e-07, 0.323738565607, 160.674734231
0.999921243919, 0.754155575719, 0.967028148049, 0.996002889802, 0.850206600633, 0.909143511851, 0.206691939007, 0.777808511377, 0.989378555861, 144.87461526, 0.581403736953, 4.95947748098, 49.0333988438, 0.0157090505635
0.999921243919, 0.987387614444, 0.960382830132, 0.995708967331, 0.6587595622, 0.976033318708, 0.84445593338, 0.0492906277251, 0.998707937794, 356.974149282, 1.53838901401, 14.789156661, 4.76836536812, 0.0297776615138
0.999965760752, 0.999850936631, 0.902769089027, 0.568175097941, 0.885238769937, 0.447000311364, 0.206691939007, 0.266437019489, 0.88302232094, 126.863110903, 96.4186051781, 24.0481036867, 0.0368733127581, 0.0084699394675
0.999997976721, 0.814847061308, 0.42143955875, 0.402162572089, 0.326748238178, 0.0375609644012, 0.744611815434, 0.70149356816, 0.337037591383, 47.1921346908, 70.1537795389, 161.094758444, 63.2684478413, 0.000691374241271
0.999921243919, 0.994597697616, 0.995475580194, 0.0311581655132, 0.50270700198, 0.920490368751, 0.384405694119, 0.331298323953, 0.998804455322, 4.69407904017, 145.959175503, 0.684716513649, 0.82201425139, 0.0119844679967
0.999684159013, 2.52059294813e-05, 0.000442910130537, 0.990765470366, 0.0091871357819, 0.810982110696, 0.998639538564, 0.869613758427, 0.661496443483, 2.34176364255e-06, 2.18266445491e-08, 0.00533413725748, 211.710754022, 0.0668897455588
0.999684159013, 2.52059294813e-05, 0.809737714362, 0.990765470366, 0.00845837162981, 0.56120519431, 0.998639538564, 0.0136448565263, 0.996202409748, 0.00329959195914, 3.07541801148e-05, 0.000782524090429, 163.166629662, 0.051552290729
0.999925990376, 0.814847061308, 0.42143955875, 0.0564936425023, 0.00845837162981, 0.0375609644012, 0.996300507113, 0.0136448565263, 0.9952862669, 3.35344583981, 56.0062571511, 81.4901573473, 32.0044911424, 0.0127938324349
0.000100870472712, 0.895448882087, 0.970317723022, 0.416277329044, 0.2909392366, 0.698471160765, 0.452980701643, 0.171596150224, 0.973226949658, 0.00893010873128, 0.0125221974795, 0.000656231747254, 0.00258135601616, 244.743608603
0.00201399218504, 0.00157943172865, 0.000442910130537, 0.432965786428, 0.50270700198, 0.367200192762, 0.184658432639, 0.109563532659, 0.470918734127, 1.10531679542e-07, 1.44757959979e-07, 0.000576136221685, 0.364359617352, 180.835374287
0.979821482879, 0.999850936631, 0.000442910130537, 0.432965786428, 0.50270700198, 0.367200192762, 0.0154304149267, 0.265170961818, 0.155406699154, 0.0552112251014, 0.0723074538152, 287.783436896, 0.04292337544, 5.93014378442
0.994922677225, 0.99982069532, 0.317917199934, 0.484192864018, 0.50270700198, 0.472984507738, 0.621662688848, 0.121003588193, 0.882766671136, 27.033568707, 28.7986640993, 119.786553525, 0.0314949174891, 0.896384406366
0.979821482879, 0.999850936631, 0.000442910130537, 0.967637003761, 0.418060223535, 0.704291109636, 0.757228366557, 0.667802489409, 0.996917924024, 0.0916937651446, 0.00306673366665, 213.854960399, 0.0318968209357, 4.40675348748
0.99976116391, 0.999850936631, 0.000442910130537, 0.967637003761, 0.146784165096, 0.976033318708, 0.999219125539, 0.0742657640158, 0.156882184117, 0.145222830326, 0.00485703408757, 338.699393349, 0.0505175745305, 0.0809608852201
0.999925990376, 0.999850936631, 0.902769089027, 0.338822781809, 0.885238769937, 0.447000311364, 0.429139345131, 0.266437019489, 0.88302232094, 92.3020782895, 180.117851081, 29.3404351364, 0.0449881227784, 0.0223381539222
0.500264744341, 0.999894907372, 0.70906055965, 0.980255265103, 0.998502940054, 0.306238562039, 0.996300507113, 0.051251866403, 0.155406699154, 85.3444537914, 1.71904571701, 35.7236141217, 0.0129053767386, 122.670045386
0.980671329394, 0.838676852145, 0.998787204735, 0.00158110537687, 0.682822585977, 0.711571531003, 0.587838235737, 0.385087829481, 0.155406699154, 0.236218053802, 149.164357808, 0.181412327056, 28.7727473761, 3.515306129
0.500264744341, 0.999894907372, 0.70906055965, 0.980255265103, 0.998502940054, 0.306238562039, 0.996300507113, 0.051251866403, 0.155406699154, 85.3444537914, 1.71904571701, 35.7236141217, 0.0129053767386, 122.670045386
0.999930231743, 0.999872914944, 0.288200194536, 0.0312046178959, 0.0994879839462, 0.0769380835791, 0.999219125539, 0.70149356816, 0.835554478979, 1.46203145332, 45.3910163295, 115.718139438, 0.0206629944128, 0.0113445415226
0.999685138958, 0.99982069532, 0.995475580194, 0.00158110537687, 0.682822585977, 0.920490368751, 0.206691939007, 0.00976531523648, 0.12894732864, 0.271194516637, 171.250906796, 0.779565071995, 0.0309000356931, 0.0542779013852
0.551119888241, 4.9369875974e-06, 0.321603524479, 0.619616586361, 0.994706284955, 0.306238562039, 0.648944825143, 0.023178486284, 0.978893998788, 0.000123163586131, 7.561028281e-05, 0.000419297308179, 125.191346649, 101.967256697
0.979821482879, 0.999850936631, 0.000442910130537, 0.967637003761, 0.418060223535, 0.704291109636, 0.757228366557, 0.667802489409, 0.996917924024, 0.0916937651446, 0.00306673366665, 213.854960399, 0.0318968209357, 4.40675348748
0.593607858707, 0.00157943172865, 0.980909765329, 0.36729003572, 0.411692862971, 0.167115839368, 0.206691939007, 0.109563532659, 0.789784425509, 0.0446831358519, 0.0769731344148, 0.00236764565989, 78.4003679126, 53.7588835302
0.989966830896, 0.999978504174, 0.000442910130537, 0.568175097941, 0.50270700198, 0.247454724551, 0.0105687207586, 0.385087829481, 0.156882184117, 0.0619580274767, 0.047089390654, 246.097599512, 0.00529252895811, 2.49532201177
0.999513286977, 0.406060726429, 0.000442910130537, 0.995708967331, 0.998502940054, 0.306238562039, 0.999219125539, 0.978950904251, 0.463905289806, 0.0291191952726, 0.000125489899463, 65.9992409055, 96.578930722, 0.0791816858719
0.979821482879, 0.999978504174, 0.000442910130537, 0.459104221762, 0.50270700198, 0.247454724551, 0.0154304149267, 0.278066454036, 0.156882184117, 0.0560648484828, 0.0660530624953, 275.595014208, 0.00592689484295, 5.67826136114
0.999986687779, 0.640209491161, 0.474313909714, 0.0762056051378, 0.646848409822, 0.306238562039, 0.587838235737, 0.385087829481, 0.998867952646, 3.56767472555, 43.2487598281, 51.8870476653, 55.470243072, 0.00205242200575
0.999921243919, 0.00157943172865, 0.000442910130537, 0.7433385936, 0.50270700198, 0.367200192762, 0.206691939007, 0.109563532659, 0.00534046582699, 6.01583744815e-05, 2.07716014399e-05, 0.18264231418, 115.506509055, 0.00911194818559
0.989966830896, 0.999978504174, 0.000442910130537, 0.568175097941, 0.50270700198, 0.247454724551, 0.0105687207586, 0.385087829481, 0.156882184117, 0.0619580274767, 0.047089390654, 246.097599512, 0.00529252895811, 2.49532201177
0.000734887425047, 0.895448882087, 0.99947992506, 0.865773748946, 0.998502940054, 0.0775662056888, 0.587838235737, 0.171596150224, 0.0455893336159, 0.143923431861, 0.0223133384687, 8.65005650714e-05, 0.0194196276916, 252.56439577
0.000100870472712, 0.0492709903413, 0.902769089027, 0.995708967331, 0.50270700198, 0.698471160765, 0.452980701643, 0.0492906277251, 0.973226949658, 0.00124876106776, 5.38156701717e-06, 0.000135074884985, 0.0268062279165, 279.493102297
2.88205046248e-05, 0.979294865199, 0.332666676263, 0.533088189118, 0.212947692603, 0.0775662056888, 0.206691939007, 0.109563532659, 0.425894507276, 0.000747223608364, 0.000654464937014, 0.00281180395446, 8.90854565772e-05, 149.284476797
0.711666496742, 0.605058559253, 0.960382830132, 0.658505753908, 0.418060223535, 0.487607453291, 0.999219125539, 0.109563532659, 0.88302232094, 28.9258304826, 15.0006353242, 1.81202974788, 29.8550066861, 30.6269009773
0.999921243919, 0.999672086389, 0.995475580194, 0.0311581655132, 0.50270700198, 0.640493784192, 0.184658432639, 0.331298323953, 0.998804455322, 6.30286099544, 195.983149481, 0.919386522869, 0.0666556728564, 0.0160101711691
0.999965760752, 0.999850936631, 0.902769089027, 0.568175097941, 0.885238769937, 0.447000311364, 0.206691939007, 0.266437019489, 0.88302232094, 126.863110903, 96.4186051781, 24.0481036867, 0.0368733127581, 0.0084699394675
0.416882050001, 0.00157943172865, 0.578721272927, 0.36729003572, 0.411692862971, 0.167115839368, 0.206691939007, 0.109563532659, 0.789784425509, 0.0185138860612, 0.0318928341345, 0.0366934479746, 55.0594228442, 77.1367523463
0.999685138958, 0.409554245536, 0.710746459912, 0.23155010409, 0.0363134707467, 0.306238562039, 0.199187939461, 0.00976531523648, 0.719071305862, 10.7452727935, 35.6605486839, 18.8858459382, 94.1296256786, 0.0502113640214
0.999684159013, 0.934506211402, 0.710746459912, 0.987216339627, 0.133077723751, 0.306238562039, 0.199187939461, 0.023178486284, 0.719071305862, 119.072516901, 1.54189366066, 49.0866254121, 11.8933011246, 0.0573730554605
0.994922677225, 0.99982069532, 0.604307300523, 0.187985659368, 0.50270700198, 0.472984507738, 0.999651212173, 0.121003588193, 0.825410841824, 19.3701790841, 83.6705483268, 67.4697518133, 0.030578809855, 0.870310847098
0.999921243919, 0.00061907480766, 0.00200689456561, 0.23155010409, 0.99972581786, 0.306238562039, 0.648944825143, 0.00976531523648, 0.795743155429, 4.227161423e-05, 0.000140287639613, 0.0907834819981, 146.847723963, 0.0115732268523
0.999684159013, 2.52059294813e-05, 0.809737714362, 0.990765470366, 0.00845837162981, 0.56120519431, 0.998639538564, 0.0136448565263, 0.996202409748, 0.00329959195914, 3.07541801148e-05, 0.000782524090429, 163.166629662, 0.051552290729
0.999921243919, 0.989515111912, 0.990808625057, 0.568175097941, 0.998502940054, 0.113447345443, 0.698786687508, 0.972409920429, 0.998707937794, 67.6254772669, 51.3967704732, 1.10412654666, 1.27285735782, 0.00956168077641
0.593607858707, 0.00157943172865, 0.980909765329, 0.36729003572, 0.411692862971, 0.167115839368, 0.206691939007, 0.109563532659, 0.789784425509, 0.0446831358519, 0.0769731344148, 0.00236764565989, 78.4003679126, 53.7588835302
0.000734887425047, 0.0492709903413, 0.99947992506, 0.865773748946, 0.998502940054, 0.0775662056888, 0.587838235737, 0.0492906277251, 0.0455893336159, 0.00930104501621, 0.00144199844928, 5.59009495016e-06, 0.207404756213, 296.63464656
0.000734887425047, 0.679959326072, 0.999256019747, 0.997080448064, 0.946826309891, 0.0775662056888, 0.206691939007, 0.171596150224, 0.462619537017, 0.159419618954, 0.000466796694346, 0.000119040900113, 0.0753107607799, 319.97184655
0.423720797948, 0.957906540872, 0.469244196746, 0.498048840804, 0.688505913133, 0.999330784824, 0.184658432639, 0.90605568067, 0.996917924024, 7.47747430481, 7.5360619033, 16.9816089897, 1.40596841051, 45.4270056865
0.994922677225, 0.631112859542, 0.36154001195, 0.997080448064, 0.227203961283, 0.510843169977, 0.48203272744, 0.089221575162, 0.506342729916, 28.1392137787, 0.0823944509441, 49.8378244661, 45.6259454669, 0.631195370096
0.551119888241, 1.59519166321e-06, 0.511060231987, 0.0495497307005, 0.994184266136, 0.122970285237, 0.648944825143, 0.023178486284, 0.997908625408, 5.25937303996e-06, 0.000100883949347, 0.000101549070297, 130.1988132, 106.045440014
0.999921243919, 0.754155575719, 0.490641493277, 0.996002889802, 0.850206600633, 0.909143511851, 0.184658432639, 0.0921762874791, 0.989378555861, 68.6982946224, 0.275696643916, 71.6052141441, 45.8269022105, 0.0146817708127
0.999925990376, 0.858924456712, 0.90793406823, 0.23155010409, 0.711242863735, 0.0904326601747, 0.12051317395, 0.613699908893, 0.9952862669, 19.4348589338, 64.4988495402, 8.51100905668, 15.1837436317, 0.0079661315179
0.416882050001, 0.00157943172865, 0.578721272927, 0.36729003572, 0.411692862971, 0.167115839368, 0.206691939007, 0.109563532659, 0.789784425509, 0.0185138860612, 0.0318928341345, 0.0366934479746, 55.0594228442, 77.1367523463
0.438314956177, 2.52059294813e-05, 0.809737714362, 0.990765470366, 0.326748238178, 0.56120519431, 0.998639538564, 0.962254790162, 0.996202409748, 0.00238164173095, 2.21983322998e-05, 0.00056482500028, 117.77348809, 150.926344952
0.999925990376, 0.999850936631, 0.902769089027, 0.338822781809, 0.885238769937, 0.447000311364, 0.429139345131, 0.266437019489, 0.88302232094, 92.3020782895, 180.117851081, 29.3404351364, 0.0449881227784, 0.0223381539222
0.855260211502, 0.999850936631, 0.925687255755, 0.978795136956, 0.998502940054, 0.306238562039, 0.999219125539, 0.978950904251, 0.463905289806, 126.049576585, 2.7307696037, 10.3382874406, 0.0207405839421, 23.5472237857
0.980671329394, 0.436914788802, 0.710746459912, 0.23155010409, 0.0363134707467, 0.306238562039, 0.199187939461, 0.385087829481, 0.719071305862, 11.2388509562, 37.2985962643, 19.7533568259, 88.0115363562, 3.08066154483
0.00201399218504, 0.00157943172865, 0.99922907817, 0.334489330801, 0.50270700198, 0.519016583935, 0.206691939007, 0.109563532659, 0.155406699154, 0.000171170575362, 0.000340566450605, 3.94813614928e-07, 0.323738565607, 160.674734231
0.555398481677, 0.405504561405, 0.710746459912, 0.997080448064, 0.00495061494726, 0.699863550488, 0.48203272744, 0.10386453398, 0.262070173432, 23.0193011383, 0.0674028312705, 9.39563012808, 47.6211645785, 64.123576692
0.999925990376, 0.814847061308, 0.995475580194, 0.00158110537687, 0.682822585977, 0.711571531003, 0.587838235737, 0.895680571415, 0.116300885156, 0.126670158516, 79.988267384, 0.364121046648, 18.2867864517, 0.00731016408277
0.855260211502, 0.999850936631, 0.809737714362, 0.978795136956, 0.998502940054, 0.306238562039, 0.999219125539, 0.978950904251, 0.463905289806, 110.260884986, 2.3887194337, 26.469029209, 0.0207405839421, 23.5472237857
0.980671329394, 0.436914788802, 0.710746459912, 0.23155010409, 0.0363134707467, 0.306238562039, 0.199187939461, 0.385087829481, 0.719071305862, 11.2388509562, 37.2985962643, 19.7533568259, 88.0115363562, 3.08066154483
0.999921243919, 0.00061907480766, 0.00200689456561, 0.23155010409, 0.99972581786, 0.306238562039, 0.648944825143, 0.00976531523648, 0.795743155429, 4.227161423e-05, 0.000140287639613, 0.0907834819981, 146.847723963, 0.0115732268523
0.999986687779, 4.9369875974e-06, 0.469244196746, 0.0611338999458, 0.688505913133, 0.810982110696, 0.403933860781, 0.337788936958, 0.995845095152, 1.90212788254e-05, 0.000292119983915, 0.000351927699856, 134.305723065, 0.00178794007795
0.999921243919, 0.754155575719, 0.967028148049, 0.996002889802, 0.850206600633, 0.909143511851, 0.206691939007, 0.777808511377, 0.989378555861, 144.87461526, 0.581403736953, 4.95947748098, 49.0333988438, 0.0157090505635
0.994922677225, 0.99982069532, 0.317917199934, 0.484192864018, 0.50270700198, 0.472984507738, 0.621662688848, 0.121003588193, 0.882766671136, 27.033568707, 28.7986640993, 119.786553525, 0.0314949174891, 0.896384406366
0.366718117611, 0.858924456712, 0.90793406823, 0.23155010409, 0.711242863735, 0.0904326601747, 0.12051317395, 0.613699908893, 0.491386191642, 6.64472354966, 22.0519750581, 2.90989003331, 5.19127919709, 63.5458732289
0.999925990376, 0.814847061308, 0.288200194536, 0.402162572089, 0.00495061494726, 0.0535959665276, 0.491707869179, 0.70149356816, 0.302676409145, 12.7853692835, 19.0061751585, 78.5190835338, 25.0652397346, 0.0100198586404
0.999925990376, 0.814847061308, 0.995475580194, 0.00158110537687, 0.682822585977, 0.711571531003, 0.587838235737, 0.895680571415, 0.116300885156, 0.126670158516, 79.988267384, 0.364121046648, 18.2867864517, 0.00731016408277
0.847513222883, 0.982808973646, 0.809737714362, 0.997080448064, 0.00495061494726, 0.510843169977, 0.48203272744, 0.893807373451, 0.506342729916, 47.3217388388, 0.138562815578, 11.1516424512, 1.02522413085, 10.7300739802
0.366718117611, 0.858924456712, 0.90793406823, 0.23155010409, 0.711242863735, 0.0904326601747, 0.12051317395, 0.613699908893, 0.491386191642, 6.64472354966, 22.0519750581, 2.90989003331, 5.19127919709, 63.5458732289
0.999685138958, 0.99982069532, 0.995475580194, 0.00158110537687, 0.682822585977, 0.920490368751, 0.206691939007, 0.00976531523648, 0.12894732864, 0.271194516637, 171.250906796, 0.779565071995, 0.0309000356931, 0.0542779013852
0.999684159013, 0.928158096784, 0.916715229322, 0.964988232869, 0.0091871357819, 0.810982110696, 0.998639538564, 0.498919751329, 0.996202409748, 52.0208869273, 1.88742527318, 4.89764026564, 4.55173699418, 0.0200172774622
0.64659304421, 0.406060726429, 0.902769089027, 0.568175097941, 0.687713594028, 0.417393137087, 0.0105687207586, 0.385087829481, 0.88302232094, 16.2435608331, 12.3454443731, 3.07912073396, 46.3205193019, 42.6260844406
0.551119888241, 0.987387614444, 0.999256019747, 0.459104221762, 0.506830393285, 0.896695930098, 0.483968650549, 0.000626159181833, 0.506342729916, 13.4086692859, 15.7974862019, 0.0217449807978, 0.373342286575, 24.1098342478
0.711666496742, 0.814847061308, 0.960382830132, 0.0312046178959, 0.0994879839462, 0.00151311587012, 0.999219125539, 0.70149356816, 0.835554478979, 2.12676389007, 66.0286577583, 2.81150894427, 16.1254011619, 35.2856811956
0.999925990376, 0.814847061308, 0.42143955875, 0.0564936425023, 0.00845837162981, 0.0375609644012, 0.996300507113, 0.0136448565263, 0.9952862669, 3.35344583981, 56.0062571511, 81.4901573473, 32.0044911424, 0.0127938324349
0.999930231743, 0.999872914944, 0.288200194536, 0.0312046178959, 0.0994879839462, 0.0769380835791, 0.999219125539, 0.70149356816, 0.835554478979, 1.46203145332, 45.3910163295, 115.718139438, 0.0206629944128, 0.0113445415226
0.711666496742, 0.605058559253, 0.960382830132, 0.658505753908, 0.418060223535, 0.487607453291, 0.999219125539, 0.109563532659, 0.88302232094, 28.9258304826, 15.0006353242, 1.81202974788, 29.8550066861, 30.6269009773
0.999513286977, 0.406060726429, 0.000442910130537, 0.995708967331, 0.998502940054, 0.306238562039, 0.999219125539, 0.978950904251, 0.463905289806, 0.0291191952726, 0.000125489899463, 65.9992409055, 96.578930722, 0.0791816858719
0.999684159013, 0.934506211402, 0.710746459912, 0.987216339627, 0.133077723751, 0.306238562039, 0.199187939461, 0.023178486284, 0.719071305862, 119.072516901, 1.54189366066, 49.0866254121, 11.8933011246, 0.0573730554605
0.000100870472712, 0.0492709903413, 0.902769089027, 0.995708967331, 0.50270700198, 0.698471160765, 0.452980701643, 0.0492906277251, 0.973226949658, 0.00124876106776, 5.38156701717e-06, 0.000135074884985, 0.0268062279165, 279.493102297
0.000100870472712, 0.993556618441, 0.70906055965, 0.970458082579, 0.315554491302, 0.367200192762, 0.48203272744, 0.0742657640158, 0.155406699154, 0.0201191099873, 0.00061245003417, 0.00850650679711, 0.000189613774464, 291.707884557
0.979821482879, 0.999850936631, 0.000442910130537, 0.432965786428, 0.50270700198, 0.367200192762, 0.0154304149267, 0.265170961818, 0.155406699154, 0.0552112251014, 0.0723074538152, 287.783436896, 0.04292337544, 5.93014378442
