0.988472472436, 0.130147320493, 0.222807789536, 0.979093500803, 0.506830393285, 0.988028103106, 0.377669509826, 0.839646494828, 0.612373937774, 5.14673322088, 0.109897751195, 18.3360404647, 157.683987563, 2.11404135336
0.999513286977, 0.313558783579, 0.740647430408, 0.795725397666, 0.0850788002821, 0.483274553382, 0.410820548333, 0.100646165944, 0.323805716853, 22.5392100653, 5.7861520903, 9.91869431807, 83.7236844303, 0.0593921948074
0.979821482879, 0.987387614444, 0.901821546041, 0.710949587043, 0.250134772549, 0.306238562039, 0.555852494748, 0.121003588193, 0.9952862669, 164.564781566, 66.9070197618, 25.1996015056, 3.27858952904, 5.35342964329
0.00120349686333, 0.41918052208, 0.332666676263, 0.0312046178959, 0.488296059312, 0.487607453291, 0.184658432639, 0.231852832588, 0.806443595957, 0.000720086893896, 0.0223562057336, 0.0462913184803, 0.0961162495534, 137.337043735
0.00841758772255, 0.0294190169521, 0.000432410283376, 0.381082178262, 0.4556036515, 0.0163009666051, 0.299646316073, 0.266437019489, 0.789903831565, 9.28513980775e-06, 1.50800505302e-05, 0.0563230235621, 1.85899155151, 225.624783407
0.00733591297319, 0.00271841712227, 0.710746459912, 0.0227608315703, 0.936974058335, 0.901578686039, 0.433838022455, 0.231852832588, 0.806443595957, 8.46215775298e-05, 0.00363323808275, 0.00151306285567, 1.9190221559, 260.381622884
0.00454444558298, 0.109853295437, 0.0971260086858, 0.999562767112, 0.496839569846, 0.752216069796, 0.162894733884, 0.34263459788, 0.737995507739, 0.0183967905105, 8.04720033989e-06, 0.171089592873, 1.53548277497, 377.854263883
0.00454444558298, 0.109853295437, 0.0971260086858, 0.999562767112, 0.496839569846, 0.752216069796, 0.162894733884, 0.34263459788, 0.737995507739, 0.0183967905105, 8.04720033989e-06, 0.171089592873, 1.53548277497, 377.854263883
0.998102690808, 0.895882231299, 0.000442910130537, 0.964988232869, 0.0108850759654, 0.167115839368, 0.999219125539, 0.454503591501, 0.591980287046, 0.0841893755753, 0.00305456451399, 196.891632979, 22.8925191611, 0.417957014482
0.979821482879, 0.980062385793, 0.809737714362, 0.0919644078556, 0.777289941485, 0.0286612250052, 0.299646316073, 0.360896655187, 0.155406699154, 22.4885486249, 222.046800966, 57.4579320032, 6.14351252401, 6.34579225344
0.979821482879, 0.928158096784, 0.119055999114, 0.23155010409, 0.418060223535, 0.810982110696, 0.483968650549, 0.121003588193, 0.996917924024, 3.19239702923, 10.5946709653, 102.016151474, 8.96347692701, 2.56945470515
0.998102690808, 0.895882231299, 0.000442910130537, 0.272503538959, 0.310592599128, 0.167115839368, 0.999219125539, 0.454503591501, 0.591980287046, 0.0226149845097, 0.0603747065455, 187.290667702, 21.7762183907, 0.397576306969
0.979821482879, 0.980062385793, 0.809737714362, 0.23155010409, 0.686789698884, 0.843535948002, 0.187025629296, 0.0875639737667, 0.00742021775468, 32.6649605223, 108.40584854, 33.1470970078, 3.54415132084, 3.66084514501
0.980671329394, 0.987387614444, 0.901821546041, 0.23155010409, 0.250134772549, 0.306238562039, 0.555852494748, 0.121003588193, 0.9952862669, 53.6438072365, 178.028760769, 25.2214583376, 3.28143320816, 5.1279624546
0.92617556343, 0.899240929934, 0.902528893248, 0.987216339627, 0.39034811958, 0.993267176459, 0.48203272744, 0.72183925931, 0.155406699154, 149.081501677, 1.93048596216, 16.3089577277, 18.7481489071, 14.8313630701
0.998102690808, 0.615164045495, 0.904450484735, 0.90246891039, 0.50270700198, 0.209821808788, 0.0740619453703, 0.52710212558, 0.226006482949, 95.3252109184, 10.3019301619, 11.1588442921, 73.0592863526, 0.360879879776
0.998102690808, 0.615164045495, 0.904450484735, 0.642211880191, 0.50270700198, 0.209821808788, 0.0740619453703, 0.52710212558, 0.226006482949, 67.8350048724, 37.7921362079, 11.1588442921, 73.0592863526, 0.360879879776
0.00733591297319, 0.00271841712227, 0.710746459912, 0.0227608315703, 0.936974058335, 0.901578686039, 0.433838022455, 0.231852832588, 0.806443595957, 8.46215775298e-05, 0.00363323808275, 0.00151306285567, 1.9190221559, 260.381622884
0.998102690808, 0.615164045495, 0.904450484735, 0.90246891039, 0.50270700198, 0.209821808788, 0.0740619453703, 0.52710212558, 0.226006482949, 95.3252109184, 10.3019301619, 11.1588442921, 73.0592863526, 0.360879879776
0.980671329394, 0.987387614444, 0.901821546041, 0.23155010409, 0.250134772549, 0.306238562039, 0.555852494748, 0.121003588193, 0.9952862669, 53.6438072365, 178.028760769, 25.2214583376, 3.28143320816, 5.1279624546
0.979821482879, 0.980062385793, 0.809737714362, 0.0919644078556, 0.777289941485, 0.0286612250052, 0.299646316073, 0.360896655187, 0.155406699154, 22.4885486249, 222.046800966, 57.4579320032, 6.14351252401, 6.34579225344
0.963943534929, 0.272848114585, 0.926924235812, 0.187272969003, 0.997470939197, 0.567735918106, 0.999219125539, 0.283115283018, 0.418201608251, 7.1157983503, 30.8811340858, 2.99555753026, 109.246737557, 5.61972279819
0.0685706299752, 0.0294190169521, 0.000432410283376, 0.901384971444, 0.4556036515, 0.0163009666051, 0.299646316073, 0.266437019489, 0.789903831565, 0.000178908349726, 1.95732706624e-05, 0.458813775996, 15.1435572764, 211.937552813
0.00120349686333, 0.279248111478, 0.332666676263, 0.0312046178959, 0.488296059312, 0.487607453291, 0.184658432639, 0.231852832588, 0.806443595957, 0.000479704792156, 0.0148931734708, 0.0308381773068, 0.119272805092, 137.337043735
0.932639872388, 0.322982583754, 0.651900941029, 0.991129333749, 0.920414685293, 0.496169436394, 0.52128873516, 0.0815754371198, 0.192543906002, 26.0478955004, 0.233130207787, 14.0334209418, 84.5048119658, 9.01509943735
0.979821482879, 0.987387614444, 0.901821546041, 0.710949587043, 0.250134772549, 0.306238562039, 0.555852494748, 0.121003588193, 0.9952862669, 164.564781566, 66.9070197618, 25.1996015056, 3.27858952904, 5.35342964329
0.988472472436, 0.130147320493, 0.652399686205, 0.979093500803, 0.506830393285, 0.988028103106, 0.377669509826, 0.839646494828, 0.612373937774, 15.0700617123, 0.321789729809, 8.20081999469, 157.683987563, 2.11404135336
0.899372829578, 0.124334959411, 0.600144802354, 0.979093500803, 0.506830393285, 0.988028103106, 0.377669509826, 0.839646494828, 0.494558056944, 11.2549635341, 0.240326266992, 7.65890391351, 134.898968851, 17.236382214
0.92617556343, 0.899240929934, 0.902528893248, 0.987216339627, 0.39034811958, 0.993267176459, 0.48203272744, 0.72183925931, 0.155406699154, 149.081501677, 1.93048596216, 16.3089577277, 18.7481489071, 14.8313630701
0.884930180108, 0.939641370517, 0.983084298705, 0.415464540694, 0.552032322918, 0.285657197184, 0.187025629296, 0.0120512275767, 0.788288846573, 62.7490966089, 88.2844825844, 2.59879942598, 9.86870109028, 21.2604793207
0.83107314553, 0.119394603942, 0.944127887946, 0.0311581655132, 0.805174633304, 0.998890953608, 0.999975998214, 0.109563532659, 0.988149407771, 0.217076000418, 6.74982968364, 0.412291321989, 54.4259161433, 12.5627249666
0.932639872388, 0.219796942766, 0.651900941029, 0.79627363669, 0.920414685293, 0.496169436394, 0.52128873516, 0.0618252085298, 0.192543906002, 20.3855799473, 5.21564431533, 13.6704237001, 139.400755159, 12.9046550886
0.963943534929, 0.272848114585, 0.926924235812, 0.187272969003, 0.997470939197, 0.567735918106, 0.999219125539, 0.283115283018, 0.418201608251, 7.1157983503, 30.8811340858, 2.99555753026, 109.246737557, 5.61972279819
0.963943534929, 0.969323521049, 0.622787033057, 0.392374477954, 0.969028280595, 0.975351353531, 0.999219125539, 0.520709446633, 0.996202409748, 46.3440668247, 71.7677611066, 71.5386009667, 6.00192532605, 7.3184082059
0.846881222806, 0.615164045495, 0.0213780143446, 0.209677198105, 0.50270700198, 0.698471160765, 0.0740619453703, 0.109563532659, 0.984684493287, 0.268513607755, 1.01209110359, 58.6222791909, 37.4742049263, 17.6060826083
0.979821482879, 0.933860248233, 0.200252786922, 0.23155010409, 0.418060223535, 0.306238562039, 0.483968650549, 0.121003588193, 0.9952862669, 5.00196215317, 16.6001104213, 86.271944594, 7.64007326701, 2.3789058439
0.494064197999, 0.00190735953292, 0.820078955591, 0.990842853202, 0.711242863735, 0.199492008283, 0.60393904744, 0.628678315655, 0.516230588172, 0.0822534203126, 0.000760167610868, 0.0182127480989, 52.970223632, 54.3466754153
0.996560243594, 0.621508525522, 0.600144802354, 0.987216339627, 0.682822585977, 0.203448391632, 0.48203272744, 0.72183925931, 0.901073612443, 41.6597315647, 0.539460134681, 28.1158248331, 42.8210285016, 0.390503673198
0.891326545053, 0.0752946918848, 0.025617852863, 0.0919644078556, 0.777289941485, 0.0904326601747, 0.495816228064, 0.730769600095, 0.901073612443, 0.0228624680963, 0.225738796561, 9.45561813214, 119.178961527, 15.7138600137
0.963943534929, 0.969323521049, 0.622787033057, 0.532243027928, 0.969028280595, 0.975351353531, 0.999219125539, 0.520709446633, 0.996202409748, 62.8641969323, 55.2476309991, 71.5386009667, 6.00192532605, 7.3184082059
0.846881222806, 0.615164045495, 0.0213780143446, 0.0311581655132, 0.50270700198, 0.698471160765, 0.0740619453703, 0.109563532659, 0.997908625408, 0.0328437710869, 1.02125458631, 48.2534912253, 30.8459726156, 14.492015056
0.994914415877, 0.928158096784, 0.860090278237, 0.23155010409, 0.418060223535, 0.306238562039, 0.483968650549, 0.121003588193, 0.9952862669, 21.6812694168, 71.9540563025, 15.2315317358, 8.42658407417, 0.599554750111
0.996560243594, 0.899240929934, 0.600144802354, 0.987216339627, 0.682822585977, 0.909143511851, 0.48203272744, 0.72183925931, 0.901073612443, 66.026587216, 0.854991386028, 44.5608238643, 12.4870126177, 0.427758384103
0.846881222806, 0.615164045495, 0.00853481158303, 0.0311581655132, 0.50270700198, 0.698471160765, 0.145430024957, 0.109563532659, 0.995446884236, 0.0191667495251, 0.595976960298, 71.4595241183, 45.0886617845, 21.1834969051
0.00454444558298, 0.219796942766, 0.0971260086858, 0.999562767112, 0.594815383896, 0.487607453291, 0.184658432639, 0.34263459788, 0.737995507739, 0.0222746466902, 9.74346825956e-06, 0.20715353754, 0.814425216217, 228.657015622
0.979821482879, 0.980062385793, 0.809737714362, 0.23155010409, 0.686789698884, 0.843535948002, 0.187025629296, 0.0875639737667, 0.00742021775468, 32.6649605223, 108.40584854, 33.1470970078, 3.54415132084, 3.66084514501
0.979821482879, 0.933860248233, 0.200252786922, 0.23155010409, 0.418060223535, 0.306238562039, 0.483968650549, 0.121003588193, 0.9952862669, 5.00196215317, 16.6001104213, 86.271944594, 7.64007326701, 2.3789058439
0.997679545583, 0.928158096784, 0.904450484735, 0.23155010409, 0.00737658782201, 0.306238562039, 0.483968650549, 0.121003588193, 0.671320417099, 29.9748297587, 99.4780585331, 13.6758848988, 11.0785474011, 0.358663320096
0.932639872388, 0.219796942766, 0.651900941029, 0.79627363669, 0.920414685293, 0.496169436394, 0.52128873516, 0.0618252085298, 0.192543906002, 20.3855799473, 5.21564431533, 13.6704237001, 139.400755159, 12.9046550886
0.963943534929, 0.586028882318, 0.926924235812, 0.0138146310056, 0.997470939197, 0.776817738861, 0.999219125539, 0.295074197789, 0.418201608251, 0.78306509011, 55.9006848987, 4.46876690395, 43.1981708257, 3.90325448584
0.960356692067, 0.928158096784, 0.119055999114, 0.23155010409, 0.418060223535, 0.810982110696, 0.609985677528, 0.121003588193, 0.996917924024, 2.80518123414, 9.30961027142, 89.6422941994, 7.87626884692, 4.52564018153
0.846881222806, 0.615164045495, 0.0213780143446, 0.0311581655132, 0.50270700198, 0.698471160765, 0.0740619453703, 0.109563532659, 0.997908625408, 0.0328437710869, 1.02125458631, 48.2534912253, 30.8459726156, 14.492015056
0.891326545053, 0.0752946918848, 0.025617852863, 0.0919644078556, 0.777289941485, 0.0904326601747, 0.495816228064, 0.730769600095, 0.901073612443, 0.0228624680963, 0.225738796561, 9.45561813214, 119.178961527, 15.7138600137
0.494064197999, 0.00190735953292, 0.820078955591, 0.990842853202, 0.711242863735, 0.199492008283, 0.60393904744, 0.628678315655, 0.516230588172, 0.0822534203126, 0.000760167610868, 0.0182127480989, 52.970223632, 54.3466754153
0.979821482879, 0.928158096784, 0.119055999114, 0.23155010409, 0.418060223535, 0.810982110696, 0.483968650549, 0.121003588193, 0.996917924024, 3.19239702923, 10.5946709653, 102.016151474, 8.96347692701, 2.56945470515
0.884930180108, 0.939641370517, 0.983084298705, 0.415464540694, 0.552032322918, 0.285657197184, 0.187025629296, 0.0120512275767, 0.788288846573, 62.7490966089, 88.2844825844, 2.59879942598, 9.86870109028, 21.2604793207
0.997679545583, 0.928158096784, 0.904450484735, 0.23155010409, 0.00737658782201, 0.306238562039, 0.483968650549, 0.121003588193, 0.671320417099, 29.9748297587, 99.4780585331, 13.6758848988, 11.0785474011, 0.358663320096
0.0772538058161, 0.00190735953292, 0.820078955591, 0.990842853202, 0.711242863735, 0.199492008283, 0.60393904744, 0.628678315655, 0.601813194169, 0.0101083504982, 9.341910183e-05, 0.00223821502643, 6.50965740277, 77.9021884908
0.0419557348263, 0.895882231299, 0.325676459572, 0.19788204996, 0.310592599128, 0.306238562039, 0.0993937166279, 0.598847752763, 0.591980287046, 0.0822434046082, 0.333374912591, 0.860551037335, 0.14831403173, 32.5275708957
0.0772538058161, 0.00190735953292, 0.820078955591, 0.990842853202, 0.711242863735, 0.199492008283, 0.60393904744, 0.628678315655, 0.601813194169, 0.0101083504982, 9.341910183e-05, 0.00223821502643, 6.50965740277, 77.9021884908
0.01115909306, 0.161964434637, 0.341016628521, 0.468707549864, 0.628526759667, 0.496169436394, 0.52128873516, 0.605951673077, 0.905027187485, 0.0337761195473, 0.0382861281317, 0.139253687241, 1.0933898506, 115.61391641
0.0419557348263, 0.895882231299, 0.000442910130537, 0.38863151696, 0.310592599128, 0.0701016397188, 0.0993937166279, 0.598847752763, 0.591980287046, 0.000664262576239, 0.00104497238606, 3.85739184324, 0.448497558515, 98.362481021
0.996560243594, 0.621508525522, 0.600144802354, 0.987216339627, 0.682822585977, 0.203448391632, 0.48203272744, 0.72183925931, 0.901073612443, 41.6597315647, 0.539460134681, 28.1158248331, 42.8210285016, 0.390503673198
0.998102690808, 0.895882231299, 0.000442910130537, 0.272503538959, 0.310592599128, 0.167115839368, 0.999219125539, 0.454503591501, 0.591980287046, 0.0226149845097, 0.0603747065455, 187.290667702, 21.7762183907, 0.397576306969
0.998102690808, 0.895882231299, 0.000442910130537, 0.964988232869, 0.0108850759654, 0.167115839368, 0.999219125539, 0.454503591501, 0.591980287046, 0.0841893755753, 0.00305456451399, 196.891632979, 22.8925191611, 0.417957014482
0.899372829578, 0.124334959411, 0.600144802354, 0.979093500803, 0.506830393285, 0.988028103106, 0.377669509826, 0.839646494828, 0.494558056944, 11.2549635341, 0.240326266992, 7.65890391351, 134.898968851, 17.236382214
0.846881222806, 0.615164045495, 0.00853481158303, 0.0311581655132, 0.50270700198, 0.698471160765, 0.145430024957, 0.109563532659, 0.995446884236, 0.0191667495251, 0.595976960298, 71.4595241183, 45.0886617845, 21.1834969051
0.963943534929, 0.969323521049, 0.622787033057, 0.392374477954, 0.969028280595, 0.975351353531, 0.999219125539, 0.520709446633, 0.996202409748, 46.3440668247, 71.7677611066, 71.5386009667, 6.00192532605, 7.3184082059
0.846881222806, 0.615164045495, 0.0213780143446, 0.209677198105, 0.50270700198, 0.698471160765, 0.0740619453703, 0.109563532659, 0.984684493287, 0.268513607755, 1.01209110359, 58.6222791909, 37.4742049263, 17.6060826083
0.0685706299752, 0.0294190169521, 0.000432410283376, 0.901384971444, 0.4556036515, 0.0163009666051, 0.299646316073, 0.266437019489, 0.789903831565, 0.000178908349726, 1.95732706624e-05, 0.458813775996, 15.1435572764, 211.937552813
0.0419557348263, 0.895882231299, 0.000442910130537, 0.38863151696, 0.310592599128, 0.0701016397188, 0.0993937166279, 0.598847752763, 0.591980287046, 0.000664262576239, 0.00104497238606, 3.85739184324, 0.448497558515, 98.362481021
0.01115909306, 0.161964434637, 0.341016628521, 0.468707549864, 0.628526759667, 0.496169436394, 0.52128873516, 0.605951673077, 0.905027187485, 0.0337761195473, 0.0382861281317, 0.139253687241, 1.0933898506, 115.61391641
0.996560243594, 0.899240929934, 0.600144802354, 0.987216339627, 0.682822585977, 0.909143511851, 0.48203272744, 0.72183925931, 0.901073612443, 66.026587216, 0.854991386028, 44.5608238643, 12.4870126177, 0.427758384103
0.960356692067, 0.928158096784, 0.119055999114, 0.23155010409, 0.418060223535, 0.810982110696, 0.609985677528, 0.121003588193, 0.996917924024, 2.80518123414, 9.30961027142, 89.6422941994, 7.87626884692, 4.52564018153
0.998102690808, 0.615164045495, 0.904450484735, 0.642211880191, 0.50270700198, 0.209821808788, 0.0740619453703, 0.52710212558, 0.226006482949, 67.8350048724, 37.7921362079, 11.1588442921, 73.0592863526, 0.360879879776
0.988472472436, 0.130147320493, 0.652399686205, 0.979093500803, 0.506830393285, 0.988028103106, 0.377669509826, 0.839646494828, 0.612373937774, 15.0700617123, 0.321789729809, 8.20081999469, 157.683987563, 2.11404135336
0.00878541050074, 0.895882231299, 0.000442910130537, 0.852259629552, 0.310592599128, 0.15995475539, 0.999219125539, 0.454503591501, 0.591980287046, 0.000673090069789, 0.000116681082627, 1.78235109189, 0.207233318681, 224.564114258
0.999513286977, 0.313558783579, 0.740647430408, 0.795725397666, 0.0850788002821, 0.483274553382, 0.410820548333, 0.100646165944, 0.323805716853, 22.5392100653, 5.7861520903, 9.91869431807, 83.7236844303, 0.0593921948074
0.733625146377, 0.605058559253, 0.523265919426, 0.0311581655132, 0.50270700198, 0.698471160765, 0.392065102026, 0.109563532659, 0.984684493287, 0.431591109264, 13.4200301963, 12.6198548432, 17.2787951993, 15.8854589211
0.733625146377, 0.605058559253, 0.523265919426, 0.0311581655132, 0.50270700198, 0.698471160765, 0.392065102026, 0.109563532659, 0.984684493287, 0.431591109264, 13.4200301963, 12.6198548432, 17.2787951993, 15.8854589211
0.932639872388, 0.322982583754, 0.651900941029, 0.991129333749, 0.920414685293, 0.496169436394, 0.52128873516, 0.0815754371198, 0.192543906002, 26.0478955004, 0.233130207787, 14.0334209418, 84.5048119658, 9.01509943735
0.83107314553, 0.119394603942, 0.944127887946, 0.0311581655132, 0.805174633304, 0.998890953608, 0.999975998214, 0.109563532659, 0.988149407771, 0.217076000418, 6.74982968364, 0.412291321989, 54.4259161433, 12.5627249666
0.162478377761, 0.895882231299, 0.000442910130537, 0.247320206818, 0.310592599128, 0.496169436394, 0.0993937166279, 0.598847752763, 0.591980287046, 0.000473954725199, 0.00144240597697, 4.32483204726, 0.502846662462, 24.8949451237
0.0419557348263, 0.895882231299, 0.325676459572, 0.19788204996, 0.310592599128, 0.306238562039, 0.0993937166279, 0.598847752763, 0.591980287046, 0.0822434046082, 0.333374912591, 0.860551037335, 0.14831403173, 32.5275708957
0.963943534929, 0.969323521049, 0.622787033057, 0.532243027928, 0.969028280595, 0.975351353531, 0.999219125539, 0.520709446633, 0.996202409748, 62.8641969323, 55.2476309991, 71.5386009667, 6.00192532605, 7.3184082059
0.994914415877, 0.928158096784, 0.860090278237, 0.23155010409, 0.418060223535, 0.306238562039, 0.483968650549, 0.121003588193, 0.9952862669, 21.6812694168, 71.9540563025, 15.2315317358, 8.42658407417, 0.599554750111
0.162478377761, 0.959040315766, 0.000442910130537, 0.0170261238248, 0.310592599128, 0.496169436394, 0.0993937166279, 0.598847752763, 0.591980287046, 3.49284235881e-05, 0.0020165322581, 4.62972492067, 0.197818689063, 24.8949451237
0.988472472436, 0.130147320493, 0.222807789536, 0.979093500803, 0.506830393285, 0.988028103106, 0.377669509826, 0.839646494828, 0.612373937774, 5.14673322088, 0.109897751195, 18.3360404647, 157.683987563, 2.11404135336
0.162478377761, 0.959040315766, 0.000442910130537, 0.0170261238248, 0.310592599128, 0.496169436394, 0.0993937166279, 0.598847752763, 0.591980287046, 3.49284235881e-05, 0.0020165322581, 4.62972492067, 0.197818689063, 24.8949451237
0.00454444558298, 0.219796942766, 0.0971260086858, 0.999562767112, 0.594815383896, 0.487607453291, 0.184658432639, 0.34263459788, 0.737995507739, 0.0222746466902, 9.74346825956e-06, 0.20715353754, 0.814425216217, 228.657015622
0.963943534929, 0.586028882318, 0.926924235812, 0.0138146310056, 0.997470939197, 0.776817738861, 0.999219125539, 0.295074197789, 0.418201608251, 0.78306509011, 55.9006848987, 4.46876690395, 43.1981708257, 3.90325448584
0.00841758772255, 0.0294190169521, 0.000432410283376, 0.381082178262, 0.4556036515, 0.0163009666051, 0.299646316073, 0.266437019489, 0.789903831565, 9.28513980775e-06, 1.50800505302e-05, 0.0563230235621, 1.85899155151, 225.624783407
