0.0124498561283, 0.141716340109, 0.30216047958, 0.546365720744, 0.347393871805, 0.301058494905, 0.925654735778, 0.530781716333, 0.236357554202, 0.224048518584, 0.0804581791276, 0.790361369032, 0.0348655297258, 0.632720238092, 0.0216778309262, 0.14687750916, 0.423893553081, 0.466454027504, 0.623492953638, 0.497809646355, 0.0748024104832, 0.553037123762, 0.0124498561283, 0.141716340109, 16.4131466484
0.0125207380415, 0.14079381413, 0.101010383034, 0.933818553914, 0.355004803688, 0.302794195118, 0.030678376478, 0.530879025431, 0.0585237219827, 0.598846142964, 0.994198608907, 0.868309028564, 0.0657434865877, 0.631045555358, 0.950771714896, 0.0416448427027, 0.890398040778, 0.318689651774, 0.188680005604, 0.10392621237, 0.0767748789812, 0.187803560652, 0.0125207380415, 0.14079381413, 17.0452176009
0.166341151868, 0.0159747922677, 0.329369352737, 0.25958231575, 0.355670938365, 0.335214380427, 0.120031373302, 0.567988355893, 0.0579036766782, 0.869996165172, 0.271989567419, 0.211356349847, 0.0439698253941, 0.860223041459, 0.249849855253, 0.464341948055, 0.0609541753889, 0.528450267824, 0.273675487849, 0.344264878714, 0.972794262977, 0.197350638347, 0.166341151868, 0.0159747922677, 15.8824727394
0.075332363993, 0.0259111759085, 0.647384349035, 0.241767604248, 0.533982003491, 0.284155532817, 0.669761694684, 0.00334605429142, 0.585479637023, 0.890970719426, 0.273860866417, 0.101651780324, 0.16776600898, 0.422418492616, 0.956920734906, 0.332492162153, 0.0588663231338, 0.734806442955, 0.461531847093, 0.305169949063, 0.883485289249, 0.632135894887, 0.075332363993, 0.0259111759085, 18.3669754397
0.431943365728, 0.0591609512253, 0.189445253888, 0.202882435539, 0.0028740734757, 0.376536772686, 0.751911543639, 0.0261194396226, 0.052852653874, 0.0621145573697, 0.720406019753, 0.200969684317, 0.608570611525, 0.0805573361533, 0.34328533272, 0.0292429517473, 0.0616339004883, 0.422875190808, 0.968793343213, 0.52699004639, 0.551117139561, 0.506061507268, 0.431943365728, 0.0591609512253, 14.9897636409
0.430686770201, 0.0588223351577, 0.328284713033, 0.27727631093, 0.0549836090834, 0.598147439379, 0.789057805583, 0.0269633082219, 0.577173133268, 0.794745024877, 0.522016273686, 0.110836903347, 0.226201025935, 0.775336289523, 0.457367885005, 0.140674784764, 0.387584226333, 0.317518164301, 0.153920068744, 0.0956038277622, 0.046333365956, 0.23630670187, 0.430686770201, 0.0588223351577, 15.3007151774
0.197918230536, 0.146742446667, 0.483039374266, 0.388735876262, 0.108890004996, 0.242569231172, 0.772055422093, 0.170997898568, 0.241201422434, 0.232961414284, 0.144535466906, 0.100703876027, 0.626554736834, 0.359700194502, 0.35499702688, 0.117096281056, 0.74670600773, 0.141074894394, 0.412235743982, 0.472129402109, 0.430501401149, 0.434935392545, 0.197918230536, 0.146742446667, 15.2864861067
0.00573044004058, 0.0257599154412, 0.109638666101, 0.319413867158, 0.432917838962, 0.293780344115, 0.844652014664, 0.362932480774, 0.285034292019, 0.438309498659, 0.277338441177, 0.854057115719, 0.821265068857, 0.865545568245, 0.415255240673, 0.796436607287, 0.76831442711, 0.531226719618, 0.466969630385, 0.538794060602, 0.679872360703, 0.62273775401, 0.00573044004058, 0.0257599154412, 20.4683968135
0.0844454796577, 0.0205834333215, 0.950262173264, 0.236775129197, 0.436746541289, 0.377138307841, 0.856516646202, 0.361976290023, 0.232615955739, 0.595587693954, 0.129442652635, 0.726524499957, 0.60948625363, 0.364913408376, 0.355641219507, 0.122300367564, 0.753242941884, 0.635855024565, 0.889452084926, 0.536681222547, 0.469840027905, 0.145989404848, 0.0844454796577, 0.0205834333215, 19.1713633841
0.792416504124, 0.0266976546395, 0.332091413878, 0.277027491026, 0.473435237335, 0.322165278969, 0.337443455253, 0.332074938248, 0.0667107393084, 0.622128015484, 0.525707746054, 0.114916886473, 0.708345597894, 0.085829049633, 0.448685443263, 0.135927748782, 0.387885564284, 0.316125304167, 0.605634352849, 0.140027931758, 0.0458764042664, 0.118370127933, 0.792416504124, 0.0266976546395, 14.3292558116
0.0628969357713, 0.0236880179547, 0.391667698838, 0.221928967517, 0.347694054562, 0.868371017535, 0.856800861635, 0.347846435796, 0.742751249473, 0.0108061229678, 0.335009764452, 0.414667357925, 0.625949175722, 0.842116543727, 0.295580501171, 0.532114333476, 0.240875747503, 0.912387011303, 0.889493535064, 0.738379560723, 0.216351360859, 0.929386113464, 0.0628969357713, 0.0236880179547, 20.4938750408
0.0583100960682, 0.0349748736714, 0.37788538528, 0.667679209623, 0.00912440492954, 0.540805606404, 0.75339503337, 0.34012026762, 0.0534323301971, 0.870543544387, 0.277298677549, 0.385769034975, 0.253659487931, 0.12031016273, 0.479436214963, 0.491022169976, 0.255805062341, 0.416707661251, 0.610286433911, 0.538044666163, 0.308091303235, 0.510197797252, 0.0583100960682, 0.0349748736714, 17.1204553218
0.455412000986, 0.028027183184, 0.0261522220176, 0.246683951405, 0.577639623939, 0.306105683659, 0.0911248164248, 0.899142809337, 0.297922909821, 0.144302951936, 0.258750792351, 0.274155807919, 0.618520243735, 0.414768528188, 0.123653117479, 0.477959011417, 0.269077188771, 0.253555514498, 0.411499883612, 0.638944354181, 0.797228763942, 0.12447822579, 0.455412000986, 0.028027183184, 15.7741310498
0.0423436506415, 0.362823063037, 0.0582203649364, 0.946950228343, 0.861345685795, 0.376122742304, 0.0324219517734, 0.0176883052816, 0.225527144095, 0.828892744724, 0.00950297925208, 0.138506436002, 0.0639319082041, 0.687022785769, 0.297162907337, 0.158750187097, 0.260827977949, 0.318783597959, 0.155426130197, 0.661278533494, 0.0278180777268, 0.188620776019, 0.0423436506415, 0.362823063037, 14.4622097631
0.0754225570355, 0.0263215013338, 0.303558748736, 0.546365720744, 0.533637621416, 0.283818358211, 0.92544459935, 0.423390224871, 0.654906361829, 0.139056782753, 0.0719680095375, 0.409629280819, 0.0320120284852, 0.602881792079, 0.96679544072, 0.332317232829, 0.049466176142, 0.121411633648, 0.621761680553, 0.496298714966, 0.433262263163, 0.437135581801, 0.0754225570355, 0.0263215013338, 17.2846474946
0.165275611755, 0.0159747922677, 0.915108662769, 0.234961459462, 0.354384209711, 0.3343619638, 0.632116350161, 0.567988355893, 0.0398259152819, 0.748668086464, 0.272734973961, 0.211356349847, 0.731293660899, 0.860223041459, 0.343724950457, 0.100177719277, 0.761791170976, 0.52806530736, 0.190241158309, 0.362021443801, 0.910835777781, 0.192185888094, 0.165275611755, 0.0159747922677, 18.4619126267
0.00633243240322, 0.0573348542253, 0.577064162065, 0.511435813704, 0.4260432908, 0.376536772686, 0.125312447645, 0.101328530625, 0.231064405254, 0.242264747331, 0.73770584816, 0.129575175005, 0.612015490623, 0.705556979739, 0.463366139663, 0.156789806019, 0.556634122017, 0.713746093974, 0.152390641493, 0.6731902339, 0.953027864817, 0.423791683643, 0.00633243240322, 0.0573348542253, 17.9513729252
0.00140989843172, 0.449717655711, 0.484204623065, 0.585409197017, 0.930082252584, 0.614499057801, 0.9893941958, 0.456658986728, 0.76436303381, 0.351806864032, 0.284599388226, 0.10054885733, 0.679302399539, 0.304193562056, 0.99060914263, 0.399181669639, 0.742171298385, 0.467234071006, 0.619355866353, 0.474535212556, 0.0789170775816, 0.280569743595, 0.00140989843172, 0.449717655711, 20.2939157622
0.0650900613552, 0.0208710251347, 0.950262173264, 0.246588165994, 0.436746541289, 0.377138307841, 0.0348765908958, 0.408438107656, 0.232477678055, 0.890243541682, 0.273547102399, 0.726524499957, 0.60948625363, 0.860223041459, 0.321612921072, 0.795120336529, 0.22313512695, 0.715749745975, 0.889452084926, 0.539863017589, 0.953497124663, 0.437367948219, 0.0650900613552, 0.0208710251347, 20.7124122362
0.0917929558098, 0.0291507258626, 0.893737924093, 0.171315630526, 0.5338126978, 0.446971669472, 0.134431357889, 0.0268218372187, 0.0203836331928, 0.14372438474, 0.357729159367, 0.10755479682, 0.598757702943, 0.158526556397, 0.955613934792, 0.155247109749, 0.26903570106, 0.200463463228, 0.619040604964, 0.209659309262, 0.802484745283, 0.999305351749, 0.0917929558098, 0.0291507258626, 16.4932981154
0.00837680356163, 0.450809220852, 0.570756584217, 0.174840498643, 0.437920321242, 0.211335557126, 0.11097247908, 0.670677363331, 0.438806608437, 0.138657474177, 0.515613702865, 0.757068980167, 0.571667921456, 0.072946628261, 0.463350079761, 0.0284115663, 0.554194625661, 0.306617517929, 0.445206267933, 0.673047708269, 0.00146164731211, 0.761214531198, 0.00837680356163, 0.450809220852, 16.6591246692
0.170553159007, 0.0154312437075, 0.735147687455, 0.282962584308, 0.0599124816117, 0.0632637049744, 0.77913799692, 0.229832838758, 0.285663043757, 0.429933463042, 0.27779812377, 0.852657053846, 0.294146234025, 0.803345366617, 0.938090453955, 0.533592677732, 0.0264657751135, 0.732441048926, 0.158140739427, 0.306878791836, 0.215841954633, 0.626361536086, 0.170553159007, 0.0154312437075, 17.5711447196
0.00633404980027, 0.466183526158, 0.105813021482, 0.24114034083, 0.933021303078, 0.370822222724, 0.235594022426, 0.680627183576, 0.0375329767387, 0.140744152951, 0.287376282903, 0.298762496226, 0.679245257016, 0.304193562056, 0.465055505387, 0.158783266223, 0.560603690997, 0.467234071006, 0.614256243834, 0.727188173127, 0.0831955952087, 0.438493606948, 0.00633404980027, 0.466183526158, 16.5635389603
0.0716778824051, 0.026041015704, 0.382380475174, 0.237738541432, 0.00727009231739, 0.99122433601, 0.75339503337, 0.34012026762, 0.0534323301971, 0.870389214195, 0.101247805624, 0.383179272553, 0.253659487931, 0.123375194228, 0.297980431842, 0.485441169424, 0.235958526049, 0.92036161709, 0.89539643127, 0.92551714621, 0.166243131803, 0.511095674691, 0.0716778824051, 0.026041015704, 18.0283520253
0.00235152513984, 0.304526395051, 0.848810580578, 0.0221193403456, 0.147303296633, 0.618455216914, 0.0541165989247, 0.0159850700165, 0.671974133243, 0.138337204373, 0.269493986978, 0.859177291823, 0.669103055916, 0.243049557472, 0.875908713963, 0.433565909198, 0.892419522774, 0.869837711837, 0.416438543211, 0.352611226227, 0.0767712073986, 0.167577950403, 0.00235152513984, 0.304526395051, 17.5797268906
0.672078772284, 0.0129034818671, 0.0617315136194, 0.235666646701, 0.343651990653, 0.287592834115, 0.906883313892, 0.356756715654, 0.580981779728, 0.400687909983, 0.365159749374, 0.0812231221213, 0.610790735536, 0.865545568245, 0.43442263132, 0.37611896861, 0.246307877007, 0.659653106277, 0.887520562562, 0.536429472632, 0.0335745213869, 0.219922945896, 0.672078772284, 0.0129034818671, 17.2998464957
0.058675018004, 0.0291777946465, 0.893737924093, 0.171315630526, 0.5337265692, 0.446971669472, 0.0258284705208, 0.0268218372187, 0.0203836331928, 0.138834204855, 0.247851399575, 0.107224563692, 0.242566733746, 0.434317641969, 0.967059307307, 0.301144828394, 0.2544434038, 0.192560850614, 0.619040604964, 0.209659309262, 0.799424408358, 0.999707411078, 0.058675018004, 0.0291777946465, 16.276987872
0.0844410150719, 0.0208710251347, 0.0452768176683, 0.236775129197, 0.436746541289, 0.33525583423, 0.856800861635, 0.361976290023, 0.232615955739, 0.597166197799, 0.513174418313, 0.333031229059, 0.375638624653, 0.860223041459, 0.295409126781, 0.106060738721, 0.32771228084, 0.718420982328, 0.794185037234, 0.495024673886, 0.706001634579, 0.782042466244, 0.0844410150719, 0.0208710251347, 18.6625440573
0.00957385987341, 0.230103046428, 0.105115876707, 0.56676447074, 0.355199554007, 0.290301391439, 0.235594022426, 0.680627183576, 0.273531115133, 0.351806864032, 0.287376282903, 0.29206852971, 0.679302399539, 0.304193562056, 0.962560396923, 0.391126925942, 0.0579686229615, 0.467234071006, 0.556518855307, 0.727647164796, 0.0800345171857, 0.322640906505, 0.00957385987341, 0.230103046428, 16.6891287759
0.0735325678737, 0.0266877920219, 0.920174548202, 0.203993203553, 0.525995926606, 0.319487004535, 0.606889040427, 0.0975145555345, 0.58454959668, 0.320194723626, 0.365761134733, 0.732860054641, 0.70597039308, 0.0695289525977, 0.0431944521452, 0.53590639177, 0.0697800402944, 0.252586177035, 0.408273813016, 0.147091681558, 0.876159700335, 0.459458371376, 0.0735325678737, 0.0266877920219, 17.0970804704
0.00140989843172, 0.466183526158, 0.105115876707, 0.585409197017, 0.930082252584, 0.614499057801, 0.98582156285, 0.456658986728, 0.0678068696879, 0.351806864032, 0.287376282903, 0.296139955428, 0.679302399539, 0.304193562056, 0.964369483748, 0.389064421997, 0.877783467885, 0.467234071006, 0.619355866353, 0.728416098144, 0.0789170775816, 0.280569743595, 0.00140989843172, 0.466183526158, 19.5882649092
0.19555693173, 0.110192724241, 0.322126977231, 0.394757311102, 0.426986337923, 0.319690512571, 0.116632466042, 0.555706590919, 0.322267210967, 0.656543688269, 0.258655365518, 0.298774241306, 0.305085905398, 0.431683997466, 0.133076091436, 0.474959544119, 0.0556632936415, 0.705905618901, 0.411210321319, 0.627440524961, 0.0541358741814, 0.114965263699, 0.19555693173, 0.110192724241, 15.3109549161
0.068220518532, 0.168699240954, 0.362412241094, 0.546365720744, 0.853624697287, 0.377072446423, 0.227749416626, 0.426013833709, 0.0424450091243, 0.137034200647, 0.0703505296528, 0.294132911305, 0.0362322456524, 0.602881792079, 0.038798082593, 0.173272728556, 0.560827586865, 0.464177132484, 0.621497660999, 0.719924376828, 0.0815563146541, 0.437135581801, 0.068220518532, 0.168699240954, 15.4573361521
0.854410441301, 0.68480849353, 0.110004218669, 0.291645861901, 0.506818934493, 0.815372261, 0.312193315614, 0.0422935446555, 0.194703471677, 0.489350986501, 0.112133062687, 0.0093171874771, 0.450185539005, 0.605683110591, 0.0315022177295, 0.763971705388, 0.555100528488, 0.143613920961, 0.182953424781, 0.097270839028, 0.0648848029068, 0.123992351019, 0.854410441301, 0.68480849353, 13.4981700243
0.556393075098, 0.107014077509, 0.191733459151, 0.247622336563, 0.51568430774, 0.306090638605, 0.752291269963, 0.333575458239, 0.0348072528978, 0.337459206313, 0.26162403467, 0.298928627076, 0.308380003352, 0.0636107460221, 0.134352541988, 0.472115540577, 0.0565867143105, 0.864072368093, 0.273914538568, 0.0419969037604, 0.308887969261, 0.147815929045, 0.556393075098, 0.107014077509, 13.982591928
0.615871685087, 0.0232918222781, 0.328284713033, 0.27727631093, 0.059653198169, 0.424765386146, 0.113510573894, 0.942860571747, 0.588459495958, 0.244710872282, 0.522016273686, 0.110836903347, 0.0365395875791, 0.775336289523, 0.456685872554, 0.159401990218, 0.387584226333, 0.628133375578, 0.149474333333, 0.157084611405, 0.0468045646488, 0.220514111655, 0.615871685087, 0.0232918222781, 14.8784943235
0.0125207380415, 0.141881049234, 0.103978025384, 0.170715006355, 0.356753984292, 0.447811518887, 0.755749643371, 0.530879025431, 0.0585237219827, 0.123300330189, 0.251783534018, 0.330020224112, 0.282932822584, 0.158878654477, 0.994388640692, 0.0514321157453, 0.872270333544, 0.466691770186, 0.181787874977, 0.101665925141, 0.324283245497, 0.552813831992, 0.0125207380415, 0.141881049234, 15.5468214688
0.166584383497, 0.0186375760712, 0.324299757534, 0.422471523742, 0.428192916038, 0.335214380427, 0.113951068931, 0.569001735041, 0.0602843615333, 0.869996165172, 0.137595147303, 0.206941027184, 0.631631462191, 0.433268101854, 0.249849855253, 0.0413295510341, 0.756709649289, 0.528450267824, 0.18811717992, 0.361643327942, 0.949999238716, 0.80394882287, 0.166584383497, 0.0186375760712, 17.277740096
0.413690280501, 0.0343399411694, 0.245590643548, 0.669388217094, 0.00911995891956, 0.54080463636, 0.368566252142, 0.761770574938, 0.284801097845, 0.207941901635, 0.273674617187, 0.183926485822, 0.60564595258, 0.309816369709, 0.0140861963293, 0.139683534184, 0.0644428266758, 0.344129525499, 0.927224392011, 0.536911662589, 0.308721650519, 0.631375492978, 0.413690280501, 0.0343399411694, 15.9904511526
0.346573257413, 0.0248328794178, 0.30415726954, 0.901033449765, 0.568821740858, 0.429053546888, 0.932680288595, 0.543274539174, 0.236769447965, 0.245010675393, 0.0686540434612, 0.494248073967, 0.0348655297258, 0.606768209966, 0.706632329014, 0.161184028428, 0.431633886811, 0.138095682306, 0.166180597434, 0.0842758301778, 0.432245849186, 0.437135581801, 0.346573257413, 0.0248328794178, 16.6229585545
0.166341151868, 0.0159747922677, 0.110001301598, 0.234961459462, 0.354384209711, 0.303072519528, 0.866797294359, 0.530367852963, 0.0585253925955, 0.866828914927, 0.271989567419, 0.211356349847, 0.0654965627309, 0.860223041459, 0.939735234206, 0.041651235874, 0.756709649289, 0.529266809236, 0.18811717992, 0.362021443801, 0.93727601952, 0.187807537098, 0.166341151868, 0.0159747922677, 17.6333797369
0.427423304051, 0.0230614133949, 0.316154252378, 0.17143028894, 0.756608938657, 0.0340194385683, 0.115292649413, 0.942860571747, 0.580576660514, 0.432648856785, 0.523533955139, 0.110836903347, 0.298619828123, 0.146941710304, 0.959796405028, 0.229156223123, 0.270163609279, 0.645746780925, 0.149474333333, 0.20964801385, 0.0468045646488, 0.996007211391, 0.427423304051, 0.0230614133949, 16.6869762319
0.494133885298, 0.360723841489, 0.305300374358, 0.901033449765, 0.568821740858, 0.333157909556, 0.30539394569, 0.988048697381, 0.245566189554, 0.245010675393, 0.0703505296528, 0.330807543884, 0.0348655297258, 0.619732777552, 0.0346821942958, 0.161184028428, 0.431633886811, 0.296985997523, 0.0189536895363, 0.0842758301778, 0.432245849186, 0.430871887494, 0.494133885298, 0.360723841489, 15.1780017276
0.541417924334, 0.277647281974, 0.186059753681, 0.882765398553, 0.0471955441388, 0.369604340979, 0.0147128692624, 0.4532233105, 0.261405654243, 0.118523539548, 0.5316930533, 0.201764525325, 0.168588575526, 0.431996861579, 0.034612920874, 0.434536614922, 0.388900335056, 0.466634637836, 0.970121650815, 0.125537306793, 0.527381767084, 0.177930168649, 0.541417924334, 0.277647281974, 15.0784742578
0.00573044004058, 0.0257599154412, 0.109638666101, 0.631859326813, 0.436929515441, 0.293780344115, 0.843572228412, 0.362932480774, 0.267026258643, 0.438503908347, 0.364551715387, 0.692634936583, 0.823750390515, 0.865545568245, 0.429234620173, 0.796896625102, 0.765312555106, 0.531226719618, 0.466969630385, 0.536429472632, 0.679872360703, 0.425867569974, 0.00573044004058, 0.0257599154412, 20.519736659
0.798318508831, 0.0434290071209, 0.271387340971, 0.451718781013, 0.0131141408692, 0.544160985045, 0.367567616186, 0.337456310778, 0.0620014720506, 0.637745347472, 0.716125415288, 0.194083872951, 0.217904341529, 0.085829049633, 0.174615062741, 0.851158665325, 0.254384429615, 0.350160562524, 0.611336347497, 0.496803163192, 0.013246924462, 0.118370127933, 0.798318508831, 0.0434290071209, 14.813146587
0.522461217196, 0.0285668986505, 0.0137760570562, 0.131522729798, 0.577639623939, 0.535438477754, 0.09123453261, 0.899858907328, 0.245147990607, 0.241690914656, 0.258750792351, 0.330818262142, 0.609046376503, 0.447330520752, 0.125977830678, 0.474596991549, 0.890434787216, 0.254032770535, 0.0127987076764, 0.0903356256042, 0.734368128303, 0.478168684498, 0.522461217196, 0.0285668986505, 16.0379147501
0.436779224092, 0.395698212283, 0.453877406582, 0.247771017293, 0.756188596775, 0.299493062601, 0.113693342409, 0.935314926884, 0.0382525715703, 0.400351470858, 0.27464092768, 0.110836903347, 0.308126924175, 0.781934503994, 0.0994947511348, 0.234244393828, 0.387584226333, 0.645746780925, 0.126297764857, 0.162181892522, 0.0468045646488, 0.220514111655, 0.436779224092, 0.395698212283, 14.9182978615
0.403289168246, 0.598290936519, 0.0274362328273, 0.0744275294275, 0.015253649154, 0.91997603097, 0.137917089572, 0.0227049465815, 0.019028521168, 0.208131719722, 0.957317806949, 0.104287872836, 0.246095247866, 0.244769672098, 0.804796208091, 0.498436404667, 0.0519331869742, 0.35114240987, 0.427591037837, 0.282859274397, 0.299226087793, 0.990501767552, 0.403289168246, 0.598290936519, 14.9440531281
0.04301658765, 0.367297413841, 0.0582203649364, 0.946950228343, 0.861345685795, 0.411166186492, 0.0324219517734, 0.0197429510187, 0.0691140038297, 0.828892744724, 0.00950297925208, 0.0950080680685, 0.0639319082041, 0.360522991311, 0.296748489778, 0.465885892162, 0.260827977949, 0.318783597959, 0.659434589483, 0.83120382477, 0.0278180777268, 0.188620776019, 0.04301658765, 0.367297413841, 15.1253281013
0.0125207380415, 0.14079381413, 0.103978025384, 0.229974593172, 0.355004803688, 0.302794195118, 0.754074830188, 0.530879025431, 0.0585237219827, 0.598846142964, 0.991038303115, 0.868309028564, 0.447718076358, 0.631045555358, 0.950771714896, 0.0516953755433, 0.890398040778, 0.466691770186, 0.188680005604, 0.101859346923, 0.0767679886006, 0.552813831992, 0.0125207380415, 0.14079381413, 18.286751089
0.0180576963644, 0.0880801177525, 0.109176085302, 0.646264286347, 0.000227211421808, 0.296842945352, 0.0341277892142, 0.988807696127, 0.250615777863, 0.787378036269, 0.287376282903, 0.696357616508, 0.0435261960258, 0.302639830617, 0.965413525133, 0.396939510982, 0.87001760753, 0.294624102565, 0.465871958343, 0.791781016212, 0.955854763606, 0.120993438405, 0.0180576963644, 0.0880801177525, 18.5203700574
0.00633404980027, 0.466183526158, 0.105813021482, 0.642456936664, 0.933021303078, 0.376655608781, 0.235594022426, 0.680627183576, 0.0375329767387, 0.351806864032, 0.287376282903, 0.298762496226, 0.679245257016, 0.304193562056, 0.465055505387, 0.158783266223, 0.559782922964, 0.467234071006, 0.614256243834, 0.727756702366, 0.0789170775816, 0.446361374622, 0.00633404980027, 0.466183526158, 17.4023746359
0.00837680356163, 0.451109782774, 0.570756584217, 0.174840498643, 0.534703082747, 0.211335557126, 0.572035229426, 0.670677363331, 0.437563199159, 0.256731429846, 0.281055007205, 0.131054899029, 0.571667921456, 0.915572546037, 0.463350079761, 0.0284115663, 0.557215713056, 0.306617517929, 0.456406782744, 0.672017715178, 0.923375499481, 0.758435462434, 0.00837680356163, 0.451109782774, 18.8032721217
0.00724534453079, 0.451109782774, 0.107459082779, 0.152397790567, 0.933502153523, 0.211335557126, 0.572035229426, 0.670677363331, 0.437563199159, 0.256731429846, 0.281039655292, 0.132178914717, 0.57195617916, 0.915572546037, 0.463350079761, 0.397299166185, 0.557215713056, 0.304878397017, 0.456406782744, 0.672017715178, 0.923375499481, 0.744899332515, 0.00724534453079, 0.451109782774, 19.165283295
0.00573044004058, 0.392614306206, 0.106582597994, 0.250160999047, 0.0587015223307, 0.293780344115, 0.843572228412, 0.362932480774, 0.584208602717, 0.424111082347, 0.364551715387, 0.692634936583, 0.823750390515, 0.865545568245, 0.429061665454, 0.796896625102, 0.760593743102, 0.627663371234, 0.466969630385, 0.536429472632, 0.686563217256, 0.213466979407, 0.00573044004058, 0.392614306206, 19.7068468661
0.00503883538696, 0.449784313661, 0.915657089711, 0.239480827496, 0.439863821379, 0.215662814905, 0.572035229426, 0.362266147733, 0.437563199159, 0.260359279758, 0.286911715717, 0.131054899029, 0.990140763634, 0.915572546037, 0.464494142233, 0.83089598987, 0.565207341133, 0.467873552473, 0.456406782744, 0.661521752771, 0.923375499481, 0.785237541935, 0.00503883538696, 0.449784313661, 20.7300766801
0.166075606451, 0.0296452768661, 0.470044480702, 0.230365429055, 0.00715692659694, 0.31923366855, 0.62622569155, 0.569279163152, 0.281675565726, 0.00998355526918, 0.271431759715, 0.211345355059, 0.611346063676, 0.876280262463, 0.251643700654, 0.809041112178, 0.815066765289, 0.477123213735, 0.401201483604, 0.230805447355, 0.583433458652, 0.191996785383, 0.166075606451, 0.0296452768661, 17.0481491945
0.0672559010717, 0.14079381413, 0.300520076172, 0.222075949818, 0.355004803688, 0.302794195118, 0.754074830188, 0.530879025431, 0.0585237219827, 0.602922918728, 0.991038303115, 0.877131678201, 0.447718076358, 0.630584153548, 0.0418364761492, 0.0516953755433, 0.890398040778, 0.466691770186, 0.188680005604, 0.103316868931, 0.0703637945502, 0.551781076612, 0.0672559010717, 0.14079381413, 17.304934714
0.072516142837, 0.0306555075362, 0.920174548202, 0.181890105921, 0.532347125854, 0.321641221416, 0.762368837637, 0.0975145555345, 0.58454959668, 0.333045685911, 0.365761134733, 0.732860054641, 0.611639155202, 0.0695289525977, 0.0106175649669, 0.53590639177, 0.0697800402944, 0.252586177035, 0.408273813016, 0.147091681558, 0.876159700335, 0.804548255827, 0.072516142837, 0.0306555075362, 17.5988632244
0.198465153293, 0.104815290142, 0.0125828370286, 0.387861362669, 0.505370087693, 0.242569231172, 0.991534794207, 0.179964603057, 0.758804585488, 0.599844814534, 0.124897811745, 0.0997775891635, 0.647044396042, 0.423256548655, 0.35499702688, 0.0820196482265, 0.74670600773, 0.628924456683, 0.416967247674, 0.471897254403, 0.315455842866, 0.146962967544, 0.198465153293, 0.104815290142, 16.8574864847
0.0844454796577, 0.0208710251347, 0.0452768176683, 0.236775129197, 0.436746541289, 0.377138307841, 0.856800861635, 0.361976290023, 0.232615955739, 0.890243541682, 0.513174418313, 0.726524499957, 0.293702591563, 0.860223041459, 0.295409126781, 0.794124967719, 0.32771228084, 0.715749745975, 0.794185037234, 0.536681222547, 0.470092484707, 0.43399515274, 0.0844454796577, 0.0208710251347, 19.7267861777
0.0940301897135, 0.0247124115196, 0.316899112032, 0.169920586462, 0.52925614143, 0.841336766466, 0.142614681187, 0.362943534669, 0.531251182029, 0.869430728976, 0.361504274306, 0.391700910112, 0.454404616229, 0.738217474665, 0.95028294384, 0.407419012487, 0.751342814444, 0.0314973234234, 0.619762996267, 0.305114882995, 0.948566485866, 0.29199811024, 0.0940301897135, 0.0247124115196, 19.4724461932
0.0917929558098, 0.0291507258626, 0.893737924093, 0.171315630526, 0.532424801789, 0.446971669472, 0.0189374899723, 0.0268218372187, 0.0203836331928, 0.14372438474, 0.526244935856, 0.107224563692, 0.598757702943, 0.434317641969, 0.967059307307, 0.301144828394, 0.387601259138, 0.191992770213, 0.619040604964, 0.209659309262, 0.799424408358, 0.999305351749, 0.0917929558098, 0.0291507258626, 17.2901774508
0.0735325678737, 0.0266877920219, 0.920174548202, 0.203993203553, 0.525995926606, 0.960758618924, 0.563610978696, 0.0975145555345, 0.58454959668, 0.320194723626, 0.365761576416, 0.737822600242, 0.623505499338, 0.0711873596384, 0.0431944521452, 0.53590639177, 0.0697800402944, 0.252586177035, 0.408275436951, 0.147091681558, 0.875882268155, 0.459458371376, 0.0735325678737, 0.0266877920219, 17.8005274949
0.431161567297, 0.360723841489, 0.245830589643, 0.901033449765, 0.0101505996248, 0.333311566659, 0.760516578713, 0.99030396721, 0.245056266332, 0.245010675393, 0.746479208471, 0.365638636869, 0.0348655297258, 0.619732777552, 0.0376365262239, 0.161063731662, 0.429905155661, 0.296985997523, 0.0189536895363, 0.0763774879256, 0.432245849186, 0.120725055207, 0.431161567297, 0.360723841489, 15.4736504541
0.615871685087, 0.278094063192, 0.328284713033, 0.27727631093, 0.0546216494073, 0.598147439379, 0.113189680586, 0.0269633082219, 0.577173133268, 0.348974700292, 0.522016273686, 0.110836903347, 0.226201025935, 0.775336289523, 0.457367885005, 0.715397631895, 0.387584226333, 0.466581521272, 0.149474333333, 0.0956038277622, 0.0468045646488, 0.17908712268, 0.615871685087, 0.278094063192, 14.5693968283
0.569879935417, 0.277948499842, 0.186059753681, 0.882765398553, 0.0471955441388, 0.369604340979, 0.00872831679071, 0.425891089131, 0.261405654243, 0.118523539548, 0.524696647776, 0.201764525325, 0.218842375973, 0.431851047706, 0.034612920874, 0.298290518254, 0.390917420918, 0.466634637836, 0.970121650815, 0.125537306793, 0.527381767084, 0.177930621912, 0.569879935417, 0.277948499842, 14.8956578941
0.556393075098, 0.108507651762, 0.0175159034923, 0.247622336563, 0.51568430774, 0.306090638605, 0.98315528596, 0.333575458239, 0.0348072528978, 0.337459206313, 0.258867851546, 0.298928627076, 0.308380003352, 0.983012622548, 0.134352541988, 0.477959011417, 0.0565867143105, 0.823789957761, 0.273914538568, 0.0419969037604, 0.308887969261, 0.147525291269, 0.556393075098, 0.108507651762, 15.2451868444
0.556393075098, 0.107654402715, 0.0191097524542, 0.202527660969, 0.51568430774, 0.305910967635, 0.98315528596, 0.333575458239, 0.0348072528978, 0.337459206313, 0.258867851546, 0.299574219339, 0.308380003352, 0.941003644637, 0.134352541988, 0.477959011417, 0.0579930269962, 0.823789957761, 0.415060916596, 0.232123171578, 0.308887969261, 0.146260604785, 0.556393075098, 0.107654402715, 15.5772340092
0.615871685087, 0.305389773683, 0.861443039101, 0.276948245481, 0.0539032506731, 0.343249591354, 0.113189680586, 0.0269424404483, 0.577173133268, 0.132436281891, 0.523618921217, 0.0874387055097, 0.226201025935, 0.417951723845, 0.48849675177, 0.727326065353, 0.387584226333, 0.4572718265, 0.149474333333, 0.0956038277622, 0.0475994276359, 0.179129065437, 0.615871685087, 0.305389773683, 14.1952565479
0.854410441301, 0.675525643162, 0.110004218669, 0.291645861901, 0.501759741317, 0.804514035, 0.312193315614, 0.0422935446555, 0.194703471677, 0.489350986501, 0.112133062687, 0.0093171874771, 0.452335377589, 0.605683110591, 0.0315022177295, 0.763971705388, 0.555100528488, 0.143613920961, 0.691561105069, 0.097270839028, 0.0648848029068, 0.123992351019, 0.854410441301, 0.675525643162, 14.1617252233
0.672078772284, 0.0257599154412, 0.0617315136194, 0.235666646701, 0.343651990653, 0.293780344115, 0.923898033517, 0.3624281236, 0.266006121172, 0.438844325457, 0.365159749374, 0.0812231221213, 0.610790735536, 0.865545568245, 0.434467790001, 0.37611896861, 0.246307877007, 0.316736495809, 0.887520562562, 0.536429472632, 0.0335745213869, 0.185715591905, 0.672078772284, 0.0257599154412, 16.4584199587
0.798318508831, 0.043339685286, 0.271387340971, 0.105508119563, 0.0131141408692, 0.544160985045, 0.367567616186, 0.936298311537, 0.0648698698626, 0.637745347472, 0.515053933803, 0.194083872951, 0.217904341529, 0.085829049633, 0.63953596165, 0.852063365057, 0.254384429615, 0.350160562524, 0.1582203756, 0.496803163192, 0.0285159221263, 0.118370127933, 0.798318508831, 0.043339685286, 14.9225222444
0.615871685087, 0.0480205742237, 0.335188595688, 0.103920670677, 0.0732794132121, 0.0623570623696, 0.968295580703, 0.364576890267, 0.0617444102662, 0.399795830457, 0.352096910204, 0.11250667777, 0.668983871789, 0.772984848976, 0.632740595154, 0.241232017175, 0.387584226333, 0.53127283974, 0.153580731441, 0.946620153475, 0.0163730645896, 0.221263399923, 0.615871685087, 0.0480205742237, 15.9141821317
0.0190440512033, 0.37050820438, 0.329805082661, 0.951804335675, 0.612009975421, 0.611323325724, 0.635264116303, 0.459602796083, 0.0690281234363, 0.210611360883, 0.00393388142192, 0.0950080680685, 0.42084617884, 0.360522991311, 0.296748489778, 0.465885892162, 0.259786067161, 0.322729878829, 0.659434589483, 0.164581247154, 0.0313385209302, 0.188620776019, 0.0190440512033, 0.37050820438, 15.5960102931
0.0125207380415, 0.141881049234, 0.103978025384, 0.229974593172, 0.35668356692, 0.302794195118, 0.755749643371, 0.530879025431, 0.0585237219827, 0.65312677513, 0.251783534018, 0.296552247048, 0.308822859739, 0.631045555358, 0.994388640692, 0.0516953755433, 0.886265821301, 0.466691770186, 0.188419068556, 0.101859346923, 0.324283245497, 0.552813831992, 0.0125207380415, 0.141881049234, 16.7980684287
0.0762882765429, 0.145736165698, 0.482199799425, 0.203993203553, 0.437731340629, 0.334358059312, 0.00799061402581, 0.462601327221, 0.262977602948, 0.87314270755, 0.279227237639, 0.333940510432, 0.173357027838, 0.0726709797198, 0.343362092339, 0.100469605549, 0.0707371966296, 0.416113800751, 0.797068713284, 0.920322504816, 0.520299645818, 0.179978252463, 0.0762882765429, 0.145736165698, 15.7313127577
0.0671347835364, 0.168699240954, 0.301583031132, 0.546365720744, 0.816882714719, 0.320480186174, 0.92544459935, 0.423390224871, 0.654906361829, 0.137034200647, 0.0703505296528, 0.409629280819, 0.0348655297258, 0.602881792079, 0.0356480825336, 0.14687750916, 0.421809819665, 0.138354619882, 0.621761680553, 0.496298714966, 0.433262263163, 0.437135581801, 0.0671347835364, 0.168699240954, 16.6691828276
0.0919252863234, 0.145736165698, 0.485006636316, 0.171354247507, 0.437731340629, 0.334358059312, 0.0218893527924, 0.018264841738, 0.0400229070615, 0.867141022066, 0.361566721223, 0.338698760512, 0.59989079843, 0.0726709797198, 0.343362092339, 0.300852968201, 0.0718536537188, 0.41700544909, 0.800424586367, 0.932504311406, 0.021727960801, 0.506982967834, 0.0919252863234, 0.145736165698, 15.5502780477
0.0793361791481, 0.142783121258, 0.155169510534, 0.589359587973, 0.0717162089086, 0.33479785123, 0.305331198391, 0.989992905755, 0.301177002521, 0.596061008247, 0.120269521164, 0.335433620278, 0.833374936407, 0.0509248426983, 0.12230501972, 0.100173314169, 0.239206484963, 0.293378361286, 0.0196193767703, 0.495464665588, 0.708139613528, 0.788005885043, 0.0793361791481, 0.142783121258, 15.9696985905
0.431527986825, 0.0573348542253, 0.246984257645, 0.511214746973, 0.4260432908, 0.376536772686, 0.125312447645, 0.101328530625, 0.230060980052, 0.798418399414, 0.73770584816, 0.315492441377, 0.612015490623, 0.704172051789, 0.454274946825, 0.156789806019, 0.325504120599, 0.713291449949, 0.152390641493, 0.526518495338, 0.169465867609, 0.426208342371, 0.431527986825, 0.0573348542253, 16.9098954275
0.198465153293, 0.146742446667, 0.483039374266, 0.387861362669, 0.103824887934, 0.242569231172, 0.128828481032, 0.170408406664, 0.758652759976, 0.599263792702, 0.124897811745, 0.0997775891635, 0.626554736834, 0.423256548655, 0.35499702688, 0.116845141774, 0.74670600773, 0.63497175752, 0.416967247674, 0.471897254403, 0.58811888172, 0.115244489838, 0.198465153293, 0.146742446667, 16.1080993373
0.197470118689, 0.0296452768661, 0.47651357248, 0.414567250564, 0.00715692659694, 0.319501313772, 0.629392168382, 0.762674249086, 0.283177744244, 0.0115344056419, 0.271431759715, 0.149479359007, 0.611346063676, 0.876280262463, 0.0350801166199, 0.809041112178, 0.814453109847, 0.476756082795, 0.401201483604, 0.230176104111, 0.583433458652, 0.115244489838, 0.197470118689, 0.0296452768661, 17.0814212457
0.166341151868, 0.306933153158, 0.915894446728, 0.29536235324, 0.354384209711, 0.335170030091, 0.107643337456, 0.56106122677, 0.0579036766782, 0.139912095988, 0.271989567419, 0.211356349847, 0.0430277424969, 0.863997698675, 0.249849855253, 0.0413295510341, 0.756709649289, 0.525577651392, 0.14944907713, 0.357101940318, 0.949999238716, 0.192478355842, 0.166341151868, 0.306933153158, 15.8129722071
0.615871685087, 0.396547147946, 0.328284713033, 0.27727631093, 0.0546216494073, 0.0623570623696, 0.113510573894, 0.942860571747, 0.582506994832, 0.400351470858, 0.522016273686, 0.110836903347, 0.297104669167, 0.775336289523, 0.455296159389, 0.241232017175, 0.387584226333, 0.628133375578, 0.149474333333, 0.162181892522, 0.0468045646488, 0.220514111655, 0.615871685087, 0.396547147946, 15.0217784325
0.04301658765, 0.367297413841, 0.0582203649364, 0.946950228343, 0.887527492449, 0.406848936754, 0.0324219517734, 0.0197429510187, 0.0691140038297, 0.828892744724, 0.00950297925208, 0.0950080680685, 0.0653798835394, 0.804982674882, 0.296748489778, 0.465885892162, 0.0272718274028, 0.31997765487, 0.648160442431, 0.83120382477, 0.346764897358, 0.629500460631, 0.04301658765, 0.367297413841, 16.4493592736
0.421757438309, 0.216458525697, 0.499738402369, 0.20408787167, 0.698469449076, 0.599163475666, 0.25296836064, 0.567075407965, 0.458397651567, 0.789068478884, 0.272169549319, 0.117256144133, 0.234600009989, 0.208521387183, 0.104808649649, 0.141299945955, 0.27569758745, 0.626530053275, 0.453206517482, 0.304504138025, 0.127158640153, 0.23122153744, 0.421757438309, 0.216458525697, 15.5665072838
0.0671347835364, 0.363144421902, 0.299846077066, 0.546365720744, 0.816882714719, 0.265124059734, 0.92544459935, 0.543274539174, 0.236357554202, 0.237637678213, 0.0703505296528, 0.790361369032, 0.0348655297258, 0.602570469196, 0.0356480825336, 0.14687750916, 0.423893553081, 0.138354619882, 0.623492953638, 0.496298714966, 0.432245849186, 0.437135581801, 0.0671347835364, 0.363144421902, 16.8577844839
0.332062831622, 0.619539712082, 0.377152746639, 0.952901941255, 0.0211394175193, 0.540914592327, 0.75339503337, 0.34012026762, 0.0572870018099, 0.337146926553, 0.101247805624, 0.383179272553, 0.248981820271, 0.12182839708, 0.0107187948416, 0.502015143419, 0.254013239185, 0.353601043305, 0.610286433911, 0.0431532146909, 0.308918756378, 0.804578286013, 0.332062831622, 0.619539712082, 15.4731218308
0.79253049745, 0.684946887684, 0.110004218669, 0.291645861901, 0.507089164379, 0.335177405028, 0.311046680048, 0.0331595153462, 0.183223533976, 0.634635235809, 0.121132253784, 0.19418647368, 0.450172866212, 0.605683110591, 0.121147282054, 0.763971705388, 0.555100528488, 0.164007823905, 0.193010055629, 0.934187645301, 0.0634262077012, 0.118427300551, 0.79253049745, 0.684946887684, 14.5653801927
0.796729691439, 0.0433225389749, 0.47651357248, 0.414567250564, 0.00715692659694, 0.550428034976, 0.62398935734, 0.762674249086, 0.283177744244, 0.0115344056419, 0.275651217329, 0.149479359007, 0.609208198065, 0.0684508596523, 0.0350801166199, 0.809041112178, 0.814453109847, 0.476756082795, 0.610896943879, 0.513567907631, 0.583433458652, 0.118584257856, 0.796729691439, 0.0433225389749, 16.7069482783
