0.00468217436565, 0.000246655675166, 0.0198940438038, 0.005354736281, 0.522579846387, 0.356013713532, 0.17334924078, 0.0248429284113, 0.507360284408, 0.0074351590347, 0.326575104577, 0.295682598871, 0.392133544507, 0.239902580738, 0.273313766929, 0.213508240074, 0.00302505415621, 0.054121872, 0.806291335601, 0.0106580785078, 0.0198861883046, 0.576079160995, 0.00468217436565, 0.000246655675166, 12.516923542
0.001032059351, 0.00033256055861, 0.556680498369, 0.0591277179714, 0.617721676306, 0.355140532379, 0.084193427642, 0.161082793002, 0.386646764747, 0.26350383113, 0.0548667722114, 0.295333762534, 0.392407520388, 0.0948002250939, 0.156383493515, 0.212119862927, 0.0150508505601, 0.154458807639, 0.00656905718692, 0.553085998379, 0.00282654796954, 0.852189069892, 0.001032059351, 0.00033256055861, 13.1199085874
0.000517339073805, 0.749246969246, 0.110843598748, 0.0130775904869, 0.235896657207, 0.329371234054, 0.0321904317702, 0.342528548047, 0.00560996961141, 0.179082533337, 0.334393582284, 0.293691187668, 0.395398512196, 0.566632405988, 0.157241915382, 0.21117359786, 0.0248684752552, 0.201107439226, 0.00882200404797, 0.554540550374, 0.0734327014114, 0.853249336946, 0.000517339073805, 0.749246969246, 12.4241659366
0.0318049832028, 0.007441050288, 0.0240703313168, 0.113577735711, 0.0949836903885, 0.113184005729, 0.0232912136376, 0.0296077906698, 0.00889109959812, 0.0306341981336, 0.504977179755, 0.364274601869, 0.462629148299, 0.00811927305387, 0.205981762718, 0.0288212114033, 0.0333134023001, 0.136126436237, 0.00114133757915, 0.0205030121583, 0.0856878172004, 0.473262352002, 0.0318049832028, 0.007441050288, 9.72329510421
0.00744644738597, 7.02994318426e-05, 0.0197305602204, 0.108148773834, 0.612618711381, 0.356159024007, 0.203859367402, 0.00753162299111, 0.0367880216594, 0.0848584304174, 0.0648065824979, 0.282601122432, 0.68998795028, 0.0123436530112, 0.162003422998, 0.13576968146, 0.00510415974351, 0.0506303188694, 0.601949446408, 0.0139058497543, 0.00497578817667, 0.629284390489, 0.00744644738597, 7.02994318426e-05, 11.5108326611
0.00136761915684, 0.00175105163459, 0.0199831187562, 0.00329803813161, 0.264087121734, 0.356192448042, 0.174400091743, 0.00263216337792, 0.0367282987719, 0.172327645769, 0.108020926204, 0.164013963338, 0.485853739252, 0.102803846775, 0.111513282304, 0.111438648189, 0.00711883166125, 0.319693263011, 0.603662335675, 0.299307396284, 0.0878702797708, 0.446528867171, 0.00136761915684, 0.00175105163459, 11.234091122
0.00824071068423, 0.0688158649954, 0.0241351132052, 0.0197139212757, 0.125034716326, 0.594548241235, 0.0247811846556, 0.017390035099, 0.0295681222289, 0.030837482112, 0.427552037956, 0.360061331856, 0.0261030303189, 0.00811598112721, 0.140439293076, 0.0296674228417, 0.0335005289444, 0.00121545567427, 0.00720213561672, 0.438590717473, 0.363907687392, 0.123996506286, 0.00824071068423, 0.0688158649954, 9.79881955065
0.0033052349831, 0.000141014186351, 0.0199862323185, 0.00585582872809, 0.609818728089, 0.750978411669, 0.174274618066, 0.353996999724, 0.50056234724, 0.023543232539, 0.338261978453, 0.297052774426, 0.391340642493, 0.00432182368186, 0.375881964815, 0.142741826974, 0.00616836534671, 0.01652405043, 0.599297558561, 0.00894846193821, 0.480768078372, 0.125444685111, 0.0033052349831, 0.000141014186351, 13.0541533526
0.00162272161922, 0.000502488623191, 0.271600923151, 0.0741112029384, 0.369626650013, 0.356149422259, 0.313760559798, 0.156446056003, 0.0138354705262, 0.303272191165, 0.293970550392, 0.0661138274743, 0.343771004158, 0.0913998744239, 0.359839658927, 0.14472858298, 0.00138281367783, 0.0956589462598, 0.615816828595, 0.32060914407, 0.367258191429, 0.452928119009, 0.00162272161922, 0.000502488623191, 12.766200393
0.00448308468172, 0.000465554047541, 0.263475192327, 0.0565932960886, 0.369901350727, 0.334184805466, 0.0311619842212, 0.00244524347047, 0.609883272365, 0.297677042239, 0.369117687352, 0.188429795475, 0.0980683018487, 0.108784580671, 0.155380681893, 0.490790168077, 0.0251327652427, 0.00220306114496, 0.604929122353, 0.0388286247207, 0.0972792997363, 0.43044391987, 0.00448308468172, 0.000465554047541, 12.1749916529
0.00210949116767, 0.000301233225271, 0.387710446857, 0.115170814333, 0.358746736643, 0.339941187266, 0.025997367363, 0.317972051591, 0.0306863284115, 0.747569540295, 0.062354579217, 0.627317144311, 0.274039187721, 0.0114807109947, 0.323516558138, 0.869883430745, 0.0474522444524, 0.000660510189574, 0.615578758887, 0.412421058032, 0.00496688973229, 0.442235166553, 0.00210949116767, 0.000301233225271, 14.1207285292
0.00273494156384, 0.000473380360178, 0.0843178831092, 0.0592625677053, 0.122833324801, 0.329659492866, 0.20098034058, 0.135305642652, 0.419713620657, 0.179082533337, 0.284605898647, 0.294820403364, 0.395398512196, 0.00948344829853, 0.157154779509, 0.137805508542, 0.0248684752552, 0.155463112932, 0.0130520962488, 0.410112174303, 0.00437797545612, 0.0907169765255, 0.00273494156384, 0.000473380360178, 10.7366719254
0.000931509290149, 0.732385928206, 0.394673854984, 0.0742534626466, 0.373062445192, 0.0667120157499, 0.59559181376, 0.155815782529, 0.381088032724, 0.541279777943, 0.0491500652192, 0.0680015678539, 0.538879824539, 0.556244211985, 0.355152373254, 0.1052715536, 0.0652601339074, 0.0876855477833, 0.607917149977, 0.0503672434936, 0.0106117001383, 0.444370591402, 0.000931509290149, 0.732385928206, 13.2416828333
0.0433658850905, 0.000404735134781, 0.0843907105256, 0.00188035024117, 0.122813249996, 0.0514336854019, 0.0297565892331, 0.00450426365957, 0.0320442897628, 0.0201351694389, 0.0524181098019, 0.292955530826, 0.395404838626, 0.00948344829853, 0.159516255666, 0.91417236082, 0.0249038575913, 0.126732118756, 0.00619255309259, 0.410115210738, 0.0059614183485, 0.122040560836, 0.0433658850905, 0.000404735134781, 9.86163548359
0.0052091995663, 0.000217141633159, 0.0937308075307, 0.00587500654877, 0.122671665379, 0.589401077245, 0.197248116328, 0.0159801441245, 0.0299504727819, 0.0209425841695, 0.39154391104, 0.384565396178, 0.460860199218, 0.0196435125193, 0.140439293076, 0.0288137566911, 0.0668278112768, 0.00445054063619, 0.214573391365, 0.0132862602085, 0.340007211462, 0.103208122914, 0.0052091995663, 0.000217141633159, 10.3785879946
0.00175566434565, 0.000767629960391, 0.268501451491, 0.0185210963479, 0.236475951757, 0.352753535376, 0.313760559798, 0.156435256971, 0.0138354705262, 0.450181367229, 0.29947543616, 0.0636001622093, 0.367722524684, 0.0913910550232, 0.367666060868, 0.022489141887, 0.00369644543079, 0.0933106035695, 0.0111485301401, 0.0152109036797, 0.0145313583951, 0.453139872753, 0.00175566434565, 0.000767629960391, 10.8783005644
0.00514869221342, 0.00191504597272, 0.25469505982, 0.00300440481061, 0.122374895058, 0.343437010048, 0.0324685778152, 0.0246649332737, 0.0015988938107, 0.183436470787, 0.051989706126, 0.296517699503, 0.486901698844, 0.00943500289049, 0.336608961818, 0.204963170361, 0.0636269196392, 0.156323229015, 0.616095242416, 0.0106069620221, 0.000132823801859, 0.241398269121, 0.00514869221342, 0.00191504597272, 10.6432707365
0.237756453153, 0.000102110047127, 0.149109047226, 0.018070881941, 0.23725132249, 0.112978511978, 0.583096509397, 0.0182502202761, 0.00928499159565, 0.0647399976362, 0.0810623737063, 0.155225384719, 0.480315483478, 0.107201892304, 0.20368519773, 0.24150857712, 0.0332113469145, 0.317718537, 0.195177206211, 0.062869899905, 0.386443993867, 0.444750997803, 0.237756453153, 0.000102110047127, 11.2005657484
0.000588137148816, 0.0605303592865, 0.132169221413, 0.00585705373881, 0.130748910998, 0.757336816414, 0.37894951674, 0.961888671377, 0.060571708801, 0.63563303266, 0.318218815189, 0.215216854223, 0.366920962517, 0.00505188075689, 0.362277306514, 0.0685621392588, 0.684701230525, 0.222921561859, 0.47175789248, 0.412112191852, 0.375589333058, 0.923824998447, 0.000588137148816, 0.0605303592865, 16.0920601305
0.0230395428544, 0.00204058407562, 0.0932450278179, 0.0205193749502, 0.141520718533, 0.596428071495, 0.19368503667, 0.0174330778895, 0.0299504727819, 0.0640989959671, 0.427552037956, 0.294890527552, 0.0240720709903, 0.00883675511253, 0.140439293076, 0.212701452983, 0.0522973664158, 0.00197941675552, 0.00718500017668, 0.0152104582892, 0.363907687392, 0.127350911194, 0.0230395428544, 0.00204058407562, 9.82072713463
0.0027346463148, 0.000632079224592, 0.0236221097174, 0.312831147655, 0.126978414697, 0.0811807884787, 0.0519546652173, 0.00358571766987, 0.00313177842038, 0.316299548539, 0.363566841767, 0.140136288467, 0.488908964806, 0.0196188069011, 0.200926818037, 0.0287757320067, 0.0832196088773, 0.513798592247, 0.141669061321, 0.0434159538466, 0.092273192794, 0.428162650454, 0.0027346463148, 0.000632079224592, 10.6759567242
0.00468547632423, 0.102466115346, 0.0204262356427, 0.00530922489735, 0.23428072623, 0.343921064942, 0.0324685778152, 0.0246649120864, 0.0015988938107, 0.0206064749158, 0.051989706126, 0.296536142827, 0.49063823219, 0.21664539357, 0.272422557334, 0.204676526492, 0.0636269196392, 0.0545461645199, 0.617955588705, 0.0106074380901, 0.0199574284612, 0.241398269121, 0.00468547632423, 0.102466115346, 10.3245735193
0.00242117191334, 0.741976007572, 0.0118012346035, 0.0161837117161, 0.118782599735, 0.345506771512, 0.12784121381, 0.122223002234, 0.00559523061409, 0.179604182503, 0.334484009696, 0.293501728831, 0.101536588574, 0.110277866893, 0.161212492471, 0.214293415707, 0.0153578008724, 0.0210901301575, 0.00157225375636, 0.551706497184, 0.0757080271066, 0.850381507885, 0.00242117191334, 0.741976007572, 10.7498319893
0.86892817597, 0.821199629926, 0.0240703313168, 0.0566231771511, 0.0949836903885, 0.0696534484295, 0.0232912136376, 0.027663940358, 0.0540602751755, 0.0257002673776, 0.21097003857, 0.391993608518, 0.46249148447, 0.00827733113395, 0.285753980608, 0.0289000481859, 0.13258084292, 0.0330025298565, 0.00286514865196, 0.0205412095556, 0.0856878172004, 0.472777518862, 0.86892817597, 0.821199629926, 8.94086262162
0.00607528806508, 0.098847286428, 0.267577095205, 0.00545602008435, 0.232545604187, 0.343930618248, 0.338796310159, 0.0205582504447, 0.0015988938107, 0.0206064749158, 0.0516497974364, 0.296517699503, 0.483584428988, 0.0126477871353, 0.326852574656, 0.204963170361, 0.0636269196392, 0.00938749170145, 0.190309928373, 0.0106069620221, 0.000974697892069, 0.241398269121, 0.00607528806508, 0.098847286428, 10.189984565
0.00159560042161, 0.741976007572, 0.0118012346035, 0.0161837117161, 0.121689840897, 0.380961033609, 0.12784121381, 0.0159345436554, 0.00559523061409, 0.175234789675, 0.457809498952, 0.0462101708358, 0.101536588574, 0.551810350106, 0.201177977935, 0.214293415707, 0.0153578008724, 0.0560812643235, 0.448391801305, 0.0401729526727, 0.0199980050189, 0.864683858853, 0.00159560042161, 0.741976007572, 11.0347941828
0.237756453153, 0.000102947471149, 0.0850424963008, 0.018070881941, 0.23725132249, 0.112978511978, 0.583096509397, 0.0158301369937, 0.00928499159565, 0.0655193130902, 0.418720103196, 0.155225384719, 0.480315483478, 0.112269013322, 0.203596764951, 0.24150857712, 0.0332219713339, 0.317718537, 0.195177206211, 0.062869899905, 0.00312627595823, 0.0852063838409, 0.237756453153, 0.000102947471149, 10.5747502806
0.00136761915684, 0.00174144850592, 0.0536871684154, 0.00407266469216, 0.264087121734, 0.331951801828, 0.174400091743, 0.00263216337792, 0.0322737020201, 0.172327645769, 0.108020926204, 0.164013963338, 0.485853739252, 0.102803846775, 0.111867239863, 0.125780012313, 0.00707738656236, 0.319693263011, 0.603666613643, 0.299307396284, 0.0878702797708, 0.445906105735, 0.00136761915684, 0.00174144850592, 11.2608471042
0.00707544453597, 0.00288293157486, 0.0554544687029, 0.00436328804283, 0.362712245133, 0.065914899196, 0.316666148088, 0.0201777420545, 0.00575023765227, 0.064735203069, 0.0619014714294, 0.0329035299789, 0.365199139571, 0.00186877918601, 0.200974833993, 0.0521275761684, 0.204693119915, 0.378159948952, 0.00894308566327, 0.200299819692, 0.392959218959, 0.439751076423, 0.00707544453597, 0.00288293157486, 10.3664521022
0.00369817840982, 0.00320408087298, 0.120928890669, 0.0497598928526, 0.36853797302, 0.356149422259, 0.313760559798, 0.368972881017, 0.00930550232753, 0.0233833423929, 0.0377460937604, 0.155231375911, 0.435646671748, 0.0954900667898, 0.202501176232, 0.144957960297, 0.033148087788, 0.0221865349532, 0.190935378873, 0.0116532166256, 0.384876941162, 0.100757013926, 0.00369817840982, 0.00320408087298, 10.6239317911
0.000957086901014, 0.0604599035723, 0.132060369627, 0.0116615647168, 0.367113235147, 0.0155323120434, 0.356971628231, 0.520861403589, 0.0289494194614, 0.0212188907656, 0.317465297724, 0.036651808975, 0.363068475779, 0.106538502536, 0.371242627011, 0.0503577639278, 0.211433483777, 0.954451985363, 0.00716581688567, 0.200556021859, 0.00558760692723, 0.124503359067, 0.000957086901014, 0.0604599035723, 11.6592606689
0.001032059351, 0.00033256055861, 0.556680498369, 0.115425617384, 0.617721676306, 0.355236833265, 0.0832584977508, 0.160805415983, 0.386646764747, 0.26350383113, 0.0550124167618, 0.295359762971, 0.392407520388, 0.0948002250939, 0.156383493515, 0.212119862927, 0.0150508505601, 0.0467426122431, 0.775987863192, 0.405971519799, 0.0425444928182, 0.466181120325, 0.001032059351, 0.00033256055861, 13.421833694
0.232950656442, 0.0694994301327, 0.101181245239, 0.0235913907075, 0.115764318606, 0.589702383136, 0.0321815680644, 0.016094927648, 0.0151446754206, 0.0409879726927, 0.0531834600838, 0.174874207068, 0.268269698119, 0.0126364742929, 0.140673220217, 0.0282001395473, 0.015842208171, 0.0224760591041, 0.212111789408, 0.434941232594, 0.0980056061011, 0.436711135083, 0.232950656442, 0.0694994301327, 9.74887914601
0.85610035513, 0.814225976675, 0.0240703313168, 0.114959422814, 0.0962232018771, 0.0693670942806, 0.0232912136376, 0.027663940358, 0.0550268353262, 0.0313837305031, 0.504977179755, 0.296474604224, 0.463160918827, 0.00498671005488, 0.28614487538, 0.029956288231, 0.13258084292, 0.135235404336, 0.00202028989871, 0.0205412095556, 0.33086481634, 0.472777518862, 0.85610035513, 0.814225976675, 9.73309952834
0.00468806044852, 0.000204354567155, 0.0209273782773, 0.00534472934646, 0.522579846387, 0.35622196279, 0.174136853219, 0.0264093054613, 0.507360284408, 0.0074351590347, 0.2429261783, 0.295682598871, 0.392133544507, 0.226065133706, 0.772210723157, 0.213508543796, 0.00302505415621, 0.054121872, 0.811418825514, 0.0120886240764, 0.0198861883046, 0.576079160995, 0.00468806044852, 0.000204354567155, 13.0724962461
0.00526470536195, 0.000204099782062, 0.418178729022, 0.00601472994643, 0.613129141812, 0.0713622477778, 0.317920024893, 0.174741233407, 0.0292659421015, 0.0842202278364, 0.0500852235254, 0.294687263856, 0.389889628644, 0.603857753764, 0.770647671306, 0.213728639906, 0.000102323316101, 0.319704470921, 0.610941832797, 0.0120950290919, 0.0165818408809, 0.437973435506, 0.00526470536195, 0.000204099782062, 13.3363798395
0.00526470536195, 0.000203492147061, 0.418178729022, 0.00599716684146, 0.366955918471, 0.352419558088, 0.317920024893, 0.987179399736, 0.0290395262636, 0.0842202278364, 0.0500852235254, 0.0329035299789, 0.389446974175, 0.109362463378, 0.770647671306, 0.213728639906, 0.000102323316101, 0.318771270207, 0.610941832797, 0.0101321816699, 0.019302515988, 0.572904790458, 0.00526470536195, 0.000203492147061, 13.640262585
0.00385385955463, 0.000244193335141, 0.130798621006, 0.00715990374165, 0.125672981347, 0.758272516543, 0.0499033564393, 0.344773658363, 0.433326259772, 0.022990785375, 0.341368508896, 0.294397241187, 0.488946967644, 0.569513843361, 0.459670403839, 0.306132031792, 0.706271982716, 0.22213462467, 0.221739497857, 0.00464356665537, 0.545495447662, 0.616695908577, 0.00385385955463, 0.000244193335141, 14.9765292556
0.00468217436565, 0.000246655675166, 0.0198940438038, 0.00528660987089, 0.609773204557, 0.356159024007, 0.17328326077, 0.0248429284113, 0.50056234724, 0.263216207752, 0.0561802193726, 0.295682598871, 0.391340642493, 0.764916463181, 0.273313766929, 0.213508240074, 0.00302505415621, 0.054121872, 0.800321586439, 0.0106580785078, 0.0262447913876, 0.629284390489, 0.00468217436565, 0.000246655675166, 13.3857438315
0.00273494156384, 0.000473380360178, 0.0843178831092, 0.0592625677053, 0.108261257032, 0.329659492866, 0.201770539341, 0.342132345654, 0.419713620657, 0.179082533337, 0.284605898647, 0.294820403364, 0.395398512196, 0.0128541339217, 0.3267006834, 0.137805508542, 0.0248684752552, 0.155463112932, 0.0130520962488, 0.410112174303, 0.00643437253791, 0.0624642348831, 0.00273494156384, 0.000473380360178, 11.1953368529
0.00730252089558, 0.000286342967777, 0.424261700247, 0.0653727051609, 0.625041675508, 0.343814906058, 0.0499302924352, 0.1539882123, 0.00832919518237, 0.449980877172, 0.0526433966847, 0.283525856011, 0.0968130486399, 0.0964163358701, 0.14792168382, 0.144952044761, 0.0645787311119, 0.320577869549, 0.0101218178909, 0.404375613265, 0.473340165148, 0.425149098201, 0.00730252089558, 0.000286342967777, 12.2641591377
0.0185279035979, 0.000246655675166, 0.0198940438038, 0.067090270495, 0.36620844007, 0.0683571450087, 0.17334924078, 0.996638811873, 0.507360284408, 0.00511451086763, 0.0455280957806, 0.295682598871, 0.392133544507, 0.239902580738, 0.273313766929, 0.217095122402, 0.00377262043609, 0.054121872, 0.806291335601, 0.201711026995, 0.0201619782738, 0.381167676176, 0.0185279035979, 0.000246655675166, 12.9282082776
0.236278155666, 0.000462171322531, 0.0843907105256, 0.0592625677053, 0.122833324801, 0.329466395875, 0.0321904317702, 0.131258761473, 0.394982199041, 0.179082533337, 0.419369337153, 0.294820403364, 0.395398512196, 0.00948344829853, 0.157290703881, 0.498268376995, 0.0248684752552, 0.155463112932, 0.00679838785233, 0.410112174303, 0.00439931383861, 0.0907169765255, 0.236278155666, 0.000462171322531, 11.0642727512
0.0239211464547, 0.00027912388557, 0.0552547615343, 0.00828486211578, 0.63214967386, 0.380297549645, 0.0557581466157, 0.0160458757733, 0.00575460306097, 0.0647399976362, 0.458443265132, 0.0448283277667, 0.137775700596, 0.561764828472, 0.205588325871, 0.314710552199, 0.0490266516557, 0.0527804119938, 0.447319512306, 0.0514999228167, 0.0231575285234, 0.444326995255, 0.0239211464547, 0.00027912388557, 11.408112826
0.00618633988701, 0.000259274948233, 0.158242101077, 0.00897119446853, 0.626845154447, 0.395296890657, 0.307207354147, 0.0160458757733, 0.00359123193308, 0.0647399976362, 0.456973912505, 0.269444728712, 0.137775700596, 0.557439064327, 0.200633041953, 0.278365844646, 0.0536592066674, 0.0559734559458, 0.448731731341, 0.0514999228167, 0.0204456176189, 0.627202867263, 0.00618633988701, 0.000259274948233, 12.3965989869
0.0420581752341, 0.000238123065254, 0.0213996305925, 0.00586410846975, 0.35956922048, 0.364574968875, 0.052823381369, 0.158524947245, 0.0665351670504, 0.444200912031, 0.052322408224, 0.0683838207955, 0.440910973997, 0.0835382032113, 0.270430383967, 0.144124014167, 0.00219994687191, 0.318922335015, 0.804370899762, 0.0097458892331, 0.105262244532, 0.600066997257, 0.0420581752341, 0.000238123065254, 11.8948989923
0.00744644738597, 0.000279952410729, 0.0197305602204, 0.00331734708555, 0.612618711381, 0.356159024007, 0.172756609235, 0.00748169443854, 0.0366654628926, 0.0848584304174, 0.337666201369, 0.282601122432, 0.390741995577, 0.0925557561404, 0.157165265786, 0.142741826974, 0.00510415974351, 0.0506303188694, 0.602081896567, 0.0139058497543, 0.0105223307028, 0.629284390489, 0.00744644738597, 0.000279952410729, 11.4102768458
0.0240813293057, 0.000274781926408, 0.0182426502468, 0.00828486211578, 0.626845154447, 0.380297549645, 0.0556690376916, 0.0160458757733, 0.00359123193308, 0.0647399976362, 0.456973912505, 0.0448283277667, 0.137775700596, 0.556234482849, 0.201572249614, 0.31271671391, 0.0536793914013, 0.0559734559458, 0.447319512306, 0.0514999228167, 0.0204456176189, 0.444326995255, 0.0240813293057, 0.000274781926408, 11.3373008177
0.00175566434565, 0.000767629960391, 0.268501451491, 0.00726000935213, 0.126669385133, 0.737028513552, 0.313760559798, 0.354366822182, 0.0138354705262, 0.460537313906, 0.29947543616, 0.294655060791, 0.367321693791, 0.124298575164, 0.367666060868, 0.022489141887, 0.00369644543079, 0.220091031087, 0.0111485301401, 0.0152184553852, 0.0127825185568, 0.664605616161, 0.00175566434565, 0.000767629960391, 12.3248650198
0.0431258990692, 0.0690592064531, 0.0930834818363, 0.011634963393, 0.367113235147, 0.0284939782943, 0.33170028535, 0.140865636736, 0.0292617177188, 0.0212188907656, 0.0523142034864, 0.036651808975, 0.464211455875, 0.0907769314412, 0.139957463241, 0.0518806107965, 0.0326709342789, 0.898529226843, 0.00741568712174, 0.200556021859, 0.00775800433849, 0.124503359067, 0.0431258990692, 0.0690592064531, 10.2013951261
0.025031513127, 0.0684683687331, 0.101181245239, 0.0112559518456, 0.124572785001, 0.588372936541, 0.192567768908, 0.016094927648, 0.0299504727819, 0.044580313095, 0.0531834600838, 0.174874207068, 0.0217669269524, 0.0119920052957, 0.140843851844, 0.132832425393, 0.034926071661, 0.369838070549, 0.211410449717, 0.434941232594, 0.0980056061011, 0.436711135083, 0.025031513127, 0.0684683687331, 10.3396748323
0.043238725269, 0.0668832145777, 0.0937308075307, 0.020183151271, 0.1228307874, 0.0664893672021, 0.0324388019608, 0.016094927648, 0.0299504727819, 0.554966045095, 0.295255394437, 0.0662833622345, 0.0244405128081, 0.103676803413, 0.356683418363, 0.0522944978256, 0.0668278112768, 0.0708269454861, 0.00946137457368, 0.198887444724, 0.363942326473, 0.453903245195, 0.043238725269, 0.0668832145777, 10.0249647156
0.86892817597, 0.0217882800105, 0.0240703313168, 0.113578334816, 0.0949836903885, 0.00922032862256, 0.0384011243283, 0.0211076119264, 0.0537835952455, 0.012633011123, 0.504977179755, 0.3002741725, 0.292912918614, 0.00568172993954, 0.712497881755, 0.0291297778186, 0.0154717611276, 0.00245310602097, 0.00117090191661, 0.0205412095556, 0.146128885407, 0.665909834118, 0.86892817597, 0.0217882800105, 9.88967319574
0.0341334444299, 0.00280323962457, 0.277722779432, 0.00827895600182, 0.0995794148072, 0.065306574287, 0.0534752407828, 0.020386015473, 0.0142197954625, 0.0647399976362, 0.0619748315519, 0.300204453117, 0.480568559932, 0.00731995724396, 0.201017752542, 0.217577881674, 0.00966051321544, 0.319693263011, 0.000687818468676, 0.932451684907, 0.0836177133195, 0.128201147648, 0.0341334444299, 0.00280323962457, 10.5108938721
0.236278155666, 0.00153962672666, 0.272192950642, 0.00188035024117, 0.119002388121, 0.0490386364375, 0.0330170529222, 0.00438586471051, 0.394448462961, 0.179687917939, 0.331916524105, 0.295928094249, 0.395398512196, 0.00948344829853, 0.159441066742, 0.150279209106, 0.01768831724, 0.154548238249, 0.00835385935064, 0.410112174303, 0.207739178838, 0.400540406995, 0.236278155666, 0.00153962672666, 10.7882497867
0.0034692184173, 0.0168014786164, 0.273102076382, 0.0489914626391, 0.36853797302, 0.356149422259, 0.313760559798, 0.154996733201, 0.013250906615, 0.0832239911861, 0.226480830136, 0.299375127668, 0.368555205132, 0.095652667597, 0.156160886586, 0.144957960297, 0.00370097300216, 0.0193032919209, 0.605166142056, 0.011009022862, 0.00708384759095, 0.125232430022, 0.0034692184173, 0.0168014786164, 10.9572757083
0.00744644738597, 0.00287424211746, 0.0197305602204, 0.00331734708555, 0.612618711381, 0.354598926427, 0.0534128590838, 0.00748169443854, 0.0371087243867, 0.0848584304174, 0.461914912224, 0.0363068261093, 0.394974368297, 0.0925557561404, 0.157165265786, 0.142741826974, 0.00510415974351, 0.0506303188694, 0.443038584567, 0.0139058497543, 0.0105223307028, 0.631533005072, 0.00744644738597, 0.00287424211746, 10.8765765289
0.229812115404, 0.00128412046782, 0.263642176163, 0.00528770182227, 0.625536656976, 0.065306574287, 0.0512783584026, 0.0289162302317, 0.058554708609, 0.0647399976362, 0.370049838974, 0.288784966419, 0.122477488758, 0.00379405295872, 0.156381405153, 0.217287335627, 0.0789920774706, 0.0186618724809, 0.605391697455, 0.40439341423, 0.0398320048901, 0.428393438844, 0.229812115404, 0.00128412046782, 11.1952994973
0.86892817597, 0.821199629926, 0.0240703313168, 0.114959422814, 0.0949836903885, 0.0693670942806, 0.0232912136376, 0.027663940358, 0.0540602751755, 0.0306341981336, 0.504977179755, 0.3002741725, 0.46242882891, 0.00827733113395, 0.285762266888, 0.0289000481859, 0.13258084292, 0.136126436237, 0.00114133757915, 0.0205412095556, 0.0856878172004, 0.472777518862, 0.86892817597, 0.821199629926, 9.41542615974
0.00607528806508, 0.102466115346, 0.255062599093, 0.00530922489735, 0.232545604187, 0.343930618248, 0.0324685778152, 0.0246649332737, 0.0015988938107, 0.0206064749158, 0.051989706126, 0.296517699503, 0.49063823219, 0.0126477871353, 0.336608961818, 0.204963170361, 0.0636269196392, 0.0013836755188, 0.616095242416, 0.0106069620221, 0.000271220309119, 0.241398269121, 0.00607528806508, 0.102466115346, 10.349478015
0.288877680435, 0.00117305793442, 0.263408440704, 0.0192142911554, 0.366212898207, 0.067962163807, 0.337762368434, 0.159794221103, 0.0035446166663, 0.0558769229499, 0.0546777489771, 0.169000042601, 0.479740625302, 0.569854942803, 0.137214816744, 0.018940371727, 0.131777353601, 0.0216778020121, 0.188995766346, 0.213212332211, 0.0793234449134, 0.436872283173, 0.288877680435, 0.00117305793442, 11.0327213952
0.872441948571, 0.000446510282703, 0.263475192327, 0.0570427618317, 0.0971029412391, 0.338521211444, 0.0311619842212, 0.0209415284652, 0.603478676862, 0.297690963912, 0.364619791466, 0.154561366347, 0.267039997257, 0.112681176963, 0.153850162176, 0.0291308942346, 0.136865445231, 0.0189878733076, 0.604929122353, 0.0204586941697, 0.0972792997363, 0.43694084571, 0.872441948571, 0.000446510282703, 11.2719597306
0.00137363672508, 0.00825093899845, 0.400554991914, 0.012815981933, 0.264087121734, 0.331951801828, 0.174400091743, 0.00263216337792, 0.0322737020201, 0.172327645769, 0.108020926204, 0.163220324513, 0.485853739252, 0.102803846775, 0.111867239863, 0.105059450168, 0.0486432216717, 0.317842098046, 0.603666613643, 0.296101437963, 0.0878702797708, 0.249822459973, 0.00137363672508, 0.00825093899845, 11.4952968421
0.00137349443404, 0.732385928206, 0.393734406802, 0.0140470248812, 0.112540439131, 0.337964219456, 0.11643099601, 0.155815782529, 0.381088032724, 0.541279777943, 0.0491500652192, 0.068471043532, 0.538879824539, 0.0145018603973, 0.355152373254, 0.1052715536, 0.0516795795052, 0.0876855477833, 0.607917149977, 0.0546734715325, 0.0106117001383, 0.247675466579, 0.00137349443404, 0.732385928206, 11.5406438029
0.00141308367874, 0.107959670125, 0.260159683904, 0.0592625677053, 0.12298767413, 0.329659492866, 0.328979434565, 0.135305642652, 0.419713620657, 0.179082533337, 0.284605898647, 0.174675661603, 0.395398512196, 0.00948344829853, 0.157154779509, 0.0375336636521, 0.0248684752552, 0.527013189113, 0.0130515896687, 0.410112174303, 0.00437797545612, 0.0907169765255, 0.00141308367874, 0.107959670125, 11.3195765212
0.00162272161922, 0.005715404614, 0.273181535813, 0.0741112029384, 0.366968974998, 0.416371379297, 0.313760559798, 0.156446056003, 0.0290172120593, 0.0873933713316, 0.294447247082, 0.0637969166005, 0.367722524684, 0.0913998744239, 0.35442531361, 0.121178054177, 0.00369644543079, 0.0933106035695, 0.605216911772, 0.0110099650835, 0.00649870445134, 0.379078078697, 0.00162272161922, 0.005715404614, 11.5459537693
0.0435152824827, 0.016745913559, 0.165941122475, 0.00604800684727, 0.364988557941, 0.341617048435, 0.0294785751377, 0.0223567492247, 0.0413250841562, 0.622337224729, 0.0523197426322, 0.170946881555, 0.275516169644, 0.0153963573562, 0.140319583831, 0.318872191879, 0.136731233056, 0.0185272942361, 0.0101980890133, 0.0538309050577, 0.104546157237, 0.440392724637, 0.0435152824827, 0.016745913559, 10.4858320617
0.00812072319839, 0.0688158649954, 0.0938107901265, 0.020183151271, 0.125034716326, 0.589869186475, 0.196097109696, 0.017390035099, 0.0299504727819, 0.0640989959671, 0.427552037956, 0.610305240253, 0.0261030303189, 0.00830931504818, 0.140439293076, 0.212701452983, 0.0519382852978, 0.00121545567427, 0.00718500017668, 0.438590717473, 0.363907687392, 0.123996506286, 0.00812072319839, 0.0688158649954, 10.7725574574
0.0116379029127, 0.0685548448949, 0.0223357121528, 0.0190368400053, 0.37631249789, 0.355796952715, 0.330262452489, 0.15976924104, 0.0144982972114, 0.0305214322259, 0.33753550166, 0.17232885103, 0.292912918614, 0.00826806782991, 0.136792199603, 0.0291308523427, 0.131499555904, 0.0111927595053, 0.0011972834471, 0.0109117127504, 0.477364008172, 0.665275666973, 0.0116379029127, 0.0685548448949, 10.8181950198
0.00511595000211, 0.83037450175, 0.086619762239, 0.115087458284, 0.366955918471, 0.0507976616566, 0.0837892231693, 0.163787176614, 0.0292881607265, 0.265152722136, 0.0500637854821, 0.288804164889, 0.392625780348, 0.0926860253431, 0.159562664866, 0.210675366392, 0.0956012726291, 0.148553048866, 0.612293239343, 0.201507271423, 0.00443866311862, 0.407226035443, 0.00511595000211, 0.83037450175, 10.9031129416
0.0430688869216, 0.0690592064531, 0.0937308075307, 0.011634963393, 0.367113235147, 0.0276037983543, 0.33170028535, 0.520861403589, 0.0292617177188, 0.0212188907656, 0.0523142034864, 0.036651808975, 0.464211455875, 0.106644734489, 0.140439293076, 0.051918228943, 0.207981114459, 0.898529226843, 0.00716581688567, 0.200556021859, 0.00361738750098, 0.124503359067, 0.0430688869216, 0.0690592064531, 10.9653653976
0.23758414121, 0.000273704504367, 0.55667286682, 0.0100494992516, 0.60722497867, 0.355236833265, 0.177887978828, 0.1615729383, 0.0980014825045, 0.262198542742, 0.0810290982029, 0.295069274904, 0.392356197148, 0.107077988568, 0.156383493515, 0.241097774277, 0.00287769645895, 0.0467426122431, 0.602251415605, 0.405971519799, 0.386518380667, 0.472313615797, 0.23758414121, 0.000273704504367, 13.2379586494
0.229144017534, 0.0684683687331, 0.100681639333, 0.020183151271, 0.124572785001, 0.588372936541, 0.192567768908, 0.016094927648, 0.0299504727819, 0.0209730845723, 0.414848197325, 0.174874207068, 0.0217628242787, 0.0119920052957, 0.140439293076, 0.133793415158, 0.0668278112768, 0.0630444402856, 0.211310373998, 0.424285681001, 0.363942326473, 0.124503359067, 0.229144017534, 0.0684683687331, 10.3027024248
0.00607528806508, 0.101691279134, 0.020444180279, 0.00530922489735, 0.232545604187, 0.343930618248, 0.0324685778152, 0.0246796197318, 0.0026353315518, 0.0206064749158, 0.337392664274, 0.296517699503, 0.49063823219, 0.0126477871353, 0.336608961818, 0.143331699734, 0.0621806823437, 0.0503269728467, 0.616095242416, 0.0106582675449, 0.480385589514, 0.241398269121, 0.00607528806508, 0.101691279134, 11.0472648179
0.043238725269, 0.0614424472605, 0.0937308075307, 0.020183151271, 0.124572785001, 0.0403871041356, 0.194302375929, 0.016094927648, 0.0299504727819, 0.0209730845723, 0.398239332759, 0.174874207068, 0.0249103979502, 0.103676803413, 0.160981491649, 0.0522944978256, 0.0668278112768, 0.919180055966, 0.00946137457368, 0.202490624125, 0.363942326473, 0.453616921571, 0.043238725269, 0.0614424472605, 10.6619341664
0.872441948571, 0.000246185727929, 0.263475192327, 0.0570871606324, 0.094540314645, 0.338521211444, 0.173479812023, 0.0236048558348, 0.603478676862, 0.297690963912, 0.371063116679, 0.154561366347, 0.392304824207, 0.238079895484, 0.273068268728, 0.0307209604069, 0.00507406321149, 0.0559958226749, 0.604929122353, 0.203274893813, 0.0208080618111, 0.43694084571, 0.872441948571, 0.000246185727929, 11.9760547442
0.928238025082, 0.00936278415213, 0.0932399092542, 0.113928168837, 0.141766224108, 0.11540832424, 0.0535929909148, 0.0215611321837, 0.606795441617, 0.299355780738, 0.363623514608, 0.2971068072, 0.384244267308, 0.00707957335432, 0.365440735076, 0.0288213761763, 0.035342511645, 0.0876919378185, 0.00560404174114, 0.0283294702106, 0.0885114254212, 0.436733248795, 0.928238025082, 0.00936278415213, 10.5929011687
0.00979139524433, 0.700683012565, 0.0118012346035, 0.0348119370287, 0.118949057092, 0.345506771512, 0.12784121381, 0.0197648887772, 0.00559523061409, 0.0244798592237, 0.334484009696, 0.293141982697, 0.101536588574, 0.110277866893, 0.161212492471, 0.214293415707, 0.0151091536095, 0.0210901301575, 0.00117044094679, 0.559044963243, 0.0757080271066, 0.857595456997, 0.00979139524433, 0.700683012565, 10.4947563257
0.0331673282784, 0.106195195536, 0.266026689549, 0.0139068427454, 0.12298564959, 0.085336275892, 0.329971710885, 0.156539218914, 0.00268104402711, 0.0627804609446, 0.0608761156084, 0.175740887708, 0.487494427288, 0.0196356127586, 0.199697794121, 0.0368234765524, 0.0467734049611, 0.529195723675, 0.00260932711321, 0.360993192037, 0.101049651726, 0.435834372594, 0.0331673282784, 0.106195195536, 10.6846581962
0.00160216450377, 0.686001199009, 0.394613525539, 0.0747099225342, 0.373062445192, 0.0667120157499, 0.0325257335198, 0.153259661037, 0.381088032724, 0.169123575249, 0.294315306425, 0.0684852562617, 0.537868074046, 0.630704497174, 0.355305515555, 0.1052715536, 0.0653316245253, 0.0940331754438, 0.605232082217, 0.0507243400298, 0.0959823414462, 0.44420596594, 0.00160216450377, 0.686001199009, 12.5977420914
0.871131189988, 0.000446510282703, 0.0860667654979, 0.0576098046784, 0.118576452879, 0.338521211444, 0.0311619842212, 0.0209415284652, 0.603478676862, 0.294952566417, 0.364619791466, 0.154561366347, 0.268025761211, 0.113264149536, 0.153850162176, 0.0291308942346, 0.136865445231, 0.0189878733076, 0.604929122353, 0.414793716987, 0.0144609711251, 0.43694084571, 0.871131189988, 0.000446510282703, 11.4768469614
0.23758333462, 0.000273704504367, 0.55667286682, 0.674207257978, 0.615136635739, 0.355236833265, 0.177887978828, 0.1615729383, 0.0980014825045, 0.26350383113, 0.0550124167618, 0.295069274904, 0.392356197148, 0.0948002250939, 0.156383493515, 0.212211832018, 0.00312840770371, 0.0467426122431, 0.602251415605, 0.405971519799, 0.0399393384745, 0.472313615797, 0.23758333462, 0.000273704504367, 13.5871240411
0.86892817597, 0.821199629926, 0.271668882058, 0.0744304519507, 0.0949836903885, 0.355051855162, 0.316590171447, 0.154753194474, 0.0540602751755, 0.0306341981336, 0.292988557246, 0.0627503826774, 0.46242882891, 0.00891129657695, 0.359131338376, 0.146277553286, 0.00503720001487, 0.12749224904, 0.00114133757915, 0.0205412095556, 0.0859926606264, 0.453274111422, 0.86892817597, 0.821199629926, 10.0626321756
0.0433658850905, 0.00573016606435, 0.0843907105256, 0.00188035024117, 0.119150251654, 0.0514336854019, 0.0304781955519, 0.00450426365957, 0.0320442897628, 0.0201351694389, 0.0524181098019, 0.292955530826, 0.392571605133, 0.00948344829853, 0.159516255666, 0.91417236082, 0.01768831724, 0.916322025495, 0.0064970677997, 0.409803175991, 0.00593164160446, 0.122040560836, 0.0433658850905, 0.00573016606435, 10.9083530555
0.00346951147203, 0.0168723608912, 0.12083049921, 0.0497598928526, 0.36853797302, 0.356149422259, 0.313760559798, 0.346146144458, 0.0155682694969, 0.0245345428652, 0.0369850077492, 0.2965254332, 0.489041174086, 0.0954900667898, 0.387830067941, 0.144957960297, 0.00617578529187, 0.0193032919209, 0.589815541313, 0.0116532166256, 0.0108575824169, 0.125232430022, 0.00346951147203, 0.0168723608912, 11.1387368949
0.235114091148, 0.000446510282703, 0.0488842724183, 0.114074186777, 0.367417792161, 0.338421788703, 0.0311619842212, 0.0025972462709, 0.610116841825, 0.301697616399, 0.367544392957, 0.154561366347, 0.267095922339, 0.108784580671, 0.161156973677, 0.0290448463314, 0.0158832940016, 0.0189878733076, 0.604929122353, 0.042686407089, 0.0972792997363, 0.43694084571, 0.235114091148, 0.000446510282703, 11.49260329
0.091288035881, 0.000311484646934, 0.263087023502, 0.00531478192754, 0.622846190026, 0.0693332185672, 0.0547001232207, 0.167878885151, 0.00334338323031, 0.0645829007525, 0.0812223636786, 0.300017568852, 0.127083774768, 0.113284105786, 0.155710006677, 0.0252415504771, 0.13313696219, 0.319693263011, 0.172791699116, 0.935475484807, 0.0880286914402, 0.436872283173, 0.091288035881, 0.000311484646934, 11.5624892523
0.024157969921, 0.00329853797037, 0.149109047226, 0.0181617265428, 0.23725132249, 0.112978511978, 0.583096509397, 0.0180212744493, 0.00928499159565, 0.0647399976362, 0.107842021432, 0.155225384719, 0.480568559932, 0.00940635634203, 0.201544633109, 0.214500088941, 0.0332113469145, 0.319693263011, 0.195177206211, 0.059406151463, 0.386443993867, 0.445276593822, 0.024157969921, 0.00329853797037, 11.1261016053
0.0435152824827, 0.00969981391866, 0.168442645007, 0.0738349380499, 0.367023936405, 0.0523119847158, 0.201729871019, 0.143016173073, 0.0660692892695, 0.622337224729, 0.0523197426322, 0.170940737869, 0.275258063318, 0.0153963573562, 0.140319583831, 0.318872191879, 0.122071199898, 0.150822672563, 0.161231780213, 0.0538309050577, 0.00335829397024, 0.407178628886, 0.0435152824827, 0.00969981391866, 10.8036826021
0.00341695168611, 0.0168723608912, 0.053699478315, 0.0497598928526, 0.36853797302, 0.356149422259, 0.18120206984, 0.346770427017, 0.0155682694969, 0.0245345428652, 0.106527604097, 0.2965254332, 0.48903697055, 0.0954909655382, 0.387830067941, 0.144957960297, 0.0156513891255, 0.0193870785372, 0.589815541313, 0.268543409418, 0.00657362736722, 0.125232430022, 0.00341695168611, 0.0168723608912, 11.3177603929
0.236278155666, 0.00573016606435, 0.150738527602, 0.0586669982628, 0.36821158445, 0.0514336854019, 0.0311596397914, 0.00244617004499, 0.394982199041, 0.178969104572, 0.0530713312719, 0.294820403364, 0.395398512196, 0.00948344829853, 0.155391384909, 0.904721408223, 0.0158811154662, 0.0200179799485, 0.0120102816802, 0.038994657476, 0.00438247216657, 0.407615316379, 0.236278155666, 0.00573016606435, 10.7248610874
0.00242117191334, 0.741976007572, 0.0108905380817, 0.0161837117161, 0.118782599735, 0.34703113645, 0.12784121381, 0.122223002234, 0.00559523061409, 0.179604182503, 0.334484009696, 0.293501728831, 0.391853373318, 0.110277866893, 0.161212492471, 0.21457881352, 0.00222253590444, 0.0301444288576, 0.00708947134574, 0.542665696415, 0.34447283257, 0.858442008295, 0.00242117191334, 0.741976007572, 11.4954611836
