0.0121678703809, 0.110255181788, 0.0239895905011, 0.102839134889, 0.440821490066, 0.205533618879, 0.816912887989, 0.262098219991, 0.221770708927, 0.140498843155, 0.734843256497, 0.801746218496, 0.635796990644, 0.0680088007685, 0.737385983534, 0.195396776151, 0.19717820211, 0.469477584102, 0.406668906638, 0.827172717343, 0.324060140636, 0.638443763622, 0.205572113822, 0.764424279206, 0.0121678703809, 0.110255181788, 0.0239895905011, 0.102839134889, 30.3665566052
0.00135011024049, 0.657706384736, 0.221518163414, 0.724283510814, 0.828874006474, 0.31138563328, 0.547691471492, 0.846365375218, 0.527257832702, 0.201758503066, 0.63023941527, 0.0833594748602, 0.0775872291307, 0.188885384414, 0.573580618249, 0.307814728561, 0.297707476223, 0.585485958871, 0.0558982699567, 0.474141622772, 0.423990581379, 0.0556011085697, 0.222414752884, 0.231687901091, 0.00135011024049, 0.657706384736, 0.221518163414, 0.724283510814, 26.3966621616
0.000348179034542, 0.807427544649, 0.802021641897, 0.348492928478, 0.306371526785, 0.0903781213129, 0.362755226648, 0.44746464554, 0.0428940011056, 0.913905671385, 0.559167477774, 0.465945112745, 0.54045273849, 0.0223125916573, 0.410265156595, 0.0827967477555, 0.708943510654, 0.857212000285, 0.900221668934, 0.412201741636, 0.612798917139, 0.246767060403, 0.609397410756, 0.22473406091, 0.000348179034542, 0.807427544649, 0.802021641897, 0.348492928478, 29.1000401421
0.00165660761885, 0.0380407512294, 0.196258679469, 0.288257342171, 0.395730091915, 0.176285775269, 0.758902063894, 0.0957184970471, 0.264520142576, 0.251252916152, 0.560781572456, 0.822912272807, 0.464471267781, 0.225012214039, 0.0772976473782, 0.795836751111, 0.183753606451, 0.100016241227, 0.626611571849, 0.429916849747, 0.325406854222, 0.0775670025329, 0.00873766845267, 0.244631726457, 0.00165660761885, 0.0380407512294, 0.196258679469, 0.288257342171, 25.3330704814
0.273986950271, 0.78636171286, 0.0301469966866, 0.0848128262518, 0.0961725724065, 0.00313984785296, 0.0940378607857, 0.543246789722, 0.639095347789, 0.294328856463, 0.742618190913, 0.696587150653, 0.41509188841, 0.202841052225, 0.879103038881, 0.307056733034, 0.234077260569, 0.110923547098, 0.452524915287, 0.332964514039, 0.578805051849, 0.769532969091, 0.728578936713, 0.232647007678, 0.273986950271, 0.78636171286, 0.0301469966866, 0.0848128262518, 28.3593108679
0.00384315419257, 0.372778391842, 0.0137725083851, 0.44465477979, 0.306722892273, 0.0908484077695, 0.615252817548, 0.254985741013, 0.081662680851, 0.801155254207, 0.801956243643, 0.511612826158, 0.00858712331967, 0.0253749985133, 0.287881617714, 0.0824595319156, 0.686589297752, 0.51233842792, 0.500761563167, 0.418526391569, 0.0462422654608, 0.878300698023, 0.842720671169, 0.0945321684605, 0.00384315419257, 0.372778391842, 0.0137725083851, 0.44465477979, 27.5956520077
0.000789152130072, 0.92481164176, 0.57862649052, 0.157219902045, 0.607953081555, 0.203424840213, 0.741289046688, 0.708409162696, 0.264514372485, 0.318310982459, 0.812317889506, 0.821236023003, 0.183885275496, 0.888054852585, 0.981552945177, 0.651984516839, 0.181723139565, 0.915388773862, 0.632194342546, 0.301830444893, 0.208236023781, 0.0775670025329, 0.429872610924, 0.241440237764, 0.000789152130072, 0.92481164176, 0.57862649052, 0.157219902045, 32.4264714123
0.00687673742672, 0.544002675902, 0.0088248628084, 0.0873740900105, 0.301315120221, 0.0921595717698, 0.179644406026, 0.444066391853, 0.255714979639, 0.713217022128, 0.648335499965, 0.716010868221, 0.769904008698, 0.293839868449, 0.288960103455, 0.323607181953, 0.723398517491, 0.281506865378, 0.161783231255, 0.431096318426, 0.126483341726, 0.246921231183, 0.102497052311, 0.221171976548, 0.00687673742672, 0.544002675902, 0.0088248628084, 0.0873740900105, 26.4320739215
0.496056264087, 0.0053226980066, 0.0404368999582, 0.0247680108558, 0.565572354748, 0.091444493597, 0.42324324211, 0.66983319568, 0.282472491834, 0.251940380709, 0.588677365493, 0.449018425623, 0.238350522778, 0.744047154887, 0.356414599031, 0.0747594772042, 0.235376075792, 0.495347478514, 0.405181687174, 0.86661900701, 0.289569499965, 0.622100947812, 0.186728880108, 0.0906362690399, 0.496056264087, 0.0053226980066, 0.0404368999582, 0.0247680108558, 27.8179396001
0.321053251744, 0.0506816222756, 0.367546687984, 0.930921702969, 0.374167736963, 0.0490926729771, 0.74035423042, 0.708080859246, 0.27552908348, 0.497307464101, 0.746212628363, 0.512049703655, 0.596252930324, 0.0356219704329, 0.533303701917, 0.187661976936, 0.236004782526, 0.0257427685833, 0.089299287422, 0.156586359664, 0.0313511819813, 0.404401815834, 0.199823547763, 0.282685031814, 0.321053251744, 0.0506816222756, 0.367546687984, 0.930921702969, 24.6296207725
0.842557466701, 0.00353308900725, 0.126659924773, 0.281827867099, 0.606072260754, 0.93745674675, 0.863163685862, 0.811317392296, 0.575802406422, 0.0171782514328, 0.38400980491, 0.270231326537, 0.851636792545, 0.0381997721681, 0.99031462062, 0.900381166232, 0.237028263651, 0.320203622076, 0.280271024334, 0.348899537619, 0.2425773198, 0.521971953172, 0.756293821314, 0.651434511349, 0.842557466701, 0.00353308900725, 0.126659924773, 0.281827867099, 33.3084551444
0.327702982987, 0.027666117068, 0.0459990291531, 0.168730022549, 0.246761307748, 0.190334074507, 0.60311952014, 0.218253062387, 0.081662680851, 0.38942676354, 0.802501920528, 0.54536552898, 0.004706893168, 0.0174394474627, 0.289375933363, 0.124309329309, 0.677432347224, 0.14792301764, 0.141569526296, 0.152297093137, 0.039459811763, 0.853540509964, 0.205495952768, 0.100077759966, 0.327702982987, 0.027666117068, 0.0459990291531, 0.168730022549, 22.9839426527
0.25920815132, 0.185015523663, 0.0201715555985, 0.276173432053, 0.681478687102, 0.197661873404, 0.963883335748, 0.264342759298, 0.280770510779, 0.383759203946, 0.000724372070768, 0.166446522096, 0.0860697823144, 0.299192094567, 0.968223352326, 0.0825666952962, 0.234500001066, 0.472252737272, 0.25166894472, 0.176068903597, 0.0323426039853, 0.636105886689, 0.176889235105, 0.278386046419, 0.25920815132, 0.185015523663, 0.0201715555985, 0.276173432053, 24.6968496778
0.0101456932878, 0.0514165032467, 0.0891245857768, 0.906231931938, 0.769477889105, 0.0991970376669, 0.335687931626, 0.846655453263, 0.275152779982, 0.424958914442, 0.741720721496, 0.674605738736, 0.375397864944, 0.0332844633819, 0.535852201055, 0.579988882734, 0.532961957342, 0.684902376948, 0.405114382104, 0.172646144783, 0.425050960817, 0.0714603992517, 0.0945006858196, 0.826489004988, 0.0101456932878, 0.0514165032467, 0.0891245857768, 0.906231931938, 29.6399318985
0.886372381285, 0.0263560316263, 0.862889510752, 0.140334838937, 0.440289175547, 0.0473266418654, 0.424841282844, 0.000723692450504, 0.579154696108, 0.139760851713, 0.425451703992, 0.192582353274, 0.282759293019, 0.239054756365, 0.0550942696676, 0.356058356447, 0.295675038047, 0.723813501335, 0.57644367325, 0.544979252985, 0.611587976295, 0.202325534819, 0.597033106859, 0.474424980657, 0.886372381285, 0.0263560316263, 0.862889510752, 0.140334838937, 25.5154375333
0.489262113058, 0.795621384663, 0.0270976613644, 0.043066268542, 0.554932340125, 0.0411459125931, 0.109357177781, 0.100747102565, 0.285143191319, 0.752512623218, 0.486900183947, 0.449013040898, 0.546000019167, 0.744047154887, 0.414845979099, 0.102768937233, 0.315709221447, 0.493469413565, 0.410711694186, 0.160992594656, 0.286879747894, 0.241477542922, 0.181788381962, 0.0540663221564, 0.489262113058, 0.795621384663, 0.0270976613644, 0.043066268542, 24.8433420493
0.000500629347076, 0.317956641312, 0.214820985842, 0.762851367066, 0.687330664234, 0.0919999976776, 0.507182888537, 0.157584084854, 0.611915265204, 0.57624569261, 0.897379947961, 0.851587734182, 0.238773315288, 0.0123444265261, 0.286983318534, 0.366239343806, 0.799478156062, 0.173744596834, 0.105883038026, 0.122366233201, 0.0428412234937, 0.100193964482, 0.180105987338, 0.122088462873, 0.000500629347076, 0.317956641312, 0.214820985842, 0.762851367066, 25.1944221396
0.336234528013, 0.544002675902, 0.793049927014, 0.0862171332767, 0.301315120221, 0.0921595717698, 0.177518922373, 0.447438998696, 0.258800829337, 0.713217022128, 0.648335499965, 0.716010868221, 0.766366567821, 0.293839868449, 0.406009526072, 0.328918698839, 0.723398517491, 0.281506865378, 0.161783231255, 0.12139984758, 0.127529520708, 0.246921231183, 0.105164970098, 0.221171976548, 0.336234528013, 0.544002675902, 0.793049927014, 0.0862171332767, 25.6693396997
0.886372381285, 0.0263560316263, 0.899712610318, 0.140334838937, 0.686782026708, 0.0473266418654, 0.424841282844, 0.0991777847051, 0.577739025977, 0.172833963422, 0.425819396459, 0.072047848298, 0.584275605818, 0.239054756365, 0.0550942696676, 0.356058356447, 0.295675038047, 0.723813501335, 0.57644367325, 0.16505000761, 0.611587976295, 0.202325534819, 0.595816175206, 0.183322455879, 0.886372381285, 0.0263560316263, 0.899712610318, 0.140334838937, 25.2759978685
0.320389652336, 0.00553344769493, 0.160409720309, 0.069057918496, 0.716516517543, 0.04183594967, 0.420398907973, 0.573639517743, 0.277129972364, 0.500735779345, 0.590818771292, 0.447857183897, 0.0568071530954, 0.743036246244, 0.533319368872, 0.590710259094, 0.301629480491, 0.0215689838124, 0.0934441457929, 0.160988337754, 0.286361946304, 0.633616249125, 0.255196716635, 0.184590300587, 0.320389652336, 0.00553344769493, 0.160409720309, 0.069057918496, 26.5622719484
0.132654162981, 0.0514924705669, 0.362490496315, 0.0723299751988, 0.922541781399, 0.0025933694709, 0.0992169119568, 0.24270365091, 0.218744214136, 0.685085970106, 0.579866201284, 0.216417350069, 0.178866208149, 0.0324953655715, 0.666817208467, 0.926598410141, 0.0611952452695, 0.519385978965, 0.843320375111, 0.120676074602, 0.277622571048, 0.553206561499, 0.654887983914, 0.220652676235, 0.132654162981, 0.0514924705669, 0.362490496315, 0.0723299751988, 27.906003855
0.142652837161, 0.0521960269291, 0.0311048410356, 0.123462749906, 0.388357530996, 0.0259630577615, 0.631636714969, 0.576085748629, 0.461725864267, 0.434261411191, 0.734843256497, 0.505704651113, 0.593175156739, 0.0185874926326, 0.581381284935, 0.715014253833, 0.301629480491, 0.515478961236, 0.527144138346, 0.597265835937, 0.324386951984, 0.389821362315, 0.201456189329, 0.230380365393, 0.142652837161, 0.0521960269291, 0.0311048410356, 0.123462749906, 29.5620905001
0.273986950271, 0.335762789916, 0.0301469966866, 0.220528083783, 0.0961725724065, 0.0525432813776, 0.0937005612994, 0.0904157079364, 0.639095347789, 0.294328856463, 0.742618190913, 0.696587150653, 0.201321598341, 0.202841052225, 0.879103038881, 0.307056733034, 0.234077260569, 0.110923547098, 0.452364977378, 0.320073105171, 0.578814756001, 0.508431119644, 0.728578936713, 0.232647007678, 0.273986950271, 0.335762789916, 0.0301469966866, 0.220528083783, 26.5539437133
0.0169673893946, 0.110400981258, 0.365198078431, 0.0875714499417, 0.427284080095, 0.423173363257, 0.329171167967, 0.442224650924, 0.224136626614, 0.140498843155, 0.734843256497, 0.567484108617, 0.635787860735, 0.0726268148239, 0.131043641582, 0.316221396459, 0.19717820211, 0.469477584102, 0.406668906638, 0.519152135023, 0.324060140636, 0.638765003694, 0.205572113822, 0.764424279206, 0.0169673893946, 0.110400981258, 0.365198078431, 0.0875714499417, 27.803569358
0.00266396849362, 0.235663044538, 0.817881107074, 0.420727839214, 0.70802138218, 0.469922334078, 0.159594539376, 0.146595821873, 0.603696426274, 0.385366183316, 0.152740024614, 0.125609600619, 0.093099109779, 0.162923611639, 0.306473946788, 0.204246331097, 0.161053523972, 0.44110464362, 0.22612473922, 0.921224029142, 0.413381110656, 0.885018520166, 0.0933317588177, 0.215088935926, 0.00266396849362, 0.235663044538, 0.817881107074, 0.420727839214, 25.0608443636
0.00246802207464, 0.504627363357, 0.924620555676, 0.175239867088, 0.368759240442, 0.294367870913, 0.181075843492, 0.0863694977461, 0.574073683208, 0.721864078901, 0.184425370028, 0.123511078741, 0.766012573227, 0.208650442055, 0.672455072211, 0.895538635191, 0.287587414656, 0.294541345663, 0.14664180503, 0.407840624776, 0.24253447978, 0.0823065859344, 0.0981966864282, 0.930825774033, 0.00246802207464, 0.504627363357, 0.924620555676, 0.175239867088, 26.6561358072
0.00585274054666, 0.159743934275, 0.0504981840209, 0.449691198656, 0.835646503042, 0.0923070339872, 0.0945865893165, 0.00683762849593, 0.589467867325, 0.250599931342, 0.497490192407, 0.832610184513, 0.220419700998, 0.175339121141, 0.0714308961169, 0.0828795029919, 0.189255393756, 0.174253936504, 0.565270871215, 0.819770337154, 0.280741333509, 0.911434487385, 0.609554005195, 0.155729802572, 0.00585274054666, 0.159743934275, 0.0504981840209, 0.449691198656, 26.6873452112
0.139631927512, 0.0226522768957, 0.62319688632, 0.571034304847, 0.412126472024, 0.298063149328, 0.161766218854, 0.582240073692, 0.617079083125, 0.913715985477, 0.86718293134, 0.39896589312, 0.633241323154, 0.805835038758, 0.0868398015159, 0.101654884741, 0.0629608052536, 0.470167676574, 0.844788874389, 0.658196187332, 0.828613234865, 0.286655798465, 0.233619453973, 0.177216824215, 0.139631927512, 0.0226522768957, 0.62319688632, 0.571034304847, 31.0650405599
0.0074858098239, 0.366773864058, 0.130512688115, 0.168707327292, 0.246761307748, 0.190334074507, 0.615252817548, 0.254985741013, 0.081662680851, 0.790728336742, 0.371899015323, 0.262100246408, 0.0179053631304, 0.754819023487, 0.2873726149, 0.0886773189469, 0.239318286168, 0.14792301764, 0.500761563167, 0.418638480492, 0.0463266276756, 0.496579664425, 0.843633874676, 0.0948914797553, 0.0074858098239, 0.366773864058, 0.130512688115, 0.168707327292, 25.0300385599
0.00764661865851, 0.0302251248621, 0.627012966002, 0.219835400272, 0.835044786528, 0.0396829132206, 0.671267688324, 0.102482638855, 0.576046545649, 0.250599931342, 0.872988022551, 0.358178739276, 0.462383325357, 0.0192882103129, 0.0752498855557, 0.571284276086, 0.289419992347, 0.0923982054915, 0.128830468379, 0.823154037244, 0.273477500264, 0.85408261509, 0.196447141141, 0.621504654183, 0.00764661865851, 0.0302251248621, 0.627012966002, 0.219835400272, 28.080792418
0.00256091880946, 0.111073481209, 0.876949154427, 0.0990357548076, 0.439980675893, 0.211740135287, 0.107921511345, 0.255339122554, 0.685561475462, 0.882507181704, 0.197434093739, 0.798417192508, 0.634792783687, 0.913411301177, 0.726811440839, 0.359544670032, 0.287065580223, 0.480680687901, 0.750824194418, 0.413344991736, 0.611625434061, 0.638443763622, 0.0121706291832, 0.332871395682, 0.00256091880946, 0.111073481209, 0.876949154427, 0.0990357548076, 31.4507167828
0.00342281598756, 0.801158109956, 0.612890927618, 0.14980599434, 0.212687038542, 0.30655816653, 0.667213755951, 0.106187324508, 0.671984651325, 0.450901482791, 0.438891893516, 0.391621148595, 0.635883707449, 0.0180248948621, 0.0855694301759, 0.104904359577, 0.289028126846, 0.700402017247, 0.87467793103, 0.0178839037082, 0.831560639078, 0.189526363393, 0.233579436138, 0.23060318348, 0.00342281598756, 0.801158109956, 0.612890927618, 0.14980599434, 26.3525120798
0.320441138416, 0.164027337432, 0.0301573925027, 0.0925314116485, 0.400484866246, 0.0490926729771, 0.411346393343, 0.708080859246, 0.334775768055, 0.49822559825, 0.734870536767, 0.51009032756, 0.596297359214, 0.624406380412, 0.533303701917, 0.207744889243, 0.300289240089, 0.0257427685833, 0.452690376222, 0.123828866296, 0.324685162497, 0.405933148604, 0.200369202294, 0.282685031814, 0.320441138416, 0.164027337432, 0.0301573925027, 0.0925314116485, 27.2038818633
0.330892844498, 0.441587150506, 0.615575449956, 0.180258308421, 0.400850552594, 0.204056651713, 0.180052813388, 0.0929787445313, 0.0892888888395, 0.00833266627962, 0.491516746344, 0.57201652263, 0.0880087208673, 0.299191744298, 0.689375942496, 0.203087740054, 0.160493802494, 0.0189123947016, 0.144618086827, 0.151611366397, 0.800710111824, 0.630074887851, 0.256668951575, 0.0841211116056, 0.330892844498, 0.441587150506, 0.615575449956, 0.180258308421, 22.337618574
0.320441138416, 0.0216657159773, 0.0302647837614, 0.937095501222, 0.40140053139, 0.30062619607, 0.41515389379, 0.707408641532, 0.720996829937, 0.49822559825, 0.874243954096, 0.508238629112, 0.596297359214, 0.79296393646, 0.533303701917, 0.17917277085, 0.236004782526, 0.0257427685833, 0.576502406047, 0.145081919952, 0.324685162497, 0.401717162834, 0.200200691937, 0.282685031814, 0.320441138416, 0.0216657159773, 0.0302647837614, 0.937095501222, 29.2215950333
0.142077208072, 0.0226522768957, 0.62319688632, 0.559790108126, 0.412025830007, 0.000156668033982, 0.663936906842, 0.105093599311, 0.268597204165, 0.456108811086, 0.444889604467, 0.399459701045, 0.194382681591, 0.0180227888517, 0.0867890652156, 0.102581059018, 0.0629608052536, 0.469136497892, 0.844401922986, 0.656640383018, 0.844488541496, 0.548150830895, 0.233619453973, 0.180323324483, 0.142077208072, 0.0226522768957, 0.62319688632, 0.559790108126, 25.585628052
0.471198178239, 0.00542056869965, 0.357624145156, 0.043066268542, 0.55434083473, 0.0969678333387, 0.429233608938, 0.444943790031, 0.224438507368, 0.137800395206, 0.729807323589, 0.708300705761, 0.260070098797, 0.744047154887, 0.133679964193, 0.1939075325, 0.23583047407, 0.195300033152, 0.405181687174, 0.948189768465, 0.286365556917, 0.63849962541, 0.186728880108, 0.211430941429, 0.471198178239, 0.00542056869965, 0.357624145156, 0.043066268542, 27.3995581968
0.321348934878, 0.0381409164174, 0.195463216741, 0.174467559859, 0.825376420725, 0.469922334078, 0.182103572912, 0.102429350653, 0.0411834269787, 0.387135155499, 0.0258806060102, 0.587485345148, 0.535737448999, 0.0192142632759, 0.000105542759507, 0.204246331097, 0.166633677101, 0.883961006063, 0.1282926926, 0.15221739965, 0.27309994153, 0.249132147001, 0.200997382471, 0.620394928893, 0.321348934878, 0.0381409164174, 0.195463216741, 0.174467559859, 23.4231916653
0.0278752970679, 0.835750673742, 0.0172647450773, 0.0281804877288, 0.687581897255, 0.0913015413463, 0.0232248496013, 0.107518918315, 0.593825986185, 0.248887821917, 0.436040805582, 0.0880131362398, 0.238429756329, 0.0226313143783, 0.397682982699, 0.0828814725884, 0.15354504744, 0.171734531985, 0.127861382191, 0.164487974611, 0.39026928181, 0.878307774131, 0.179314759169, 0.0897226031, 0.0278752970679, 0.835750673742, 0.0172647450773, 0.0281804877288, 21.3501879374
0.135670454915, 0.000170358606387, 0.630176151473, 0.451070671855, 0.687581897255, 0.926889910853, 0.0107951976086, 0.107455028072, 0.593630683483, 0.248887821917, 0.435269118859, 0.267931130059, 0.238429756329, 0.0479690730683, 0.284930263674, 0.0811874071032, 0.15354504744, 0.171734531985, 0.127771452447, 0.344954802293, 0.025178244778, 0.878307774131, 0.179314759169, 0.0933424420452, 0.135670454915, 0.000170358606387, 0.630176151473, 0.451070671855, 23.1588500338
0.00135011024049, 0.216898575367, 0.221518163414, 0.430959509285, 0.82824824177, 0.31138563328, 0.877029770702, 0.834841068473, 0.527519335455, 0.201758503066, 0.63023941527, 0.125986406584, 0.0905080465824, 0.188885384414, 0.573580618249, 0.307814728561, 0.297707476223, 0.441706181515, 0.0576244718783, 0.474141622772, 0.0240907250973, 0.885449743286, 0.222414752884, 0.231250219012, 0.00135011024049, 0.216898575367, 0.221518163414, 0.430959509285, 28.1105052515
0.268839277643, 0.0067333329763, 0.0404368999582, 0.0847635118856, 0.101143908072, 0.00235835555725, 0.424144705282, 0.676626200566, 0.282472491834, 0.755939935948, 0.588677365493, 0.449018425623, 0.411662550384, 0.744047154887, 0.537918450653, 0.589596421867, 0.234073462588, 0.112553071808, 0.452619030372, 0.863787107248, 0.589457789, 0.608821179488, 0.19056529229, 0.232952058834, 0.268839277643, 0.0067333329763, 0.0404368999582, 0.0847635118856, 29.7741909712
0.285663293852, 0.185015523663, 0.0201715555985, 0.276173432053, 0.681478687102, 0.197661873404, 0.968644300518, 0.264342759298, 0.0898422222456, 0.383589062967, 0.000724372070768, 0.164203199388, 0.0835106606609, 0.299507680561, 0.968223352326, 0.0825666952962, 0.299132463186, 0.133871904348, 0.250361817481, 0.826251447446, 0.0323426039853, 0.636105886689, 0.177191381325, 0.0819399050905, 0.285663293852, 0.185015523663, 0.0201715555985, 0.276173432053, 24.6733935054
0.00401417718077, 0.868247111435, 0.0675647225308, 0.140564201856, 0.440071786098, 0.463904977221, 0.188967743557, 0.149912787656, 0.586978004244, 0.385366183316, 0.389634716271, 0.126873759914, 0.76585972526, 0.802325553082, 0.310459072443, 0.204786349471, 0.156447540341, 0.164949067975, 0.225795055022, 0.83549832605, 0.281078700358, 0.860547034395, 0.593375418789, 0.200312775238, 0.00401417718077, 0.868247111435, 0.0675647225308, 0.140564201856, 27.8742182705
0.327687358814, 0.0202918612084, 0.988596930554, 0.0449305296138, 0.809928600406, 0.31292175016, 0.185080774926, 0.846365375218, 0.350801711303, 0.37947128872, 0.63023941527, 0.083763307775, 0.0550376903147, 0.192131035717, 0.573580618249, 0.307860142156, 0.235459616906, 0.582318916543, 0.527549560468, 0.46726222246, 0.286991280174, 0.0973187683628, 0.185224132385, 0.218019922769, 0.327687358814, 0.0202918612084, 0.988596930554, 0.0449305296138, 26.1900975214
0.320441138416, 0.0511789119923, 0.0301573925027, 0.921603517607, 0.40140053139, 0.0490926729771, 0.41515389379, 0.708080859246, 0.27552908348, 0.49822559825, 0.746212628363, 0.510220564155, 0.596297359214, 0.79296393646, 0.533303701917, 0.207744889243, 0.236004782526, 0.0257427685833, 0.089299287422, 0.156586359664, 0.324685162497, 0.405933148604, 0.201413756981, 0.282685031814, 0.320441138416, 0.0511789119923, 0.0301573925027, 0.921603517607, 26.3827991128
0.842557466701, 0.00353308900725, 0.126659924773, 0.283196548025, 0.606072260754, 0.93745674675, 0.867911884656, 0.256880356596, 0.549909204239, 0.0171782514328, 0.397877865736, 0.270231326537, 0.851636792545, 0.304043348026, 0.99031462062, 0.651011245203, 0.237028263651, 0.320203622076, 0.0321156415715, 0.352456220412, 0.28052547641, 0.521971953172, 0.752016222635, 0.651434511349, 0.842557466701, 0.00353308900725, 0.126659924773, 0.283196548025, 31.6287998173
0.0038488612403, 0.801522723414, 0.011716333823, 0.451070671855, 0.24344919978, 0.0913015413463, 0.666591428649, 0.107455028072, 0.593825986185, 0.248371398225, 0.436040805582, 0.548191435677, 0.238429756329, 0.0221457453181, 0.288451124838, 0.0828713192628, 0.15354504744, 0.170276399183, 0.497476219431, 0.420379166015, 0.0461152516447, 0.878308125347, 0.607077870421, 0.0897226031, 0.0038488612403, 0.801522723414, 0.011716333823, 0.451070671855, 24.1707085911
0.00407294755138, 0.00957904504399, 0.837850444547, 0.174467559859, 0.403187358807, 0.456107419669, 0.16230509328, 0.124979597937, 0.258574388409, 0.746258692384, 0.155968596899, 0.43820320024, 0.0383736152097, 0.229788696268, 0.301042158429, 0.204246331097, 0.156447540341, 0.889895373241, 0.225795055022, 0.154335125951, 0.324728538325, 0.635212053259, 0.0828282801555, 0.215088935926, 0.00407294755138, 0.00957904504399, 0.837850444547, 0.174467559859, 23.5930746975
0.902176556322, 0.0438513731579, 0.0309048274691, 0.0456439575559, 0.686259429302, 0.473608950872, 0.0318228522828, 0.147167109232, 0.583532757809, 0.386186288013, 0.490197388288, 0.144697278419, 0.768678201424, 0.540890031934, 0.314143272114, 0.0838505022511, 0.898713963264, 0.514158692249, 0.145145899224, 0.145633979349, 0.336145886674, 0.848524895817, 0.181823364596, 0.183642914, 0.902176556322, 0.0438513731579, 0.0309048274691, 0.0456439575559, 27.4254986446
0.0169673893946, 0.110400981258, 0.0255050023088, 0.0190640401218, 0.766667815047, 0.205533618879, 0.329171167967, 0.442224650924, 0.224136626614, 0.140498843155, 0.734843256497, 0.567484108617, 0.635787860735, 0.0726268148239, 0.131043641582, 0.190418970107, 0.19717820211, 0.469477584102, 0.406668906638, 0.825659830943, 0.324060140636, 0.638443763622, 0.205572113822, 0.764424279206, 0.0169673893946, 0.110400981258, 0.0255050023088, 0.0190640401218, 28.554161021
0.955069258325, 0.172483037046, 0.130485830535, 0.16812591617, 0.375291453973, 0.821523864108, 0.84026082897, 0.00334942182512, 0.00246755678294, 0.467533882956, 0.67125109269, 0.545026180003, 0.00256009024282, 0.745678430465, 0.0819153088873, 0.163284183979, 0.80665596637, 0.146669837789, 0.500638609279, 0.455937615714, 0.0418335880751, 0.495934447924, 0.0118166826645, 0.0948914797553, 0.955069258325, 0.172483037046, 0.130485830535, 0.16812591617, 25.926444128
0.0730946258624, 0.760922057246, 0.00557389346844, 0.783289844673, 0.716207802962, 0.00966334170383, 0.18463221788, 0.254435832767, 0.0932937670704, 0.346206771383, 0.136377205679, 0.147319917509, 0.204807381994, 0.303773844994, 0.197898558231, 0.652753055011, 0.15935259586, 0.030167485156, 0.886832757427, 0.15767886619, 0.278179203843, 0.158887500656, 0.913916244461, 0.684540709282, 0.0730946258624, 0.760922057246, 0.00557389346844, 0.783289844673, 24.1213517038
0.272776080064, 0.305520472681, 0.00901696071114, 0.784546637932, 0.681305773532, 0.375431172461, 0.109210349702, 0.265642075106, 0.0566494190378, 0.100648856068, 0.00156592202277, 0.519796247011, 0.459545979895, 0.177657152965, 0.172566387128, 0.621646615435, 0.0652466163433, 0.128680673359, 0.795170074139, 0.24849593741, 0.0361982159047, 0.223264059523, 0.163214608742, 0.705679585267, 0.272776080064, 0.305520472681, 0.00901696071114, 0.784546637932, 22.8898323064
0.287679676529, 0.174676013233, 0.0201849412106, 0.169085625037, 0.216833069382, 0.197661873404, 0.618824448232, 0.264342759298, 0.081129628835, 0.799725774348, 0.000724372070768, 0.12184121772, 0.0830708176836, 0.753727972865, 0.967071172301, 0.0825666952962, 0.697888995278, 0.133871904348, 0.250361817481, 0.826251447446, 0.0323426039853, 0.636105886689, 0.177191381325, 0.0819399050905, 0.287679676529, 0.174676013233, 0.0201849412106, 0.169085625037, 25.5902680804
0.00995175448371, 0.440758448064, 0.615575449956, 0.180258308421, 0.400850552594, 0.0922393274337, 0.0203819851758, 0.107477046334, 0.588435640669, 0.00833266627962, 0.491516746344, 0.57201652263, 0.0880087208673, 0.0100766296048, 0.689375942496, 0.203087740054, 0.153538575889, 0.172377500879, 0.145445898092, 0.162871608858, 0.800710111824, 0.630074887851, 0.179751264575, 0.0841211116056, 0.00995175448371, 0.440758448064, 0.615575449956, 0.180258308421, 22.4707622274
0.0279311716071, 0.0688382592317, 0.215012412027, 0.0264079099336, 0.670389672182, 0.813581487682, 0.184260586715, 0.113985173181, 0.934310415474, 0.572231598015, 0.185134138872, 0.0848966800025, 0.765742415121, 0.0306657927915, 0.393436542143, 0.634986760219, 0.0598067884849, 0.615235855535, 0.105809633816, 0.116387192613, 0.96525110145, 0.577363973921, 0.25602767751, 0.214151003054, 0.0279311716071, 0.0688382592317, 0.215012412027, 0.0264079099336, 28.5394676141
0.00249336019806, 0.305180521541, 0.974885564084, 0.0399256121299, 0.216951061957, 0.322607935078, 0.423056417998, 0.716769937551, 0.283003345566, 0.284796463063, 0.0201717231825, 0.696808824056, 0.701114118766, 0.802083135995, 0.842758920632, 0.261705679702, 0.35784079955, 0.18378624604, 0.403712402495, 0.823529080777, 0.589724700697, 0.382728986523, 0.721708658415, 0.20102060405, 0.00249336019806, 0.305180521541, 0.974885564084, 0.0399256121299, 30.4208746241
0.00701666698005, 0.836394044019, 0.630176151473, 0.451070671855, 0.687581897255, 0.0913015413463, 0.0232248496013, 0.107455028072, 0.593825986185, 0.248887821917, 0.436040805582, 0.393213913141, 0.238429756329, 0.0123290731989, 0.284930263674, 0.0828814725884, 0.15354504744, 0.171734531985, 0.127771452447, 0.162897271994, 0.048286740749, 0.878307774131, 0.179314759169, 0.0897226031, 0.00701666698005, 0.836394044019, 0.630176151473, 0.451070671855, 20.9286831739
0.00256091880946, 0.353536096693, 0.0239895905011, 0.486984644239, 0.719516570724, 0.0527502705776, 0.107921511345, 0.262098219991, 0.243930731049, 0.943236641044, 0.190456417137, 0.513555356251, 0.670102639918, 0.913411301177, 0.726811440839, 0.720575601098, 0.224384530499, 0.46735281958, 0.746409348436, 0.400435912533, 0.575797120943, 0.638443763622, 0.209372011161, 0.204553644118, 0.00256091880946, 0.353536096693, 0.0239895905011, 0.486984644239, 31.3733646508
0.00256091880946, 0.353545607137, 0.0239895905011, 0.0318134054731, 0.719516570724, 0.00601586524371, 0.107813705668, 0.262098219991, 0.685561475462, 0.95750082366, 0.190456417137, 0.193989466335, 0.629483496813, 0.913411301177, 0.728472635514, 0.720575601098, 0.027053271587, 0.589048931152, 0.879930980682, 0.471578314492, 0.579233097559, 0.638443763622, 0.207992537962, 0.204553644118, 0.00256091880946, 0.353545607137, 0.0239895905011, 0.0318134054731, 31.7728479352
0.429554357812, 0.147691699439, 0.358549373193, 0.0878209068202, 0.424235899384, 0.426176895527, 0.830070883097, 0.141536613629, 0.604000927364, 0.103573590354, 0.122917236612, 0.105902227699, 0.414370284408, 0.0388691109293, 0.310271090839, 0.315935155541, 0.512926632984, 0.0972429145245, 0.206547109903, 0.52033556288, 0.0291972297482, 0.772416707982, 0.697454011374, 0.170440058554, 0.429554357812, 0.147691699439, 0.358549373193, 0.0878209068202, 25.2478261677
0.00535300505214, 0.108781343087, 0.862889510752, 0.102915453898, 0.441293467407, 0.76398594127, 0.423852133966, 0.0151134537836, 0.220016661947, 0.140510030471, 0.00227021518281, 0.190559484289, 0.596910541276, 0.238119003231, 0.753043763242, 0.356058356447, 0.1985543709, 0.469298449375, 0.410520579836, 0.41383059588, 0.611587976295, 0.222671029787, 0.637653257247, 0.756712978644, 0.00535300505214, 0.108781343087, 0.862889510752, 0.102915453898, 27.2709076437
0.322455940835, 0.00353308900725, 0.188275192429, 0.192372332009, 0.606072260754, 0.939112356329, 0.87033007228, 0.705127735956, 0.555994532762, 0.0171782514328, 0.370153934556, 0.272202714631, 0.850924591369, 0.0357062882677, 0.295110259498, 0.983418596395, 0.288154897114, 0.321774239586, 0.282990290388, 0.348899537619, 0.325266348917, 0.400171251386, 0.814257127817, 0.651434511349, 0.322455940835, 0.00353308900725, 0.188275192429, 0.192372332009, 32.0996589768
0.00384315419257, 0.368162066793, 0.0137725083851, 0.168707327292, 0.246761307748, 0.190334074507, 0.615252817548, 0.254985741013, 0.081662680851, 0.795884319344, 0.802501920528, 0.546460544857, 0.00858712331967, 0.754819023487, 0.288389595597, 0.0824595319156, 0.682169300652, 0.14792301764, 0.500761563167, 0.418526391569, 0.0445462740024, 0.878300698023, 0.841423933394, 0.0948914797553, 0.00384315419257, 0.368162066793, 0.0137725083851, 0.168707327292, 28.4972367269
0.889658657402, 0.108781343087, 0.862889510752, 0.140334838937, 0.441293467407, 0.76398594127, 0.423852133966, 0.0151134537836, 0.0631229613219, 0.139760851713, 0.00550247459737, 0.190559484289, 0.596910541276, 0.238119003231, 0.0550942696676, 0.356058356447, 0.1985543709, 0.48395493047, 0.833341129959, 0.41383059588, 0.611587976295, 0.222671029787, 0.599539028519, 0.332863465361, 0.889658657402, 0.108781343087, 0.862889510752, 0.140334838937, 24.9925605773
0.00436799065034, 0.353412683568, 0.0134660390408, 0.0321316972037, 0.102565911241, 0.00415967163664, 0.107814989126, 0.825744727057, 0.655876686609, 0.284796463063, 0.421858171606, 0.192485680679, 0.201852563622, 0.245716528932, 0.891038613583, 0.360745706233, 0.288682662092, 0.589807618612, 0.885226324591, 0.475267432707, 0.579228532247, 0.0971683176809, 0.72845302014, 0.476287669767, 0.00436799065034, 0.353412683568, 0.0134660390408, 0.0321316972037, 28.8607013876
0.00233572925443, 0.0511483181605, 0.800658981855, 0.138794225988, 0.439826316812, 0.561721011892, 0.188256501494, 0.381735139404, 0.222616931892, 0.382805428273, 0.796784645119, 0.130777990078, 0.776536723161, 0.293839868449, 0.398038545699, 0.163807449327, 0.196750107384, 0.527505917384, 0.354325475402, 0.157183786537, 0.323665084646, 0.664591893117, 0.656052368125, 0.216411263394, 0.00233572925443, 0.0511483181605, 0.800658981855, 0.138794225988, 27.2406393728
0.00403713090776, 0.313629131319, 0.836609886387, 0.103756518122, 0.0270998125234, 0.507754699295, 0.16230509328, 0.194400642619, 0.608020930872, 0.385366183316, 0.15348302785, 0.391258581622, 0.458003963075, 0.225861771852, 0.709349610873, 0.199585080391, 0.156447540341, 0.883123180082, 0.556416724417, 0.133613287532, 0.29116800399, 0.88598329206, 0.0918688442223, 0.157847251297, 0.00403713090776, 0.313629131319, 0.836609886387, 0.103756518122, 25.7227040762
0.332375491621, 0.110255181788, 0.0300895125876, 0.0946953452639, 0.440821490066, 0.204470906143, 0.816912887989, 0.262098219991, 0.221770708927, 0.140498843155, 0.734843256497, 0.801746218496, 0.595663146059, 0.785257318335, 0.73156042794, 0.195396776151, 0.197095822271, 0.0201610534077, 0.080907566175, 0.823656092909, 0.324060140636, 0.639108523583, 0.201431332726, 0.285471499822, 0.332375491621, 0.110255181788, 0.0300895125876, 0.0946953452639, 28.9750630211
0.267939631156, 0.00574037767324, 0.160409720309, 0.100807751389, 0.716516517543, 0.04183594967, 0.420398907973, 0.578736849694, 0.277098448291, 0.752847664206, 0.590218434972, 0.447857183897, 0.0568071530954, 0.743036246244, 0.538275582877, 0.590710259094, 0.301629480491, 0.486913589256, 0.524315633194, 0.598634263922, 0.286361946304, 0.633616249125, 0.255196716635, 0.184590300587, 0.267939631156, 0.00574037767324, 0.160409720309, 0.100807751389, 30.1062265393
0.134984187052, 0.00222121170459, 0.357426457901, 0.582035386845, 0.606072260754, 0.93745674675, 0.863163685862, 0.815083792914, 0.575802406422, 0.0106409388311, 0.386561104753, 0.270203439477, 0.851636792545, 0.0381997721681, 0.434410272282, 0.900383473306, 0.198602411283, 0.480663284466, 0.294550719048, 0.348899537619, 0.242945951111, 0.521971953172, 0.759487264931, 0.651434511349, 0.134984187052, 0.00222121170459, 0.357426457901, 0.582035386845, 32.7601306954
0.008652077627, 0.167582646312, 0.0744515471208, 0.26361790719, 0.370714856565, 0.46988889135, 0.167700357429, 0.131987715917, 0.232400378356, 0.386573519876, 0.677278400585, 0.769450192278, 0.609271072329, 0.065080576378, 0.307446545316, 0.204703700424, 0.51329898691, 0.322264933954, 0.227251939022, 0.40793662722, 0.276321785437, 0.498114761638, 0.0965180850143, 0.21457149437, 0.008652077627, 0.167582646312, 0.0744515471208, 0.26361790719, 25.4662213602
0.00701666698005, 0.801522723414, 0.630176151473, 0.451070671855, 0.306267236541, 0.0913015413463, 0.666591428649, 0.107455028072, 0.593825986185, 0.250599931342, 0.436040805582, 0.393213913141, 0.238429756329, 0.0192882103129, 0.284930263674, 0.0828814725884, 0.15354504744, 0.170276399183, 0.127866545117, 0.420379166015, 0.0461152516447, 0.878307774131, 0.607077870421, 0.0897226031, 0.00701666698005, 0.801522723414, 0.630176151473, 0.451070671855, 23.0612501655
0.00899602511078, 0.159718076522, 0.0818527872013, 0.550695141361, 0.859655780666, 0.473454073738, 0.449778018779, 0.790078826058, 0.248005631901, 0.843581807794, 0.682138293001, 0.412508928123, 0.0523718833722, 0.171472631435, 0.260725960153, 0.910747841377, 0.701901005246, 0.637438210478, 0.553019163558, 0.39278153119, 0.281065052881, 0.700274868255, 0.114289449161, 0.554144650399, 0.00899602511078, 0.159718076522, 0.0818527872013, 0.550695141361, 32.5798997303
0.000270458614429, 0.80296482124, 0.212178575574, 0.744184103926, 0.0292204880869, 0.0665724924943, 0.423594457541, 0.157584084854, 0.0982786781993, 0.57624569261, 0.919620019219, 0.847995406273, 0.580160447358, 0.0208197196689, 0.173586661033, 0.354653597197, 0.348071740721, 0.457710429275, 0.105647247242, 0.122794978086, 0.964240976289, 0.100610243948, 0.716338681767, 0.658924806263, 0.000270458614429, 0.80296482124, 0.212178575574, 0.744184103926, 26.7344434896
0.273792674031, 0.212248766614, 0.0136246871606, 0.753929131763, 0.21403133031, 0.048519877404, 0.423205018453, 0.00922748057405, 0.71691865544, 0.508919098562, 0.192023538417, 0.51061323728, 0.595349565845, 0.951028153829, 0.44032918259, 0.578083886642, 0.286763812519, 0.476900135576, 0.400016872804, 0.173708286991, 0.677191510191, 0.521492036775, 0.201413756981, 0.278743099786, 0.273792674031, 0.212248766614, 0.0136246871606, 0.753929131763, 28.0188726973
0.327687358814, 0.657706384736, 0.988705262234, 0.110591331187, 0.816898486121, 0.31221099371, 0.0822565956211, 0.846365375218, 0.0591706997111, 0.201758503066, 0.63023941527, 0.0833594748602, 0.0550376903147, 0.194400760408, 0.573580618249, 0.307992040247, 0.30318239374, 0.585485958871, 0.527549560468, 0.474141622772, 0.41818550711, 0.0976618561689, 0.222414752884, 0.231687901091, 0.327687358814, 0.657706384736, 0.988705262234, 0.110591331187, 25.3760805791
0.327687358814, 0.0120614372406, 0.988596930554, 0.0437067339249, 0.816898486121, 0.31292175016, 0.0822565956211, 0.846365375218, 0.268111341242, 0.75095757579, 0.63023941527, 0.0833594748602, 0.0550376903147, 0.194400760408, 0.573580618249, 0.307860142156, 0.235459616906, 0.585485958871, 0.527549560468, 0.474141622772, 0.286991280174, 0.0973187683628, 0.185224132385, 0.232278174589, 0.327687358814, 0.0120614372406, 0.988596930554, 0.0437067339249, 26.6812119607
0.00701666698005, 0.801522723414, 0.0215485753215, 0.44792811803, 0.306267236541, 0.0913015413463, 0.671338398427, 0.107455028072, 0.593686470129, 0.249063918028, 0.436040805582, 0.405656747663, 0.2404164673, 0.0192882103129, 0.408213365312, 0.0841464052854, 0.161428972938, 0.51393222324, 0.127866545117, 0.163012032613, 0.0462463067196, 0.848630265501, 0.607077870421, 0.0697507077018, 0.00701666698005, 0.801522723414, 0.0215485753215, 0.44792811803, 23.5448176883
0.00401417718077, 0.545393965006, 0.0625921816926, 0.175163178556, 0.382963441329, 0.451765534442, 0.0937375917782, 0.128409048633, 0.250937978771, 0.711427970677, 0.390959794061, 0.130877849021, 0.750409059677, 0.802325553082, 0.30199763776, 0.202899701667, 0.156447540341, 0.17563557835, 0.0192803639332, 0.83549832605, 0.122470751787, 0.251331144793, 0.0983645594061, 0.220752590693, 0.00401417718077, 0.545393965006, 0.0625921816926, 0.175163178556, 24.4852049412
0.00450422042222, 0.284754010203, 0.928335892857, 0.0785794384867, 0.207700949098, 0.324153236626, 0.178813683148, 0.0863694977461, 0.645801693467, 0.721864078901, 0.187531281696, 0.0848976497176, 0.760485085391, 0.208620181527, 0.672455072211, 0.865711795023, 0.297236664325, 0.879931785886, 0.799805193899, 0.120626391503, 0.393926791486, 0.226063414444, 0.166026886735, 0.930825774033, 0.00450422042222, 0.284754010203, 0.928335892857, 0.0785794384867, 29.2702881916
0.0279311716071, 0.0688382592317, 0.0117174262967, 0.0264079099336, 0.673764872718, 0.813581487682, 0.184260586715, 0.113985173181, 0.934310415474, 0.711033731167, 0.185134138872, 0.0848966800025, 0.764359658476, 0.979100191494, 0.398134600002, 0.634986760219, 0.0598067884849, 0.605650138132, 0.139356358273, 0.116387192613, 0.392496586244, 0.577363973921, 0.0408827980504, 0.218531466791, 0.0279311716071, 0.0688382592317, 0.0117174262967, 0.0264079099336, 29.3726397543
0.269921146597, 0.00553344769493, 0.350463286627, 0.0692566888572, 0.716516517543, 0.04183594967, 0.189836627091, 0.573639517743, 0.221287293663, 0.500735779345, 0.590818771292, 0.447857183897, 0.0592454229597, 0.870318068659, 0.533319368872, 0.596373642271, 0.301629480491, 0.18707720264, 0.0934441457929, 0.160988337754, 0.286361946304, 0.633616249125, 0.255196716635, 0.184590300587, 0.269921146597, 0.00553344769493, 0.350463286627, 0.0692566888572, 26.5875866266
0.489262113058, 0.795621384663, 0.0305702941796, 0.043066268542, 0.554932340125, 0.0411459125931, 0.106736463929, 0.101728853441, 0.572961126614, 0.722056258058, 0.486900183947, 0.449013040898, 0.546000019167, 0.18034943048, 0.41392630184, 0.102768937233, 0.315709221447, 0.488616707678, 0.411166755134, 0.160992594656, 0.242640888471, 0.0759709976759, 0.181369384832, 0.0540663221564, 0.489262113058, 0.795621384663, 0.0305702941796, 0.043066268542, 23.6763342827
0.00980135983096, 0.109539496604, 0.0680840021706, 0.26361790719, 0.370714856565, 0.411885987215, 0.823893529835, 0.822723452041, 0.260260916035, 0.881937611893, 0.695493440474, 0.2399172844, 0.511507268099, 0.0647490822139, 0.0524961579671, 0.90229325162, 0.51329898691, 0.321752443327, 0.636867101192, 0.407734498642, 0.276321785437, 0.500544472394, 0.0123305220297, 0.543154967426, 0.00980135983096, 0.109539496604, 0.0680840021706, 0.26361790719, 30.6486026829
0.272776080064, 0.304414991221, 0.00901696071114, 0.780862071704, 0.681730973972, 0.375431172461, 0.701000043493, 0.25244335417, 0.0566494190378, 0.0172575736232, 0.38765125176, 0.519796247011, 0.85146135863, 0.173635633805, 0.172566387128, 0.623868202136, 0.304989124931, 0.320389677968, 0.799581604662, 0.249302661319, 0.0361982159047, 0.220945661917, 0.163214608742, 0.705291080854, 0.272776080064, 0.304414991221, 0.00901696071114, 0.780862071704, 26.6781971504
0.318050041754, 0.0688382592317, 0.0104466665819, 0.808017904574, 0.680118149771, 0.000343262406941, 0.109210349702, 0.708355484071, 0.275277428123, 0.496108307951, 0.804851770883, 0.142167979239, 0.597430283288, 0.969980498189, 0.399201131952, 0.643457375676, 0.0652762720456, 0.0203732197999, 0.0959142734917, 0.30944818025, 0.296688131313, 0.578040467415, 0.0870858883951, 0.218531466791, 0.318050041754, 0.0688382592317, 0.0104466665819, 0.808017904574, 26.4620861396
0.000356649172201, 0.807340129739, 0.201558075618, 0.348149892798, 0.395730091915, 0.203424840213, 0.758283152116, 0.819390594, 0.264520142576, 0.318310982459, 0.559206172727, 0.822912272807, 0.941196616834, 0.0169375877934, 0.566968963807, 0.799865014006, 0.141556416408, 0.884676089978, 0.630592495653, 0.412343153004, 0.325638773526, 0.252292388591, 0.0126642083449, 0.245033249033, 0.000356649172201, 0.807340129739, 0.201558075618, 0.348149892798, 30.5829640153
0.00246705740028, 0.35451761975, 0.0134660390408, 0.222338920374, 0.0990169962923, 0.0513862119004, 0.110877092486, 0.0936516465765, 0.705051637018, 0.279917800236, 0.190091995595, 0.510616638842, 0.200004567035, 0.935758414587, 0.440802821945, 0.888827496612, 0.288680412142, 0.372577609238, 0.399076538723, 0.320595761815, 0.576328650462, 0.515598411528, 0.72845302014, 0.906700412149, 0.00246705740028, 0.35451761975, 0.0134660390408, 0.222338920374, 29.230458775
0.991409951445, 0.0697164331806, 0.0105332097907, 0.818959805047, 0.681918293034, 0.821529359509, 0.189371803525, 0.000720194532116, 0.0873875080822, 0.387048912296, 0.204449076332, 0.127250484011, 0.00369999680755, 0.169835074073, 0.0851071244396, 0.623786007249, 0.812403931112, 0.14475788321, 0.550058467821, 0.310215686508, 0.280728023659, 0.581365158608, 0.359500188943, 0.219592546985, 0.991409951445, 0.0697164331806, 0.0105332097907, 0.818959805047, 24.4193179571
0.000500629347076, 0.334202878146, 0.214820985842, 0.747467822514, 0.0213835496882, 0.468414248956, 0.507182888537, 0.157531889339, 0.0470004050621, 0.57624569261, 0.911173008505, 0.851587734182, 0.579616468646, 0.226035875478, 0.028765281372, 0.205555306674, 0.794742042148, 0.469017019659, 0.253935537076, 0.122794978086, 0.964440978254, 0.316057919009, 0.254593642178, 0.139091835584, 0.000500629347076, 0.334202878146, 0.214820985842, 0.747467822514, 27.3604305157
