0.636702628714, 1.18465808747, 6.58483166764, 0.450807526599, 36.9565922742, 48.6894346243, 2.71398438792, 2.66765570037, 32.8462145847, 1253.38381274, 0.568685613421, 0.0
0.669835335759, 0.997846957487, 2.10966464066, 0.377923537077, 50.0, 47.0680309998, 3.7841219162, 3.62996894487, 25.4895961622, 360.970190341, 0.605115118665, 0.00369003690037
0.709843863356, 1.10325602032, 4.69737158924, 0.355131260971, 48.7702497554, 48.5163746462, 2.3811857098, 3.07140540154, 31.0642468488, 785.489127363, 0.59870103143, 0.039603960396
0.573284235088, 0.921652513185, 3.86851839028, 0.441712679814, 30.7460959816, 40.0, 3.99475543385, 3.34689089058, 28.1067093501, 666.019041066, 0.487721879108, 0.0137931034483
0.9, 1.04346162349, 2.72449375686, 0.5, 19.4362010266, 49.046019289, 2.0, 0.91958130578, 39.2323412125, 417.886674341, 0.617435820388, 0.0
0.839439320007, 1.2080600147, 2.99180513466, 0.472570964255, 11.423865092, 40.0, 3.57665855391, 2.92720461013, 33.1079122407, 612.623640001, 0.565405795285, 0.0
0.5, 0.820457846278, 4.25038395561, 0.445201104021, 46.400409573, 40.0, 3.49024488213, 1.66162074204, 38.8022416459, 534.937627134, 0.469502814405, 0.205504587156
0.812249047499, 1.00434870581, 2.0, 0.5, 20.8765079925, 47.9599096058, 2.88105255743, 1.42723932874, 40.5293633808, 293.648491223, 0.555537092956, 0.252941176471
0.72899344643, 1.12446917044, 4.53484314705, 0.395290078016, 25.4085960748, 44.6381536074, 2.69801762136, 2.96208801634, 42.5120269507, 873.78721809, 0.609491914821, 0.070796460177
0.9, 0.877474457603, 6.45386022182, 0.2, 10.6286449553, 40.6222696783, 2.89343167736, 3.36006749614, 20.4092844359, 586.762248351, 0.647905102494, 0.0894308943089
0.530311238725, 0.82, 6.94534973279, 0.261763296398, 2.79642254928, 41.1912094812, 3.87893499162, 4.26134242054, 33.4548604165, 929.645931846, 0.505976361814, 0.0616246498599
0.853868186832, 0.921517506575, 2.50327596263, 0.496094365974, 33.44595878, 42.758413776, 3.30263847423, 0.950030633273, 32.2458896756, 485.650568023, 0.58892007734, 0.0
0.623857434364, 0.82, 2.52295512729, 0.4374738701, 15.7385397092, 48.1076409257, 3.01430992662, 2.71619076919, 44.0, 442.056398094, 0.574553107527, 0.0103092783505
0.9, 0.883709208029, 3.23931224045, 0.276613942982, 47.2246943399, 43.0955907067, 2.0, 4.47167734625, 30.2492103785, 454.593763452, 0.607822160799, 0.204545454545
0.663172955876, 1.04936472965, 2.10474406226, 0.4597495573, 6.46394951557, 46.0665734941, 2.0, 4.85080283342, 37.6418007107, 341.340790157, 0.543254924468, 0.0353982300885
0.829296113948, 0.886247437366, 2.0, 0.484898965129, 29.2075167003, 45.883438119, 3.65826220512, 1.28553278394, 20.0, 339.866724314, 0.600693558435, 0.0
0.707969471685, 1.05442654044, 3.91011201216, 0.478251395292, 32.3750899067, 40.0864088655, 3.60108243282, 4.8563538242, 42.7266325541, 826.455905314, 0.576425765685, 0.153374233129
0.798230177138, 0.939964423433, 2.39251281831, 0.49229338642, 46.8486637091, 42.2049142102, 2.47944743908, 4.78902685636, 22.3569867853, 282.730372504, 0.534695148988, 0.0472440944882
0.714079469692, 1.06585132677, 7.57284227373, 0.413516737136, 17.4370528818, 40.8651536779, 2.99287009423, 2.22985891543, 20.2934919179, 1243.77751707, 0.525497475648, 0.0340909090909
0.703951781379, 0.86325200397, 4.19557945406, 0.346933472598, 8.93941294544, 45.4869998185, 4.0, 2.42660232932, 20.0, 638.981228962, 0.583517782742, 0.0429184549356
0.9, 1.17563235654, 2.0, 0.411821047424, 8.18498035936, 50.0, 4.0, 1.11204118536, 28.8687286003, 473.760051557, 0.599143640811, 0.0533880903491
0.572197015184, 1.09295522121, 3.46754589319, 0.325687026246, 24.6507700672, 43.9574592311, 2.41940552873, 4.45837569506, 26.8599332678, 616.140727605, 0.504278373093, 0.193277310924
0.706176160329, 0.918690850356, 5.86899914017, 0.268209277005, 2.25848612308, 43.1630856632, 2.74214390865, 1.34820517561, 41.3577995459, 786.427370557, 0.585409015726, 0.15625
0.532274644487, 1.19791139135, 2.92069757304, 0.473889298517, 11.5813164562, 48.8632331394, 3.33323673163, 1.02425677399, 31.8204026588, 674.857711401, 0.545163181197, 0.0
0.554796203984, 0.82, 4.72414231337, 0.222952656403, 16.2541499233, 45.3065064078, 2.54000124586, 2.79854220069, 36.0602923066, 555.561123702, 0.544704627227, 0.178861788618
0.787626509361, 0.82, 5.33321604638, 0.317132124035, 1.20663465179, 40.0, 2.29749792088, 3.59541936999, 28.1735754068, 560.330604195, 0.568302929523, 0.13475177305
0.719108289715, 1.24097302163, 2.0, 0.30619395917, 19.2497265767, 49.6105087882, 3.12637085143, 0.8432147285, 32.0714217143, 401.817779903, 0.638994664122, 0.0204081632653
0.745517753667, 0.82, 5.12721322746, 0.242034044249, 12.7921240802, 49.1306308538, 3.28140187613, 1.58665950982, 31.4212963964, 632.272827585, 0.546742050471, 0.181405895692
0.731864952748, 1.01776550192, 6.18950313754, 0.360572688271, 49.2896900349, 49.37442291, 2.7388527404, 0.693460599315, 27.2143646788, 842.994339189, 0.638232084132, 0.105263157895
0.504792462123, 0.914372683405, 5.88449701578, 0.22270493864, 0.0, 45.9922809843, 2.35015748033, 3.09600780744, 28.0321420917, 700.328496158, 0.549207548364, 0.240740740741
0.688186270214, 1.14227421725, 4.33453425876, 0.327409003442, 31.0313736142, 43.2836969868, 2.17632948327, 4.96247268653, 41.3306726124, 783.074677332, 0.529504149273, 0.0
0.702435422597, 0.895842144177, 2.10966464066, 0.400263646725, 12.7301742996, 41.960032005, 3.16113870186, 4.84880385402, 23.2935309332, 350.099492828, 0.609919851899, 0.0839694656489
0.512275437269, 1.09956400068, 2.82856085424, 0.2, 10.0703961984, 46.142278706, 2.0, 2.84903397861, 34.9803490728, 485.665227582, 0.536303651295, 0.207692307692
0.728205198004, 0.938116008521, 2.69156630072, 0.497831233942, 10.1867302867, 41.3838827038, 2.42999083182, 4.02534288454, 43.1195223199, 362.11263597, 0.603599153656, 0.0
0.832382831005, 0.832169052968, 5.93408214018, 0.26029136474, 50.0, 47.8548497681, 3.79711812406, 4.27701566393, 36.013555656, 776.877650275, 0.629257938205, 0.264705882353
0.894487404097, 0.981384579323, 3.56508120727, 0.480343780533, 0.0, 44.6985380569, 2.08837828968, 0.817508641126, 36.5975094636, 545.028002992, 0.661990595306, 0.0
0.891390474709, 0.82, 2.0, 0.363989709608, 14.373172522, 43.7682962451, 3.12007250062, 0.0, 39.0441505966, 339.2331685, 0.622795993203, 0.0806100217865
0.820894993297, 0.854574186545, 7.94582037715, 0.371271026738, 36.7044948453, 41.2632964299, 2.29629302957, 1.00092295326, 32.1412551714, 780.023233978, 0.62190033697, 0.140350877193
0.5, 1.14656262943, 2.0, 0.406335959667, 17.8308359738, 46.1648173201, 2.35688859696, 5.0, 29.073399069, 250.586228873, 0.534455510015, 0.0
0.781240331881, 0.99763376206, 2.85819585251, 0.454595265898, 7.80871941856, 44.4965189748, 2.18251554737, 4.01431532963, 44.0, 504.425324031, 0.529942386897, 0.0
0.773728935732, 0.89562752897, 5.96215710706, 0.304351358281, 30.9186281945, 44.0183959513, 3.33528626406, 2.2069495119, 34.4244984437, 925.671128873, 0.57641483286, 0.00877192982456
0.700507303845, 0.936681967617, 2.0, 0.345847313105, 5.38953145113, 40.9805447082, 2.22508221052, 1.95627338432, 36.8272053847, 294.89271965, 0.544947409812, 0.0769230769231
0.596451947494, 1.03358376379, 5.77351990372, 0.370676799688, 29.5370138048, 40.0, 2.0, 3.20380302291, 21.7572803096, 902.535409655, 0.493133807347, 0.149659863946
0.717291035096, 0.981857553096, 2.320532296, 0.380028122026, 50.0, 46.1765160638, 3.48940733809, 2.79801748761, 39.3461500658, 380.244551858, 0.597542524904, 0.0061919504644
0.847586168437, 1.07135748315, 4.90357135073, 0.263983413652, 30.0884594282, 46.0050925733, 2.6459774729, 0.198819461323, 26.5027500204, 911.686282209, 0.646520397881, 0.0204081632653
0.54167903661, 1.08252471942, 3.53406190095, 0.387986616313, 46.1035297787, 40.0, 2.89119337462, 3.01763177371, 20.8214395733, 373.369927182, 0.493316361905, 0.0
0.515792111755, 0.95523077517, 4.84646220741, 0.416902093292, 20.6632045551, 45.4858396345, 2.10122724397, 4.91159422678, 22.6216917509, 532.757773222, 0.526257948338, 0.217777777778
0.519511276891, 1.21666595218, 2.34026194816, 0.347140701144, 31.6926879775, 41.6347409778, 2.0, 1.59238003511, 24.5702424368, 355.663488085, 0.524342713605, 0.0762711864407
0.645131751905, 0.920057224919, 6.9676817212, 0.255601711775, 28.7081534581, 45.1813633478, 2.0, 2.19250123643, 40.7391252506, 773.173061554, 0.601559407638, 0.015873015873
0.681570838442, 0.908138597519, 7.63810712262, 0.337112915275, 21.1413513294, 42.4927723337, 2.03874250838, 3.30680349024, 25.077188834, 830.026944102, 0.574489598798, 0.0275229357798
0.733321052183, 0.85257251932, 6.19263009183, 0.376393378575, 43.9868239918, 44.9605544739, 2.53220464206, 0.162494457602, 30.3781329262, 648.222162072, 0.532590951576, 0.01
0.543353970982, 1.06664780179, 4.41278084438, 0.386436751412, 24.9987843873, 49.3683663715, 2.57368729005, 4.8655216798, 20.0, 627.119075175, 0.532072377326, 0.0243902439024
0.732354160731, 1.26, 3.45159324163, 0.390316748731, 5.74250575094, 48.2513695733, 2.0, 2.66233289929, 40.7809074665, 664.367110478, 0.547761099933, 0.146739130435
0.565077092691, 1.03677571764, 2.37238034961, 0.415785007377, 4.74934555975, 44.4650141204, 3.81822488248, 4.46819118782, 20.0, 336.302972, 0.573344587751, 0.016
0.52509805311, 1.20929045863, 2.0, 0.342600196736, 38.1063787021, 49.5331716015, 2.42010621629, 5.0, 20.0, 318.495703566, 0.607395997095, 0.0729166666667
0.799323378492, 1.07061949051, 2.0, 0.358348399428, 33.2143331783, 42.1277001488, 3.83066071497, 0.432443360014, 27.8432258813, 390.111487321, 0.578972608373, 0.120728929385
0.849084427262, 0.899740775312, 4.95273755024, 0.321503548174, 4.75052912254, 42.9953960832, 3.55988775537, 3.32096959646, 20.8737608576, 721.303779785, 0.609376159965, 0.0765171503958
0.5, 0.939598976698, 7.49086167327, 0.486579803901, 12.5294686426, 44.5304163904, 2.00762081747, 2.12110605791, 25.2879238573, 926.343898426, 0.530373840294, 0.056338028169
0.581421904368, 1.00317413883, 7.46588859828, 0.462935478582, 29.0250725297, 48.1918792042, 2.00747709795, 3.08183879004, 42.3926007485, 1191.45858749, 0.564538460333, 0.149700598802
0.9, 1.10192865251, 2.0, 0.295866066551, 33.7625118376, 44.3574549332, 3.52291351864, 2.4864720882, 39.8384252782, 471.07901265, 0.601119391549, 0.225382932166
0.509967147924, 0.853892097894, 7.93328787382, 0.39412602458, 2.06511329886, 40.3405686567, 2.80956627311, 4.83354657215, 33.6650176121, 826.867842414, 0.463946798679, 0.0280373831776
0.511862155255, 1.08602188037, 7.29410277749, 0.219799818367, 39.2428016022, 46.22294633, 2.00543986138, 4.38412344919, 20.2133585609, 1064.96271514, 0.515538428813, 0.025
0.667975715236, 1.03922508811, 2.86255668221, 0.343283079206, 6.97631048148, 45.5740497949, 3.32850413931, 0.600463774124, 36.2951498674, 494.11962807, 0.551143278673, 0.0112044817927
0.732815136075, 0.952717128291, 5.06576338703, 0.435804704899, 24.4536813529, 42.2365371398, 2.25748358189, 3.73625426723, 22.0326700797, 633.317671593, 0.558808261762, 0.0756302521008
0.87804858954, 0.82, 2.23220355722, 0.2, 10.8166264983, 46.6836490814, 3.40141346968, 0.993608596452, 35.7973905617, 419.833343352, 0.640967864536, 0.0758807588076
0.560040994411, 0.823176406041, 5.34376360657, 0.277994208099, 50.0, 48.5900317545, 2.59974319772, 2.5078824908, 38.7518261182, 527.940167237, 0.597302643473, 0.232804232804
0.6683103758, 0.82, 7.78936898318, 0.399594882709, 28.7411919383, 45.6165184434, 2.0, 3.40363583236, 26.8316167598, 668.794486496, 0.538458908292, 0.0
0.538305230335, 1.25512309197, 5.12440224304, 0.298529236965, 47.4059258977, 45.1481126569, 2.22217426908, 1.41078232592, 39.3215497809, 1258.5431524, 0.462717761834, 0.2
0.813618405628, 1.15884364545, 4.93064508349, 0.362236858188, 42.6834385231, 46.7495268653, 2.54956866095, 4.65946970011, 26.8384900184, 924.666474005, 0.635475011709, 0.0459770114943
0.5, 0.977273608444, 4.88231381489, 0.5, 40.0939111036, 50.0, 3.37260347469, 0.81551995101, 29.4514782866, 816.473727407, 0.555981741791, 0.0
0.525130910926, 0.904777037968, 2.0, 0.389303332589, 41.5476896924, 45.7295062568, 3.71269907149, 2.05755657221, 24.0544317412, 308.532352711, 0.522873656878, 0.041782729805
0.9, 1.12898287704, 3.51560608879, 0.5, 34.855668091, 40.0, 3.36579258365, 2.77550177775, 23.4755278017, 652.321852093, 0.556209070628, 0.0837320574163
0.651912191383, 0.821843175572, 2.77767992324, 0.360874275932, 12.5527961238, 41.1279854577, 3.89043192313, 2.96137501448, 32.6602315371, 405.379034282, 0.506857244582, 0.00884955752212
0.664580135913, 0.903983053987, 2.0, 0.232075193974, 2.40761772914, 47.9132209375, 3.22659677927, 1.82317109246, 33.4637571894, 350.537296658, 0.475087786792, 0.447263017356
0.896437622724, 0.82, 4.67236825941, 0.5, 0.0, 42.9606320082, 2.13615114426, 0.800268673131, 37.8375947759, 505.936558514, 0.735434082632, 0.0
0.5, 1.07302223465, 2.66766472576, 0.5, 40.0801714771, 44.1327639845, 2.23905989309, 0.0, 40.5768597374, 437.647455904, 0.552269239795, 0.105263157895
0.678511567281, 1.09531056766, 3.94667882834, 0.495369697714, 27.4670040629, 43.1702408685, 3.40078342531, 1.67257221316, 42.7528199917, 889.769475912, 0.532843895964, 0.170854271357
0.570952365598, 0.916609194691, 2.14632854157, 0.28965573388, 8.82377366186, 44.46950844, 3.70058514623, 4.54528957046, 28.0384013224, 320.785011203, 0.54214574021, 0.120792079208
0.564084697991, 1.05552460733, 2.14034369807, 0.430542409762, 42.1827925158, 43.5787864552, 3.08415757121, 3.27941584576, 29.1403057932, 354.138850421, 0.519659351337, 0.00600600600601
0.9, 0.82, 3.8216389121, 0.310536660405, 11.3199335033, 42.2214938795, 2.48589430332, 3.16040305183, 34.8373521233, 340.24916892, 0.591828027722, 0.0
0.785697020508, 0.82, 7.70614006219, 0.5, 50.0, 43.4274523982, 2.54781012046, 2.4399743125, 20.0, 821.463756385, 0.671850841199, 0.03125
0.770322852913, 0.82, 4.74773547693, 0.37133001455, 34.0816157794, 42.8213341944, 2.52104742707, 1.22452963138, 41.3753111982, 517.037065729, 0.624814750707, 0.0777777777778
0.880540741513, 1.16918228056, 5.13527938663, 0.478919675069, 37.4114909986, 41.3867365731, 3.4269070962, 5.0, 20.0, 1028.92272778, 0.599003114183, 0.032967032967
0.704712928275, 0.948006428428, 3.43121135723, 0.33656971756, 50.0, 44.1161683428, 2.76237045922, 3.9964012143, 21.4334013394, 391.800834248, 0.549258606763, 0.010101010101
0.780710665231, 1.2249933473, 4.73829070539, 0.5, 4.85764529742, 40.0, 3.5264307467, 0.0, 39.0690406516, 1184.32279914, 0.59141891637, 0.00384615384615
0.772322563913, 1.0232360823, 5.59452278857, 0.273896447706, 39.5635256138, 42.0457853388, 4.0, 0.502181906343, 21.8717115576, 1138.67266588, 0.586142517075, 0.0376202974628
0.859061727458, 0.82, 7.79982725203, 0.281537964679, 18.1777240537, 40.3063662981, 4.0, 0.0, 20.0, 1057.84428008, 0.61987123618, 0.135410044501
0.655923824648, 1.2564110677, 3.59793124555, 0.449645493392, 48.356826302, 41.8860352212, 3.98222262188, 3.99611676019, 31.9873584973, 902.906202547, 0.553979034909, 0.21778584392
0.632509586033, 1.17570416108, 5.39348270753, 0.265928687029, 0.0, 47.4736284639, 3.91690909172, 4.37399029268, 44.0, 1318.12023264, 0.552828020844, 0.0459518599562
0.87379695934, 1.25350281332, 2.0, 0.5, 35.503148811, 40.686135002, 3.65401077512, 2.38608577269, 26.1842918713, 411.977279075, 0.557535529803, 0.00342465753425
0.559461561872, 1.06418684838, 2.71616921525, 0.5, 0.939100077669, 47.0578932058, 2.4384014721, 5.0, 20.0, 295.681518819, 0.550045699465, 0.154320987654
0.616220630919, 0.977869608964, 2.0, 0.338826566281, 7.32949654949, 40.8327455903, 2.1327226577, 2.09740556099, 44.0, 298.598347085, 0.536689079014, 0.341584158416
