1.0, 1.0, 0.0, 0.0, 0.0, 1.0, 0.0, 2.0, 0.0, 2.90021018694
1.0, 0.996010579624, 0.0, 0.00902374458343, 0.00560624480655, 1.0, 0.99080161872, 1.0, 1.0, 3.27429978545
1.0, 0.0, 1.0, 0.0, 0.0, 0.0, 1.0, 5.0, 0.0, 2.04350797498
1.0, 0.00406869090463, 0.0, 0.00628850294777, 0.0, 0.0, 0.996888233715, 10.0, 0.0, 1.07376015354
1.0, 0.0, 0.0, 1.0, 1.0, 1.0, 1.0, 0.0, 0.0, 4.60982406772
1.0, 1.0, 0.0, 0.0, 0.979035741615, 0.883961833449, 0.930924937318, 0.0, 2.0, 4.14101895508
1.0, 0.00988914694918, 0.0, 0.0, 0.0, 0.0, 0.0, 11.0, 0.0, 0.699670555029
1.0, 1.0, 0.0, 0.010923644469, 0.0, 0.0, 0.99956148162, 5.0, 1.0, 1.63134998875
1.0, 0.0, 1.0, 0.0, 0.0, 1.0, 1.0, 1.0, 0.0, 3.68645777168
1.0, 1.0, 0.0, 0.0, 0.0, 0.0, 0.0, 6.0, 0.0, 1.25726039024
1.0, 1.0, 0.0, 0.0110723925628, 0.978867375522, 0.895346023719, 0.93157860099, 0.0, 2.0, 4.14101895508
0.93396735994, 0.00230222711195, 0.0237202767846, 0.0643195959151, 1.01438732662e-07, 3.17298201928e-05, 2.61785955844e-05, 11.0, 0.0, 0.699670555029
1.0, 0.00024413867601, 0.923871457243, 0.0, 0.0, 0.991445978083, 0.98477066923, 1.0, 0.0, 3.68645777168
1.0, 0.00426114746103, 0.0629854463589, 0.0109303293767, 0.0, 0.00435448828966, 0.999546628707, 10.0, 0.0, 1.07376015354
1.0, 0.999998625194, 4.47793279069e-07, 0.0105647216392, 0.0, 0.034372359299, 0.00737046113313, 6.0, 0.0, 1.25726039024
0.99426953949, 0.99518131052, 0.00602814458517, 0.000444143697499, 0.116380845382, 0.999952783069, 0.00527217978306, 2.0, 0.0, 2.90021018694
0.98802318553, 3.89971065924e-06, 0.987628533349, 0.0350190924972, 0.138047193346, 9.19832422632e-08, 0.994403683778, 5.0, 0.0, 2.04350797498
1.0, 1.37323994315e-05, 0.00815639966169, 0.963490128053, 0.967319575754, 1.0, 0.99993367695, 0.0, 0.0, 4.60982406772
0.999999998112, 0.999803662382, 0.0428821765457, 0.000126561538979, 0.0, 0.0108331958185, 0.95704744871, 5.0, 1.0, 1.63134998875
1.0, 0.984715175711, 7.51804157288e-06, 0.0012653051567, 0.19039553044, 0.970088413618, 0.98121847244, 1.0, 1.0, 3.27429978545
0.930215870942, 0.997831636176, 0.0, 0.010923644469, 0.0, 0.0063626532249, 0.99956148162, 5.0, 1.0, 1.63134998875
1.0, 0.0300397747046, 0.0, 1.0, 0.978242893439, 1.0, 1.0, 0.0, 0.0, 4.60982406772
1.0, 0.00449169454424, 0.97315534175, 0.0, 0.0, 0.0332010274324, 0.999215120123, 5.0, 0.0, 2.04350797498
0.904752548841, 0.961550787645, 0.0258770652569, 0.0326797865711, 0.0, 0.985551135458, 0.00890391561952, 2.0, 0.0, 2.90021018694
1.0, 0.97474705467, 0.0210852967007, 0.00971061274641, 0.944975351261, 1.0, 1.0, 0.0, 2.0, 4.14101895508
1.0, 0.0385018740803, 0.038745541312, 0.000547914760263, 0.0, 0.0137144396071, 0.00189867517274, 11.0, 0.0, 0.699670555029
1.0, 0.913191098779, 0.00614345594829, 0.0, 0.0, 0.0341044915922, 0.0, 6.0, 0.0, 1.25726039024
0.95881599394, 0.97432611595, 0.0, 0.00193742001889, 0.0, 0.998333812065, 0.972738108798, 1.0, 1.0, 3.27429978545
0.999349303463, 0.0320121309536, 0.00504270518461, 0.0110703934944, 0.0, 3.85649340776e-08, 0.999940909165, 10.0, 0.0, 1.07376015354
1.0, 0.0448530255303, 0.987540147916, 5.18415599791e-07, 0.0, 0.999979247474, 0.999415026066, 1.0, 0.0, 3.68645777168
0.978055764622, 0.00985797120331, 2.58812973589e-05, 0.0, 0.0134097271635, 0.0, 0.0, 11.0, 0.0, 0.699670555029
1.0, 0.00205954035812, 0.0, 0.925527294216, 1.0, 1.0, 0.937854254098, 0.0, 0.0, 4.60982406772
1.0, 1.0, 0.00268872577377, 0.0, 0.0, 1.0, 0.00503442982455, 2.0, 0.0, 2.90021018694
0.95907739313, 0.0160425420968, 0.00679532243909, 0.323844631451, 0.0348611760301, 0.007323103092, 0.99474320956, 10.0, 0.0, 1.07376015354
1.0, 1.0, 0.00425007678356, 0.0, 0.0, 0.975311465524, 0.94033961157, 1.0, 1.0, 3.27429978545
1.0, 1.1399666893e-05, 0.982371922173, 0.0336502791128, 0.0, 0.0, 0.99469509425, 5.0, 0.0, 2.04350797498
1.0, 0.00168431941124, 0.98943896194, 0.185061443105, 7.41761689826e-05, 0.998146785618, 0.965390702479, 1.0, 0.0, 3.68645777168
1.0, 0.928834545244, 0.0341102437199, 0.010923644469, 0.0, 0.0, 0.994174092228, 5.0, 1.0, 1.63134998875
0.986391246787, 1.0, 0.0107316921937, 0.189313519182, 3.77703951288e-05, 1.14084288595e-08, 0.0133795806522, 6.0, 0.0, 1.25726039024
0.93396735994, 0.0291515554457, 0.0237543005176, 0.0643195959151, 1.01438732662e-07, 0.0, 2.61785955844e-05, 11.0, 0.0, 0.699670555029
0.999873042959, 0.00188827136165, 3.98960118321e-05, 0.0312122908267, 0.0, 4.54288195393e-05, 0.97268441568, 10.0, 0.0, 1.07376015354
1.0, 0.00115568649519, 0.995535566378, 0.0336502791128, 0.0, 0.0, 0.99469509425, 5.0, 0.0, 2.04350797498
1.0, 0.9959927069, 0.00433568285202, 0.000147091942807, 0.110125570823, 0.904606240283, 0.997328234089, 1.0, 1.0, 3.27429978545
0.99886416881, 0.959207291318, 0.00697081694237, 0.000335525347224, 0.00343763537317, 4.73867152308e-06, 0.0140005258887, 6.0, 0.0, 1.25726039024
1.0, 0.0, 1.0, 0.0, 0.0, 0.955550030622, 0.94694264908, 1.0, 0.0, 3.68645777168
1.0, 0.0, 0.0, 0.996688496482, 0.99473358356, 1.0, 0.999830696555, 0.0, 0.0, 4.60982406772
1.0, 0.998471389934, 0.00220887434601, 5.73382429233e-08, 6.51661930426e-05, 0.96885350308, 1.24750074249e-05, 2.0, 0.0, 2.90021018694
0.999999619076, 0.98209061076, 0.0183049788177, 0.000126561538979, 0.0, 0.00341214587338, 0.98380214255, 5.0, 1.0, 1.63134998875
1.0, 1.0, 0.0, 0.0209335833425, 0.0, 0.0, 0.965454382142, 5.0, 1.0, 1.63134998875
1.0, 1.0, 4.49903660161e-05, 0.0105647216392, 0.0, 0.0335725386743, 0.00737046113313, 6.0, 0.0, 1.25726039024
1.0, 0.0300397747046, 0.0341544003218, 1.0, 0.978242893439, 0.996979059707, 1.0, 0.0, 0.0, 4.60982406772
1.0, 0.0252101334524, 1.0, 0.200648041764, 0.108718011603, 0.996020831837, 0.99469509425, 1.0, 0.0, 3.68645777168
0.999944182995, 0.996014918607, 0.00313655537885, 0.0, 2.95827420316e-07, 1.0, 0.0, 2.0, 0.0, 2.90021018694
0.999873611644, 0.0017905531922, 6.59034842965e-05, 0.00597895663827, 0.0, 1.00728683834e-07, 0.964490002752, 10.0, 0.0, 1.07376015354
0.999869817255, 0.000146170101799, 0.998524271952, 0.0350190924972, 0.0, 0.0101458124175, 0.97268441568, 5.0, 0.0, 2.04350797498
1.0, 0.00027259182268, 4.24838042773e-10, 0.000361629503943, 3.2474372806e-09, 2.12527248126e-06, 0.0, 11.0, 0.0, 0.699670555029
1.0, 0.9959927069, 0.00433568285202, 0.000229543331514, 0.110187919611, 1.0, 0.997328234089, 1.0, 1.0, 3.27429978545
1.0, 0.997812586876, 0.000257200774512, 0.0109303293767, 0.0, 0.00473765282046, 0.99956148162, 5.0, 1.0, 1.63134998875
1.0, 0.956809843615, 4.44954187793e-05, 0.0105647216392, 0.0, 0.0428629887862, 0.0163813945383, 6.0, 0.0, 1.25726039024
0.9846905834, 0.0019322108235, 0.955837584833, 0.0303859387997, 0.0, 4.54288195393e-05, 0.97268441568, 5.0, 0.0, 2.04350797498
1.0, 0.0123779348165, 1.53728478803e-07, 0.0, 0.0, 0.00204024310632, 0.0315446073181, 11.0, 0.0, 0.699670555029
0.959368924834, 0.0160425420968, 0.00597092320959, 0.323844631451, 0.0348611760301, 0.0138255298286, 0.99417411992, 10.0, 0.0, 1.07376015354
1.0, 0.0514868127166, 1.0, 0.0, 0.0, 0.861856984661, 0.995102632795, 1.0, 0.0, 3.68645777168
1.0, 1.0, 0.0, 0.0, 0.0, 0.969262992831, 0.00186618122628, 2.0, 0.0, 2.90021018694
1.0, 0.979441458479, 0.0, 0.00194352327228, 0.0, 0.99557115504, 0.942553361514, 1.0, 1.0, 3.27429978545
1.0, 0.0445789994003, 0.0, 0.990097999741, 0.978242893439, 0.999925846999, 1.0, 0.0, 0.0, 4.60982406772
1.0, 0.0, 0.998974296892, 2.97482365406e-05, 0.0, 1.0, 0.895942710778, 1.0, 0.0, 3.68645777168
1.0, 0.0, 0.0, 1.0, 1.0, 1.0, 1.0, 0.0, 0.0, 4.60982406772
0.999999218628, 0.000795871915256, 0.0951248752391, 0.032535943847, 0.0302386179055, 4.54288195393e-05, 0.97268441568, 10.0, 0.0, 1.07376015354
1.0, 0.973199586575, 0.0, 0.000545361630206, 0.0263905758587, 0.997881080769, 0.0, 2.0, 0.0, 2.90021018694
1.0, 0.0123779348165, 6.70111059645e-05, 0.0, 0.0, 0.0, 0.0314447271575, 11.0, 0.0, 0.699670555029
0.939870061108, 0.0607106123643, 0.906256531481, 4.55401109507e-06, 0.0657303521567, 0.00883713679836, 0.962925494197, 5.0, 0.0, 2.04350797498
1.0, 0.978736440461, 0.0, 0.0109303293767, 0.0, 0.00473765282046, 0.99956148162, 5.0, 1.0, 1.63134998875
1.0, 0.913191098779, 0.0073360739607, 0.030368199682, 0.0, 0.975558311135, 0.98564750122, 1.0, 1.0, 3.27429978545
1.0, 0.913191098779, 0.00604003931491, 7.20934261001e-06, 0.0, 0.0337022003368, 0.0, 6.0, 0.0, 1.25726039024
1.0, 0.913191098779, 0.00614345594829, 0.0, 0.0, 0.0341044915922, 0.0, 6.0, 0.0, 1.25726039024
0.999562064345, 0.000249535696983, 0.955837584833, 0.0303859387997, 0.0, 4.54288195393e-05, 0.906252191176, 5.0, 0.0, 2.04350797498
0.997453680481, 5.26516271508e-06, 0.0106246769697, 0.00100984386292, 0.0, 0.0, 0.955742310091, 10.0, 0.0, 1.07376015354
1.0, 0.964379321712, 0.00818211683019, 0.000145401523771, 0.033992048126, 0.00731613340205, 0.988565652405, 5.0, 1.0, 1.63134998875
1.0, 0.000235808773929, 7.60352953429e-05, 0.0703886070902, 3.15552428039e-09, 0.0, 0.0, 11.0, 0.0, 0.699670555029
1.0, 0.98487356356, 0.0, 0.0201411358004, 0.150670616402, 0.969262992831, 0.00186618122628, 2.0, 0.0, 2.90021018694
1.0, 0.000149038339868, 0.996100520008, 0.177402489886, 0.0, 0.998047078448, 0.99469509425, 1.0, 0.0, 3.68645777168
1.0, 0.0, 0.0, 1.0, 1.0, 1.0, 1.0, 0.0, 0.0, 4.60982406772
1.0, 0.928834545244, 0.034603425618, 0.0373066685927, 0.0, 0.941464733422, 0.994174092228, 1.0, 1.0, 3.27429978545
0.999873042959, 0.0547136308058, 0.00831335195605, 0.0309535111015, 0.0, 4.54288195393e-05, 0.964490002752, 10.0, 0.0, 1.07376015354
1.0, 0.000235808773929, 2.93088543479e-07, 0.0703886070902, 3.15012355439e-09, 2.87408947468e-06, 0.0, 11.0, 0.0, 0.699670555029
1.0, 0.0300397747046, 0.0, 1.0, 0.978242893439, 1.0, 1.0, 0.0, 0.0, 4.60982406772
1.0, 0.999998030742, 0.0238381492898, 0.0, 7.36390007688e-06, 0.0030333009063, 0.0, 6.0, 0.0, 1.25726039024
1.0, 1.0, 0.0, 0.0109303293767, 0.0, 0.0, 0.99956148162, 5.0, 1.0, 1.63134998875
1.0, 0.00414010836338, 1.0, 0.0, 0.0, 0.0, 1.0, 5.0, 0.0, 2.04350797498
1.0, 0.997425142049, 0.0647009054565, 7.48380949938e-05, 0.0, 0.944359578521, 0.995509708879, 1.0, 1.0, 3.27429978545
1.0, 0.0, 1.0, 5.49448780665e-07, 0.00289355159712, 0.999953729129, 1.0, 1.0, 0.0, 3.68645777168
