5.07605899337, 1.00000075382, 1.43531054884, 0.98388177335, 3.01877174416, 0.876760351135, 2.54208492773, 1.23432366679, 0.91399857336, 3.15244548616, 5.11405819439, 1.08056210601, 3.96300693908, 1.10628312978, 1.09000021084, 1.0782811162, 1.01994894293, 0.833862635153, 6.00359583635, 1.14996131554, 0.912736158652, 248.241531623, 1.06221270064, 3.68915447898, 1.00016696886, 4.30774145654, 0.938135251151, 43.8821929431, 8.16491230631, 44.8924154056
1.98848097637, 1.00000057344, 1.19273299056, 0.888017384548, 3.6496086373, 0.869632460077, 4.67261557105, 1.13316979246, 0.921588339104, 4.36605997216, 6.01172741487, 0.847825712106, 3.22822171497, 0.892043300653, 1.09000062027, 1.03283844287, 1.03946293624, 1.0055777803, 5.96274805493, 1.06621866265, 0.813592227783, 489.139005312, 0.957631696144, 2.61214065914, 1.12554713276, 1.38587677553, 0.920887144786, 57.2625725764, 8.99272022917, 410.657735353
2.13178076432, 1.00000049661, 1.1123212566, 1.03506875342, 6.57224944951, 0.975454924339, 3.61421491574, 1.02301893264, 0.912854928275, 4.12253226338, 4.68826829111, 0.981453192124, 3.42368398125, 1.03770012618, 1.0900002171, 1.09006976554, 1.01417838432, 0.940472304792, 8.36515465039, 1.05834985494, 0.920263052363, 737.102970692, 0.979562443809, 3.23346112338, 1.08892319062, 3.94702541767, 1.05382424581, 65.6186032789, 9.18139067108, 407.681854436
4.00601009465, 1.00000084267, 1.24080978547, 1.21958284958, 3.58442938562, 0.991833947763, 5.0498611664, 1.08264717719, 0.903790782915, 1.2796152129, 5.40515730147, 0.937112476502, 3.53369835303, 0.979476373198, 1.09000030292, 1.02906410871, 1.02041303567, 1.12983774506, 9.61465965869, 1.13068074024, 0.840322848148, 611.527465301, 1.08691031329, 5.13754364672, 0.987888199922, 2.09181143266, 1.27713218735, 86.4921520953, 9.89138923964, 103.43910983
5.74453675114, 1.00000000162, 1.42987593652, 1.05218285772, 6.25458785946, 0.769553992816, 2.05944637468, 1.18551598448, 0.915555037852, 1.39162705201, 5.29786684787, 0.958804110364, 3.45656701563, 1.18253475943, 1.09000008689, 1.07034515581, 1.04195045168, 0.945144998135, 5.4937818065, 1.00776243634, 0.998438393359, 3.43907720924, 1.08923265352, 2.56600004614, 1.13553544075, 1.33699698656, 1.17157454156, 49.3713782614, 16.1074184722, 267.184391888
2.44392108807, 1.0000008684, 1.20532362898, 1.11108070043, 6.70310323667, 0.844760759213, 4.40515813071, 1.04891402153, 0.933159319069, 5.98093839002, 6.07911496909, 1.199779407, 3.64132665559, 1.05421081894, 1.09000009153, 1.08871030476, 1.00198139055, 0.990899962155, 9.36705452327, 1.16698811693, 0.78621561216, 301.710667186, 1.08019308876, 4.91178871394, 1.10777634697, 1.70669803826, 1.068169226, 303.692011119, 14.9608026363, 1418.35305603
5.64996368812, 1.00000067384, 1.44701168419, 0.853658945965, 5.95498380333, 0.74136142959, 4.74618749893, 1.18449061109, 0.970823806766, 5.46299714612, 5.70378757219, 1.07677202726, 2.30138680641, 0.857573822309, 1.09000006875, 1.05827563928, 1.00748410451, 1.14371705408, 8.66800631349, 1.03839115792, 0.917539332395, 135.081968379, 1.11456056529, 4.88996230955, 1.00080488046, 3.26830521892, 0.962548467778, 59.2480812886, 17.5590647969, 404.893257897
3.98833478647, 1.00000041444, 1.40900480776, 0.922217970861, 2.85387965428, 0.941406977599, 3.8086549666, 1.19443914081, 0.998666088375, 3.81521921888, 5.16931751287, 0.848482377625, 1.21879350159, 1.09154622708, 1.09000082254, 1.01291566726, 1.0208730069, 0.853367703659, 4.32207986347, 1.12363544512, 0.894760558151, 249.856357542, 0.924459751213, 1.86827119829, 1.23436327801, 2.67680127263, 0.890811043929, 259.180183001, 27.6829315911, 352.552465615
4.16646106634, 1.00000010152, 1.23107443152, 1.02135011781, 2.22160206729, 0.99356635142, 1.85533189749, 1.22989460299, 0.936955113298, 4.02298079083, 5.54508975194, 0.901735223998, 1.03924045831, 0.933795278341, 1.09000034584, 1.04188688151, 1.01637585152, 0.843047959962, 3.95195991869, 1.04808840304, 0.999005022019, 463.420218484, 0.917860021061, 1.32970593155, 0.990978478191, 3.62769212375, 1.25046665765, 157.255119002, 17.3013222738, 1302.76131207
3.23039841223, 1.000000484, 1.42838206745, 1.00640414096, 6.90392962308, 0.983243571797, 1.63100179243, 1.11273199459, 0.912593296174, 3.60307166446, 5.61366580811, 1.09802963421, 2.30046714164, 1.27730881851, 1.09000097822, 1.02501180785, 1.01672503612, 1.11768457476, 3.73209546529, 1.06330509874, 0.920292357615, 625.212376585, 1.15631485411, 1.86320507112, 1.03446164441, 2.31070655267, 1.20259782491, 88.4865059904, 19.7505063666, 404.307513711
4.98315071443, 1.00000077036, 1.00068765182, 0.928545528869, 4.52878032499, 0.792514961978, 2.82300545397, 1.20342862199, 0.956721390108, 4.61867816625, 5.01253076377, 1.1935290566, 3.22741305533, 1.06591543215, 1.09000026496, 1.07495728803, 1.01248168662, 1.08422879729, 3.70435934021, 0.962484304446, 0.906073485893, 537.885264819, 1.14970922592, 4.66430623676, 1.02966182022, 3.18875096986, 1.08615642456, 349.738647306, 15.7931004082, 7507.26246081
4.50774665798, 1.00000082066, 1.60110783351, 1.0613625665, 5.79159979407, 0.824852355874, 5.50472411857, 1.00606497903, 0.990017637946, 3.0783274378, 5.54406741622, 1.06588998231, 4.89893639258, 1.00814218239, 1.09000059604, 1.04111737088, 1.03253287526, 0.937201175475, 3.15701205268, 1.18968053526, 0.953401384998, 492.148093429, 0.915760877733, 2.59474665309, 1.07970919621, 4.36484083594, 0.95799152977, 343.238082697, 16.4380377916, 1509.60831832
3.45555572176, 1.00000025483, 1.15949646643, 0.841436296688, 5.745355426, 0.718498230145, 2.99512005435, 1.03244917989, 0.930436971542, 2.33441472177, 4.7016568937, 1.0141540434, 2.14149063501, 1.188646689, 1.09000026108, 1.00962812226, 1.04444319661, 1.17267396225, 3.80265963992, 1.18895315645, 0.938261875448, 33.3285239545, 1.11298576125, 1.0563868004, 1.12397653218, 1.58820405246, 1.28940523848, 341.787879997, 15.8306375662, 2910.96195607
2.56404228443, 1.000000586, 1.01949646683, 0.945304100614, 6.2617730786, 0.860403076435, 5.93648438576, 1.25849569508, 0.990551340891, 4.14777701824, 6.07708946834, 0.97934469321, 1.1819758151, 0.920792506272, 1.09000020244, 1.02014846771, 1.0143209268, 1.01708327955, 9.56342591993, 1.17514296736, 0.924076183126, 34.06355247, 1.12966138601, 2.99514821319, 0.978547685225, 4.31243744226, 0.958490979254, 189.718830391, 18.3656398526, 744.597891928
5.05360351829, 1.0000005678, 1.6620096172, 0.839572607515, 4.43996245919, 0.737334570216, 3.69128220526, 1.01399812227, 0.949796594764, 6.1741083949, 5.51270385445, 1.09385002992, 2.91017926442, 1.12512713416, 1.09000025566, 1.03759647079, 1.03515756122, 1.14431390278, 7.64796044084, 1.12740227479, 0.935159124633, 715.176571919, 1.0673966537, 2.33714322995, 1.16726463216, 3.35888341919, 1.01192944119, 171.893913724, 17.8499684669, 927.161733871
1.97295624712, 1.00000079081, 1.43531054884, 0.888721554947, 3.01877174416, 0.876760351135, 2.50628811901, 1.23432366679, 0.913860804293, 3.14990887494, 5.11405819439, 1.08100378916, 3.95308713416, 0.893589431377, 1.09000019941, 1.03294574107, 1.01994894293, 0.833862635153, 6.00359583635, 1.14996131554, 0.912736158652, 248.241531623, 1.06226208244, 3.70740323151, 1.12341916098, 4.30774145654, 0.938135251151, 291.525803492, 17.7825024449, 4615.81786976
3.79353618978, 1.0000001032, 1.24453004482, 0.894917049508, 6.21574623238, 0.773523570524, 1.6152256151, 1.23728096396, 0.936127894915, 6.12385790465, 5.79341163236, 0.932960512332, 2.58689146602, 1.2853792628, 1.09000057426, 1.05761368092, 1.02731523621, 1.05719811765, 6.37283071432, 1.16004254393, 0.883066874146, 78.7145596537, 1.00174909737, 4.25730769783, 1.16185179247, 5.21135552906, 1.11094694371, 503.992401324, 23.8400878419, 478.547342564
5.45874205442, 1.00000062551, 1.00992137408, 1.11813607247, 3.42150369997, 0.817288410649, 2.06675322403, 1.25248713684, 0.91502685887, 4.31197356963, 4.95264579502, 0.958167419118, 1.73990251638, 0.919385137705, 1.09000025726, 1.07040216339, 1.00035422776, 1.00461873184, 5.47392261322, 0.918768100007, 0.965796666645, 994.195228563, 1.03591135906, 5.49414050517, 1.12622719862, 1.36518758168, 1.29777397055, 292.981633029, 28.110833976, 694.680164915
3.73896876583, 1.00000083133, 1.52853151084, 0.930211919395, 3.72112365253, 0.998082860743, 2.81747147169, 1.1281733555, 0.960959004883, 6.01834935037, 4.95277914467, 0.966664795337, 3.83564784535, 0.945152602271, 1.09000062277, 1.10958771959, 1.00472171535, 1.04865190832, 4.62299440436, 0.970455860668, 0.766141493216, 678.167798963, 0.944804560941, 5.4930823266, 0.989539522366, 4.47376460919, 1.1871919324, 535.42625969, 17.5211121658, 4566.52810684
3.65759876731, 1.00000076849, 1.34469725117, 1.0214133803, 5.75114378608, 0.953561974032, 1.47986680802, 1.1527671258, 0.947436159714, 2.79098280555, 5.11633851878, 1.08507892621, 1.92170282176, 0.869624788566, 1.09000086138, 1.06039007088, 1.04301283829, 1.19083918758, 4.1391614384, 0.930771273633, 0.983373354241, 767.430235672, 1.12695555845, 5.24834747019, 1.14827866717, 3.24971959093, 1.25771810825, 481.634373321, 19.6495610063, 2230.14592599
3.34687099367, 1.00000049822, 1.59576874254, 0.983316103438, 2.71416225381, 0.938202089916, 4.1178945497, 1.07012689277, 0.978370811047, 1.66645188293, 4.96629458049, 1.09111175638, 4.58066631899, 1.19483358229, 1.09000096945, 1.05407286956, 1.01887830576, 1.22445800604, 8.35227091824, 0.975385221069, 0.809372538967, 736.545691036, 1.19389192141, 4.86524999707, 1.18591083428, 5.17602746303, 0.927242361354, 723.452057514, 23.0568072467, 1523.00260858
5.26173341333, 1.00000046471, 1.43163660834, 0.968194569867, 3.45432089746, 0.882154782954, 4.51921471645, 1.16669900318, 0.964596249456, 5.50594065175, 5.14322527178, 1.19204198277, 2.73805952565, 0.932861832864, 1.09000062144, 1.03039060539, 1.02661677417, 0.858095901295, 3.45343353654, 1.05834597072, 0.958723818558, 420.526697528, 1.13521043166, 2.82530397976, 0.999295016557, 4.49589778391, 0.930494082429, 242.554125696, 20.1959042734, 1562.1569427
4.01202957776, 1.0000004289, 1.22335689292, 0.934107814639, 1.72570996695, 0.766767248994, 4.70026332364, 1.07146883158, 0.906063737048, 5.87127986349, 5.50367450904, 0.884835043758, 1.19729179731, 1.08399759272, 1.09000037223, 1.09068072257, 1.00785385383, 0.954761448639, 4.30642232616, 1.12072714825, 0.997765853552, 11.7056635495, 0.925351302567, 2.88038780903, 0.977918782332, 2.57494123396, 0.893728768613, 623.852173937, 18.3147701074, 2614.2400613
3.1269983969, 1.00000036979, 1.70553275069, 1.2144272505, 2.23845625565, 0.7117315053, 3.12506188729, 1.01390199191, 0.96479735057, 3.63979602891, 5.09487302806, 0.968607753233, 3.3025580512, 1.07594690476, 1.09000051897, 1.08945400564, 1.00327467962, 1.09581089116, 6.76809797921, 1.05600575545, 0.78296651284, 99.385783933, 1.06983698227, 3.66027866978, 1.04485124381, 3.22772540061, 1.22288665712, 966.9497656, 20.1852231195, 1824.65074904
3.65643564604, 1.0000005678, 1.6620096172, 0.839572607515, 1.54974448652, 0.736261229102, 3.71142371669, 1.01399812227, 0.96415248886, 6.15527394717, 5.51180192837, 1.09385002992, 2.91017926442, 1.06655774496, 1.09000025566, 1.03759647079, 1.03515756122, 1.14501193076, 5.11345398643, 1.10499949126, 0.937910998226, 715.176571919, 1.05201150788, 2.33714322995, 1.16726463216, 2.38261236512, 1.01192944119, 462.918046963, 33.8211985447, 1243.79302883
2.38434205837, 1.00000017249, 1.33435442228, 0.952473451325, 6.8581884492, 0.845722625803, 5.24215225681, 1.21826497619, 0.953517611397, 1.56313819334, 6.03164548384, 0.908590598797, 4.48361471124, 1.12379586693, 1.09000056637, 1.05957290496, 1.00614370581, 1.18482930863, 6.16303668174, 0.957720043251, 0.848348453747, 53.274717575, 1.19121498216, 4.47348569712, 0.983162438118, 1.31482256262, 0.938101125411, 379.39329056, 32.2174145141, 1541.98766081
3.2093472158, 1.0000002972, 1.13010857758, 0.831440523415, 4.03045948591, 0.798784918249, 3.21144725109, 1.01333444627, 0.906037131199, 3.89470520713, 5.38510912745, 1.0592926281, 5.04870432478, 1.24803496758, 1.09000000854, 1.00760005003, 1.01284480625, 0.918846080446, 6.78177781961, 1.12872936915, 0.808521527405, 593.475146099, 1.16635177931, 3.00701673108, 1.04790604367, 4.52346902733, 1.21177311363, 1069.23224807, 40.8374594811, 1193.18083849
4.50957478098, 1.00000082066, 1.08253109247, 1.05163274449, 5.79159979407, 0.824667702417, 5.50472411857, 1.00186574173, 0.990027161275, 3.05528774385, 5.49240275492, 1.06588998231, 4.89893639258, 1.00814218239, 1.09000059667, 1.04111737088, 1.03132175883, 0.938138191183, 3.15701205268, 1.18968053526, 0.953166194628, 944.728744885, 0.916448027938, 2.58685203437, 1.07976556779, 4.36484083594, 0.956241504435, 560.715324321, 26.1511956527, 1678.57423878
1.14124979635, 1.00000062551, 1.00796167361, 1.11813607247, 3.42150369997, 0.817288410649, 5.14583990784, 1.24766104057, 0.957327280721, 4.31197356963, 4.95264579502, 0.878788752016, 1.90517181456, 1.13004314824, 1.09000025098, 1.04370636152, 1.00111107844, 1.02967437148, 4.55533280104, 0.956928989401, 0.848027326676, 45.5847620052, 1.03591135906, 5.49414050517, 1.12776143602, 4.52554408469, 1.29777397055, 363.208871231, 22.5919087233, 7459.84232549
3.1269983969, 1.00000037111, 1.70553275069, 1.04424543166, 2.25411144379, 0.721901966885, 3.12506188729, 1.01390199191, 0.909114736215, 5.23738024369, 5.68018851496, 0.968153813123, 3.29118784981, 1.07594690476, 1.09000051897, 1.06728343582, 1.00327467962, 1.13912871357, 5.69929018032, 1.05533952544, 0.78296651284, 137.638401437, 1.0712619927, 3.21999937913, 1.04341059655, 3.22772540061, 1.21713469273, 893.963095192, 20.9152280805, 2361.46572322
3.55184369791, 1.00000036243, 1.13163048763, 1.09359688542, 4.20874480249, 0.765312726224, 5.64248714224, 1.0248371529, 0.954747044799, 5.4814952105, 6.2111750752, 1.06663451445, 1.76264712922, 0.919162611886, 1.09000078846, 1.04370470762, 1.00111131373, 1.02803400936, 9.26160482141, 0.91968490294, 0.917559260818, 143.511819888, 1.03658534181, 2.46516969342, 1.11504865523, 2.61474351832, 1.00835635106, 479.06138854, 24.0900525691, 1879.74499901
5.6202101502, 1.00000008209, 1.04401867683, 0.974350420751, 1.44438642805, 0.936840712969, 5.22907053566, 1.13338142236, 0.923816122339, 3.07073154206, 5.91785568506, 1.0098068121, 3.65777877312, 1.03882121268, 1.09000067063, 1.05060504398, 1.00134213969, 0.836882020118, 9.64596409704, 1.12236453115, 0.807705502519, 506.585323794, 1.03374767853, 3.90839257517, 1.19166676006, 2.98195962263, 1.10209977676, 459.722541919, 23.1928139168, 3336.92150293
1.2200766157, 1.00000035697, 1.61394605442, 1.01592967037, 4.00649087448, 0.911946470597, 4.73601802049, 1.12535074922, 0.97590070217, 1.37279736603, 4.78554527352, 1.06174153768, 3.21406147518, 0.946836145366, 1.09000034974, 1.08165352846, 1.02375593035, 1.20897099769, 8.77920178856, 1.03567535838, 0.899363990963, 128.679316659, 1.09337066842, 5.06774077805, 1.23160758921, 1.88190246258, 1.25403983387, 635.497684709, 18.9478113525, 22760.0238118
2.35632117153, 1.00000074034, 1.08899250277, 0.917734070777, 5.58236789616, 0.948139248094, 5.40485012672, 1.17603789592, 0.988202969369, 2.35533620671, 5.49363202632, 0.929767638551, 2.9081104162, 1.21383246864, 1.09000053595, 1.08152065841, 1.03131231678, 1.06425145533, 7.07835521468, 1.01973630412, 0.911021007759, 946.504082836, 1.15178182177, 3.74631898811, 1.07687248743, 3.42682454296, 1.29453256232, 728.986510515, 19.3997955324, 6718.46529866
4.39146598039, 1.00000084343, 1.43701904314, 0.910151429712, 3.72011288912, 0.93569811815, 3.77252804615, 1.10763265385, 0.959491841893, 6.17311646031, 4.68721416118, 0.955337888839, 5.01892391201, 1.20011785448, 1.09000041518, 1.01608909418, 1.0368802692, 0.968870041955, 6.90191612262, 1.08388909463, 0.810968018769, 291.560952806, 1.08366451289, 1.16546020907, 1.0451554031, 2.72506911424, 0.87623187138, 1035.739349, 20.7972973573, 5426.84616151
5.14231711844, 1.00000021181, 1.39770332387, 0.940579213418, 2.95773294957, 0.896076656767, 1.85030587098, 1.25848163037, 0.988183888647, 4.13209854124, 5.07055460208, 0.979828576208, 1.24036043043, 0.922152111205, 1.09000008922, 1.02282415423, 1.01401822431, 0.82230191327, 9.5643215314, 0.960805978511, 0.924346145705, 29.3906725763, 1.1242769504, 3.81448184133, 1.14770425223, 3.58968768193, 0.889259878954, 1172.98729105, 22.7640868461, 3179.48491231
3.51582236665, 1.00000029942, 1.05006007836, 0.805762983399, 7.03813798291, 0.829608275678, 5.27052811461, 1.22556529416, 0.966707650799, 3.77203883427, 5.1637237584, 1.02477129237, 3.39078267019, 0.956116092592, 1.09000080447, 1.06358337308, 1.00261879359, 1.08750817056, 5.37675441191, 1.08358336453, 0.815116784565, 816.461711904, 0.923794388152, 4.56829126357, 1.13140504758, 4.80481684023, 0.929137914452, 1369.13538058, 22.2321015708, 4091.03578311
3.10048700228, 1.00000010767, 1.23755595076, 0.826630271273, 2.22160206729, 0.993669313411, 2.39374898782, 1.07154330158, 0.937007126505, 4.02298079083, 5.49917054813, 0.901735223998, 1.03940448083, 0.934116954105, 1.0900003456, 1.04175709196, 1.01637585152, 0.843047959962, 5.57030599131, 0.997792972355, 0.922529151034, 463.420218484, 0.999094264715, 1.34159896929, 0.991261114764, 3.60330698348, 1.25046665765, 878.432191956, 27.9910905452, 3292.4077289
5.05360351829, 1.00000008691, 1.66584594032, 0.840126717658, 4.43996245919, 0.737334570216, 3.69128220526, 1.01399812227, 0.948636808733, 2.99971660131, 5.51531719409, 1.00951158875, 2.91017926442, 1.12512713416, 1.09000024917, 1.03759647079, 1.03629863468, 1.14431390278, 7.64796044084, 1.12740227479, 0.93608160078, 718.721243868, 1.06624133124, 2.33714322995, 1.19063126318, 3.35888341919, 1.01216604895, 1397.51137574, 27.3729256135, 2884.27514859
5.3134260603, 1.00000011588, 1.70359926859, 0.93916583848, 5.97512754295, 0.937203356357, 4.02630576722, 1.0918509338, 0.933629883815, 1.68501562563, 6.23700734243, 0.904118228094, 3.11510547526, 0.836810397104, 1.09000007231, 1.05326122863, 1.03123297203, 0.995463097974, 3.92634709629, 1.00156129779, 0.83953760867, 312.524775842, 1.13655217671, 4.38603241064, 1.06998085047, 3.16999579527, 0.944335316656, 1044.3497024, 32.737072543, 2880.76532235
5.19354455371, 1.00000020831, 1.39566815058, 0.943180428838, 2.95670704506, 0.895913231824, 1.81927724516, 1.25944567072, 0.900139364022, 3.31760390086, 5.0701475153, 0.929193961058, 1.24036043043, 1.09567370807, 1.09000008757, 1.02282415423, 1.02878086749, 0.82230191327, 9.84116875617, 1.11043100127, 0.904999316174, 261.762479008, 0.931306860776, 4.2091668192, 1.14770425223, 3.63806600478, 0.890041261425, 862.321721363, 23.8940295522, 4872.4900223
3.79214754281, 1.00000082853, 1.43590586838, 1.20392181457, 3.71162656718, 0.997418354585, 1.51293211436, 1.19691289014, 0.960659420439, 1.75543656896, 4.94765052248, 1.10195786929, 3.96967352907, 0.980103513889, 1.09000025087, 1.10984174776, 1.04102468906, 0.871733855742, 4.64659016155, 1.00599696469, 0.760018562097, 462.408932869, 0.943716295779, 5.48605769058, 1.18455023251, 2.74548352379, 1.19447941277, 604.803009417, 36.5197674557, 3435.3725042
3.08797917087, 1.00000087514, 1.30273393613, 0.912183942572, 3.9662946402, 0.798189317214, 2.70431117704, 1.24880067193, 0.976467204474, 6.13617104175, 5.8618574071, 1.13127664402, 4.71588261687, 0.932613562827, 1.09000071827, 1.08651450331, 1.02727524136, 0.923449529036, 5.35145294102, 1.08283980534, 0.978216408695, 568.072921263, 0.938797604061, 1.45073949612, 1.04311868956, 4.34669584153, 0.981091463938, 545.660528067, 26.085917661, 5706.92803296
2.1465156525, 1.00000079867, 1.7019229078, 0.836494239718, 3.0791279154, 0.853208179617, 1.15235435508, 1.11173580097, 0.902864310891, 5.94231627195, 4.8105652356, 0.920505605445, 2.47838872559, 0.901618813915, 1.09000030721, 1.10676081732, 1.0382219572, 1.17761676832, 3.85611921084, 1.10609308055, 0.86962069456, 732.030558616, 1.19682532354, 1.52024714642, 1.20142664771, 2.53502868677, 0.973647455917, 1360.99277812, 23.5618317889, 29119.6515405
4.14419306258, 1.00000074879, 1.03679037448, 0.917727798806, 6.96077418887, 0.946620612154, 5.41808342502, 1.12350481917, 0.946967359088, 6.03699058288, 5.82662913302, 1.14149543904, 2.24678416467, 1.27865862631, 1.09000070231, 1.01739973112, 1.03915408218, 1.06455384147, 6.43364026949, 1.10197176365, 0.981813803076, 653.855918201, 1.03188875632, 3.13993998425, 1.23686697605, 4.06470211504, 1.29890744415, 1228.13135706, 26.4537239122, 3607.95857406
1.60752073183, 1.0000000559, 1.59309280263, 1.07889281573, 6.50328647646, 0.896280713803, 2.53490302902, 1.04791973029, 0.996712369404, 4.62744029635, 5.823931629, 0.941869619474, 1.33531522275, 1.05604130959, 1.09000004831, 1.08991929719, 1.00718177172, 1.10869520941, 5.27346096179, 0.980752271926, 0.779244910187, 92.7259814689, 1.16367747677, 1.66709127379, 1.05563510431, 1.89733689112, 0.961379431854, 1372.98450422, 22.8740011276, 27198.6560763
3.88599277779, 1.00000067862, 1.38090907972, 1.08021718904, 2.45933072262, 0.762451698115, 3.16849673917, 1.09301929529, 0.927690105935, 4.12984674615, 5.47297747234, 0.9515986945, 4.95470674922, 1.19983083209, 1.0900008624, 1.09600369681, 1.03420661647, 1.18178045572, 3.22871913007, 0.944150582749, 0.794499480037, 698.477792272, 0.919620011478, 5.69329314818, 1.14725999424, 4.03466006652, 1.20863167347, 1516.14923546, 23.9543827397, 4414.54414672
3.58024325098, 1.00000095048, 1.51654173378, 0.822649756311, 4.13302658165, 0.97373878467, 1.6432520424, 1.11120897539, 0.912470601794, 2.01987376628, 5.04952100171, 1.098722624, 4.38598803878, 1.21600246231, 1.09000050641, 1.01936394162, 1.0457427425, 0.832001995409, 6.83335056189, 0.924037939696, 0.76121168592, 136.612174, 1.10971421042, 1.82562174074, 1.07365840894, 2.29536511866, 1.26924906089, 1036.32483719, 30.1848250228, 3888.74083689
3.38931319967, 1.00000077101, 1.3438550114, 1.0214133803, 3.98791242876, 0.953559740008, 1.40336945635, 1.15304817561, 0.947162088539, 4.0069622774, 5.11633851878, 1.08507892621, 4.01221264861, 0.869624788566, 1.09000086138, 1.06027397714, 1.02863341825, 0.944361402654, 4.15287210045, 1.05104462451, 0.983512965049, 777.861401978, 0.933858923992, 5.70257158974, 1.14827866717, 3.23819562434, 1.25771810825, 1572.62354502, 47.2736714503, 3059.65631216
3.64279375399, 1.00000061198, 1.32383117237, 0.913829898936, 1.53638387421, 0.951419557805, 1.71390942402, 1.02938922246, 0.963954924149, 3.65072181956, 5.71453768395, 0.898421066598, 1.99361216739, 1.06666790621, 1.09000082878, 1.10803349854, 1.0490659472, 0.94154240027, 5.11686627687, 1.10511887474, 0.782942863084, 421.877439728, 0.98545361029, 5.29177513599, 0.985586514822, 2.37870463429, 1.14693791673, 1233.29484916, 25.9742897455, 5771.98517884
1.60752073183, 1.0000000559, 1.59270943806, 1.07889281573, 3.96902233074, 0.896280713803, 2.53490302902, 1.04791973029, 0.996712369404, 1.44229306329, 5.823931629, 0.941869619474, 1.33531522275, 1.05604130959, 1.09000005316, 1.08659289443, 1.00657593339, 1.11288954879, 5.27346096179, 0.916358398846, 0.842116966738, 55.1852045708, 1.07569772174, 1.68758921115, 1.05563510431, 1.89733689112, 0.961379431854, 689.228808888, 26.1478478616, 10185.2762141
3.01556494601, 1.00000047252, 1.46842418484, 0.930580232471, 3.58173689496, 0.886576231547, 2.48596089794, 1.18186972519, 0.906154170562, 1.48609213548, 4.8201512445, 1.07712326563, 4.48860826016, 0.980704904114, 1.09000031777, 1.02963976317, 1.00980109737, 0.855088495463, 7.91786149874, 0.970612260295, 0.930253074416, 609.574363511, 0.941472679557, 5.13998119243, 1.09700744927, 4.18560867754, 1.27914974207, 1681.77025258, 36.9561353523, 3624.47790055
5.67261609958, 1.00000067321, 1.5978616703, 0.84948141356, 3.64756588361, 0.913106182065, 2.44540798891, 1.18456437566, 0.998782485784, 5.44533068616, 5.12553721067, 0.912454703672, 4.10781311555, 1.14491930156, 1.09000036312, 1.06122611823, 1.01979015449, 1.0701000662, 6.04043711799, 1.12507432407, 0.917163977299, 174.134130225, 1.0799600689, 4.57441517903, 1.17336628874, 4.93926958477, 0.977533486178, 1797.15797768, 25.2211426302, 7902.42765961
1.34029401637, 1.00000080087, 1.65094413655, 0.902915305609, 4.52451888591, 0.939051410802, 2.62798363315, 1.10508176128, 0.939503939556, 2.22030266415, 5.54957922581, 0.917416013319, 2.9086896889, 1.09033062979, 1.09000025589, 1.08827762391, 1.03367838872, 1.00496379234, 7.20049093228, 1.01269809862, 0.769693495839, 125.437840179, 1.09656362585, 5.99377972187, 1.14369814942, 1.710234089, 1.23374332317, 1309.49176102, 32.3208344181, 4655.77261527
3.98833478647, 1.00000041444, 1.40900480776, 1.17560763747, 2.86375575264, 0.941406977599, 3.8086549666, 1.19443914081, 0.998822406686, 3.81521921888, 5.16931751287, 0.849348221169, 1.21879350159, 1.0883675542, 1.09000082254, 1.00943190264, 1.0208730069, 0.85401283182, 4.31592813304, 1.12987607627, 0.836781218098, 690.52108353, 0.924459751213, 1.86827119829, 1.14623219764, 2.67680127263, 0.884582631065, 1455.39506443, 46.2636716846, 4415.68807236
5.19354455371, 1.00000020831, 1.39770332387, 0.940579213418, 2.95773294957, 0.895913231824, 1.81927724516, 1.25957413449, 0.900139364022, 3.30934915574, 5.07055460208, 0.939477445279, 1.24036043043, 1.09559115203, 1.09000008922, 1.02282415423, 1.02878086749, 0.82230191327, 9.8267321867, 0.960805978511, 0.904534273478, 261.762479008, 0.931306860776, 3.81448184133, 1.14770425223, 3.63806600478, 0.890072250227, 1110.14855021, 41.6862976366, 5065.32744288
2.64222579119, 1.00000087774, 1.42417433937, 0.891652096827, 4.06632403362, 0.720542084184, 1.1204421348, 1.2510992024, 0.914634934217, 2.08348620059, 6.02413856209, 0.932423890831, 3.65820432163, 1.21160352761, 1.09000051092, 1.10738646652, 1.03379241246, 0.899271166576, 9.85982477131, 1.02681039392, 0.852766393651, 349.34956445, 0.972020643817, 1.03610057254, 0.999483803384, 3.29512017724, 0.960907755491, 1048.38162356, 41.6352524247, 8277.7818448
1.14124979635, 1.00000069947, 1.01158367257, 1.11813607247, 3.43042564074, 0.817288410649, 3.29240415351, 1.24766104057, 0.903062944237, 4.31197356963, 4.95264579502, 1.15430298488, 1.73543811162, 0.919385137705, 1.09000071413, 1.04370636152, 1.02848578263, 1.0297553517, 4.56099040253, 0.918768100007, 0.98317462193, 993.461419155, 1.03660420035, 5.49414050517, 1.00307828408, 4.50370506745, 1.28837242982, 1084.34372653, 30.3488898397, 8634.7695373
3.1010431021, 1.0000001053, 1.47267930485, 0.88147611647, 3.66664432627, 0.779743979984, 2.45109225923, 1.11222182489, 0.929791690711, 1.68088263426, 5.1407476564, 0.934477266263, 3.6920791351, 0.916722663079, 1.09000052815, 1.04119452478, 1.02002563273, 0.845851084372, 5.55512385062, 1.18581967533, 0.922710293925, 172.484319851, 1.1709986951, 4.57207313976, 0.992223759115, 4.94327368573, 0.979036889533, 1064.32170414, 32.2064960207, 6717.57290795
4.50360454454, 1.00000002957, 1.08802587647, 0.867839478007, 1.91737238965, 0.927433408441, 3.2104200753, 1.23034433607, 0.9291107553, 4.48576037165, 5.25031910644, 1.03643107586, 3.95139560251, 0.816545394713, 1.09000098232, 1.0027918695, 1.03621245985, 1.04901377578, 4.54338356571, 1.16759937581, 0.902541525675, 307.108795978, 1.07187759896, 4.1953448656, 1.06273608788, 4.12974251, 0.885463065405, 1200.33701776, 47.2761120171, 4632.11898713
3.43541940341, 1.00000038818, 1.1214216997, 1.16288754983, 4.44475755768, 0.893403337407, 1.40247558888, 1.0164723383, 0.938297465669, 2.79611510138, 5.57331749907, 0.858895598228, 4.75854933767, 1.0730581612, 1.09000099996, 1.09036779895, 1.03533189474, 1.09598401286, 6.76493421723, 1.11604799247, 0.940650147745, 537.076638245, 0.94506902919, 3.67613908045, 1.11887278233, 5.06372855102, 1.25369462866, 1381.12527825, 26.9831995473, 9691.97699737
1.31172269813, 1.00000039105, 1.44605314409, 1.14918089308, 5.94228193232, 0.787242172424, 4.39578801896, 1.00452513419, 0.922753295647, 5.18616756464, 5.36251742845, 1.11753380062, 2.5797005533, 1.01641906289, 1.09000052376, 1.04008049812, 1.02553450773, 1.02695268936, 5.12006173748, 1.15912212379, 0.878856097408, 455.170658275, 1.08499974639, 4.56504251138, 1.06750558772, 3.01852614828, 0.920540223703, 1622.66683745, 28.8114609121, 7319.12948831
5.41574281568, 1.00000022726, 1.08389729843, 1.21334097872, 2.08380395627, 0.974616507092, 4.05209559706, 1.12788599662, 0.903906043872, 4.79817246895, 4.7624961462, 1.1361264709, 4.13708259721, 1.08285063352, 1.09000033165, 1.03665041346, 1.01657606687, 1.02345148447, 5.93087240284, 0.988877118987, 0.77046304138, 159.263982962, 0.969480842976, 5.90311041276, 0.996655107742, 4.20109842233, 1.15691241925, 1707.34490823, 26.3377268953, 18692.3901171
2.87803342929, 1.00000055319, 1.31353599774, 0.894663208244, 2.09553728204, 0.857235316242, 4.34300168637, 1.19507206627, 0.996397469998, 4.66647602794, 5.22060014161, 1.15247394684, 4.9933725509, 1.02031976664, 1.09000064002, 1.0749063677, 1.01326715495, 1.18431291607, 9.32310403765, 1.02360216181, 0.889602842063, 900.245516649, 1.01955752618, 2.99973454825, 1.07217237908, 3.97645346155, 0.89856376984, 1139.57178596, 26.5144866398, 14954.2912441
5.31054343686, 1.00000049493, 1.4020785621, 1.20372619506, 3.27893530889, 0.777621892166, 3.07461752008, 1.0274674081, 0.954068141987, 2.13668121151, 5.90601455611, 0.812218429591, 2.37304663243, 1.21295867123, 1.09000075598, 1.06482649027, 1.04433608262, 0.841880155822, 8.35082568777, 1.05846341535, 0.939959307708, 643.946247434, 1.11283370377, 1.67577214195, 1.0085197523, 3.0448637164, 1.10785657732, 910.300697576, 38.6386778269, 20189.3646974
5.71164912691, 1.00000044561, 1.05027685466, 1.00873178248, 1.8826765599, 0.929954539025, 3.42118461169, 1.07145239325, 0.995961010301, 3.0194526853, 5.5906205862, 1.18476874233, 3.84545271763, 1.28091407845, 1.09000068839, 1.05270018618, 1.01574215928, 1.08489886065, 4.36642846549, 0.91351936301, 0.923258455106, 389.273905295, 0.962603987143, 2.40973217834, 1.06436344365, 3.943610496, 1.29464879506, 5316.86586454, 36.185462187, 6422.38519094
3.10876717072, 1.00000060805, 1.55000953852, 1.20399088176, 3.41389647336, 0.856186349037, 1.55867461807, 1.18075296494, 0.982153433184, 4.57566998818, 5.18446377552, 1.21007119195, 3.38862746226, 0.883427919837, 1.0900001298, 1.03227621787, 1.00997006643, 1.10701389672, 9.47417919293, 1.10313175268, 0.830650454157, 46.664290132, 0.988607351113, 4.20209967024, 1.13745033975, 2.19806634369, 0.914638836594, 1426.62149235, 46.8194585117, 6236.3860723
4.39519053773, 1.0000005545, 1.16129339317, 0.946163124646, 5.9129436096, 0.842130368702, 4.54243693939, 1.15444386654, 0.99677477806, 2.06505644874, 5.14516955421, 1.15374189742, 1.84092611113, 0.880207533487, 1.09000064712, 1.06039436535, 1.02970359922, 0.989676661813, 9.31896318078, 1.0795990998, 0.955826968079, 914.964248995, 1.01945467908, 5.95734051278, 1.07295194628, 1.25482477977, 1.26096039995, 1225.32223446, 43.6841736883, 8341.088006
4.729497683, 1.00000026836, 1.09441800998, 1.12559234587, 3.61494662437, 0.950119520392, 1.1640608626, 1.00175573063, 0.982065398943, 1.41311685767, 5.39876735665, 0.858237567101, 1.16953595207, 1.01760587162, 1.09000049023, 1.0979821631, 1.045505187, 1.05792332969, 7.96208277827, 0.974032438865, 0.811074115375, 520.068504639, 1.06532211499, 4.65123785464, 0.991699217476, 4.58852488609, 1.26681887446, 1076.80302582, 32.3725056433, 20474.9355704
3.01556494601, 1.00000047092, 1.46864238411, 1.1404543865, 3.58173689496, 0.886576231547, 2.49489296039, 1.18186972519, 0.905358783345, 1.34716542197, 5.60278596238, 1.07712326563, 4.48842094342, 0.980704904114, 1.09000031565, 1.02908743108, 1.00982622063, 0.855088495463, 7.92247091327, 1.05004719025, 0.930253074416, 609.092711775, 0.940750295934, 5.13998119243, 1.09700744927, 4.18560867754, 1.27914974207, 1494.11423104, 35.7138298572, 8479.79734282
4.45736000816, 1.00000019066, 1.20532362898, 1.11169168222, 6.80333394744, 0.844927075741, 5.51391679552, 1.04897514164, 0.93350082204, 2.47195563383, 5.92895700127, 1.199779407, 4.31118775793, 0.829766576577, 1.09000009153, 1.09035305875, 1.02996582562, 1.01057408607, 4.09409197592, 1.16698811693, 0.921804003069, 301.710667186, 1.08019308876, 3.93007824952, 1.10780340489, 1.70669803826, 0.906360388834, 1208.49033244, 32.8730165475, 8932.01044778
1.31446444387, 1.00000080087, 1.32479753987, 0.902915305609, 2.15529361268, 0.939051410802, 2.64872795905, 1.09598971491, 0.939503939556, 2.22030266415, 5.54068123484, 0.917416013319, 4.18801893828, 1.09033062979, 1.09000054364, 1.08827762391, 1.03367838872, 1.00496379234, 7.20049093228, 1.01269809862, 0.76973079962, 125.437840179, 1.09656362585, 5.93969685497, 1.14357694949, 1.710234089, 1.23374332317, 1522.74058083, 34.7397942082, 7188.92036048
3.44728023435, 1.00000061759, 1.53186220476, 1.08978544302, 2.88010667046, 0.850902601197, 3.94414074845, 1.07421929449, 0.910669341818, 3.80731522654, 5.24470132921, 0.90778028423, 3.67060611753, 1.01867272694, 1.09000014915, 1.03027190178, 1.00599081385, 1.06127412467, 4.14243184234, 1.15688467086, 0.874110673074, 795.832309994, 1.15036336805, 2.74038238797, 0.956338800695, 3.04413886557, 1.25817053748, 2226.51380521, 52.7214691499, 5897.79942571
4.51144663715, 1.00000076273, 1.08802587647, 0.867839478007, 1.91737238965, 0.92510753913, 3.2104200753, 1.10218337104, 0.9291107553, 4.48576037165, 5.25031910644, 1.03666569697, 3.95139560251, 0.820940340938, 1.0900007309, 1.03465412973, 1.03621245985, 1.04676640499, 4.52967454756, 0.987434062405, 0.901671736649, 307.752184031, 1.07187759896, 4.15526398181, 1.06273608788, 4.12974251, 0.885463065405, 1694.48306958, 29.1249108046, 14646.9854356
4.67109147921, 1.00000017394, 1.3778197366, 0.894810803018, 3.23033601083, 0.929904071342, 4.53872909407, 1.08433230698, 0.932475251108, 1.83096141394, 6.03274769345, 0.977953317321, 2.79966874145, 1.26896227156, 1.09000023876, 1.04055923517, 1.04965189789, 0.810526725895, 9.69258717439, 1.11352936145, 0.883065429692, 594.458660129, 0.956085090375, 5.09141509858, 1.03980958717, 4.86706724284, 1.24349758096, 2600.55708726, 32.3040668606, 8772.98126843
3.01673250883, 1.00000090686, 1.46641534016, 1.1404543865, 3.58173689496, 0.790273833205, 2.28105855154, 1.18253408235, 0.914060592611, 1.36654930939, 6.00385950866, 1.07762157273, 4.48842094342, 0.98223146415, 1.0900003152, 1.02841086212, 1.00982622063, 1.00950283674, 7.85511901224, 1.1286557234, 0.968721969212, 610.504786217, 0.940750295934, 5.13998119243, 1.10294925385, 4.18560867754, 1.27027669661, 1979.34630919, 31.6483661389, 11206.5229038
2.4329450616, 1.00000087689, 1.09066239933, 0.915453982428, 2.94246076582, 0.816748309918, 4.39631802694, 1.06856889372, 0.910361324723, 5.89207664095, 6.07902003512, 0.849289654706, 3.64403654627, 1.05204069293, 1.09000083775, 1.04796253047, 1.00179047064, 0.990681169027, 9.36663144773, 0.93963292539, 0.787738717337, 412.957896263, 1.09444750153, 4.89110531904, 1.10576129071, 4.37065846298, 1.07972337878, 1970.0387184, 31.7808591017, 14471.0565956
1.57956895206, 1.00000043202, 1.05460174063, 1.05856198389, 2.07662346035, 0.805832244833, 3.28701504069, 1.02648191828, 0.903390257211, 5.7656929025, 5.0400076299, 1.15130901676, 2.92658396076, 1.2796170213, 1.09000069325, 1.06574083286, 1.02853354702, 0.959633047443, 5.48384319388, 1.17714062123, 0.862774280766, 308.079901284, 1.10227985435, 3.67968918262, 1.00237920444, 5.30751524772, 0.893624195212, 2769.52037566, 29.0070950359, 8245.91311414
2.38434205837, 1.00000017249, 1.12423908666, 0.952473451325, 4.45960003994, 0.845862698228, 5.21948646263, 1.25054481299, 0.953517611397, 1.56313819334, 5.55860080927, 0.859350763486, 4.48361471124, 1.11207792802, 1.09000099161, 1.05985358155, 1.00614370581, 1.04810842767, 6.16303668174, 0.958843809615, 0.848348453747, 50.7488137263, 1.18463222375, 4.47348569712, 0.983162438118, 4.97272816504, 1.25045013023, 1927.01904711, 26.8676452093, 20934.5522566
3.10048700228, 1.00000010767, 1.23755595076, 0.826630271273, 2.22160206729, 0.941548902313, 2.37104875746, 1.07200731062, 0.999893933852, 4.02298079083, 5.49917054813, 0.849059536033, 1.03940448083, 0.934116954105, 1.0900003456, 1.0116757545, 1.01637585152, 0.84314029055, 5.57030599131, 1.12345983234, 0.922529151034, 465.365475743, 0.999094264715, 1.34159896929, 1.23107314783, 3.60330698348, 1.25113435076, 2342.97487363, 28.7674524025, 16934.6474749
4.03595955712, 1.00000032794, 1.25154971285, 0.960098850731, 3.21718862812, 0.932044659335, 2.6031878632, 1.25084998098, 0.971420842348, 5.24235709138, 5.39769851373, 0.912379905587, 1.82681056682, 1.06734958493, 1.0900005413, 1.09356370294, 1.02682350648, 0.957869913315, 8.76833604465, 0.955209702068, 0.773449965071, 429.576003785, 0.922557228337, 3.74850586083, 1.01038565462, 5.03959980293, 1.00446385224, 1021.53332674, 43.2142168064, 54774.8127996
4.20058551522, 1.00000061105, 1.27455458189, 1.17681569571, 1.87165397703, 0.825094856839, 3.06435287196, 1.10734902163, 0.910592117924, 3.15697652248, 5.67999879353, 1.02296084386, 2.47344783139, 0.844051826442, 1.09000047475, 1.09091551785, 1.0187193544, 0.913264307937, 7.89728829663, 0.975318787117, 0.836413479135, 693.445183084, 1.13497034598, 1.92430877602, 1.14563582359, 3.80479350564, 1.19931005936, 1071.36016868, 45.3206775939, 22909.9393149
4.0491389812, 1.00000032794, 1.26438216021, 0.960098850731, 3.21204307408, 0.932044659335, 2.6031878632, 1.25084998098, 0.971420842348, 5.24235709138, 4.94491884592, 1.08813749456, 1.82681056682, 1.06744916886, 1.09000071224, 1.02522526267, 1.02682350648, 0.957869913315, 4.91800336987, 1.07042893595, 0.915128768679, 956.420704094, 0.920896000418, 3.4533049382, 1.01038565462, 3.43544258006, 1.00446385224, 2616.62864177, 27.4242655871, 44755.0938658
2.87803342929, 1.00000018186, 1.31353599774, 0.894663208244, 2.09553728204, 0.857235316242, 4.34300168637, 1.19507206627, 0.980368337142, 4.66647602794, 5.22060014161, 0.898604488426, 4.9933725509, 1.01922248362, 1.09000039218, 1.07466305167, 1.01326715495, 1.18431291607, 8.82631233842, 1.02300215589, 0.88986457587, 900.245516649, 1.1489651025, 2.99973454825, 1.16169159096, 3.97062178632, 0.897401577652, 3108.23226846, 28.9626072486, 22956.8638606
1.588613671, 1.00000074139, 1.05460174063, 1.05856198389, 4.97656458286, 0.805832244833, 3.29201966245, 1.02648191828, 0.903087196135, 2.99547715288, 5.03991659994, 1.15130901676, 2.91159425463, 1.28001372203, 1.09000069325, 1.05541489883, 1.00081157612, 0.959633047443, 8.98038481328, 1.17714062123, 0.862790437533, 613.761021167, 1.16726496822, 1.71994867193, 1.0024778689, 5.30751524772, 0.893624195212, 1798.34773095, 29.8431056343, 25433.6694364
3.43541940341, 1.0000003882, 1.11178141441, 1.16223314848, 4.70623327156, 0.894833228542, 1.40247558888, 1.25182523117, 0.989556669029, 3.04562609033, 5.57270892869, 0.858895598228, 4.77542136344, 0.834312792784, 1.09000098767, 1.0693035879, 1.0279969611, 1.00714949102, 4.37774071219, 1.02843494426, 0.93696086392, 537.076638245, 0.945238245279, 3.99320134889, 1.09171473573, 5.06372855102, 1.25369462866, 1247.97849898, 33.1940730568, 34135.9279359
1.20521022444, 1.00000055918, 1.65110733573, 0.983482305415, 1.77364633534, 0.759003048299, 5.10875245674, 1.03803752978, 0.978340324899, 1.66502855312, 5.41150389903, 0.944861336018, 4.16511505034, 1.01656288251, 1.09000058291, 1.03950061458, 1.00764204515, 1.02737484907, 4.94799322542, 0.951017738189, 0.945053361662, 928.590508284, 1.03102001326, 4.45056428235, 1.08682618955, 4.60091409281, 0.955835774902, 2644.37082342, 28.7285080969, 34456.8359807
3.23047576101, 1.00000095048, 1.51632734181, 0.913632486009, 4.13302658165, 0.975266332204, 1.41789769762, 1.24709855187, 0.912560946158, 2.01987376628, 5.04952100171, 1.098722624, 4.71760225266, 1.21121710231, 1.09000050641, 1.08649869593, 1.0457427425, 0.922969077441, 6.83335056189, 0.925200217184, 0.91076188077, 47.3888671419, 0.969266620302, 1.84841118973, 1.07365840894, 2.29536511866, 1.26924906089, 1348.62472888, 34.4263726518, 17105.4566088
2.38434205837, 1.00000017249, 1.32849523953, 1.08975708752, 6.81281995814, 0.857501955571, 5.24215225681, 1.2164022541, 0.91179810522, 3.80961461011, 6.03164548384, 0.907765113437, 4.46246747081, 1.12362455835, 1.0900001497, 1.02975391365, 1.0061342155, 1.20320707549, 4.49311251572, 0.957720043251, 0.873089589438, 53.274717575, 1.19121498216, 2.75233698123, 0.95386424992, 1.31293090791, 0.938101125411, 3125.73535192, 28.5563052594, 30824.9446945
3.64279375399, 1.00000061198, 1.32383117237, 0.913829898936, 4.05538841812, 0.951419557805, 1.71122883225, 1.02938922246, 0.963954924149, 2.06328655712, 5.71453768395, 0.898319929214, 3.714669018, 1.06666790621, 1.09000082878, 1.10803349854, 1.04876699882, 0.898535203936, 9.9635188145, 1.02470164979, 0.780897296476, 421.877439728, 0.98545361029, 5.29177513599, 0.98511384771, 3.27745987866, 1.14693791673, 4487.37613649, 31.490835491, 9693.32852258
1.71881954876, 1.00000077238, 1.61808703312, 0.911390473028, 1.62291722509, 0.715390929192, 3.24234450666, 1.23122428826, 0.989372497267, 5.28468121115, 6.00778574428, 1.03278675777, 3.26227577264, 0.871836246708, 1.09000026578, 1.09184541694, 1.03231626809, 1.03860249654, 7.10244757953, 1.07134490136, 0.784727915515, 584.906563807, 0.942221637873, 4.69967304382, 0.977529722737, 3.2476866239, 0.921170863086, 3102.92330502, 30.5445117389, 16394.3487703
3.84585384378, 1.00000069269, 1.22488993563, 1.18863323554, 6.38922188224, 0.94883722183, 4.43009851297, 1.24129787212, 0.961028080103, 2.65216778221, 5.15089257514, 0.836272897921, 2.70653955758, 1.22755495096, 1.09000050659, 1.02299751151, 1.04044055387, 1.02856996341, 5.97662734174, 0.917756456627, 0.835462581823, 635.238103867, 1.15044572942, 4.61946350501, 1.13808964122, 4.37343183579, 1.01602845463, 1824.81836957, 29.1643003033, 42593.2566865
