3.23039841223, 1.00000074578, 1.03695593415, 0.995608109966, 6.90392962308, 0.809319582973, 1.62684385027, 1.11275331627, 0.945155431425, 3.60307166446, 4.95414662091, 1.09802963421, 2.24622865967, 1.27653384641, 1.09000084789, 1.06917088193, 1.04883486124, 1.06504996171, 3.72940343493, 1.06268993813, 0.9892345303, 411.914993751, 1.1556077631, 3.02718914196, 1.03603482075, 4.03834188727, 1.2881768152, 7.53671760769, 9.10765515666, 21.3220088357
5.07605899337, 1.00000075382, 1.43531054884, 0.98388177335, 3.01877174416, 0.876760351135, 2.54208492773, 1.23432366679, 0.91399857336, 3.15244548616, 5.11405819439, 1.08056210601, 3.96300693908, 1.10628312978, 1.09000021084, 1.0782811162, 1.01994894293, 0.833862635153, 6.00359583635, 1.14996131554, 0.912736158652, 248.241531623, 1.06221270064, 3.68915447898, 1.00016696886, 4.30774145654, 0.938135251151, 43.8821929431, 8.16491230631, 44.8924154056
3.55195201644, 1.00000036243, 1.13163048763, 1.09359688542, 4.21415387925, 0.765312726224, 5.50468453873, 1.02542522921, 0.954747044799, 5.4814952105, 6.2111750752, 1.06663451445, 1.76264712922, 0.915274213961, 1.09000078032, 1.04370470762, 1.00111131373, 1.02803400936, 9.43071347035, 1.18667905446, 0.895125768897, 143.511819888, 1.04069938379, 2.58633110051, 1.23683107142, 2.54766992818, 1.00835635106, 25.3367754503, 8.41204983518, 173.744645787
3.98833478647, 1.00000057273, 1.40770544769, 0.839094838733, 2.86375575264, 0.941406977599, 3.80685934291, 1.19443914081, 0.96367281646, 3.81521921888, 5.16931751287, 1.09179303909, 2.89735618511, 1.06656128051, 1.09000083783, 1.00943190264, 1.0208730069, 1.14625165334, 4.31592813304, 1.10492967041, 0.836781218098, 690.52108353, 0.924459751213, 1.86827119829, 1.14623219764, 2.37715453675, 0.880436074214, 51.0553693223, 9.7005434951, 37.9856988949
4.44313016616, 1.00000019506, 1.117778812, 0.880903504135, 2.92383444227, 0.895867427611, 1.80903876376, 1.09989877668, 0.938490129769, 2.20149722961, 5.80643857252, 0.859080498252, 2.90094819664, 1.09567370807, 1.09000099747, 1.09083739609, 1.00724689433, 0.856643168771, 6.78837628287, 1.11025321323, 0.959052674288, 324.195681055, 0.931306860776, 2.8269197549, 1.14862799791, 4.50855194074, 0.890562848215, 9.98224985757, 10.348401635, 42.9628823017
5.19354455371, 1.00000020831, 1.39566815058, 0.880903504135, 2.95670704506, 0.895913231824, 1.82296467676, 1.25944567072, 0.938497684087, 2.20149722961, 5.80643857252, 0.92896994242, 2.90094819664, 1.09567370807, 1.09000008932, 1.09064712553, 1.00724689433, 0.822503430975, 9.84116875617, 1.11043100127, 0.988882805213, 258.412934169, 0.931306860776, 5.81148499004, 1.14770425223, 3.63806600478, 0.890562848215, 73.0890232975, 9.32504660289, 194.064817072
1.98848097637, 1.00000057344, 1.19273299056, 0.888017384548, 3.6496086373, 0.869632460077, 4.67261557105, 1.13316979246, 0.921588339104, 4.36605997216, 6.01172741487, 0.847825712106, 3.22822171497, 0.892043300653, 1.09000062027, 1.03283844287, 1.03946293624, 1.0055777803, 5.96274805493, 1.06621866265, 0.813592227783, 489.139005312, 0.957631696144, 2.61214065914, 1.12554713276, 1.38587677553, 0.920887144786, 57.2625725764, 8.99272022917, 410.657735353
2.13178076432, 1.00000049661, 1.1123212566, 1.03506875342, 6.57224944951, 0.975454924339, 3.61421491574, 1.02301893264, 0.912854928275, 4.12253226338, 4.68826829111, 0.981453192124, 3.42368398125, 1.03770012618, 1.0900002171, 1.09006976554, 1.01417838432, 0.940472304792, 8.36515465039, 1.05834985494, 0.920263052363, 737.102970692, 0.979562443809, 3.23346112338, 1.08892319062, 3.94702541767, 1.05382424581, 65.6186032789, 9.18139067108, 407.681854436
4.00601009465, 1.00000084267, 1.24080978547, 1.21958284958, 3.58442938562, 0.991833947763, 5.0498611664, 1.08264717719, 0.903790782915, 1.2796152129, 5.40515730147, 0.937112476502, 3.53369835303, 0.979476373198, 1.09000030292, 1.02906410871, 1.02041303567, 1.12983774506, 9.61465965869, 1.13068074024, 0.840322848148, 611.527465301, 1.08691031329, 5.13754364672, 0.987888199922, 2.09181143266, 1.27713218735, 86.4921520953, 9.89138923964, 103.43910983
5.19354455371, 1.00000020831, 1.39566815058, 0.880903504135, 2.96302429669, 0.810701381822, 2.58820085911, 1.25944567072, 0.938497684087, 4.06365689606, 5.80643857252, 0.993066540214, 4.96764309249, 1.09567370807, 1.09000008228, 1.09064712553, 1.00724689433, 0.822503430975, 9.84130989001, 1.11043100127, 0.888145632957, 596.6663987, 0.931306860776, 3.03516512242, 1.14770425223, 3.63806600478, 0.890562848215, 52.4737293529, 16.9881909631, 59.2284481234
3.99204803024, 1.00000057739, 1.07173455878, 0.984643554237, 5.79159979407, 0.877195206998, 5.50472411857, 1.23377833408, 0.998800370906, 3.05528774385, 5.49240275492, 0.848703661846, 4.89893639258, 1.06899089224, 1.0900005825, 1.04024214985, 1.03116993814, 0.83487115488, 3.15701205268, 1.1898614919, 0.895340619404, 944.728744885, 0.916448027938, 2.5863253539, 0.995078338695, 4.30551542086, 0.956241504435, 72.3465653272, 13.9198726982, 57.1258333533
4.441593503, 1.00000035732, 1.11556962201, 1.15696199029, 4.11374041585, 0.935652245936, 1.40850761193, 1.09897745571, 0.964730349577, 1.30798542377, 5.72985407668, 0.858895598228, 3.29473337116, 1.06814455888, 1.09000099813, 1.06053753792, 1.0157967819, 1.10002519189, 6.78828264261, 0.913156539169, 0.985008281964, 378.908636201, 0.933886227045, 3.64708735143, 1.23383418961, 3.24385786657, 1.29883611183, 30.4670793889, 10.4770668593, 73.1883324431
5.19304514094, 1.00000022894, 1.39568569508, 0.943180428838, 2.95670704506, 0.895913532979, 1.85035940012, 1.25944567072, 0.900139364022, 4.15607744882, 5.07014325518, 0.92919688932, 1.24036043043, 1.09567370807, 1.09000008757, 1.02282415423, 1.02878086749, 0.82230191327, 9.84116875617, 1.11043100127, 0.90512628022, 270.156774323, 1.11852400693, 4.2091668192, 1.14770425223, 3.63806600478, 0.890060485801, 63.9112029486, 9.25286976432, 412.954458727
1.588613671, 1.00000087384, 1.05460174063, 1.05856198389, 4.97656458286, 0.798263416477, 3.29201966245, 1.02648191828, 0.903087196135, 2.99547715288, 5.03991659994, 1.15025444769, 4.80354251369, 1.28342533158, 1.09000071834, 1.05469687737, 1.00051275762, 0.922872434511, 8.98038481328, 1.17714062123, 0.980354193473, 613.659356205, 1.16726496822, 1.71994867193, 1.04279347888, 5.30751524772, 0.893624195212, 58.2511873882, 12.3618239445, 166.080801574
1.99038870962, 1.00000000975, 1.43542885757, 0.888721554947, 3.01877174416, 0.87641055564, 2.06360252565, 1.23511938239, 0.913860804293, 1.40959269447, 5.11405819439, 1.09014118793, 3.95308713416, 0.893589431377, 1.09000019889, 1.03294574107, 1.01994894293, 0.946864741565, 6.00359583635, 1.00798574987, 0.910163360724, 4.96150561709, 1.06226208244, 3.70740323151, 1.12341916098, 1.36620869605, 1.17863988408, 71.2118841586, 18.8132152085, 134.261191564
3.34687099367, 1.00000049822, 1.59576874254, 0.847530609657, 2.71416225381, 0.961744508103, 2.43893355346, 1.07012689277, 0.978370811047, 1.61226558845, 4.96629458049, 0.908679163873, 4.57009590953, 1.19483358229, 1.09000096525, 1.05410773091, 1.01898404688, 1.22390603448, 8.41901342151, 0.916536816428, 0.809372538967, 176.890098894, 1.19389192141, 4.60265188672, 1.17337772455, 5.17787955448, 0.927242361354, 129.367957798, 11.2167410371, 229.533611871
3.99204803024, 1.0000005785, 1.07044870297, 0.919196627594, 5.79159979407, 0.825593368467, 5.50472411857, 1.00290258672, 0.998800370906, 3.05528774385, 5.49240275492, 0.847759321962, 4.89893639258, 1.09119495608, 1.09000059667, 1.04111737088, 1.03116993814, 0.938138191183, 3.15701205268, 1.18995562886, 0.895336616262, 944.728744885, 0.916448027938, 2.58685203437, 1.23421769466, 4.36484083594, 0.956241504435, 41.0409934549, 15.4753319768, 163.160597792
3.79353618978, 1.0000001032, 1.24397058887, 0.894917049508, 6.89633232364, 0.773523570524, 3.24372523151, 1.10359690223, 0.936127894915, 6.04314821347, 5.79341163236, 1.03638926215, 2.58689146602, 1.2853792628, 1.09000057426, 1.03298997287, 1.02015167273, 1.05719811765, 6.37283071432, 0.984587407312, 0.901480103515, 312.620721683, 1.07259048064, 4.25730769783, 1.16185179247, 4.3127130797, 0.88677149289, 134.135361159, 11.1639919858, 156.895154302
4.14986192121, 1.00000010666, 1.24453004482, 0.895600470744, 6.21574623238, 0.887604168537, 4.5025461424, 1.23728096396, 0.936263566391, 6.12385790465, 5.12871990002, 0.932960512332, 2.58727230215, 1.2853792628, 1.09000057426, 1.05761368092, 1.02731335912, 0.859241821181, 6.39473975508, 1.15973738857, 0.879060771834, 77.4435613129, 1.00174909737, 2.81932152306, 1.16185179247, 5.21135552906, 0.926892258532, 78.8631209319, 13.8308310483, 400.379520349
4.86292663255, 1.00000017511, 1.33435442228, 0.952473451325, 6.8581884492, 0.73832919403, 5.19504348352, 1.21826497619, 0.939634767798, 1.54875645146, 5.52070169709, 0.908590598797, 4.48361471124, 1.12379586693, 1.09000056637, 1.05957290496, 1.00614370581, 1.18482930863, 3.20901338931, 1.1280930625, 0.938084028352, 53.274717575, 1.19121498216, 4.44512586552, 0.98299667169, 1.32848346153, 1.01015582293, 133.29291172, 13.461654678, 246.59734135
1.97478076968, 1.00000083117, 1.72746801345, 0.836494239718, 3.0791279154, 0.999157021152, 1.15235435508, 1.11173580097, 0.913791274514, 5.94231627195, 4.81012777285, 0.967930002049, 2.45088474359, 0.901613797627, 1.09000030721, 1.02963253158, 1.01963808504, 1.17761676832, 3.86367926604, 1.15034071409, 0.86962069456, 245.512938162, 1.17652104241, 1.50950072056, 1.21093632516, 2.53502868677, 0.973647455917, 131.923842981, 13.4580547236, 884.579982741
5.74453675114, 1.00000000162, 1.42987593652, 1.05218285772, 6.25458785946, 0.769553992816, 2.05944637468, 1.18551598448, 0.915555037852, 1.39162705201, 5.29786684787, 0.958804110364, 3.45656701563, 1.18253475943, 1.09000008689, 1.07034515581, 1.04195045168, 0.945144998135, 5.4937818065, 1.00776243634, 0.998438393359, 3.43907720924, 1.08923265352, 2.56600004614, 1.13553544075, 1.33699698656, 1.17157454156, 49.3713782614, 16.1074184722, 267.184391888
3.98358832644, 1.000000122, 1.41149721936, 0.922321452549, 2.14592913472, 0.94158147191, 3.08448087406, 1.08765649776, 0.933924021036, 3.82116527949, 5.09487302806, 0.902921594301, 3.10060816233, 1.07181735773, 1.0900005205, 1.08945400564, 1.00327467962, 0.853494685339, 6.75598771691, 1.12372162765, 0.894719984879, 101.58923116, 0.926275755132, 4.38528382208, 1.04474102812, 3.23480928602, 0.890681228659, 140.990672826, 11.6514062183, 1239.41110931
2.87543492446, 1.00000030191, 1.31657899731, 0.893921377308, 4.03698207561, 0.798682401463, 2.60419014566, 1.01333444627, 0.971621766596, 4.14317514088, 5.37436673161, 1.05818425142, 4.99152483528, 1.25494079992, 1.09000073348, 1.00750695392, 1.0091347445, 0.917929742875, 9.85728886784, 0.961472870148, 0.889670408221, 593.475146099, 1.1678729249, 3.00681757325, 1.04815530322, 4.00533100038, 1.21177311363, 101.054883494, 15.275136464, 431.284382325
5.64996368812, 1.00000067384, 1.44701168419, 0.853658945965, 5.95498380333, 0.74136142959, 4.74618749893, 1.18449061109, 0.970823806766, 5.46299714612, 5.70378757219, 1.07677202726, 2.30138680641, 0.857573822309, 1.09000006875, 1.05827563928, 1.00748410451, 1.14371705408, 8.66800631349, 1.03839115792, 0.917539332395, 135.081968379, 1.11456056529, 4.88996230955, 1.00080488046, 3.26830521892, 0.962548467778, 59.2480812886, 17.5590647969, 404.893257897
3.98833478647, 1.00000041444, 1.40900480776, 0.922217970861, 2.85387965428, 0.941406977599, 3.8086549666, 1.19443914081, 0.998666088375, 3.81521921888, 5.16931751287, 0.848482377625, 1.21879350159, 1.09154622708, 1.09000082254, 1.01291566726, 1.0208730069, 0.853367703659, 4.32207986347, 1.12363544512, 0.894760558151, 249.856357542, 0.924459751213, 1.86827119829, 1.23436327801, 2.67680127263, 0.890811043929, 259.180183001, 27.6829315911, 352.552465615
3.24115713667, 1.00000035673, 1.61205017605, 1.01584610561, 4.00649087448, 0.912304998844, 4.73601802049, 1.12535074922, 0.976936937034, 1.37279736603, 5.6286796709, 1.06174153768, 3.8947605121, 0.946836145366, 1.09000097038, 1.08336766843, 1.01985545084, 1.20897099769, 8.77920178856, 1.03567535838, 0.921168006356, 128.679316659, 1.09399976421, 5.06774077805, 1.23160758921, 1.88190246258, 1.25403983387, 167.051701361, 17.4200601394, 394.055956287
3.23039841223, 1.000000484, 1.42838206745, 1.00640414096, 6.90392962308, 0.983243571797, 1.63100179243, 1.11273199459, 0.912593296174, 3.60307166446, 5.61366580811, 1.09802963421, 2.30046714164, 1.27730881851, 1.09000097822, 1.02501180785, 1.01672503612, 1.11768457476, 3.73209546529, 1.06330509874, 0.920292357615, 625.212376585, 1.15631485411, 1.86320507112, 1.03446164441, 2.31070655267, 1.20259782491, 88.4865059904, 19.7505063666, 404.307513711
3.08797917087, 1.0000008751, 1.30273393613, 0.917609323949, 3.94308661535, 0.878051396096, 2.69811500479, 1.23392448312, 0.988675890821, 6.13620912833, 5.49040281227, 1.13343869124, 2.89443216455, 0.932613562827, 1.09000020826, 1.0406350143, 1.02729958367, 1.06986753659, 5.99493463181, 1.18854824638, 0.978649162854, 561.944234493, 0.939057563367, 1.43778089097, 1.07722029087, 4.30602997811, 0.981091463938, 210.150386707, 13.0032258215, 1367.63567371
5.26173341333, 1.00000054953, 1.43163660834, 0.968194569867, 3.45432089746, 0.882154782954, 4.51921471645, 1.16669900318, 0.940087714994, 5.50594065175, 5.82866626978, 0.923359472942, 2.73805952565, 1.05634344556, 1.09000062144, 1.03039060539, 1.00718259746, 0.858095901295, 7.09980110088, 1.05834597072, 0.958723818558, 420.526697528, 1.13521043166, 2.82530397976, 0.999430046663, 4.49589778391, 0.962436525851, 171.788511663, 17.3404369032, 503.225779372
3.08797917087, 1.00000087514, 1.30273393613, 0.912183942572, 3.94971678766, 0.798189317214, 2.70431117704, 1.23392448312, 0.976467204474, 6.13617104175, 5.8618574071, 1.13127664402, 3.93522092227, 0.932613562827, 1.09000020287, 1.08498384854, 1.02727524136, 0.921653401721, 5.99493463181, 1.08348706599, 0.978216408695, 561.944234493, 0.938797604061, 1.45073949612, 1.04311868956, 4.34669584153, 0.981091463938, 115.966557176, 15.7979683496, 679.891818512
4.31001028122, 1.00000084711, 1.05027685466, 1.00873178248, 1.8826765599, 0.929954539025, 3.42118461169, 1.07145239325, 0.959389418228, 3.02665782642, 5.5906205862, 1.18500480395, 3.84545271763, 1.28091407845, 1.09000068839, 1.05270018618, 1.01574215928, 1.08525657327, 4.37852758756, 0.91351936301, 0.923258455106, 389.358802804, 0.948801546587, 2.40821683755, 1.06436344365, 3.943610496, 1.29464879506, 351.284857321, 15.596877755, 832.697445623
2.12132252007, 1.0000005785, 1.11362127772, 0.919196627594, 5.79699881917, 0.976649173259, 5.50472411857, 1.00309779624, 0.998800370906, 3.05528774385, 5.4953020513, 0.848519022249, 4.89893639258, 1.08936125861, 1.09000020031, 1.04111737088, 1.01422573723, 0.938142032837, 8.35760352238, 1.05268411945, 0.895336616262, 944.728744885, 0.979608820476, 3.24489441293, 1.08824863032, 4.3665222398, 1.05528214621, 250.980197196, 16.1142725354, 459.908130777
1.58474127837, 1.00000080087, 1.65469326231, 0.880972556446, 4.97738110333, 0.942706006596, 2.53585723238, 1.10147479465, 0.938361792885, 2.19991605749, 5.8366094362, 0.91758392846, 2.9086896889, 1.05618474478, 1.09000025589, 1.08991744009, 1.00717152672, 1.00496379234, 7.21963640997, 0.969424139145, 0.986928574629, 122.569342276, 1.16735551832, 5.83057337761, 1.05636928158, 5.30721743824, 0.961436767981, 129.198026712, 17.3216103121, 563.702935928
1.55219049744, 1.00000038969, 1.09767900731, 0.840124939823, 4.00009375712, 0.951518546553, 1.48245649557, 1.01777251598, 0.902972652347, 5.95692894657, 4.80421703758, 0.852878702993, 4.89166904736, 1.21396554979, 1.09000099316, 1.10935002455, 1.00024025181, 1.04125829327, 8.88769955753, 0.93255299975, 0.981553459311, 516.5523594, 1.1968547329, 1.52385851567, 1.14732688521, 4.60486108886, 0.96159954714, 77.590685617, 18.3923409393, 428.071960161
2.34939325426, 1.00000011118, 1.61335699542, 0.880755081495, 5.57753583224, 0.93056679416, 2.7146315265, 1.17603789592, 0.988488963054, 6.07708504974, 5.4093786994, 0.929686982689, 2.91856384386, 1.20999070001, 1.09000053595, 1.08090224462, 1.03131231678, 1.06751519793, 7.03976875417, 0.938466570626, 0.911421436186, 475.222764015, 1.15178182177, 5.83596762483, 1.07687248743, 5.16249319921, 0.961338681341, 211.680662859, 18.6515490501, 410.583926113
4.41633530847, 1.00000039039, 1.12099593005, 1.16244627942, 3.99321696987, 0.935652245936, 1.40850761193, 1.07168474232, 0.947304678786, 4.10858445276, 5.57331749907, 0.858895598228, 3.29476293784, 1.0730581612, 1.09000099602, 1.06053753792, 1.01592189006, 1.09598401286, 6.76620880858, 0.913156539169, 0.985008281964, 379.225177111, 0.933886227045, 3.64708735143, 1.06494180626, 4.64624319647, 1.25369462866, 267.804119656, 14.1574862248, 1683.76480753
2.44392108807, 1.0000008684, 1.20532362898, 1.11108070043, 6.70310323667, 0.844760759213, 4.40515813071, 1.04891402153, 0.933159319069, 5.98093839002, 6.07911496909, 1.199779407, 3.64132665559, 1.05421081894, 1.09000009153, 1.08871030476, 1.00198139055, 0.990899962155, 9.36705452327, 1.16698811693, 0.78621561216, 301.710667186, 1.08019308876, 4.91178871394, 1.10777634697, 1.70669803826, 1.068169226, 303.692011119, 14.9608026363, 1418.35305603
3.613650104, 1.00000079845, 1.7019229078, 0.836494239718, 5.76429737216, 0.95026130937, 1.48523430654, 1.11168849168, 0.902864310891, 4.30316558538, 4.95143544342, 0.958670791506, 2.47838872559, 0.918635867574, 1.09000030952, 1.10693367882, 1.0382219572, 1.17761676832, 5.49400465063, 0.932427722894, 0.981553459311, 998.227259121, 1.036245163, 1.48972804856, 1.14736905304, 1.38388765667, 1.28782043728, 250.945129923, 14.3054770566, 2307.69107464
1.97478076968, 1.00000061012, 1.3216635806, 0.803800952527, 3.0791279154, 0.814698048333, 1.82674146675, 1.11255702598, 0.970033294945, 5.94231627195, 4.9531676483, 0.995095224359, 1.99602819717, 0.90167355772, 1.09000085387, 1.07041391198, 1.04959835179, 0.821599771234, 3.86367926604, 1.15335226534, 0.870971632705, 412.408179853, 0.927315059092, 5.50300477408, 0.98283342686, 2.38490346009, 1.28839033881, 155.330528513, 16.9446764463, 1107.48296148
5.74204059762, 1.00000044561, 1.04954733466, 0.937738183935, 1.88023523564, 0.934877349996, 3.42118461169, 1.07221464535, 0.995434025094, 3.31344832563, 4.95969752088, 1.18476874233, 3.85460436266, 1.28149474718, 1.09000068839, 1.05327535722, 1.01580749419, 1.08489886065, 4.36642846549, 0.963051568418, 0.923357950781, 358.571369437, 0.97111673295, 5.54813455069, 1.06309613535, 3.62766236305, 1.26887435728, 373.060724023, 15.6305629341, 1077.57660478
2.56404228443, 1.000000586, 1.01949646683, 0.945304100614, 6.2617730786, 0.860403076435, 5.93648438576, 1.25849569508, 0.990551340891, 4.14777701824, 6.07708946834, 0.97934469321, 1.1819758151, 0.920792506272, 1.09000020244, 1.02014846771, 1.0143209268, 1.01708327955, 9.56342591993, 1.17514296736, 0.924076183126, 34.06355247, 1.12966138601, 2.99514821319, 0.978547685225, 4.31243744226, 0.958490979254, 189.718830391, 18.3656398526, 744.597891928
5.05360351829, 1.0000005678, 1.6620096172, 0.839572607515, 4.43996245919, 0.737334570216, 3.69128220526, 1.01399812227, 0.949796594764, 6.1741083949, 5.51270385445, 1.09385002992, 2.91017926442, 1.12512713416, 1.09000025566, 1.03759647079, 1.03515756122, 1.14431390278, 7.64796044084, 1.12740227479, 0.935159124633, 715.176571919, 1.0673966537, 2.33714322995, 1.16726463216, 3.35888341919, 1.01192944119, 171.893913724, 17.8499684669, 927.161733871
2.44226113474, 1.00000084033, 1.70553275069, 1.04424543166, 2.21765482143, 0.721901966885, 3.14282967272, 1.014589963, 0.908349080957, 5.26394821662, 5.67263915486, 0.847430967722, 3.29118784981, 1.18669885037, 1.09000051547, 1.04821379774, 1.00327467962, 1.13217688753, 5.69929018032, 0.97640382173, 0.78395009618, 604.175733007, 1.0712619927, 3.25920251877, 1.04340900486, 4.41261832709, 1.27665591589, 108.749812034, 20.9573182692, 447.913611445
4.40358130632, 1.00000039039, 1.12098710434, 1.16288754983, 3.99321696987, 0.935652245936, 1.40850761193, 1.0164723383, 0.94719249352, 4.03002617928, 5.57331749907, 0.858895598228, 4.75518414605, 1.0730581612, 1.09000099602, 1.06054751504, 1.03687940116, 1.09598401286, 6.76493421723, 1.05131191617, 0.985008281964, 514.331304423, 0.933886227045, 3.69022684896, 1.12038454454, 4.64624319647, 1.25369462866, 78.7824242839, 19.3458292937, 851.492555374
2.44111050033, 1.00000087689, 1.09242651681, 0.915453982428, 2.71659610054, 0.934956454373, 4.11799333738, 1.15558017883, 0.910885146801, 5.83473834096, 4.97339118419, 1.09190895137, 4.5881420963, 1.19272599056, 1.09000096943, 1.04806384192, 1.00179047064, 0.990704986764, 9.36663144773, 0.975443029254, 0.787738717337, 414.992503177, 1.09429655761, 4.88875378874, 1.10578752772, 4.37156862637, 1.2600725207, 328.770631835, 15.1699177058, 1570.82820923
4.50774665798, 1.00000082066, 1.60110783351, 1.0613625665, 5.79159979407, 0.824852355874, 5.50472411857, 1.00606497903, 0.990017637946, 3.0783274378, 5.54406741622, 1.06588998231, 4.89893639258, 1.00814218239, 1.09000059604, 1.04111737088, 1.03253287526, 0.937201175475, 3.15701205268, 1.18968053526, 0.953401384998, 492.148093429, 0.915760877733, 2.59474665309, 1.07970919621, 4.36484083594, 0.95799152977, 343.238082697, 16.4380377916, 1509.60831832
5.71164912691, 1.00000044561, 1.05027685466, 1.00917046508, 1.88206640403, 0.929954539025, 3.11862908807, 1.07145239325, 0.96468857959, 3.0194526853, 5.5922350914, 1.1880372094, 3.3075475758, 1.10012044283, 1.09000068817, 1.08902436491, 1.01574215928, 1.08489886065, 6.93456165064, 0.9120217019, 0.781585764412, 378.90546662, 0.962603987143, 2.40989803391, 1.06436344365, 3.22857107698, 1.29694340612, 308.816489748, 15.5174944093, 3867.6950951
3.67236994986, 1.00000079845, 1.7019229078, 0.836494239718, 5.76429737216, 0.95026130937, 1.48523430654, 1.11168849168, 0.902864310891, 5.95692894657, 4.8105652356, 1.08231413753, 2.47838872559, 0.901618813915, 1.09000030721, 1.10693367882, 1.0382219572, 1.17761676832, 3.84981382732, 0.93255299975, 0.981553459311, 731.956356548, 1.19682532354, 1.52024714642, 1.14732688521, 3.23348279634, 0.969861774772, 317.928802581, 17.0356460345, 2030.6997031
4.16646106634, 1.00000010152, 1.23107443152, 1.02135011781, 2.22160206729, 0.99356635142, 1.85533189749, 1.22989460299, 0.936955113298, 4.02298079083, 5.54508975194, 0.901735223998, 1.03924045831, 0.933795278341, 1.09000034584, 1.04188688151, 1.01637585152, 0.843047959962, 3.95195991869, 1.04808840304, 0.999005022019, 463.420218484, 0.917860021061, 1.32970593155, 0.990978478191, 3.62769212375, 1.25046665765, 157.255119002, 17.3013222738, 1302.76131207
3.23039841223, 1.00000048912, 1.42838206745, 1.00673985762, 6.90392962308, 0.983243571797, 1.64111153586, 1.11374852111, 0.912593296174, 3.60307166446, 4.96562859927, 1.09802963421, 2.2942112406, 1.27730881851, 1.09000097822, 1.02501180785, 1.02788315273, 1.11104141862, 3.73209546529, 1.06170747432, 0.920628044185, 625.212376585, 1.15251916625, 1.86320507112, 1.03540444358, 4.48627851672, 1.20259782491, 169.744035379, 17.4429081191, 1171.63194418
1.95150325466, 1.00000060795, 1.31802975861, 0.803800952527, 3.09319009469, 0.814698048333, 1.82674146675, 1.11255702598, 0.970033294945, 5.8925811588, 4.9531676483, 0.848284726935, 3.60090553944, 1.04813759817, 1.09000085387, 1.07041391198, 1.04968759249, 0.821599771234, 3.20689516832, 0.931613282819, 0.870971632705, 407.254855154, 0.927315059092, 5.50074336644, 0.98283342686, 2.38490346009, 1.2855148321, 321.913987016, 18.1600173737, 944.43315573
1.55219049744, 1.00000079845, 1.09767900731, 0.838760774294, 5.77671955383, 0.951518546553, 1.48245649557, 1.17919287722, 0.902972652347, 5.95692894657, 4.80421703758, 1.08231413753, 2.42484397363, 1.21739104706, 1.09000030721, 1.10830856477, 1.00024025181, 1.17221477539, 8.92743617477, 0.93255299975, 0.981553459311, 731.956356548, 1.19682532354, 1.51551205333, 1.14732688521, 3.2038733486, 0.96159954714, 609.041189641, 22.4479888155, 557.867617402
3.79353618978, 1.0000001032, 1.24453004482, 0.894917049508, 6.21574623238, 0.773523570524, 1.6152256151, 1.23728096396, 0.936127894915, 6.12385790465, 5.79341163236, 0.932960512332, 2.58689146602, 1.2853792628, 1.09000057426, 1.05761368092, 1.02731523621, 1.05719811765, 6.37283071432, 1.16004254393, 0.883066874146, 78.7145596537, 1.00174909737, 4.25730769783, 1.16185179247, 5.21135552906, 1.11094694371, 503.992401324, 23.8400878419, 478.547342564
5.45874205442, 1.00000062551, 1.00992137408, 1.11813607247, 3.42150369997, 0.817288410649, 2.06675322403, 1.25248713684, 0.91502685887, 4.31197356963, 4.95264579502, 0.958167419118, 1.73990251638, 0.919385137705, 1.09000025726, 1.07040216339, 1.00035422776, 1.00461873184, 5.47392261322, 0.918768100007, 0.965796666645, 994.195228563, 1.03591135906, 5.49414050517, 1.12622719862, 1.36518758168, 1.29777397055, 292.981633029, 28.110833976, 694.680164915
2.12132252007, 1.00000058101, 1.11362127772, 0.921265549505, 4.12044683367, 0.976649173259, 5.50472411857, 1.00309779624, 0.964559307267, 3.05528774385, 5.4953020513, 0.848519022249, 4.89893639258, 1.08923206728, 1.09000015779, 1.04111737088, 1.01422573723, 0.937569854066, 8.35760352238, 1.05268411945, 0.895336616262, 944.728744885, 0.933848519274, 3.22644962533, 1.08887684737, 4.3665222398, 1.05425601921, 492.953978322, 25.1325283517, 790.708295225
1.98848097637, 1.00000056854, 1.42794535697, 0.888022957831, 3.02221760145, 0.869685601192, 3.08936357258, 1.13316979246, 0.921588339104, 3.64886943095, 6.019963488, 1.09646405629, 3.22708750019, 0.887364073229, 1.09000018133, 1.03283844287, 1.01994699261, 0.942407138879, 5.96294081795, 1.06621866265, 0.813652378145, 100.214630749, 1.06046658479, 2.5775650175, 1.12554713276, 1.38715592532, 0.922796434735, 151.425795732, 24.2068381279, 1833.04552486
1.588613671, 1.00000087384, 1.09025341266, 1.05856198389, 4.97171581909, 0.798263416477, 5.40490943553, 1.1789973497, 0.985995453038, 2.99547715288, 5.03991659994, 1.15025444769, 4.84037512633, 1.21442782127, 1.09000053754, 1.05469687737, 1.00016964399, 0.922872434511, 8.98038481328, 1.02073210698, 0.980354193473, 613.659356205, 1.16635347336, 3.73722370426, 1.0765890611, 5.28912599461, 1.29387493631, 147.496901415, 24.403829379, 1691.00851295
4.00589097225, 1.00000041444, 1.40900480776, 1.20698734732, 2.85387965428, 0.941406977599, 3.81645081617, 1.19443914081, 0.999271725609, 3.81521921888, 5.40768941717, 0.849428464996, 1.14748440085, 1.09154622708, 1.09000082254, 1.01296681501, 1.0208730069, 0.853367703659, 4.32207986347, 1.13061859766, 0.837825922729, 249.856357542, 0.924459751213, 1.68501928746, 1.22679481965, 2.67680127263, 0.890811043929, 278.455573196, 30.3933805278, 901.499911178
3.45555572176, 1.00000025483, 1.15949646643, 0.841436296688, 5.745355426, 0.718498230145, 2.99512005435, 1.03244917989, 0.930436971542, 2.33441472177, 4.7016568937, 1.0141540434, 2.14149063501, 1.188646689, 1.09000026108, 1.00962812226, 1.04444319661, 1.17267396225, 3.80265963992, 1.18895315645, 0.938261875448, 33.3285239545, 1.11298576125, 1.0563868004, 1.12397653218, 1.58820405246, 1.28940523848, 341.787879997, 15.8306375662, 2910.96195607
4.98315071443, 1.00000077036, 1.00068765182, 0.928545528869, 4.52878032499, 0.792514961978, 2.82300545397, 1.20342862199, 0.956721390108, 4.61867816625, 5.01253076377, 1.1935290566, 3.22741305533, 1.06591543215, 1.09000026496, 1.07495728803, 1.01248168662, 1.08422879729, 3.70435934021, 0.962484304446, 0.906073485893, 537.885264819, 1.14970922592, 4.66430623676, 1.02966182022, 3.18875096986, 1.08615642456, 349.738647306, 15.7931004082, 7507.26246081
2.35632117153, 1.00000074034, 1.08899250277, 0.917734070777, 5.58236789616, 0.948139248094, 5.40485012672, 1.17603789592, 0.989815063188, 2.35533620671, 5.51274443063, 0.930937258193, 2.91013738935, 1.21383246864, 1.09000053595, 1.03805915937, 1.03523996948, 1.0622643427, 7.65178429215, 1.01973630412, 0.935839180662, 946.504082836, 1.1543339614, 2.32214266393, 1.07687248743, 3.42682454296, 1.29453256232, 378.915056613, 17.1236680462, 2188.81836064
3.84550513858, 1.00000071685, 1.22335689292, 0.934858733625, 1.73882538797, 0.76843700555, 4.70026332364, 1.06867281242, 0.906357072976, 5.87127986349, 5.52836725344, 0.884835043758, 1.19729179731, 1.08285605953, 1.09000051166, 1.09068072257, 1.00819596105, 1.03344217612, 4.30642232616, 0.919494365146, 0.997765853552, 11.7056635495, 0.925351302567, 2.88038780903, 0.977918782332, 4.42510108762, 1.01303099015, 372.093828346, 17.4413841911, 1649.79121803
4.46191046921, 1.00000087654, 1.08246780129, 0.916395802207, 5.85122431586, 0.824586501938, 4.39631802694, 1.06856889372, 0.910361324723, 5.89207664095, 6.08087311602, 0.849289654706, 3.64403654627, 1.05253531093, 1.09000083775, 1.04107394521, 1.00179047064, 0.990681169027, 3.20428914124, 0.940470722899, 0.787071237791, 407.231821227, 1.09444750153, 4.89110531904, 1.10635409444, 4.36456000001, 0.956440973938, 175.699955494, 24.3288776834, 1209.46381366
5.67130952335, 1.00000000162, 1.42987593652, 1.05437708847, 6.25458785946, 0.770437920524, 2.05944637468, 1.17926272428, 0.902905440802, 1.39162705201, 5.29786684787, 0.958804110364, 3.46608957978, 1.21739205462, 1.09000008689, 1.07034515581, 1.04195045168, 0.94672910919, 8.90525618026, 1.00807083266, 0.9983566986, 3.43907720924, 1.08923265352, 2.56600004614, 1.14766674882, 1.33699698656, 1.17952608679, 205.794057381, 18.9719622686, 1692.67023646
1.97295624712, 1.00000079081, 1.43531054884, 0.888721554947, 3.01877174416, 0.876760351135, 2.50628811901, 1.23432366679, 0.913860804293, 3.14990887494, 5.11405819439, 1.08100378916, 3.95308713416, 0.893589431377, 1.09000019941, 1.03294574107, 1.01994894293, 0.833862635153, 6.00359583635, 1.14996131554, 0.912736158652, 248.241531623, 1.06226208244, 3.70740323151, 1.12341916098, 4.30774145654, 0.938135251151, 291.525803492, 17.7825024449, 4615.81786976
5.26173341333, 1.00000046471, 1.43163660834, 0.968194569867, 3.45432089746, 0.882154782954, 4.51921471645, 1.16669900318, 0.964596249456, 5.50594065175, 5.14322527178, 1.19204198277, 2.73805952565, 0.932861832864, 1.09000062144, 1.03039060539, 1.02661677417, 0.858095901295, 3.45343353654, 1.05834597072, 0.958723818558, 420.526697528, 1.13521043166, 2.82530397976, 0.999295016557, 4.49589778391, 0.930494082429, 242.554125696, 20.1959042734, 1562.1569427
4.30554151655, 1.00000074685, 1.03679037448, 0.836685139357, 6.81324709849, 0.932695091868, 3.69425234339, 1.12350481917, 0.947050457091, 3.02134390351, 5.83061781953, 1.14149543904, 2.24678416467, 1.12343216528, 1.09000070231, 1.05200661118, 1.01593610489, 1.06455384147, 4.39065154964, 1.10208486566, 0.92312569914, 652.068992359, 0.949296824161, 3.1439389297, 1.2397415561, 4.06470211504, 1.28470260146, 259.774340673, 20.9517907318, 1396.60399221
3.67236994986, 1.00000079465, 1.42899777458, 1.05516500493, 5.74207100156, 0.95026130937, 1.49083375474, 1.11168849168, 0.915826971819, 1.3161122289, 4.8105652356, 1.08231413753, 3.44191007343, 0.901157128507, 1.09000030684, 1.06980953188, 1.0382173773, 0.94620765712, 3.84981382732, 0.93255299975, 0.981553459311, 731.956356548, 1.19682532354, 1.52024714642, 1.13555824862, 3.23348279634, 0.969861774772, 357.313249624, 22.7214150713, 994.054438852
4.14419306258, 1.00000074879, 1.03679037448, 0.838038631844, 6.81324709849, 0.932695091868, 3.69288805576, 1.12350481917, 0.946948099572, 3.02130864476, 5.82662913302, 1.14149543904, 2.24678416467, 1.12343216528, 1.09000070231, 1.01755706939, 1.03631528397, 1.06455384147, 6.44336571568, 1.10208486566, 0.993546442803, 653.855918201, 1.03188875632, 3.13981116895, 1.23685108396, 4.06470211504, 1.0141448857, 561.675864826, 25.0821158982, 573.767804974
4.98315071443, 1.00000077036, 1.00068765182, 0.928545528869, 2.21446225031, 0.792514961978, 2.82300545397, 1.20342862199, 0.936965140777, 4.61867816625, 5.01253076377, 1.19700625766, 3.22741305533, 1.06183386587, 1.09000034595, 1.04192349362, 1.01248168662, 1.08422879729, 3.70435934021, 0.962484304446, 0.999697257369, 537.885264819, 1.1479851537, 4.71479941306, 1.02986990768, 3.1864499106, 1.25238930882, 295.152675955, 28.7580705223, 849.861879263
1.22304458306, 1.00000049986, 1.1123212566, 1.03506875342, 4.0344379643, 0.975454924339, 4.79116733314, 1.01893206094, 0.976391826499, 4.10924228974, 4.68826829111, 1.06682495306, 3.95686133715, 0.892860911907, 1.0900002171, 1.08173593783, 1.01374402698, 0.940489312334, 8.7811476457, 1.03570234495, 0.920263052363, 127.548820631, 0.979562443809, 3.25340464692, 1.08892319062, 3.94702541767, 1.05382424581, 557.172331853, 25.2664602733, 798.088762546
5.56527896054, 1.00000086116, 1.01053329254, 1.05744947577, 3.41410852534, 0.798263416477, 2.08755981633, 1.2533481203, 0.984692447782, 2.99547715288, 5.03991659994, 1.15025444769, 4.84037512633, 1.21442782127, 1.09000053754, 1.05483672603, 1.00035169949, 0.921870285359, 8.98827896021, 1.01902984045, 0.980199644555, 984.522840112, 1.16635347336, 3.56229924436, 1.07667302008, 5.28912599461, 1.29387493631, 395.690600129, 15.9289106752, 4523.73905876
5.14231711844, 1.00000021181, 1.39568573955, 0.940579213418, 2.95773294957, 0.896076656767, 1.85030587098, 1.2584720948, 0.988183888647, 4.13209854124, 5.07014323353, 0.928914521836, 1.24036043043, 1.0881163407, 1.09000008759, 1.02282415423, 1.02857895788, 0.82230191327, 9.56698911433, 0.960805978511, 0.924346145705, 29.3906725763, 1.11831328397, 3.90985413596, 1.14770425223, 3.58968768193, 0.889263901866, 383.824032357, 18.4998482832, 2340.06853696
5.14231711844, 1.00000026859, 1.39355307806, 0.940837454162, 3.57441622614, 0.951819612068, 1.84195390456, 1.25558361874, 0.988183888647, 4.02121596854, 5.07055460208, 0.979828576208, 1.24028180369, 1.01671777014, 1.09000008922, 1.02282415423, 1.04614544679, 0.82230191327, 9.59588913267, 0.960805978511, 0.811762166711, 519.047081081, 1.1242769504, 3.82187296375, 1.14770425223, 3.58968768193, 0.882131799922, 512.939828256, 17.9479595048, 1796.10649597
3.67914207915, 1.00000087489, 1.7001332588, 0.836494239718, 3.88130513292, 0.95026130937, 2.72078146411, 1.10431444848, 0.988803673156, 5.95692894657, 5.8717310096, 1.13274645333, 2.47838872559, 0.933126514804, 1.09000030721, 1.10693367882, 1.03810604164, 1.17761676832, 3.84981382732, 1.08451648127, 0.981553459311, 729.974598011, 1.19682532354, 1.52024714642, 1.14732688521, 3.23348279634, 0.981449712605, 178.203051613, 24.915259005, 3406.17759252
3.65759876731, 1.00000076849, 1.34469725117, 1.0214133803, 5.75114378608, 0.953561974032, 1.47986680802, 1.1527671258, 0.947436159714, 2.79098280555, 5.11633851878, 1.08507892621, 1.92170282176, 0.869624788566, 1.09000086138, 1.06039007088, 1.04301283829, 1.19083918758, 4.1391614384, 0.930771273633, 0.983373354241, 767.430235672, 1.12695555845, 5.24834747019, 1.14827866717, 3.24971959093, 1.25771810825, 481.634373321, 19.6495610063, 2230.14592599
4.01413274843, 1.00000084259, 1.24080978547, 0.922399733362, 3.57353951221, 0.991833947763, 5.51449581797, 1.08264717719, 0.901818240325, 3.02736794983, 5.40515730147, 0.847818815218, 4.86753322824, 0.979476373198, 1.09000030292, 1.02906410871, 1.02041303567, 1.13211182393, 9.61465965869, 1.13068074024, 0.895486214641, 611.527465301, 0.97923868489, 3.2590433653, 1.08814291566, 4.43574664461, 1.27713218735, 484.326360713, 19.8223230648, 2036.58461994
5.16707957931, 1.00000061196, 1.32383117237, 1.10851176672, 2.93928671116, 0.816184524675, 1.81821601658, 1.02340976686, 0.964890746934, 3.65072181956, 4.95724120124, 0.898624342494, 2.00134811757, 1.06405464187, 1.09000025892, 1.07064326029, 1.04937380694, 0.823383894889, 5.47399641176, 0.91905735884, 0.908389843998, 424.418716489, 0.929085341705, 5.49408351232, 1.12612245846, 3.6293264851, 1.29846055322, 243.22930239, 20.7473217115, 1639.71835623
5.05360351829, 1.00000069204, 1.66584594032, 0.840050384604, 4.39950751805, 0.737334570216, 3.66590556534, 1.09059714992, 0.939987880135, 4.09325403339, 5.51531719409, 1.00951158875, 2.91017926442, 1.12512713416, 1.0900008927, 1.03759647079, 1.03419923788, 1.14080489096, 3.17813806424, 1.12740227479, 0.93608160078, 718.721243868, 1.06705212033, 2.33714322995, 1.14665194982, 3.35888341919, 1.01216604895, 277.370588399, 20.5912173199, 2316.85888346
1.97478076968, 1.00000083133, 1.72746801345, 0.836494239718, 3.0791279154, 0.999140998109, 1.15658119456, 1.11173580097, 0.970033294945, 5.94231627195, 4.81012777285, 0.99386698715, 1.99597400916, 0.90167355772, 1.09000085387, 1.1036526003, 1.04959835179, 1.17761676832, 3.86367926604, 1.1488382971, 0.870971632705, 412.4729712, 1.17652104241, 5.50300477408, 0.98283342686, 2.38490346009, 0.973647455917, 313.531089146, 22.0032948714, 1415.24688419
4.48624054489, 1.00000079001, 1.08169609323, 0.888809606332, 5.69765876576, 0.824586501938, 2.49824587625, 1.23594894985, 0.913844111153, 5.89207664095, 6.08954807699, 0.847806622052, 3.64403654627, 1.05066355585, 1.09000083775, 1.03291289386, 1.00111863738, 1.11174682377, 6.00394273044, 0.936097038441, 0.787071237791, 407.156298568, 1.09427406963, 3.70864164961, 1.10635409444, 4.36456000001, 0.956440973938, 425.036510667, 23.3756711176, 1289.52016178
2.35632117153, 1.00000088075, 1.08899250277, 0.917669636573, 5.58236789616, 0.93051219384, 2.7146315265, 1.17603789592, 0.988488963054, 6.13442214985, 5.4093786994, 0.929686982689, 2.91856384386, 1.20999070001, 1.09000053595, 1.08152065841, 1.03131231678, 1.06751519793, 7.03976875417, 1.01937728999, 0.911021007759, 946.504082836, 1.15178182177, 3.74631898811, 1.07687248743, 3.36115024475, 0.981122681048, 578.186535488, 25.1643704708, 640.866906131
5.08971771772, 1.00000037111, 1.60150070869, 1.04424543166, 4.06953330595, 0.721901966885, 3.12506188729, 1.01390199191, 0.951048120205, 5.23738024369, 5.68317005414, 0.968153813123, 2.91287738955, 1.07594690476, 1.09000051897, 1.06651077329, 1.00327467962, 1.13912871357, 5.70027672123, 1.05533952544, 0.966164013533, 137.020617536, 1.0712619927, 2.34462070285, 1.16619113245, 3.22772540061, 1.21713469273, 441.624362353, 32.4412452528, 950.287599191
3.73896876583, 1.00000083133, 1.52853151084, 0.930211919395, 3.72112365253, 0.998082860743, 2.81747147169, 1.1281733555, 0.960959004883, 6.01834935037, 4.95277914467, 0.966664795337, 3.83564784535, 0.945152602271, 1.09000062277, 1.10958771959, 1.00472171535, 1.04865190832, 4.62299440436, 0.970455860668, 0.766141493216, 678.167798963, 0.944804560941, 5.4930823266, 0.989539522366, 4.47376460919, 1.1871919324, 535.42625969, 17.5211121658, 4566.52810684
3.1269983969, 1.00000036979, 1.70553275069, 1.2144272505, 2.23845625565, 0.7117315053, 3.12506188729, 1.01390199191, 0.96479735057, 3.63979602891, 5.09487302806, 0.968607753233, 3.3025580512, 1.07594690476, 1.09000051897, 1.08945400564, 1.00327467962, 1.09581089116, 6.76809797921, 1.05600575545, 0.78296651284, 99.385783933, 1.06983698227, 3.66027866978, 1.04485124381, 3.22772540061, 1.22288665712, 966.9497656, 20.1852231195, 1824.65074904
5.65614581528, 1.00000061119, 1.32383117237, 0.853196734531, 1.53638387421, 0.952300538232, 1.64652756988, 1.1847694302, 0.970866777265, 3.65072181956, 5.71453768395, 0.900278448181, 1.99361216739, 1.06666790621, 1.09000083975, 1.10803349854, 1.04877782479, 0.94154240027, 5.11686627687, 1.10511887474, 0.782942863084, 414.189001044, 1.11436924933, 5.29177513599, 0.985586514822, 2.38335606624, 1.14693791673, 322.525971774, 21.9475598703, 2050.22212956
4.01202957776, 1.0000004289, 1.22335689292, 0.934107814639, 1.72570996695, 0.766767248994, 4.70026332364, 1.07146883158, 0.906063737048, 5.87127986349, 5.50367450904, 0.884835043758, 1.19729179731, 1.08399759272, 1.09000037223, 1.09068072257, 1.00785385383, 0.954761448639, 4.30642232616, 1.12072714825, 0.997765853552, 11.7056635495, 0.925351302567, 2.88038780903, 0.977918782332, 2.57494123396, 0.893728768613, 623.852173937, 18.3147701074, 2614.2400613
3.73896876583, 1.0000007402, 1.07468780861, 0.917743990758, 3.72112365253, 0.998082860743, 5.46455734544, 1.1281733555, 0.960959004883, 6.01834935037, 4.95277914467, 0.967362901281, 2.90332179143, 0.945152602271, 1.09000062369, 1.10991198195, 1.00441493193, 1.04865190832, 4.64205857265, 0.970455860668, 0.767059093495, 679.437180287, 0.945400098371, 5.4930823266, 0.989539522366, 4.36160990119, 1.18597288296, 531.267094533, 18.2242299868, 6823.3766623
1.98848097637, 1.00000056854, 1.19273299056, 0.888017384548, 2.25326013491, 0.869632460077, 3.09757703077, 1.13316979246, 0.921588339104, 3.62981818796, 6.019963488, 0.847825712106, 3.22822171497, 0.887364073229, 1.09000062027, 1.03283844287, 1.03946293624, 1.0055777803, 5.96282472523, 1.06621866265, 0.813652378145, 100.214630749, 0.957631696144, 2.57695162526, 1.12554713276, 1.38685248236, 0.920887144786, 400.522969469, 19.1373191791, 4848.27684724
4.00598300505, 1.00000041896, 1.24109240361, 1.21958284958, 3.58442938562, 0.941364426716, 5.0498611664, 1.08264717719, 0.994462901259, 1.2796152129, 5.40515730147, 0.937112476502, 3.53369835303, 0.979476373198, 1.09000082681, 1.02906410871, 1.02041303567, 1.12983774506, 9.61465965869, 1.13068074024, 0.894910237079, 596.249423629, 1.08792630087, 5.13754364672, 0.987888199922, 2.67192987672, 1.27469102353, 444.601191438, 22.702130207, 1835.8214295
1.55841070307, 1.00000087484, 1.09776318794, 0.915453982428, 2.71659610054, 0.934956454373, 4.11799333738, 1.15558017883, 0.911060616259, 5.83473834096, 4.97339118419, 0.852766200487, 4.5881420963, 1.19272599056, 1.09000096943, 1.04806384192, 1.00182029008, 1.03990938563, 9.36663144773, 0.932833254383, 0.783599632744, 414.992503177, 1.09429655761, 1.55581263072, 1.1483367443, 4.37156862637, 1.2600725207, 538.345679129, 24.3850845266, 1468.51347097
