0.664831765987, 0.823913857445, 2.02596547526, 0.238255574094, 5.58536059673, 42.7832880405, 3.50764312983, 3.07097463841, 30.1377806083, 275.568683645, 0.545506252804, 0.479425837321
0.714270986712, 0.823913857445, 2.01677514137, 0.238255574094, 9.34520324621, 42.7832880405, 3.50764312983, 3.07097463841, 28.9752798947, 270.209802714, 0.581601983112, 0.507117437722
0.714142834208, 0.823913857445, 2.01677514137, 0.215452597551, 9.26106119196, 42.7832880405, 3.50764312983, 3.07097463841, 28.9653498744, 262.033272667, 0.554254028029, 0.243831640058
0.714142834208, 0.823913857445, 2.01677514137, 0.215452597551, 9.26106119196, 42.7832880405, 3.50764312983, 3.07097463841, 28.9653498744, 262.033272667, 0.554254028029, 0.243831640058
0.714142834208, 0.823913857445, 2.01677514137, 0.215452597551, 9.26106119196, 42.7832880405, 3.50764312983, 3.07097463841, 28.9653498744, 262.033272667, 0.554254028029, 0.243831640058
0.714142834208, 0.823913857445, 2.01677514137, 0.215452597551, 9.26106119196, 42.7832880405, 3.50764312983, 3.07097463841, 28.9653498744, 262.033272667, 0.554254028029, 0.243831640058
0.714142834208, 0.823913857445, 2.01677514137, 0.215452597551, 9.26106119196, 42.7832880405, 3.50764312983, 3.07097463841, 28.9653498744, 262.033272667, 0.554254028029, 0.243831640058
0.714142834208, 0.823913857445, 2.01677514137, 0.215452597551, 9.26106119196, 42.7832880405, 3.50764312983, 3.07097463841, 28.9653498744, 262.033272667, 0.554254028029, 0.243831640058
0.714142834208, 0.823913857445, 2.01677514137, 0.215452597551, 9.26106119196, 42.7832880405, 3.50764312983, 3.07097463841, 28.9653498744, 265.233929412, 0.573626664508, 0.0944881889764
0.71413708125, 0.823913857445, 2.01677514137, 0.215598089987, 9.345711169, 42.4920484391, 3.50764312983, 3.07097463841, 28.9752798947, 287.928929667, 0.53801568092, 0.388888888889
0.705478131739, 0.822644302223, 2.02596547526, 0.215327446571, 5.21928027147, 42.7832880405, 3.50764312983, 3.07097463841, 27.9790627738, 255.210929176, 0.548607734378, 0.461538461538
0.705478131739, 0.822644302223, 2.02596547526, 0.215327446571, 5.21928027147, 42.7832880405, 3.50764312983, 3.07097463841, 27.9790627738, 255.210929176, 0.548607734378, 0.461538461538
0.705478131739, 0.822644302223, 2.02596547526, 0.215327446571, 5.21928027147, 42.7832880405, 3.50764312983, 3.07097463841, 27.9790627738, 255.210929176, 0.548607734378, 0.461538461538
0.705478131739, 0.822644302223, 2.02596547526, 0.215327446571, 5.21928027147, 42.7832880405, 3.50764312983, 3.07097463841, 27.9790627738, 255.210929176, 0.548607734378, 0.461538461538
0.705478131739, 0.822644302223, 2.02596547526, 0.215327446571, 5.21928027147, 42.7832880405, 3.50764312983, 3.07097463841, 27.9790627738, 255.210929176, 0.548607734378, 0.461538461538
0.705478131739, 0.822644302223, 2.02596547526, 0.215327446571, 5.21928027147, 42.7832880405, 3.50764312983, 3.07097463841, 27.9790627738, 255.210929176, 0.548607734378, 0.461538461538
0.705478131739, 0.822644302223, 2.02596547526, 0.215327446571, 5.21928027147, 42.7832880405, 3.50764312983, 3.07097463841, 27.9790627738, 255.210929176, 0.548607734378, 0.461538461538
0.705478131739, 0.822644302223, 2.02596547526, 0.215327446571, 5.21928027147, 42.7832880405, 3.50764312983, 3.07097463841, 27.9790627738, 255.210929176, 0.548607734378, 0.461538461538
0.705478131739, 0.822644302223, 2.02596547526, 0.215327446571, 5.21928027147, 42.7832880405, 3.50764312983, 3.07097463841, 27.9790627738, 255.210929176, 0.548607734378, 0.461538461538
0.705478131739, 0.822644302223, 2.02596547526, 0.215327446571, 5.21928027147, 42.7832880405, 3.50764312983, 3.07097463841, 27.9790627738, 255.210929176, 0.548607734378, 0.461538461538
0.705478131739, 0.827689846471, 2.01408914195, 0.215327446571, 5.46363615156, 42.7832880405, 3.50764312983, 3.07097463841, 28.9752798947, 264.670362079, 0.603679700927, 0.0408163265306
0.690090467253, 0.823913857445, 2.01677514137, 0.215325778994, 8.83515545823, 42.7832880405, 3.63470839856, 3.07097463841, 28.9653498744, 254.162458512, 0.559501615501, 0.0734126984127
0.690090467253, 0.823913857445, 2.01677514137, 0.215325778994, 8.83515545823, 42.7832880405, 3.63470839856, 3.07097463841, 28.9653498744, 254.162458512, 0.559501615501, 0.0734126984127
0.690090467253, 0.823913857445, 2.01677514137, 0.215325778994, 8.83515545823, 42.7832880405, 3.63470839856, 3.07097463841, 28.9653498744, 254.162458512, 0.559501615501, 0.0734126984127
0.690090467253, 0.823913857445, 2.01677514137, 0.215325778994, 8.83515545823, 42.7832880405, 3.63470839856, 3.07097463841, 28.9653498744, 254.162458512, 0.559501615501, 0.0734126984127
0.690090467253, 0.823913857445, 2.01677514137, 0.215325778994, 8.83515545823, 42.7832880405, 3.63470839856, 3.07097463841, 28.9653498744, 254.162458512, 0.559501615501, 0.0734126984127
0.690090467253, 0.823913857445, 2.01677514137, 0.215325778994, 8.83515545823, 42.7832880405, 3.63470839856, 3.07097463841, 28.9653498744, 254.162458512, 0.559501615501, 0.0734126984127
0.690090467253, 0.823913857445, 2.01677514137, 0.215325778994, 8.83515545823, 42.7832880405, 3.63470839856, 3.07097463841, 28.9653498744, 254.162458512, 0.559501615501, 0.0734126984127
0.690090467253, 0.823913857445, 2.01677514137, 0.215325778994, 8.83515545823, 42.7832880405, 3.63470839856, 3.07097463841, 28.9653498744, 254.162458512, 0.559501615501, 0.0734126984127
0.690090467253, 0.823913857445, 2.01677514137, 0.215325778994, 8.83515545823, 42.7832880405, 3.63470839856, 3.07097463841, 28.9653498744, 254.162458512, 0.559501615501, 0.0734126984127
0.690090467253, 0.823913857445, 2.01677514137, 0.215325778994, 8.83515545823, 42.7832880405, 3.63470839856, 3.07097463841, 28.9653498744, 254.162458512, 0.559501615501, 0.0734126984127
0.690090467253, 0.823913857445, 2.01677514137, 0.215325778994, 8.83515545823, 42.7832880405, 3.63470839856, 3.07097463841, 28.9653498744, 254.162458512, 0.559501615501, 0.0734126984127
0.690090467253, 0.823913857445, 2.01677514137, 0.215325778994, 8.83515545823, 42.7832880405, 3.63470839856, 3.07097463841, 28.9653498744, 254.162458512, 0.559501615501, 0.0734126984127
0.690090467253, 0.823913857445, 2.01677514137, 0.215325778994, 8.83515545823, 42.7832880405, 3.63470839856, 3.07097463841, 28.9653498744, 254.162458512, 0.559501615501, 0.0734126984127
0.690090467253, 0.823913857445, 2.01677514137, 0.215325778994, 8.83515545823, 42.7832880405, 3.63470839856, 3.07097463841, 28.9653498744, 254.162458512, 0.559501615501, 0.0734126984127
0.690090467253, 0.823913857445, 2.01677514137, 0.215325778994, 8.83515545823, 42.7832880405, 3.63470839856, 3.07097463841, 28.9653498744, 254.162458512, 0.559501615501, 0.0734126984127
0.690090467253, 0.823913857445, 2.01677514137, 0.215325778994, 8.83515545823, 42.7832880405, 3.63470839856, 3.07097463841, 28.9653498744, 254.162458512, 0.559501615501, 0.0734126984127
0.690090467253, 0.823913857445, 2.01677514137, 0.215325778994, 8.83515545823, 42.7832880405, 3.63470839856, 3.07097463841, 28.9653498744, 254.162458512, 0.559501615501, 0.0734126984127
0.690090467253, 0.823913857445, 2.01677514137, 0.215325778994, 8.83515545823, 42.7832880405, 3.63470839856, 3.07097463841, 28.9653498744, 254.162458512, 0.559501615501, 0.0734126984127
0.690090467253, 0.823913857445, 2.01677514137, 0.215325778994, 8.83515545823, 42.7832880405, 3.63470839856, 3.07097463841, 28.9653498744, 254.162458512, 0.559501615501, 0.0734126984127
0.714142834208, 0.823913857445, 2.01677514137, 0.215452597551, 9.26106119196, 42.7832880405, 3.68012081751, 3.52075488941, 28.9653498744, 267.151854945, 0.575457568561, 0.0584269662921
0.714142834208, 0.823913857445, 2.01677514137, 0.215452597551, 9.26106119196, 42.7832880405, 3.68012081751, 3.52075488941, 28.9653498744, 267.151854945, 0.575457568561, 0.0584269662921
0.714142834208, 0.823913857445, 2.01677514137, 0.218002368719, 9.26106119196, 42.7832880405, 3.50764312983, 3.23402791874, 28.9653498744, 252.441871949, 0.563395708051, 0.480106100796
0.714142834208, 0.823913857445, 2.01677514137, 0.218002368719, 9.26106119196, 42.7832880405, 3.50764312983, 3.23402791874, 28.9653498744, 252.441871949, 0.563395708051, 0.480106100796
0.714142834208, 0.823913857445, 2.01677514137, 0.218002368719, 9.26106119196, 42.7832880405, 3.50764312983, 3.23402791874, 28.9653498744, 252.441871949, 0.563395708051, 0.480106100796
0.714142834208, 0.823913857445, 2.01677514137, 0.218002368719, 9.26106119196, 42.7832880405, 3.50764312983, 3.23402791874, 28.9653498744, 252.441871949, 0.563395708051, 0.480106100796
0.714142834208, 0.823913857445, 2.01677514137, 0.218002368719, 9.26106119196, 42.7832880405, 3.50764312983, 3.23402791874, 28.9653498744, 252.441871949, 0.563395708051, 0.480106100796
0.714142834208, 0.823913857445, 2.01677514137, 0.218002368719, 9.26106119196, 42.7832880405, 3.50764312983, 3.23402791874, 28.9653498744, 252.441871949, 0.563395708051, 0.480106100796
0.714142834208, 0.823913857445, 2.01677514137, 0.218002368719, 9.26106119196, 42.7832880405, 3.50764312983, 3.23402791874, 28.9653498744, 252.441871949, 0.563395708051, 0.480106100796
0.714142834208, 0.823913857445, 2.01677514137, 0.218002368719, 9.26106119196, 42.7832880405, 3.50764312983, 3.23402791874, 28.9653498744, 252.441871949, 0.563395708051, 0.480106100796
0.714142834208, 0.823913857445, 2.01677514137, 0.218002368719, 9.26106119196, 42.7832880405, 3.50764312983, 3.23402791874, 28.9653498744, 252.441871949, 0.563395708051, 0.480106100796
0.714142834208, 0.823913857445, 2.01677514137, 0.218002368719, 9.26106119196, 42.7832880405, 3.50764312983, 3.23402791874, 28.9653498744, 252.441871949, 0.563395708051, 0.480106100796
0.714142834208, 0.823913857445, 2.01677514137, 0.218002368719, 9.26106119196, 42.7832880405, 3.50764312983, 3.23402791874, 28.9653498744, 252.441871949, 0.563395708051, 0.480106100796
0.714142834208, 0.823913857445, 2.01677514137, 0.218002368719, 9.26106119196, 42.7832880405, 3.50764312983, 3.23402791874, 28.9653498744, 252.441871949, 0.563395708051, 0.480106100796
0.714142834208, 0.823913857445, 2.01677514137, 0.218002368719, 9.26106119196, 42.7832880405, 3.50764312983, 3.23402791874, 28.9653498744, 252.441871949, 0.563395708051, 0.480106100796
0.714142834208, 0.823913857445, 2.01677514137, 0.218002368719, 9.26106119196, 42.7832880405, 3.50764312983, 3.23402791874, 28.9653498744, 252.441871949, 0.563395708051, 0.480106100796
0.714142834208, 0.823913857445, 2.01677514137, 0.218002368719, 9.26106119196, 42.7832880405, 3.50764312983, 3.23402791874, 28.9653498744, 252.441871949, 0.563395708051, 0.480106100796
0.714142834208, 0.823913857445, 2.01677514137, 0.218002368719, 9.26106119196, 42.7832880405, 3.50764312983, 3.23402791874, 28.9653498744, 252.441871949, 0.563395708051, 0.480106100796
0.714142834208, 0.823913857445, 2.01677514137, 0.218002368719, 9.26106119196, 42.7832880405, 3.50764312983, 3.23402791874, 28.9653498744, 252.441871949, 0.563395708051, 0.480106100796
0.714142834208, 0.823913857445, 2.01677514137, 0.218002368719, 9.26106119196, 42.7832880405, 3.50764312983, 3.23402791874, 28.9653498744, 252.441871949, 0.563395708051, 0.480106100796
0.714142834208, 0.823913857445, 2.01677514137, 0.218002368719, 9.26106119196, 42.7832880405, 3.50764312983, 3.23402791874, 28.9653498744, 252.441871949, 0.563395708051, 0.480106100796
0.714142834208, 0.823913857445, 2.01677514137, 0.218002368719, 9.26106119196, 42.7832880405, 3.50764312983, 3.23402791874, 28.9653498744, 252.441871949, 0.563395708051, 0.480106100796
0.714142834208, 0.823913857445, 2.01249534229, 0.215452597551, 9.26106119196, 42.7832880405, 3.50764312983, 3.07097463841, 28.9653498744, 263.30549915, 0.568036930183, 0.241641337386
0.714142834208, 0.823913857445, 2.01249534229, 0.215452597551, 9.26106119196, 42.7832880405, 3.50764312983, 3.07097463841, 28.9653498744, 263.30549915, 0.568036930183, 0.241641337386
0.714142834208, 0.823913857445, 2.01249534229, 0.215452597551, 9.26106119196, 42.7832880405, 3.50764312983, 3.07097463841, 28.9653498744, 263.30549915, 0.568036930183, 0.241641337386
0.705478131739, 0.82794356253, 2.01408914195, 0.215327446571, 5.46363615156, 42.7832880405, 3.50764312983, 3.07097463841, 28.9752798947, 272.544703368, 0.559512445726, 0.476394849785
0.705478131739, 0.82794356253, 2.01408914195, 0.215327446571, 5.46363615156, 42.7832880405, 3.50764312983, 3.07097463841, 28.9752798947, 272.544703368, 0.559512445726, 0.476394849785
0.710646891491, 0.823913857445, 2.01677514137, 0.218002368719, 9.26106119196, 42.7832880405, 3.50764312983, 3.23402791874, 28.9653498744, 261.809345621, 0.577204944224, 0.0506072874494
0.710646891491, 0.823913857445, 2.01677514137, 0.218002368719, 9.26106119196, 42.7832880405, 3.50764312983, 3.23402791874, 28.9653498744, 261.809345621, 0.577204944224, 0.0506072874494
0.710646891491, 0.823913857445, 2.01677514137, 0.218002368719, 9.26106119196, 42.7832880405, 3.50764312983, 3.23402791874, 28.9653498744, 261.809345621, 0.577204944224, 0.0506072874494
0.710646891491, 0.823913857445, 2.01677514137, 0.218002368719, 9.26106119196, 42.7832880405, 3.50764312983, 3.23402791874, 28.9653498744, 261.809345621, 0.577204944224, 0.0506072874494
0.710646891491, 0.823913857445, 2.01677514137, 0.218002368719, 9.26106119196, 42.7832880405, 3.50764312983, 3.23402791874, 28.9653498744, 261.809345621, 0.577204944224, 0.0506072874494
0.710646891491, 0.823913857445, 2.01677514137, 0.218002368719, 9.26106119196, 42.7832880405, 3.50764312983, 3.23402791874, 28.9653498744, 261.809345621, 0.577204944224, 0.0506072874494
0.710646891491, 0.823913857445, 2.01677514137, 0.218002368719, 9.26106119196, 42.7832880405, 3.50764312983, 3.23402791874, 28.9653498744, 261.809345621, 0.577204944224, 0.0506072874494
0.710646891491, 0.823913857445, 2.01677514137, 0.218002368719, 9.26106119196, 42.7832880405, 3.50764312983, 3.23402791874, 28.9653498744, 261.809345621, 0.577204944224, 0.0506072874494
0.710646891491, 0.823913857445, 2.01677514137, 0.218002368719, 9.26106119196, 42.7832880405, 3.50764312983, 3.23402791874, 28.9653498744, 261.809345621, 0.577204944224, 0.0506072874494
0.710646891491, 0.823913857445, 2.01677514137, 0.218002368719, 9.26106119196, 42.7832880405, 3.50764312983, 3.23402791874, 28.9653498744, 261.809345621, 0.577204944224, 0.0506072874494
0.710646891491, 0.823913857445, 2.01677514137, 0.218002368719, 9.26106119196, 42.7832880405, 3.50764312983, 3.23402791874, 28.9653498744, 261.809345621, 0.577204944224, 0.0506072874494
0.710646891491, 0.823913857445, 2.01677514137, 0.218002368719, 9.26106119196, 42.7832880405, 3.50764312983, 3.23402791874, 28.9653498744, 261.809345621, 0.577204944224, 0.0506072874494
0.710646891491, 0.823913857445, 2.01677514137, 0.218002368719, 9.26106119196, 42.7832880405, 3.50764312983, 3.23402791874, 28.9653498744, 261.809345621, 0.577204944224, 0.0506072874494
0.710646891491, 0.823913857445, 2.01677514137, 0.218002368719, 9.26106119196, 42.7832880405, 3.50764312983, 3.23402791874, 28.9653498744, 261.809345621, 0.577204944224, 0.0506072874494
0.710646891491, 0.823913857445, 2.01677514137, 0.218002368719, 9.26106119196, 42.7832880405, 3.50764312983, 3.23402791874, 28.9653498744, 261.809345621, 0.577204944224, 0.0506072874494
0.710646891491, 0.823913857445, 2.01677514137, 0.218002368719, 9.26106119196, 42.7832880405, 3.50764312983, 3.23402791874, 28.9653498744, 261.809345621, 0.577204944224, 0.0506072874494
0.710646891491, 0.823913857445, 2.01677514137, 0.218002368719, 9.26106119196, 42.7832880405, 3.50764312983, 3.23402791874, 28.9653498744, 261.809345621, 0.577204944224, 0.0506072874494
0.710646891491, 0.823913857445, 2.01677514137, 0.218002368719, 9.26106119196, 42.7832880405, 3.50764312983, 3.23402791874, 28.9653498744, 261.809345621, 0.577204944224, 0.0506072874494
0.710646891491, 0.823913857445, 2.01677514137, 0.218002368719, 9.26106119196, 42.7832880405, 3.50764312983, 3.23402791874, 28.9653498744, 261.809345621, 0.577204944224, 0.0506072874494
0.714142834208, 0.823913857445, 2.01652405952, 0.215452597551, 9.26106119196, 42.7832880405, 3.50764312983, 3.07097463841, 28.9653498744, 271.813880414, 0.568488592728, 0.456349206349
0.686449160773, 0.823913857445, 2.01677514137, 0.218002368719, 9.26106119196, 42.7832880405, 3.43909819346, 3.23402791874, 28.9653498744, 263.445384317, 0.584609256778, 0.217322834646
0.686449160773, 0.823913857445, 2.01677514137, 0.218002368719, 9.26106119196, 42.7832880405, 3.43909819346, 3.23402791874, 28.9653498744, 263.445384317, 0.584609256778, 0.217322834646
0.686449160773, 0.823913857445, 2.01677514137, 0.218002368719, 9.26106119196, 42.7832880405, 3.43909819346, 3.23402791874, 28.9653498744, 263.445384317, 0.584609256778, 0.217322834646
0.686449160773, 0.823913857445, 2.01677514137, 0.218002368719, 9.26106119196, 42.7832880405, 3.43909819346, 3.23402791874, 28.9653498744, 263.445384317, 0.584609256778, 0.217322834646
0.715109611983, 0.833913537086, 2.01754825462, 0.201835776385, 8.8369260469, 42.7832880405, 3.63290092499, 3.03831963711, 28.9653498744, 277.296682072, 0.554650023583, 0.0656455142232
