0.100601078744, 0.928010337573, 3.62967675273, 0.406063231773, 81.3425705647, 4.38877901534, 0.857439867533, 0.316510313422, 36.7355409166, 211.454381522, 0.0481823321376, 0.48
0.100601078744, 0.928010337573, 3.62967675273, 0.406063231773, 82.1639434232, 4.38877901534, 0.854170352169, 0.279423033132, 36.7355409166, 213.869700966, 0.0457735052405, 0.6
0.880625370791, 1.04395428817, 2.35850990715, 0.540554066684, 43.3283781132, 1.76474302363, 1.8724712249, 2.56586129929, 12.0078255813, 227.651305347, 0.0604016621171, 0.0294117647059
0.392107974902, 0.962145453197, 2.28150187638, 0.542141627134, 27.996477852, 48.772112016, 0.707370320642, 3.16498197107, 33.0992438614, 99.1235067956, 0.427764263279, 0.0
0.390478454365, 0.886412204542, 2.28150187638, 0.641180360346, 27.996477852, 48.772112016, 0.691638642641, 3.16498197107, 32.5701419281, 79.6653556449, 0.621738768222, 0.363636363636
0.304303581148, 0.842702152794, 2.32032489995, 0.435776768951, 60.0024897156, 3.294902188, 1.58950129227, 3.92215248585, 29.6062492106, 211.675358799, 0.0917539872965, 0.277777777778
0.356727582355, 1.11308626936, 2.32099141423, 0.538022620734, 42.7766265799, 4.81653483115, 0.332224464034, 3.47587019224, 42.2327513148, 144.178144695, 0.0738352593056, 0.363636363636
0.134070587417, 1.03660994965, 2.27151889472, 0.413768152904, 42.5915633836, 4.79662074763, 0.467825223277, 3.6410878735, 18.9618284144, 156.06859702, 0.0704384043718, 0.529411764706
0.134867393802, 1.04293134246, 7.69136496275, 0.414181111079, 99.723357662, 10.3814311602, 0.47747893265, 4.01354208036, 18.9618284144, 474.352694266, 0.0400843629151, 0.0
0.109611367398, 1.09741711262, 2.64223993133, 0.544323742088, 42.7534301834, 4.95908766157, 0.355556370258, 3.42731528671, 17.0329938133, 193.741656193, 0.055807726912, 0.608695652174
0.472479425669, 1.11049608933, 2.37127383685, 0.46576996832, 81.397185569, 19.8953733373, 0.848949480443, 0.673286711811, 36.7355409166, 152.241998154, 0.199994880523, 0.0
0.880625370791, 0.847546219467, 5.25992002959, 0.626012676614, 43.0935681276, 2.02397153502, 0.483952197516, 2.56586129929, 11.6207689045, 201.49874092, 0.0996904210801, 0.0
0.498666270694, 1.03641471466, 7.86037246482, 0.622735030665, 62.1177400786, 7.70038980815, 0.813177490812, 2.13486257231, 1.01737736003, 200.895490567, 0.0635657071154, 0.5625
0.109611367398, 1.09741711262, 2.64223993133, 0.544323742088, 39.7987452649, 4.94980558435, 3.0888445892, 2.51862533185, 17.0329938133, 511.458510861, 0.0255949461989, 0.0109589041096
0.301447975608, 0.836086829152, 2.37127383685, 0.46576996832, 80.7759068066, 3.11422040175, 0.81798027233, 0.707733307494, 21.3088548488, 109.254502562, 0.168271999858, 0.416666666667
0.136441045754, 0.84059527075, 9.44069489689, 0.478794949255, 22.4052854533, 2.63962610722, 1.88239967875, 2.19634495306, 38.459345431, 700.802834624, 0.0228134846937, 0.0
0.219199468103, 0.919758829242, 3.63121927133, 0.413984827303, 10.399607406, 1.54874716791, 0.497312425231, 2.26979541417, 36.4685973359, 237.554804139, 0.0182118547989, 0.2
0.762402538564, 0.827661820377, 3.45889754613, 0.472102197579, 74.5505423567, 15.5335192141, 0.796531090314, 2.2045514549, 7.04971919496, 142.168307622, 0.323395784798, 0.25
0.577044969286, 1.16686726948, 2.02175304716, 0.47998993197, 99.0002140568, 1.16126222475, 1.37531501241, 3.3903180607, 1.82870262012, 207.0214159, 0.0467396815234, 0.6
0.43648170923, 0.82045440285, 8.30021201066, 0.526051552364, 54.7100422475, 3.48060805083, 0.742648419069, 0.964858412963, 6.98091171729, 363.763311784, 0.0879527323227, 0.176470588235
0.880625370791, 1.04395428817, 5.25992002959, 0.626012676614, 43.0935681276, 2.02397153502, 1.8724712249, 2.56586129929, 1.93823693737, 450.876730424, 0.0738567523996, 0.171428571429
0.466077780786, 1.0417035457, 3.45547032044, 0.59588278071, 43.2995839007, 18.4416401314, 0.756464998552, 0.552742788608, 29.1657250675, 107.559439087, 0.46123791497, 0.0
0.756417948729, 0.827517317527, 2.93759983233, 0.475924655549, 74.5282836155, 15.5335192141, 0.796531090314, 2.2045514549, 7.04971919496, 135.838446748, 0.447511744297, 0.0
0.492578633502, 0.854845278303, 3.58889504054, 0.542365457581, 37.0489530678, 31.4284740909, 0.485863148713, 3.28310360367, 11.972659377, 104.774688877, 0.517277647296, 0.0
0.359949759349, 0.849825997181, 2.32306095976, 0.538022620734, 42.7225824927, 4.68728095559, 0.332224464034, 3.46732847722, 42.2327513148, 150.193540831, 0.151620289849, 0.461538461538
0.405387051912, 0.84059527075, 2.16791283932, 0.478794949255, 24.1426330972, 2.63962610722, 1.88239967875, 3.30211232862, 38.47340902, 196.861081302, 0.0961172373442, 0.390243902439
0.891033109528, 1.04354660123, 2.36139980153, 0.622560904353, 42.4931202336, 1.76474302363, 1.88367515719, 0.677094493302, 1.93823693737, 157.105285408, 0.135267033053, 0.451612903226
0.814214853269, 0.926452536889, 7.54671483902, 0.421504959834, 12.1721385232, 1.66239730409, 1.26612681873, 3.76099305418, 36.607665232, 632.625815954, 0.0788582903209, 0.0
0.363836112583, 0.852484856923, 8.5521184343, 0.65025390148, 94.8539577667, 2.81179132342, 0.784266382163, 3.77946812831, 41.48137921, 485.456039684, 0.0545083503318, 0.117647058824
0.489598814503, 0.848803001728, 3.58857888657, 0.620943639941, 76.9179677811, 31.4284740909, 0.472578930771, 1.90932625225, 11.9315074344, 162.43038502, 0.364712567089, 0.0
0.221558233085, 1.09859960526, 3.45387235458, 0.439718888563, 97.6599679695, 31.595251176, 0.0280365299891, 2.83056183943, 11.0045053606, 197.003779718, 0.248405329288, 0.0
0.725992065439, 1.04108120667, 2.72527578546, 0.475902280187, 76.2595905324, 15.6861954459, 0.796531090314, 2.56587270559, 7.04971919496, 165.795048385, 0.309961083777, 0.275862068966
0.768073404858, 1.03641471466, 2.47515282053, 0.622735030665, 43.7641073074, 7.70012432721, 1.87638600812, 4.1724485375, 1.9710294346, 194.023193842, 0.204066849956, 0.228571428571
0.223636442987, 0.890424577329, 3.6822824246, 0.439718888563, 11.9479480527, 26.2289768746, 0.861807190401, 3.75331799092, 36.6110541376, 267.278794034, 0.238897285845, 0.142857142857
0.110479747546, 1.0459499783, 2.68619186306, 0.542985230039, 42.7534301834, 13.6185082044, 0.840427959927, 3.43085917899, 28.2401157716, 206.737252662, 0.110248051526, 0.238095238095
0.755307534796, 1.19354665525, 2.36193138608, 0.59379464785, 80.9752495157, 4.0815282717, 2.26463536476, 0.630121224681, 11.7177808201, 305.297996764, 0.126914280121, 0.0
0.718691601752, 1.19969443617, 2.36193138608, 0.544776495398, 25.0464907037, 4.07657479071, 3.8572447485, 0.644493596329, 11.717483189, 411.722414892, 0.124768115659, 0.00518134715026
0.401710960546, 1.1177057023, 2.09535352092, 0.631479801557, 36.8967039475, 4.08717638073, 3.36924247366, 4.08312182372, 40.5657128489, 432.228817572, 0.1069916132, 0.075
0.356727582355, 1.11308626936, 2.3207453478, 0.538022620734, 42.7225824927, 4.70932717967, 0.332224464034, 3.47593107908, 42.2373244227, 208.968348134, 0.1852366922, 0.210526315789
0.39426692188, 1.00328671729, 3.15205506509, 0.630639919167, 39.8455500696, 6.29971955163, 3.36924247366, 3.31125649084, 40.5657128489, 618.675812901, 0.110300844874, 0.0
0.411175350766, 1.0350555163, 4.98451626881, 0.62527447555, 37.6500751737, 15.7726520816, 0.187354115573, 4.08377561951, 15.0391840399, 297.07178249, 0.176478696678, 0.0
0.43841372696, 0.862313944215, 9.66520727493, 0.543825377427, 58.2478387983, 4.02381352801, 1.39676532915, 0.413632102662, 19.2808407595, 568.17751653, 0.0959955501342, 0.0833333333333
0.769577990867, 0.851638976215, 7.58713801675, 0.41898610554, 96.3235947766, 1.41659546844, 1.27165715536, 1.25860253156, 34.7491667224, 653.793874415, 0.0385628672821, 0.166666666667
0.769934837485, 0.977575365254, 4.84432068732, 0.446014446499, 42.3015947994, 1.46353387802, 1.26612681873, 3.76099305418, 36.1969528445, 578.288391178, 0.0729296967813, 0.1
0.481752944907, 0.848803001728, 2.47969254378, 0.521873492404, 43.8248907724, 7.77748201056, 0.418150066276, 0.225033538548, 11.7235597302, 145.847132757, 0.222642763861, 0.461538461538
0.814214853269, 0.926452536889, 7.58713801675, 0.421504959834, 12.1721385232, 1.45112856852, 1.26612681873, 3.76099305418, 34.7491667224, 878.509666611, 0.0575488960511, 0.0
0.769577990867, 0.851638976215, 7.58713801675, 0.421435021846, 96.3235947766, 1.41659546844, 1.27165715536, 3.76099305418, 34.7491667224, 760.941773558, 0.0515071246401, 0.0625
0.29119100312, 1.16507898893, 7.84464211048, 0.483033653168, 12.8299656146, 3.2735907463, 3.39410398227, 4.35015029323, 28.8025284146, 1955.74315926, 0.049833700843, 0.00289855072464
0.135640914176, 0.970691198719, 9.44069489689, 0.478794949255, 48.2529040283, 2.63962610722, 1.88239967875, 2.19634495306, 38.459345431, 1069.40246699, 0.030604897645, 0.265306122449
0.132953849646, 0.860832257975, 8.44121500675, 0.478794949255, 48.2529040283, 2.63962610722, 1.88239967875, 2.18541249098, 38.2586339597, 808.314104, 0.0281578500089, 0.554054054054
0.137287847794, 0.952580202515, 7.71735356658, 0.412768614474, 46.592167925, 1.45821038014, 0.495808950702, 2.03485215117, 34.8838153532, 490.034241137, 0.0334826433439, 0.368421052632
0.880625370791, 1.04395428817, 2.72400415164, 0.622560904353, 43.3283781132, 1.76474302363, 1.8724712249, 2.56586129929, 1.93823693737, 264.111930922, 0.0876203610669, 0.428571428571
0.134867393802, 0.919745327275, 7.66920196334, 0.413768152904, 7.24742754612, 1.45821038014, 0.495808950702, 4.01393454998, 18.9618284144, 406.32445521, 0.018778682447, 0.576923076923
0.137016054607, 1.0422742782, 7.63367650332, 0.413768152904, 18.2544007275, 2.40477770992, 0.467825223277, 4.01354208036, 18.9618284144, 349.600911409, 0.0347504746138, 0.260869565217
0.492578633502, 0.848803001728, 3.58889504054, 0.620943639941, 76.9179677811, 31.4284740909, 0.472578930771, 0.225033538548, 11.9007353636, 148.416611923, 0.400205319381, 0.416666666667
0.223115366691, 0.830431781509, 2.28485392522, 0.638113241386, 37.7706596327, 48.9053922454, 0.0213390907935, 3.16498197107, 32.5701419281, 129.438316056, 0.525647518601, 0.0909090909091
0.508434779443, 0.899922740154, 7.92045891091, 0.670965076877, 62.1739061564, 5.07346615176, 0.82437387544, 2.16188214404, 4.91069078904, 254.288011133, 0.105488885415, 0.4
0.356727582355, 1.11308626936, 2.32099141423, 0.538022620734, 42.7225824927, 4.68728095559, 0.332224464034, 3.47593107908, 42.2327513148, 190.450193888, 0.151738589962, 0.592592592593
0.692491090467, 1.15248265947, 3.66322259912, 0.532140564036, 46.2818502108, 2.54510108674, 2.48741547127, 2.0796009278, 35.7860237616, 745.427661118, 0.0860899088201, 0.0
0.576237145357, 1.16657693859, 2.02408664856, 0.487111764006, 99.7694993345, 18.7331065606, 1.38114451098, 2.97143714836, 15.2010029627, 187.523764783, 0.408813503058, 0.0576923076923
0.492578633502, 0.848803001728, 3.58889504054, 0.521873492404, 76.8582388965, 31.4284740909, 0.497030114129, 0.225033538548, 11.8590024067, 177.471418618, 0.374831747463, 0.0833333333333
0.725954716951, 0.937116656484, 3.11239150326, 0.589580101806, 77.2256666513, 43.5967959556, 0.139698151521, 0.679936437791, 29.027383374, 183.85599471, 0.551760274062, 0.0526315789474
0.697992331186, 0.919535238662, 5.42231766832, 0.513194426274, 24.6038542139, 13.5367437742, 0.906439306742, 3.17766833298, 12.6634775054, 246.917147607, 0.249084697635, 0.0
0.514452547213, 0.886831770018, 3.46813266536, 0.596136394436, 46.8607082863, 18.4416401314, 0.747137227808, 0.642378569137, 29.5098300723, 198.496800434, 0.316925099354, 0.0
0.211442005511, 1.11133293051, 2.41914637947, 0.465615583658, 39.7986836967, 19.8182604089, 1.74421772069, 4.53724250495, 42.9921703364, 243.893366355, 0.252386840521, 0.0
0.879267625189, 1.03653237662, 2.46797073079, 0.594275865587, 90.7362531461, 7.61777820254, 2.26913260294, 4.1724485375, 2.93796312047, 217.495956705, 0.277202204517, 0.0266666666667
0.730395619564, 1.04395428817, 2.72400415164, 0.457479277496, 43.0898980219, 2.00885548726, 1.8724712249, 2.56586129929, 16.912803176, 253.00001084, 0.127149431541, 0.301886792453
0.383909207519, 0.974689073587, 4.95681015941, 0.596496333895, 52.6349663546, 10.6497905813, 1.34345311926, 3.48111692052, 14.6170822393, 402.471138066, 0.171160116277, 0.0
0.473840779667, 0.928010337573, 3.62967675273, 0.480686788002, 81.8554067763, 4.38877901534, 0.854170352169, 0.673286711811, 36.7355409166, 307.59320981, 0.149663559037, 0.0909090909091
0.401710960546, 1.1177057023, 2.09535352092, 0.630639919167, 36.8967039475, 6.29971955163, 3.36924247366, 3.31125649084, 40.5657128489, 456.274334318, 0.140265571469, 0.0607476635514
0.842052576783, 1.19354665525, 2.36362344427, 0.54441810822, 77.1242558984, 4.04433074715, 0.160222481789, 0.629965190837, 29.1457474496, 220.114802332, 0.199784384842, 0.35
0.692491090467, 1.15248265947, 3.63623954168, 0.532140564036, 46.2818502108, 6.12496970393, 2.44632464309, 2.12572073471, 34.2759207112, 628.92424739, 0.14259218209, 0.0
0.708694187484, 0.953129177704, 3.63623954168, 0.640433675794, 46.2818502108, 6.12496970393, 2.44632464309, 2.15950776616, 34.2759207112, 628.343274133, 0.15424356867, 0.0
0.557733755544, 0.975310538326, 4.95681015941, 0.596496333895, 52.5686564928, 10.6497905813, 1.87657223242, 3.48111692052, 4.47665532362, 377.784429483, 0.180616825955, 0.03125
0.718691601752, 1.19354665525, 2.36193138608, 0.544776495398, 81.0613103464, 4.04433074715, 3.91667847698, 0.644493596329, 11.717483189, 375.29633284, 0.180100346734, 0.0762250453721
0.386152228099, 0.973890633844, 8.47093188174, 0.596496333895, 49.0012086816, 2.49289284672, 1.86573018657, 3.48111692052, 14.2636798067, 590.709519616, 0.0827760114334, 0.247524752475
0.559913560487, 1.03653237662, 2.04848862238, 0.630719755378, 86.1576425997, 10.7332542222, 1.87821036977, 3.48297084339, 4.48952324199, 157.442874176, 0.32901552077, 0.567901234568
0.725992065439, 1.04041846633, 2.72527578546, 0.475902280187, 74.5282836155, 15.6861954459, 0.796531090314, 2.56587270559, 7.04971919496, 147.974785972, 0.393212315429, 0.5
0.410674949563, 1.1177057023, 2.09535352092, 0.544693386029, 36.8967039475, 6.23385489265, 1.72624349465, 3.31125649084, 3.83334559025, 210.688678727, 0.256223717196, 0.563218390805
0.433393012179, 1.12941159211, 9.79652061416, 0.544117325334, 80.5500141368, 4.02864071043, 1.870131003, 1.40034494438, 18.7125749382, 1745.6550823, 0.0832273704171, 0.037037037037
0.433393012179, 1.13891369787, 9.76563039964, 0.544117325334, 81.1099296063, 4.02864071043, 3.9198606057, 1.02707138933, 19.2710209403, 2056.47082007, 0.077752563398, 0.0263157894737
0.29119100312, 1.16507898893, 7.84464211048, 0.542297845882, 12.3708743835, 3.2735907463, 3.39410398227, 4.35015029323, 28.8025284146, 2124.51944187, 0.0626578093769, 0.118451025057
0.102338729556, 0.922832885302, 3.64415854984, 0.635048183185, 82.9094723891, 6.29971955163, 2.54909668774, 3.08898221397, 36.7404407606, 488.763513512, 0.044744972737, 0.285714285714
0.142896036413, 1.0422742782, 7.63367650332, 0.588460764281, 18.3945364654, 2.45398874188, 0.467825223277, 4.01354208036, 18.9618284144, 420.021767474, 0.0547427553554, 0.352941176471
0.106717596754, 1.00673572651, 3.14837423074, 0.544323742088, 39.7987452649, 4.94980558435, 3.0888445892, 0.991510884422, 1.30323861164, 381.072405881, 0.0516129807118, 0.576233183857
0.134867393802, 1.04293134246, 7.6690216095, 0.413768152904, 18.2347558745, 2.551607931, 0.467825223277, 4.01354208036, 18.9618284144, 471.019420769, 0.0390994409988, 0.388888888889
0.132953849646, 0.860832257975, 8.43989967061, 0.478794949255, 48.2529040283, 2.63962610722, 1.88239967875, 0.00364780727166, 38.459345431, 737.294171648, 0.035275416868, 0.333333333333
0.363836112583, 0.852484856923, 8.5521184343, 0.522011015648, 94.8539577667, 2.91075853914, 0.784266382163, 3.69848440683, 41.48137921, 377.233355678, 0.059685685014, 0.4375
0.772195657707, 0.942385844182, 4.84432068732, 0.446014446499, 24.963637249, 1.26518103103, 1.26612681873, 3.18286978047, 36.1969528445, 533.947965088, 0.067734233229, 0.266666666667
0.668890434459, 1.16207132763, 2.29271851355, 0.534329533034, 31.4718378461, 13.7263272054, 0.700036683628, 4.23233416632, 29.5920894192, 159.60700947, 0.435985104351, 0.466666666667
0.726275826971, 0.848803001728, 2.73221289512, 0.62286700672, 79.7007427459, 31.4284740909, 0.47568134342, 0.0839926475024, 11.9007353636, 161.900318759, 0.514479975515, 0.428571428571
0.300353155077, 0.842702152794, 8.34507469848, 0.435776768951, 60.6569079734, 3.294902188, 1.58950129227, 3.92215248585, 21.2554208033, 509.735057086, 0.102644300823, 0.307692307692
