0.111074253342, 0.866902259248, 2.09535352092, 0.630639919167, 92.8244906757, 4.71674349706, 0.958819519096, 4.13034905725, 2.49857434584, 84.4107544413, 0.0613275663436, 0.388888888889
0.111074253342, 0.866902259248, 2.09535352092, 0.630639919167, 92.8244906757, 4.71674349706, 0.958819519096, 4.13034905725, 2.49857434584, 84.4107544413, 0.0613275663436, 0.388888888889
0.520155768518, 0.905449629633, 2.09169961618, 0.630639919167, 36.8967039475, 5.72143482285, 0.958819519096, 3.08898221397, 2.49998882734, 80.7285669376, 0.19488510752, 0.0
0.520155768518, 0.905449629633, 2.09169961618, 0.630639919167, 36.8967039475, 5.72143482285, 0.958819519096, 3.08898221397, 2.49998882734, 80.7285669376, 0.19488510752, 0.0
0.111074253342, 0.866902259248, 2.09535352092, 0.405677629215, 92.8244906757, 5.72143482285, 0.720027288137, 3.08898221397, 2.49857434584, 62.832065336, 0.0470357684396, 0.533333333333
0.111074253342, 0.866902259248, 2.09535352092, 0.405677629215, 92.8244906757, 5.72143482285, 0.720027288137, 3.08898221397, 2.49857434584, 62.832065336, 0.0470357684396, 0.533333333333
0.888843629357, 0.834819883845, 2.09535352092, 0.648022298359, 36.8967039475, 1.68303460729, 0.415697833322, 3.08898221397, 2.49857434584, 79.8280106252, 0.155536786982, 0.5
0.888843629357, 0.834819883845, 2.09535352092, 0.648022298359, 36.8967039475, 1.68303460729, 0.415697833322, 3.08898221397, 2.49857434584, 79.8280106252, 0.155536786982, 0.5
0.195504605703, 0.932032237872, 3.68713221423, 0.506807421785, 61.1353062267, 1.4136817808, 0.471482900573, 4.01354208036, 17.7402907639, 202.607959238, 0.0167397273378, 0.0769230769231
0.195504605703, 0.932032237872, 3.68713221423, 0.506807421785, 61.1353062267, 1.4136817808, 0.471482900573, 4.01354208036, 17.7402907639, 202.607959238, 0.0167397273378, 0.0769230769231
0.134867393802, 0.932032237872, 3.68713221423, 0.506807421785, 61.1353062267, 1.4136817808, 0.471482900573, 4.01354208036, 17.7402907639, 198.646846525, 0.0120884500573, 0.08
0.134867393802, 0.932032237872, 3.68713221423, 0.506807421785, 61.1353062267, 1.4136817808, 0.471482900573, 4.01354208036, 17.7402907639, 198.646846525, 0.0120884500573, 0.08
0.111074253342, 0.866902259248, 2.09535352092, 0.630639919167, 92.8244906757, 1.74646901481, 0.958819519096, 3.08898221397, 2.49857434584, 98.227462142, 0.0080283751167, 0.5
0.111074253342, 0.866902259248, 2.09535352092, 0.630639919167, 92.8244906757, 1.74646901481, 0.958819519096, 3.08898221397, 2.49857434584, 98.227462142, 0.0080283751167, 0.5
0.114613231522, 0.905244443385, 3.68713221423, 0.665466547067, 1.82657332947, 1.4136817808, 0.399500050331, 4.01354208036, 28.2819899583, 209.807888022, 0.00870517743922, 0.230769230769
0.114613231522, 0.905244443385, 3.68713221423, 0.665466547067, 1.82657332947, 1.4136817808, 0.399500050331, 4.01354208036, 28.2819899583, 209.807888022, 0.00870517743922, 0.230769230769
0.300353155077, 0.842702152794, 2.60462579216, 0.589423131507, 85.6851929748, 1.2921849656, 1.58950129227, 4.93337759693, 10.0587114411, 196.187876265, 0.0169545358017, 0.0
0.300353155077, 0.842702152794, 2.60462579216, 0.589423131507, 85.6851929748, 1.2921849656, 1.58950129227, 4.93337759693, 10.0587114411, 196.187876265, 0.0169545358017, 0.0
0.520155768518, 0.998501159782, 2.09169961618, 0.462429514647, 36.8967039475, 5.72143482285, 0.782703747478, 3.08898221397, 1.57574376387, 30.5037843179, 0.109847296029, 0.727272727273
0.520155768518, 0.998501159782, 2.09169961618, 0.462429514647, 36.8967039475, 5.72143482285, 0.782703747478, 3.08898221397, 1.57574376387, 30.5037843179, 0.109847296029, 0.727272727273
0.111074253342, 0.866902259248, 2.09535352092, 0.471869993702, 92.8244906757, 1.74646901481, 0.958819519096, 3.08898221397, 2.49857434584, 95.225485687, 0.0198634348846, 0.0
0.111074253342, 0.866902259248, 2.09535352092, 0.471869993702, 92.8244906757, 1.74646901481, 0.958819519096, 3.08898221397, 2.49857434584, 95.225485687, 0.0198634348846, 0.0
0.134000866889, 1.04834733977, 3.68713221423, 0.405716360626, 1.50942395663, 1.4136817808, 0.399500050331, 4.55931101292, 28.2819899583, 281.85175875, 0.0118122413926, 0.0
0.134000866889, 1.04834733977, 3.68713221423, 0.405716360626, 1.50942395663, 1.4136817808, 0.399500050331, 4.55931101292, 28.2819899583, 281.85175875, 0.0118122413926, 0.0
0.888843629357, 0.907657283206, 2.09535352092, 0.678258732614, 36.8967039475, 1.68303460729, 0.415697833322, 3.08898221397, 2.49857434584, 84.9491382151, 0.0679734322775, 0.5
0.888843629357, 0.907657283206, 2.09535352092, 0.678258732614, 36.8967039475, 1.68303460729, 0.415697833322, 3.08898221397, 2.49857434584, 84.9491382151, 0.0679734322775, 0.5
0.888843629357, 0.955750709088, 2.09535352092, 0.615541010913, 36.8967039475, 5.72143482285, 0.415697833322, 3.08898221397, 2.49857434584, 84.8943225491, 0.215778189655, 0.0769230769231
0.888843629357, 0.955750709088, 2.09535352092, 0.615541010913, 36.8967039475, 5.72143482285, 0.415697833322, 3.08898221397, 2.49857434584, 84.8943225491, 0.215778189655, 0.0769230769231
0.554955851075, 0.98235406535, 2.09535352092, 0.630639919167, 33.2845497457, 3.59516968651, 0.958819519096, 3.12583079618, 2.49857434584, 82.4247890855, 0.138013226148, 0.681818181818
0.554955851075, 0.98235406535, 2.09535352092, 0.630639919167, 33.2845497457, 3.59516968651, 0.958819519096, 3.12583079618, 2.49857434584, 82.4247890855, 0.138013226148, 0.681818181818
0.69757826397, 0.867040914498, 2.16412084935, 0.510846447585, 1.32332536522, 4.38877901534, 0.274468829089, 0.673286711811, 6.05379311491, 82.5498868646, 0.29400537221, 0.521739130435
0.69757826397, 0.867040914498, 2.16412084935, 0.510846447585, 1.32332536522, 4.38877901534, 0.274468829089, 0.673286711811, 6.05379311491, 82.5498868646, 0.29400537221, 0.521739130435
0.134000866889, 1.04293134246, 2.09602376522, 0.413768152904, 49.1942144534, 1.29547430933, 0.399500050331, 1.07242490244, 28.2819899583, 180.902066409, 0.00825439544684, 0.533333333333
0.134000866889, 1.04293134246, 2.09602376522, 0.413768152904, 49.1942144534, 1.29547430933, 0.399500050331, 1.07242490244, 28.2819899583, 180.902066409, 0.00825439544684, 0.533333333333
0.134000866889, 1.04293134246, 2.09602376522, 0.413768152904, 49.1942144534, 1.29547430933, 0.399500050331, 1.07242490244, 28.2819899583, 179.803192809, 0.0186395037011, 0.516129032258
0.134000866889, 1.04293134246, 2.09602376522, 0.413768152904, 49.1942144534, 1.29547430933, 0.399500050331, 1.07242490244, 28.2819899583, 179.803192809, 0.0186395037011, 0.516129032258
0.894655419383, 0.955750709088, 2.09535352092, 0.630639919167, 56.1346064569, 5.72143482285, 0.415697833322, 3.08898221397, 2.49857434584, 97.3787817475, 0.228807249825, 0.0
0.894655419383, 0.955750709088, 2.09535352092, 0.630639919167, 56.1346064569, 5.72143482285, 0.415697833322, 3.08898221397, 2.49857434584, 97.3787817475, 0.228807249825, 0.0
0.520155768518, 0.926342572473, 2.09169961618, 0.638444226264, 36.8967039475, 5.72143482285, 0.958819519096, 0.46399990481, 1.57574376387, 96.2782459667, 0.12086619814, 0.416666666667
0.520155768518, 0.926342572473, 2.09169961618, 0.638444226264, 36.8967039475, 5.72143482285, 0.958819519096, 0.46399990481, 1.57574376387, 96.2782459667, 0.12086619814, 0.416666666667
0.520155768518, 0.998501159782, 2.09169961618, 0.630639919167, 36.8967039475, 5.72143482285, 0.782703747478, 3.08898221397, 1.57574376387, 122.103811063, 0.0208433816809, 0.111111111111
0.520155768518, 0.998501159782, 2.09169961618, 0.630639919167, 36.8967039475, 5.72143482285, 0.782703747478, 3.08898221397, 1.57574376387, 122.103811063, 0.0208433816809, 0.111111111111
0.69757826397, 0.883984029513, 2.16412084935, 0.510846447585, 1.32332536522, 4.38877901534, 0.274468829089, 0.673286711811, 6.05379311491, 95.6276922775, 0.173684528739, 0.25
0.69757826397, 0.883984029513, 2.16412084935, 0.510846447585, 1.32332536522, 4.38877901534, 0.274468829089, 0.673286711811, 6.05379311491, 95.6276922775, 0.173684528739, 0.25
0.415301770699, 0.866902259248, 2.09535352092, 0.638819102543, 92.8244906757, 5.72143482285, 0.958819519096, 3.08898221397, 2.49857434584, 117.938113749, 0.0255476689491, 0.1
0.415301770699, 0.866902259248, 2.09535352092, 0.638819102543, 92.8244906757, 5.72143482285, 0.958819519096, 3.08898221397, 2.49857434584, 117.938113749, 0.0255476689491, 0.1
0.520155768518, 0.998501159782, 2.09535352092, 0.630639919167, 36.8967039475, 9.92480138295, 0.834270403696, 3.08898221397, 2.49857434584, 97.6768441183, 0.0807851821522, 0.0
0.520155768518, 0.998501159782, 2.09535352092, 0.630639919167, 36.8967039475, 9.92480138295, 0.834270403696, 3.08898221397, 2.49857434584, 97.6768441183, 0.0807851821522, 0.0
0.191034947234, 0.849825997181, 3.42066969467, 0.629814841216, 10.8662533901, 4.68728095559, 0.61399820127, 2.86057142064, 34.8993518008, 119.241941841, 0.0391223386145, 0.0
0.191034947234, 0.849825997181, 3.42066969467, 0.629814841216, 10.8662533901, 4.68728095559, 0.61399820127, 2.86057142064, 34.8993518008, 119.241941841, 0.0391223386145, 0.0
0.893822481391, 0.984591654616, 2.50644556181, 0.630639919167, 36.8967039475, 1.4136817808, 0.390715397069, 3.08898221397, 2.49857434584, 166.787357194, 0.0248223525948, 0.0
0.893822481391, 0.984591654616, 2.50644556181, 0.630639919167, 36.8967039475, 1.4136817808, 0.390715397069, 3.08898221397, 2.49857434584, 166.787357194, 0.0248223525948, 0.0
0.502706127087, 0.998501159782, 2.09535352092, 0.630639919167, 8.50814239276, 2.84470470047, 0.440947391069, 3.08898221397, 2.49857434584, 102.943732772, 0.0613270380904, 0.0
0.502706127087, 0.998501159782, 2.09535352092, 0.630639919167, 8.50814239276, 2.84470470047, 0.440947391069, 3.08898221397, 2.49857434584, 102.943732772, 0.0613270380904, 0.0
0.122093019455, 1.06190262346, 3.68713221423, 0.580262055648, 81.6146648096, 1.4136817808, 2.30825441248, 4.66712471439, 28.2819899583, 549.657131034, 0.0199146670223, 0.367713004484
0.122093019455, 1.06190262346, 3.68713221423, 0.580262055648, 81.6146648096, 1.4136817808, 2.30825441248, 4.66712471439, 28.2819899583, 549.657131034, 0.0199146670223, 0.367713004484
0.147769855263, 1.06190262346, 3.68713221423, 0.580262055648, 81.6146648096, 1.4136817808, 2.30825441248, 4.66712471439, 28.2819899583, 592.557698468, 0.0180449470446, 0.12213740458
0.147769855263, 1.06190262346, 3.68713221423, 0.580262055648, 81.6146648096, 1.4136817808, 2.30825441248, 4.66712471439, 28.2819899583, 592.557698468, 0.0180449470446, 0.12213740458
0.125265985042, 0.887726467599, 2.09535352092, 0.658831043143, 44.3621338515, 5.72143482285, 0.958819519096, 3.08898221397, 8.85346022557, 95.1876829568, 0.0840955046319, 0.565217391304
0.125265985042, 0.887726467599, 2.09535352092, 0.658831043143, 44.3621338515, 5.72143482285, 0.958819519096, 3.08898221397, 8.85346022557, 95.1876829568, 0.0840955046319, 0.565217391304
0.502706127087, 1.05799417414, 2.09535352092, 0.630639919167, 52.5778711763, 5.72143482285, 0.0731490937171, 3.73008697453, 2.49857434584, 91.349638127, 0.141036015687, 0.5
0.502706127087, 1.05799417414, 2.09535352092, 0.630639919167, 52.5778711763, 5.72143482285, 0.0731490937171, 3.73008697453, 2.49857434584, 91.349638127, 0.141036015687, 0.5
0.134867393802, 0.932032237872, 2.70105412754, 0.506807421785, 61.1353062267, 1.4136817808, 0.471482900573, 4.01354208036, 17.7402907639, 203.586094152, 0.0245274157868, 0.375
0.134867393802, 0.932032237872, 2.70105412754, 0.506807421785, 61.1353062267, 1.4136817808, 0.471482900573, 4.01354208036, 17.7402907639, 203.586094152, 0.0245274157868, 0.375
0.134000866889, 1.04834733977, 3.68713221423, 0.413768152904, 1.50942395663, 1.4136817808, 0.399500050331, 4.55931101292, 28.2819899583, 253.324252804, 0.0209378130835, 0.458333333333
0.134000866889, 1.04834733977, 3.68713221423, 0.413768152904, 1.50942395663, 1.4136817808, 0.399500050331, 4.55931101292, 28.2819899583, 253.324252804, 0.0209378130835, 0.458333333333
0.502706127087, 0.998501159782, 2.09535352092, 0.686953190001, 8.50814239276, 1.95660913689, 0.440947391069, 3.08898221397, 2.49857434584, 141.936664109, 0.0295590016769, 0.466666666667
0.502706127087, 0.998501159782, 2.09535352092, 0.686953190001, 8.50814239276, 1.95660913689, 0.440947391069, 3.08898221397, 2.49857434584, 141.936664109, 0.0295590016769, 0.466666666667
0.121793335963, 0.998501159782, 2.09535352092, 0.658831043143, 36.8967039475, 5.72143482285, 0.958819519096, 3.08898221397, 8.85346022557, 101.488038098, 0.0822638089628, 0.521739130435
0.121793335963, 0.998501159782, 2.09535352092, 0.658831043143, 36.8967039475, 5.72143482285, 0.958819519096, 3.08898221397, 8.85346022557, 101.488038098, 0.0822638089628, 0.521739130435
0.700958769786, 0.843450995844, 2.16412084935, 0.510846447585, 81.8554067763, 4.38877901534, 0.854170352169, 0.0110366272685, 16.5291197431, 99.8949680931, 0.128569835271, 0.0
0.700958769786, 0.843450995844, 2.16412084935, 0.510846447585, 81.8554067763, 4.38877901534, 0.854170352169, 0.0110366272685, 16.5291197431, 99.8949680931, 0.128569835271, 0.0
0.111074253342, 0.866902259248, 2.09535352092, 0.405677629215, 13.8143045766, 5.72143482285, 0.184626720061, 3.08898221397, 7.43672334707, 140.731092693, 0.0537737097711, 0.461538461538
0.111074253342, 0.866902259248, 2.09535352092, 0.405677629215, 13.8143045766, 5.72143482285, 0.184626720061, 3.08898221397, 7.43672334707, 140.731092693, 0.0537737097711, 0.461538461538
0.191034947234, 0.849825997181, 3.42066969467, 0.629814841216, 7.74809518187, 4.68728095559, 0.61399820127, 2.86057142064, 34.8993518008, 189.277473388, 0.0590077678635, 0.0
0.191034947234, 0.849825997181, 3.42066969467, 0.629814841216, 7.74809518187, 4.68728095559, 0.61399820127, 2.86057142064, 34.8993518008, 189.277473388, 0.0590077678635, 0.0
0.134867393802, 0.932032237872, 3.68713221423, 0.506807421785, 12.627214785, 1.4136817808, 0.471482900573, 4.01354208036, 17.7402907639, 193.954782211, 0.0256179792421, 0.352941176471
0.134867393802, 0.932032237872, 3.68713221423, 0.506807421785, 12.627214785, 1.4136817808, 0.471482900573, 4.01354208036, 17.7402907639, 193.954782211, 0.0256179792421, 0.352941176471
0.300353155077, 0.842702152794, 2.60462579216, 0.535149996393, 85.6851929748, 1.2921849656, 1.58950129227, 4.93337759693, 10.0587114411, 167.416516925, 0.0272733898705, 0.0882352941176
0.300353155077, 0.842702152794, 2.60462579216, 0.535149996393, 85.6851929748, 1.2921849656, 1.58950129227, 4.93337759693, 10.0587114411, 167.416516925, 0.0272733898705, 0.0882352941176
0.520155768518, 0.998501159782, 2.29732222696, 0.630639919167, 39.0053496767, 2.79883016566, 0.958819519096, 3.08898221397, 2.49857434584, 114.449314902, 0.0790978510178, 0.153846153846
0.520155768518, 0.998501159782, 2.29732222696, 0.630639919167, 39.0053496767, 2.79883016566, 0.958819519096, 3.08898221397, 2.49857434584, 114.449314902, 0.0790978510178, 0.153846153846
0.520155768518, 1.05008984523, 2.09535352092, 0.658831043143, 36.8967039475, 5.72143482285, 0.958819519096, 2.85589099486, 7.34159045038, 109.200132527, 0.0943981073318, 0.0
0.520155768518, 1.05008984523, 2.09535352092, 0.658831043143, 36.8967039475, 5.72143482285, 0.958819519096, 2.85589099486, 7.34159045038, 109.200132527, 0.0943981073318, 0.0
0.520155768518, 1.02997144675, 2.09169961618, 0.630639919167, 36.8967039475, 5.72143482285, 0.782703747478, 3.08898221397, 1.57574376387, 124.155962711, 0.0881589253409, 0.0
0.520155768518, 1.02997144675, 2.09169961618, 0.630639919167, 36.8967039475, 5.72143482285, 0.782703747478, 3.08898221397, 1.57574376387, 124.155962711, 0.0881589253409, 0.0
0.502706127087, 0.998501159782, 2.09535352092, 0.686953190001, 8.50814239276, 1.95660913689, 0.440947391069, 3.08898221397, 2.49857434584, 112.400191945, 0.0772761569528, 0.647058823529
0.502706127087, 0.998501159782, 2.09535352092, 0.686953190001, 8.50814239276, 1.95660913689, 0.440947391069, 3.08898221397, 2.49857434584, 112.400191945, 0.0772761569528, 0.647058823529
0.520155768518, 0.955750709088, 2.00787591717, 0.630639919167, 53.2936531859, 1.67357677266, 1.24499291795, 3.08898221397, 2.49857434584, 163.668090544, 0.0690465484951, 0.433333333333
0.520155768518, 0.955750709088, 2.00787591717, 0.630639919167, 53.2936531859, 1.67357677266, 1.24499291795, 3.08898221397, 2.49857434584, 163.668090544, 0.0690465484951, 0.433333333333
0.383063487969, 0.998501159782, 2.09535352092, 0.667743546518, 36.8967039475, 25.89358923, 0.958819519096, 3.75065873077, 14.9503876758, 108.312471936, 0.283258545906, 0.0
0.899727980176, 0.994657756824, 2.72400415164, 0.622560904353, 1.32332536522, 3.7371014608, 0.635432151715, 0.526307057789, 1.93823693737, 100.229543586, 0.277565150415, 0.7
