1.0, 0.0, 0.422497613944, 0.373083428434, 1.0, 0.0, 0.0836050889616, 1.0, 0.289608445806, 0.47791394613, 0.0, 0.133809389576, 0.0, 0.727082977893, 2.34244213624e-14, 1.55498975342e-14, 2.198612779e-14, 0.0, 582.888596505
1.0, 1.0, 0.0, 0.386268438538, 0.96546109193, 0.129760320392, 0.415726257774, 0.978160251587, 0.629709016798, 0.439031934545, 0.743000463046, 1.0, 0.0, 0.0, 3.23678086213e-30, 2.24661984505e-30, 0.0, 6.43460178997e-14, 1050.85021975
0.0, 0.69698471205, 1.0, 0.415713420977, 0.220340101377, 0.0152966728746, 0.889471252865, 0.0, 0.0534281518842, 0.333746753769, 0.52178098615, 1.0, 0.0, 0.323582357263, 1.7922673431e-14, 1.37099621782e-14, 368.516609242, 714.863891921, 0.0
0.882185505842, 0.0615305990976, 0.045325369882, 0.722385654654, 0.492833819889, 0.581084112397, 0.81907462747, 0.793872213538, 0.116062314629, 0.0, 0.732779335191, 0.0, 0.993097709011, 1.0, 37.541914764, 80.5628865008, 6.3387445629, 8.63923523464, 478.21602385
0.575329297969, 0.886513369157, 0.0, 0.288208821175, 0.913732789967, 1.0, 0.737494496263, 0.369246915415, 0.186113900085, 0.261367248628, 1.0, 0.809012241959, 0.259542482973, 0.220069187679, 92.1589041609, 44.8270965043, 0.0, 568.789777596, 733.904754098
1.0, 0.476101708281, 0.578989218693, 0.0, 0.503670714649, 0.0, 0.388048490873, 1.0, 0.202783302636, 0.626864000059, 0.0, 0.0, 0.0, 0.392385796376, 8.07382184866e-15, 0.0, 1.03746535307e-14, 1.21943906779e-14, 292.836563144
1.0, 0.711487708015, 0.770648258201, 0.759577329894, 0.727169607851, 0.323221466153, 1.0, 0.675501042552, 0.0, 1.0, 0.0, 0.0, 1.0, 0.991543016999, 1.74113453284e-15, 4.38908782435e-15, 1.25345363757e-14, 2.75038943951e-14, 499.606338354
0.908335297033, 0.0540405764188, 1.0, 0.670394645872, 1.0, 0.0, 1.0, 0.0, 0.282734586445, 0.39542376438, 0.0, 0.0, 0.763174494903, 1.0, 1.79287150112e-15, 3.14777081027e-15, 59.1606878198, 5.03405506971, 409.507544773
0.551145076303, 0.839382571288, 0.0, 1.0, 1.0, 0.323509247813, 0.761870900084, 0.482145623933, 0.00574759712473, 0.0, 0.0, 0.0, 0.988965533725, 0.0, 5.29553866024e-15, 86.4827093645, 0.0, 335.476829955, 407.115205432
0.794619071365, 0.682692171521, 0.93666389352, 0.652336307543, 0.975421198483, 0.190554265935, 0.0253750998861, 0.0, 0.66959064753, 1.0, 0.0949775942595, 0.697099130292, 0.94801266852, 0.335619322526, 6.79798622121, 11.1852381064, 131.129183671, 242.128233217, 824.633318552
1.0, 0.452062520391, 0.866729720752, 1.0, 0.564015133284, 0.497828898922, 0.39484342179, 0.571548187101, 0.0, 1.0, 0.229511860643, 1.0, 0.429883772555, 0.727238563323, 4.45806334482e-31, 7.28056995359e-15, 3.42690781084e-14, 3.01186483371e-14, 754.515522514
0.468608311014, 0.911863339735, 1.0, 0.176289416293, 0.0, 1.0, 1.0, 1.0, 0.5778963354, 1.0, 0.241490137046, 0.403090923337, 0.505119168142, 1.0, 2.61548268398e-15, 7.43364467887e-16, 44.4057791964, 318.695441791, 291.508747404
0.994357966066, 1.0, 0.588969709011, 0.212240801681, 0.0, 0.304262547466, 1.0, 0.578399371591, 0.314358367822, 0.718893571683, 0.12679227244, 1.0, 0.0, 0.316814446985, 1.46855533277e-16, 5.08580877567e-17, 2.06294041003e-16, 4.21808832297, 475.936187942
0.815454591087, 0.650757426734, 0.347110129433, 0.443126733028, 0.0, 0.903099612677, 0.201789747408, 0.0, 0.966840814048, 0.71817256724, 0.508670906688, 0.531279604025, 0.0, 0.782250506447, 54.2462801226, 45.3270266809, 42.8792409983, 135.280988489, 531.523428223
0.877780396044, 0.150174004504, 0.437286911867, 0.816920333116, 0.368477216585, 0.423692541354, 0.104839121835, 0.480305633894, 0.616283270052, 0.114030768375, 0.527496428833, 0.942730103199, 0.896278943569, 0.781515518181, 33.9591661231, 114.812197073, 98.1921125409, 37.2195920939, 819.312317387
1.0, 0.870348925996, 0.125732732809, 0.519119509928, 0.676959444555, 0.677066031806, 0.985121455511, 0.0, 0.490250721514, 0.0947400575515, 0.223844104583, 0.867516490704, 0.268680765148, 0.787845268866, 6.24770457811e-15, 6.63471685049e-15, 1.823666221e-15, 4.50033865459e-14, 750.470442468
0.794795046446, 1.0, 0.665761551484, 0.793681732163, 0.0787139994564, 0.548973026174, 0.809992477507, 0.212020344293, 1.0, 0.63568023292, 0.042320381439, 0.0, 0.482203006052, 0.0, 2.67707585766e-15, 7.96919421022e-15, 1.45133644949e-14, 273.91365961, 820.142393073
0.285255432752, 1.0, 0.0, 0.842080691434, 0.691091608424, 0.957671077798, 1.0, 0.178812759115, 0.134081235992, 0.0, 1.0, 0.310892838766, 1.0, 0.396014392987, 8.3162571064e-15, 3.28348310764e-14, 0.0, 553.165442531, 265.899440796
1.0, 0.0, 1.0, 0.0326512584256, 0.988763893848, 0.0152966728746, 0.585015556229, 0.0, 0.823840021067, 0.774228702075, 0.335062970508, 1.0, 0.0, 0.507117382052, 2.31826643676e-30, 1.19004720279e-31, 3.79100144294e-14, 0.0, 619.11751953
0.996902850505, 0.668483709959, 0.607482819999, 0.200171305856, 0.579221791539, 0.0, 0.0, 0.991213526453, 1.0, 0.208149442768, 0.0, 1.0, 0.00633374125911, 1.0, 0.423149631937, 0.137615545712, 0.627829293605, 1.3416794192, 317.921095898
0.857952100063, 0.0663105101048, 0.0, 0.758249850116, 0.538807216874, 0.707935235864, 0.487535022485, 1.0, 0.615432891375, 1.0, 0.0, 0.37460783363, 0.194209912586, 0.422774355077, 44.8229955772, 112.306933404, 0.0, 12.6409426778, 535.81626906
1.0, 0.410390258406, 0.121776265016, 0.36443783744, 0.080182106526, 0.0, 0.509901640985, 1.0, 0.411361201409, 0.98301919334, 0.175031454503, 1.0, 0.0, 0.668255755962, 2.26165509529e-14, 1.4575040276e-14, 5.21046566318e-15, 2.06032941834e-14, 559.945986384
1.0, 1.0, 0.692835523846, 0.380245912257, 0.587736168214, 0.0833887826243, 1.0, 0.688745912825, 0.209268924401, 0.0, 0.0, 0.25537320265, 0.964843178222, 0.940011151827, 1.15994806235e-30, 7.88955063673e-31, 2.67826170266e-30, 4.93760521418e-14, 806.372125843
0.981998343893, 0.938078438508, 0.0601051615364, 0.0, 1.0, 0.15765745897, 0.896308920008, 0.414989345383, 0.0, 0.496274857563, 0.253372392489, 0.484753855151, 0.832244725594, 0.512234080781, 2.0332920023, 0.0, 0.192541563761, 20.9316689919, 743.55544909
0.0669056058262, 0.806018695718, 0.806811152218, 1.0, 0.0, 0.966158777461, 1.0, 0.490756196163, 0.649539689563, 1.0, 0.665037261523, 1.0, 0.0, 0.135199603514, 4.65934269307e-15, 76.0928407492, 243.005810063, 809.670912613, 89.5313197222
1.0, 0.736247295837, 0.0378559215674, 1.0, 0.0956006501498, 0.399309847723, 0.668714785481, 0.698949496012, 0.374007832399, 0.216210894418, 0.0, 1.0, 0.107989775569, 0.425967093886, 7.76667776867e-31, 1.26839473619e-14, 7.55127761027e-16, 2.88942685456e-14, 515.490983136
1.0, 0.238800719854, 0.82721540258, 1.0, 1.0, 0.25, 0.0, 0.342068493187, 0.701159560055, 0.371869421268, 0.0, 0.342571962826, 0.0, 0.0, 7.85508601617e-31, 1.2828328987e-14, 4.60992850982e-14, 1.88413218439e-14, 839.861754323
1.0, 0.469953225829, 0.0, 0.190975483443, 0.410206514493, 1.0, 1.0, 0.0, 0.0, 0.795727258828, 0.617498059108, 0.303308762291, 0.436967794911, 0.788930531751, 1.71466615783e-14, 5.30377564673e-15, 0.0, 1.63291989804e-14, 396.274344049
1.0, 0.18619400796, 0.912454381956, 0.854264230978, 0.543330344845, 0.428712226942, 0.0, 1.0, 0.473220337968, 0.0999193977508, 0.584619290868, 0.912179699053, 0.0, 0.440092216236, 1.43862369662e-15, 6.17419912713e-15, 4.58096500004e-14, 1.39251050614e-14, 788.75371308
0.972807333372, 0.410919390304, 1.0, 0.743147417652, 0.837967954263, 0.0, 0.0, 1.0, 0.7129986134, 0.0495408731445, 0.0, 0.500858061093, 0.392353278686, 0.0, 4.7489994308e-16, 1.11248696309e-15, 19.754436151, 14.8767101725, 578.604203438
0.67852442079, 0.113576370407, 0.0148963622546, 0.55782865463, 0.209102137853, 0.805078630978, 1.0, 0.902153415004, 0.406225517612, 0.808692256545, 0.0, 0.299158368149, 0.00411762260429, 0.368594224263, 95.145712438, 114.215990274, 3.47901137721, 26.8130002559, 273.334192959
1.0, 0.871332907421, 0.182969287506, 0.0, 1.0, 0.0, 0.114859135627, 0.701750356415, 0.0, 0.0, 0.226063199255, 0.503447965519, 0.811273879825, 1.0, 3.96386370795e-15, 0.0, 1.17168475059e-15, 2.01720702836e-14, 336.279800993
1.0, 0.316262611683, 0.897736544119, 1.0, 1.0, 0.0, 0.359945209839, 0.850827702703, 0.721899700009, 0.587309264408, 0.0, 1.0, 0.0, 0.398784957827, 3.36898075435e-31, 5.50196310755e-15, 3.39562106983e-14, 1.86489105101e-14, 639.02486958
0.354341512319, 1.0, 0.566748126794, 0.288208821175, 0.365306306021, 0.0, 0.502881117202, 0.890015807921, 0.0, 0.0119461827589, 0.975955680621, 0.917604686128, 1.0, 0.835235247797, 2.00654009391e-14, 9.76002994484e-15, 2.75617065788e-14, 579.132129438, 360.348099661
0.897959518497, 0.0, 0.0, 1.0, 0.792922476864, 0.166577048713, 0.477207369722, 0.557442453146, 0.616006584282, 1.0, 0.0, 0.0, 0.203337221936, 0.791589641064, 5.98734103825e-15, 97.7806995848, 0.0, 0.0, 604.810219976
0.406579730663, 0.111721703324, 0.638882182889, 1.0, 0.0, 0.684035595362, 0.65987747051, 0.092919618968, 0.425915129073, 0.800159181696, 0.601307073668, 0.95201768927, 0.0, 0.728860044026, 2.01939164408e-14, 329.791682873, 517.657214811, 108.833883495, 462.815137466
0.962602440029, 1.0, 1.0, 0.567782102243, 0.0, 1.0, 1.0, 0.029149048532, 1.0, 1.0, 0.0, 0.285803791232, 0.832244725594, 0.973555160944, 8.6703927587e-32, 1.07454848947e-31, 2.25490098117e-15, 36.8253276413, 626.157390106
0.890759519856, 0.777599861555, 1.0, 0.990644417619, 0.39787056571, 0.0, 0.0, 0.902544307154, 1.0, 0.0, 0.188928547434, 0.620706412471, 0.92787710852, 1.0, 2.04800142893e-17, 1.39350421083e-15, 22.7601084449, 62.4785498442, 383.701729496
1.0, 0.980324446313, 0.226150274341, 0.777327661704, 0.441295990535, 1.0, 1.0, 0.902544307154, 0.892141900986, 0.505334666151, 0.0, 0.220818721301, 0.489587229212, 0.783477918452, 2.86859941836e-16, 7.864107264e-16, 3.10540689803e-16, 2.88794705953e-14, 471.862890135
1.0, 0.778794121377, 0.0241151040685, 0.572006355988, 0.98180493824, 0.0, 0.798958208787, 1.0, 0.37575395736, 0.0, 0.498702772119, 0.291937465118, 1.0, 0.62289965592, 5.11623757646e-15, 6.42751738203e-15, 3.11338533811e-16, 2.26998641429e-14, 394.280099749
0.957728157478, 0.196676562843, 0.124977263161, 0.863183275162, 0.460650756697, 0.408280717764, 0.596961057167, 0.0, 0.367724221543, 0.489573626494, 0.895224893962, 0.875537619867, 0.616009208712, 0.792618506405, 7.74468539151, 35.4801525923, 7.22226975319, 11.8173875682, 584.479832374
0.858424696368, 0.0513497226469, 0.903032357504, 1.0, 0.66389433165, 0.472802369434, 0.0, 1.0, 0.700182719269, 0.0, 0.513739394724, 1.0, 0.306822645253, 0.596811793234, 8.91599797047e-16, 14.5609296928, 94.8561522419, 7.75754386838, 425.781417274
0.0180488416072, 0.677951535386, 0.315060114806, 0.0, 0.585845124333, 0.81695170503, 0.736797936442, 0.0, 0.0762279166542, 0.585560843188, 0.502824399709, 0.545041237747, 0.589754606119, 0.580000334754, 313.46698768, 0.0, 169.175828797, 643.0247021, 20.8462674821
1.0, 0.202962516132, 0.30871534985, 0.346296321534, 0.899129463863, 0.514853685554, 0.951198855313, 0.712061083664, 0.305894729891, 0.335449055992, 0.309446854529, 1.0, 0.398614805867, 0.0, 2.44720180408e-14, 1.48013299687e-14, 1.50690985407e-14, 1.06702571992e-14, 555.956059555
0.59558212939, 1.0, 0.0, 0.0, 0.0, 0.400808355053, 1.0, 1.0, 0.68609402708, 0.395584881015, 0.979633748745, 0.00013252919235, 0.811273879825, 0.952246628807, 1.79414391487e-14, 0.0, 0.0, 293.005937078, 397.458318843
0.785512070573, 0.582367179557, 0.299834083672, 0.724002003645, 0.456789369221, 1.0, 0.301441009083, 0.428258527318, 0.790277702962, 0.346426717771, 0.529169629131, 1.0, 1.0, 0.0, 58.1049440947, 125.521443645, 70.4310445119, 201.6484821, 726.490244046
0.794703835175, 0.645427271114, 0.974987016088, 0.905549350122, 0.903565357009, 0.535962482345, 0.0, 1.0, 0.284223895677, 0.0, 0.809019648217, 1.0, 0.0746804791806, 0.636630615657, 0.629597562463, 4.21245477657, 108.348695732, 174.12568242, 613.89292945
1.0, 0.848136426407, 1.0, 0.0, 0.603797391325, 0.903177031013, 0.985763220318, 0.335177926866, 0.58117825544, 0.881928997637, 0.65496592944, 0.0, 0.40569915649, 0.822415255218, 6.25308491727e-31, 0.0, 1.0212062648e-14, 4.19943671263e-14, 705.806822014
1.0, 0.0, 0.201902754044, 0.988460406724, 0.417548071823, 0.598206184569, 0.576538983075, 0.934766859799, 0.605195554374, 1.0, 1.0, 0.488157986009, 0.0, 0.753861163904, 6.71631725195e-16, 3.70487240055e-14, 1.21624005648e-14, 0.0, 636.914781068
1.0, 0.530864217589, 0.81145269871, 0.98272291392, 0.181671665179, 1.0, 0.397462274959, 0.61890288991, 0.360522730471, 0.124021276675, 0.920344895322, 0.48786034081, 1.0, 0.0326135562345, 2.47700329634e-16, 9.12493061628e-15, 2.99146965977e-14, 3.44662204393e-14, 760.084572338
0.0, 1.0, 0.528674928668, 1.0, 1.0, 0.307263874454, 0.0168990194623, 0.857575267298, 1.0, 0.685418491181, 0.0, 1.0, 0.283191194374, 0.916753928174, 1.40900058236e-30, 2.30107257593e-14, 2.51829576492e-14, 557.102322705, 0.0
0.473489115144, 0.587548873324, 0.829438433382, 0.09833540795, 0.312477925188, 0.419030445222, 0.60836946045, 0.453000417599, 0.624092982069, 0.421922354888, 0.0, 0.197405090363, 0.0, 1.0, 66.6343350207, 10.3753135553, 245.657448148, 336.582555559, 388.347611789
0.182817484635, 0.395062806603, 0.0850880342953, 0.332836501119, 0.594478059414, 0.00737493239219, 0.893629323507, 0.37149402473, 0.429104717055, 0.0, 0.0, 0.663336360162, 0.885772110196, 0.721828406628, 450.57136185, 259.668860247, 69.923428541, 375.049118598, 190.482154086
0.794097436668, 0.705798723833, 0.271794339305, 1.0, 0.0, 0.715029824706, 0.293827108854, 0.510669451198, 0.457852406183, 0.224790537073, 0.065402318778, 1.0, 0.0, 0.562954031344, 6.27493367898e-15, 102.477443837, 46.6185056104, 226.022544306, 753.306842355
0.175216727724, 0.181714058731, 0.830600743835, 1.0, 0.82243837757, 0.568251392282, 0.417610935605, 1.0, 0.314225151435, 0.693767078668, 0.0214057479601, 0.399350977749, 0.523137704914, 0.970655604797, 1.05436602746e-14, 172.191039604, 631.766127802, 192.153698778, 192.71403294
1.0, 1.0, 0.0498442721497, 0.0, 0.21717363633, 1.0, 0.641974108405, 0.872915086627, 0.847895992109, 0.0892525989572, 0.00471941348133, 0.434149356055, 0.787299074369, 0.321193999601, 3.56978718107e-30, 0.0, 2.80069722614e-31, 5.84781970663e-14, 955.021433233
0.534867279061, 0.230315341949, 1.0, 1.0, 1.0, 0.404100931365, 0.867557848862, 0.0, 0.318664216611, 0.502337523876, 0.726343900677, 0.484812335811, 0.869569883296, 1.0, 1.42113595158e-30, 2.32089113787e-14, 379.030286853, 143.438206229, 452.277483143
1.0, 0.0, 0.220022355576, 1.0, 0.109064827176, 0.195863577483, 1.0, 0.103037555871, 0.482110711105, 0.243201242301, 0.593838523428, 0.224801344481, 0.248822795087, 0.0, 2.42467989102e-30, 3.95980276551e-14, 1.42577379556e-14, 0.0, 687.327305586
0.745031809298, 0.0, 1.0, 0.92709168603, 0.776165356767, 1.0, 1.0, 0.0, 0.304249510067, 0.707948232415, 0.0, 0.0747921412725, 0.0, 1.0, 1.07653661787e-15, 9.35895458543e-15, 153.851163567, 0.0, 363.382416977
0.0, 0.0, 0.848428725381, 0.807360563239, 0.0, 0.80295342976, 0.0, 0.386710703367, 0.0, 0.543463288433, 0.510225084334, 0.0, 0.183878192818, 0.127921850897, 38.4468764743, 123.1543813, 531.607209773, 0.0, 0.0
1.0, 0.227622300745, 0.448045700363, 1.0, 0.0584841430755, 1.0, 0.589951248177, 1.0, 1.0, 1.0, 1.0, 1.0, 0.367461335195, 0.0, 1.47029325227e-30, 2.40117110222e-14, 2.0380791264e-14, 1.17667548456e-14, 549.07837799
1.0, 0.367386561794, 0.654704111953, 1.0, 0.517832086093, 1.0, 0.0, 1.0, 0.0751884452357, 1.0, 0.0, 0.716928417006, 0.591239860888, 0.0, 6.42460009954e-31, 1.04921681974e-14, 1.74091169027e-14, 1.32328279139e-14, 396.102647655
1.0, 0.230315341949, 0.0, 0.267193092989, 0.751036694032, 0.61409324754, 1.0, 0.0, 0.0934279492042, 0.0, 0.0, 0.56691118309, 0.444608447918, 1.0, 3.86365031581e-14, 1.72403756442e-14, 0.0, 1.60110071435e-14, 738.771962172
0.198507586602, 0.368096191705, 0.0299503253948, 1.0, 0.773465668397, 1.0, 0.997816501244, 0.211299225115, 0.0, 0.890603500709, 0.607857026754, 0.983736936774, 0.871682013199, 0.915204211653, 2.61722887203e-14, 427.425911512, 20.1234687737, 279.249154146, 164.696999275
0.932241880444, 0.17589080423, 0.0, 1.0, 0.107161133921, 0.0, 0.316959834612, 0.486842434901, 0.800472253968, 0.0, 1.0, 0.47222554546, 0.983170204755, 0.154071591441, 3.74284055891e-15, 61.1252250284, 0.0, 17.3314668665, 594.684031835
0.99587046734, 0.390013746476, 0.112404648165, 1.0, 0.79597850046, 0.577351053186, 0.0, 0.925411615903, 0.703084833757, 0.70848770298, 0.465679554207, 1.0, 0.716504050771, 0.262895588006, 2.16727665433e-16, 3.53943137865, 0.631515226619, 2.52695507, 677.462861536
1.0, 0.401479291164, 0.866729720752, 1.0, 0.768178150098, 0.361708702097, 1.0, 0.592983633402, 0.0, 0.703311339238, 0.244786549084, 1.0, 1.0, 0.310064386458, 4.19532541034e-31, 6.85148634409e-15, 3.22494148371e-14, 2.4070766958e-14, 666.660602847
1.0, 0.486063274246, 0.730556945272, 0.171608476315, 0.168440423368, 0.88048893676, 0.0, 0.384999013098, 0.719818298168, 0.31521179463, 0.282380269924, 1.0, 0.482203006052, 0.292556868087, 1.0072687842e-14, 2.7829487359e-15, 2.3198417774e-14, 2.43531650579e-14, 575.185943887
1.0, 0.690832383784, 0.904722850505, 0.877528379208, 0.686637229096, 0.40326802527, 0.602285588569, 0.657113046425, 0.160642627836, 0.366330265028, 0.19286274605, 0.677198588175, 1.0, 0.0500695218833, 7.60189091337e-16, 3.90267058694e-15, 2.63681849316e-14, 5.05234494367e-14, 932.985401065
0.876444355091, 0.129122587363, 0.0, 0.639810368692, 0.439430254847, 1.0, 0.646104762055, 0.446591888129, 0.938494544274, 0.773732215648, 0.728590613668, 0.484346133549, 0.0, 1.0, 114.856557751, 180.865869234, 0.0, 44.0618645735, 1112.85537808
0.0, 1.0, 0.888886059219, 0.792781422509, 1.0, 1.0, 0.0, 0.663386568756, 0.68781763436, 0.988851188822, 0.904293228313, 0.0, 0.511112537396, 0.827015840112, 1.75420463089e-15, 5.19760346432e-15, 3.11098377042e-14, 515.900288588, 0.0
0.91566898015, 1.0, 0.816043130889, 1.0, 0.303087607313, 0.309762337155, 0.0, 0.0, 0.139911269173, 0.177634671693, 0.696812440653, 0.580711007924, 0.680691304941, 0.309737111526, 7.44355451941e-32, 1.21562470495e-15, 4.08916850027e-15, 69.6696153712, 522.860067697
0.700663472174, 1.0, 1.0, 0.947108674777, 0.596005791453, 0.46598102148, 0.0, 0.0824690308948, 0.304528102785, 0.0, 0.0, 1.0, 0.698438797255, 0.0, 5.19217754687e-32, 6.23511333802e-31, 1.02179574589e-14, 166.871908962, 328.350077281
1.0, 0.990160129913, 0.0, 0.563115170444, 0.0, 0.216423089339, 0.0, 0.978160251587, 1.0, 0.0, 0.131273590877, 1.0, 0.277582383541, 0.263634843834, 4.18416696688e-16, 5.10848037117e-16, 0.0, 4.27187430374e-14, 697.733360449
0.808415369978, 1.0, 0.0, 0.0, 1.0, 0.146342172048, 0.0, 0.0, 1.0, 0.28489420968, 0.485166171649, 0.0, 0.778930211397, 0.244720546409, 1.28335823236e-14, 0.0, 0.0, 209.588304685, 675.291908178
1.0, 0.63091455902, 0.748476015944, 0.0, 0.0, 0.800607478506, 0.0, 0.793510057293, 0.285667072919, 0.654427714181, 1.0, 0.339963929593, 0.872706902546, 0.425190543022, 9.76430678825e-15, 0.0, 2.34144278696e-14, 3.87415121976e-14, 756.276028921
0.780596194588, 0.949905022733, 0.0, 1.0, 0.375999044971, 0.781985615209, 1.0, 0.390335472856, 0.35877205374, 0.203256909799, 0.0, 1.0, 0.0, 0.926064809141, 9.81775907359e-16, 16.0336173343, 0.0, 203.338576132, 568.216818822
0.0, 0.748697470837, 0.39038272843, 1.0, 0.0, 1.0, 0.613072587002, 0.366936407214, 0.176337600783, 0.712583381232, 1.0, 0.842277424168, 0.423386552524, 0.0319634675977, 1.63813191723e-14, 267.527244323, 188.261675501, 785.211043048, 0.0
0.847454955725, 0.0, 1.0, 0.232179711605, 0.415255076032, 0.523750238633, 1.0, 0.913893259907, 0.326444742043, 0.186258462268, 0.109214978653, 0.0, 0.712996748133, 0.204015229402, 6.46007393051e-15, 2.46636808988e-15, 112.928514712, 0.0, 462.232603319
1.0, 0.540844487189, 0.0731732824647, 1.0, 1.0, 0.438840015662, 0.0685880121102, 0.799610039062, 0.708149743033, 0.808254632904, 0.0615807327612, 0.79385724606, 0.0, 0.0, 1.64612547896e-30, 2.68832692022e-14, 3.10365144084e-15, 3.07778319642e-14, 669.305467076
0.86629629361, 0.883802527534, 0.78929188723, 0.328271002298, 0.414890707828, 1.0, 1.0, 0.472823616915, 0.0, 0.0980888966887, 0.0, 0.614114677907, 0.361066196039, 0.960213584304, 7.39351661984, 4.19061550131, 24.7324294688, 141.685360719, 675.902984008
1.0, 0.486063274246, 0.298340164971, 1.0, 0.0, 0.416845574997, 0.921288754358, 0.514453729135, 0.736181998602, 1.0, 0.0, 1.0, 0.529035297944, 0.583632503615, 1.52307644006e-30, 2.48737258959e-14, 1.2592215504e-14, 2.66847940178e-14, 630.255590928
0.978196096241, 0.381418017459, 0.441439122127, 0.443126733028, 0.0, 0.603772056992, 0.196616366612, 0.266775571198, 0.390582450188, 0.898800534425, 0.618031768657, 0.684587203494, 0.675106703146, 0.796858890009, 7.50092502789, 6.26761186393, 8.12371174637, 8.67908658146, 449.189161603
1.0, 0.845584908977, 0.281856724199, 0.0, 0.78276256947, 0.522981708535, 0.887791290846, 0.0, 0.468691105039, 0.0, 0.133336822137, 1.0, 1.0, 1.0, 8.23589285358e-15, 0.0, 3.90489650653e-15, 3.68381644629e-14, 619.754612727
0.0198655821037, 0.850489740348, 0.809346803392, 0.292034747503, 0.516736480393, 1.0, 0.0, 1.0, 0.0, 0.737715067276, 0.648755516116, 0.170145348328, 1.0, 0.403854009671, 43.0897013862, 21.2804703889, 155.646867276, 680.822926849, 21.8516759118
0.0893002135468, 1.0, 0.477691566763, 0.934054818712, 0.241132466327, 0.135409284931, 0.396897178281, 0.440028176848, 0.799616040828, 1.0, 0.639679515719, 0.896567125261, 0.183878192818, 0.805114971024, 3.92634939355e-15, 3.77684142113e-14, 3.53998079706e-14, 847.812463239, 119.710919406
1.0, 0.0, 0.796311395977, 0.450306208654, 1.0, 0.8140547265, 1.0, 0.0772781669036, 0.460292443859, 0.193891561047, 0.398938683062, 0.193614500846, 0.559211336752, 0.994005072185, 9.24650175048e-15, 7.90495344015e-15, 3.67146785068e-14, 0.0, 631.652501319
1.0, 0.966064698913, 0.409880746207, 0.599871520608, 0.0588287507665, 0.353220717031, 0.505194509059, 0.0545812889418, 0.397871773782, 0.644041841303, 0.042320381439, 0.815464863076, 0.82749441965, 0.408534176259, 1.88388177192e-15, 2.59184066851e-15, 2.4048137877e-15, 7.50846761945e-14, 1227.97002599
1.0, 0.625934333098, 0.602841829717, 0.845261299122, 0.698458635286, 0.512796320649, 0.253800858147, 0.799038603933, 1.0, 0.0, 0.237075619039, 0.887844823233, 0.806260702457, 0.0, 2.66746529626e-15, 1.07574022716e-14, 1.53987877213e-14, 2.84849218465e-14, 558.936639575
1.0, 0.281609678724, 0.159720601493, 0.223352474848, 0.997852318402, 0.393544973464, 0.00463596182399, 0.0, 0.909359566737, 0.210380441908, 0.390247604548, 0.228200569566, 0.084418721731, 1.0, 1.94016896901e-14, 7.10067167196e-15, 5.29498145502e-15, 1.0102123768e-14, 385.408541268
0.908335297033, 0.382299379052, 0.204139736657, 0.244558069189, 0.886156536835, 0.374282374554, 1.0, 0.504450980912, 0.619253627371, 0.189059153315, 0.618705327317, 0.651253919894, 0.199399788902, 0.404364763412, 58.6938874683, 23.7260565097, 21.0261071777, 45.6879927713, 557.653242936
1.0, 1.0, 0.749142707194, 0.745918809975, 1.0, 0.0, 0.599436156725, 0.882940264188, 0.462842605985, 0.472148320227, 0.0825258154715, 1.0, 1.0, 0.911956831595, 3.19886486294e-31, 7.58484457652e-31, 1.97978844882e-30, 3.5015899904e-14, 571.8530425
