5.67477811424, 1.00000056777, 1.60168499398, 0.848953530818, 1.8922288208, 0.909883632124, 2.70130758067, 1.00565065275, 0.998782485784, 6.16934770064, 5.87576080102, 0.91268415282, 4.06507410451, 1.12513327085, 1.09000036466, 1.03572456299, 1.00436927664, 1.14404014302, 9.61876236809, 1.12518263542, 0.917037775941, 21.0865235276, 1.0675080305, 2.34293154254, 1.1748621988, 3.36122241638, 1.2867729486, 13.5937809806, 10.9670935029, 43.3349402164
3.53904180251, 1.00000087689, 1.08489299754, 1.05049452015, 4.24271968896, 0.817667284753, 4.39631802694, 1.21130785983, 0.958433928722, 2.25822437283, 6.09894996232, 0.87057932093, 2.15955387066, 1.05031945619, 1.09000081592, 1.03363485806, 1.00179047064, 0.88367347588, 7.66002909134, 0.938445762889, 0.839278412145, 412.957896263, 1.07423519515, 4.92730486247, 1.12466936911, 4.37065846298, 1.07972337878, 20.681270863, 6.69258931794, 88.9376852932
2.39548113396, 1.00000011053, 1.15231467806, 0.835770724335, 6.21574623238, 0.758082711855, 1.6152256151, 1.25956281487, 0.936127894915, 6.15081688019, 5.79341163236, 0.844570927498, 2.58689146602, 1.2853792628, 1.09000057505, 1.09126416819, 1.02731658217, 1.05719811765, 6.37283071432, 1.16004254393, 0.882972469139, 162.036307884, 0.99781891144, 4.25730769783, 1.16219266544, 1.07559883498, 1.10255008182, 83.6749741691, 19.9894542148, 72.5255166595
3.95328029462, 1.00000047688, 1.42133212443, 0.855426590114, 3.45404732302, 0.722177681287, 5.39506040782, 1.13416338223, 0.96403283334, 3.82991629555, 6.01839888223, 0.848467010432, 1.21879350159, 0.859443460188, 1.09000061899, 1.01276257171, 1.03739273417, 1.2109547797, 3.44190445717, 1.05807774712, 0.982720148663, 142.61515298, 0.925370656999, 2.80447120816, 0.999738419945, 2.67680127263, 0.890831721902, 31.3046972101, 14.9875618487, 80.2116185736
4.17058352208, 1.0000008922, 1.61447634454, 0.914637649376, 4.83974776943, 0.947359445834, 1.87673436333, 1.03350482756, 0.93374812184, 2.56318132544, 4.80487724515, 1.12997285166, 1.06800103948, 1.04438269193, 1.09000083219, 1.0556091689, 1.01659610262, 0.811444071521, 3.9618308211, 1.04690232659, 0.865418805308, 480.836540004, 0.917603892054, 5.33889885935, 0.978016743208, 4.38088853396, 1.03143549569, 74.3912966304, 13.396256714, 95.0720789031
3.52125307559, 1.00000047879, 1.13021065981, 0.890631652767, 4.22133369909, 0.739338523331, 4.67261557105, 1.13280355091, 0.938946764039, 2.25616101233, 6.01311430514, 0.921297336477, 4.20839806118, 0.869269717021, 1.0900006122, 1.03348305251, 1.02737143649, 1.16892339566, 5.83130570134, 1.06330836051, 0.98281498773, 147.200133814, 0.957271266813, 2.3443526658, 1.12496906252, 1.35703498185, 1.01332772114, 23.3175790925, 8.13488505526, 181.400595066
3.53133048968, 1.00000096445, 1.55417017843, 1.02957186056, 3.02898970701, 0.759355060942, 3.55905379692, 1.03061748014, 0.917036034802, 1.61702803283, 5.54687234026, 0.898396961108, 4.40972359499, 1.24851677866, 1.09000089968, 1.02019087586, 1.02740205186, 1.05616328493, 4.49835129097, 0.917310810899, 0.760979136507, 737.995914089, 1.11080165123, 3.69036192709, 0.953098019516, 2.19231972407, 0.978616526597, 43.8848808987, 8.52049365923, 108.377379925
1.31172269813, 1.00000059566, 1.24861382846, 0.918238482486, 4.18335028767, 0.766028836518, 4.39588290862, 1.00662890766, 0.956170232729, 2.47123383858, 5.57348278442, 1.11791143025, 2.58967963138, 0.983305849103, 1.09000052496, 1.09196388781, 1.00111109771, 1.02198313464, 3.60470926892, 1.1257680691, 0.946680383248, 455.170658275, 1.08499974639, 4.56501942599, 1.06750558772, 2.68472123509, 0.917726145193, 57.837047918, 16.9519003116, 90.9084217371
5.57837241504, 1.00000007047, 1.44129126479, 1.2071768988, 4.97664819352, 0.860307152957, 5.13694692684, 1.12757269459, 0.964297504543, 1.46875922643, 4.7624961462, 1.13402754673, 3.69515962905, 0.921765729513, 1.09000003615, 1.03607852148, 1.00665834648, 1.12896577936, 7.67748330779, 1.06523130396, 0.842436905339, 772.134773681, 0.940427360779, 3.69610897727, 0.96430031348, 4.17428103773, 1.10141776035, 40.2868688046, 15.759343413, 346.756277847
5.29789188793, 1.00000030289, 1.3036622747, 1.05658048063, 2.8053784921, 0.906124546683, 1.3695490201, 1.2142068913, 0.956842494867, 1.3321569825, 6.11886121247, 0.871156868342, 2.1479697741, 0.959642544655, 1.09000083699, 1.01854237125, 1.02654451553, 0.82781622886, 7.65826071765, 0.917305219864, 0.841277903087, 16.0266256997, 1.07887886256, 3.68091095849, 1.13919296093, 3.34393267701, 0.979469317222, 66.0072950952, 11.0564836619, 252.742365149
3.55377968369, 1.00000047478, 1.13021065981, 0.856373960036, 2.30405923864, 0.723225418463, 4.67261557105, 1.13463792306, 0.920725362321, 3.53847082663, 6.01172741487, 0.847825712106, 4.25144565793, 0.869269717021, 1.0900006122, 1.03302693767, 1.03756938894, 1.20466608539, 5.86104961839, 1.06561258133, 0.98281498773, 144.197800532, 0.955560208815, 5.63817124679, 1.12511417177, 1.38617188694, 1.01332772114, 99.149389141, 10.4927186305, 196.838818651
5.20687479361, 1.00000072118, 1.62913180823, 0.913568706637, 5.01241396803, 0.809836924166, 1.70978569735, 1.09584534703, 0.924945764306, 3.00132338828, 4.6834600182, 1.15848471269, 4.82343759642, 1.04840651433, 1.09000052023, 1.05546668296, 1.00056542768, 0.839325674036, 9.06798158304, 0.96983251862, 0.865358214593, 617.858093999, 1.16695477903, 1.73112527861, 1.08856506926, 4.01344800857, 1.10783434406, 68.8291126269, 13.5888539825, 233.385349812
3.93019978228, 1.00000075855, 1.12155954374, 1.05440058881, 2.82635097866, 0.761775200652, 3.00805873071, 1.09901525376, 0.947146214426, 3.97514090245, 6.17319375317, 1.1620508713, 2.19721238205, 1.04583464281, 1.09000030346, 1.10256642981, 1.0166511827, 1.00504102024, 5.4925075454, 0.929798495167, 0.775977270968, 166.399193017, 1.17243777644, 5.15657396022, 1.1837696273, 1.43353719086, 1.14989485224, 56.1647433886, 8.88172372788, 345.487078478
2.38433735544, 1.00000011047, 1.15255599329, 0.837062140241, 2.81251927767, 0.758641836397, 1.61190052015, 1.06919927881, 0.916137134652, 1.25035972733, 6.14616087895, 0.844846566534, 3.74607007108, 1.2378642404, 1.09000048904, 1.09128374187, 1.02682363284, 0.826599891856, 6.62586233091, 0.975363191289, 0.932755034773, 163.924250888, 1.18153420188, 5.71378149135, 1.0867154704, 1.43332676209, 1.05242468906, 97.5034912675, 10.3852224768, 272.295613808
3.81052946705, 1.00000088193, 1.09037334448, 1.06725099351, 6.98141332113, 0.814283921098, 4.41537153201, 1.0150820281, 0.957598629875, 3.03184726059, 5.72311819149, 0.984758194328, 3.65732330872, 0.944149296437, 1.09000057943, 1.07429565512, 1.00175206041, 0.991915632578, 5.0253541223, 1.12518688678, 0.839301100532, 582.946852073, 0.95316614628, 4.52935441665, 1.20191664956, 2.62188755022, 1.20131401424, 54.3834807647, 12.6331847151, 298.488776061
4.8430045287, 1.00000012767, 1.56752483076, 0.917522806193, 4.94526851319, 0.798594044795, 5.92912121255, 1.06501362686, 0.988789037352, 4.03262979513, 5.60319564422, 1.16065130082, 3.50596763354, 0.986272578201, 1.09000059956, 1.06082895144, 1.04165794494, 0.886794349648, 9.07037198025, 1.06789294311, 0.771790435209, 603.802396534, 0.966503839942, 3.98241553382, 1.12033142693, 4.62925537917, 1.010566834, 83.139343102, 10.2051482195, 313.117596222
4.87792365749, 1.00000016555, 1.16086370415, 0.8564762646, 2.32195383403, 0.723177815629, 3.0547976628, 1.00512939556, 0.947911562104, 3.53592121473, 5.92802747298, 0.985462247305, 1.46040888771, 0.874601523971, 1.09000038265, 1.10278216639, 1.01873652539, 1.20460164476, 4.62931116763, 0.922294294936, 0.82101776515, 178.372908689, 1.03345406857, 5.5954114805, 0.986904187257, 1.29331674567, 0.960326140609, 61.2262289101, 12.675366382, 273.818955428
2.37625302877, 1.00000007047, 1.44574004689, 1.2071768988, 6.24486142432, 0.865559740565, 5.26794045432, 1.25608432846, 0.957055299827, 4.81521788161, 4.76397258494, 1.13402754673, 3.69515962905, 1.27412576114, 1.09000015589, 1.03665041346, 1.00665834648, 1.12662020783, 9.45112632891, 1.06573139662, 0.900613801851, 153.043126715, 0.999752683967, 5.89428383556, 1.10696344424, 4.22450837396, 1.10141801795, 64.4496956822, 18.3906562882, 101.985871862
4.79949750628, 1.00000065158, 1.52751096186, 0.930211919395, 6.32821564679, 0.914165158153, 2.81747147169, 1.1281733555, 0.994770080699, 6.15110156881, 4.95277914467, 0.965470716131, 3.88315502749, 0.944937325311, 1.09000062277, 1.09109391513, 1.00493843282, 1.04865190832, 8.76644342278, 0.964565138948, 0.766141493216, 678.167798963, 1.09218953515, 4.69613349351, 0.989539522366, 4.49085479721, 0.958200275955, 68.7618634461, 17.7885661289, 116.072877376
5.30588897523, 1.00000033588, 1.31395116411, 1.09819246898, 4.01554736693, 0.906288783626, 1.33057116275, 1.2142068913, 0.956920992278, 2.86893284772, 5.72698121503, 0.989972835874, 2.13490891522, 0.96061963312, 1.09000083923, 1.01047624722, 1.03289834607, 1.1261705212, 7.64513801266, 0.916396640932, 0.841949511012, 583.313462001, 1.07782855112, 3.68748810253, 1.2032752566, 3.87121744733, 1.24036627701, 74.6601774131, 11.737746384, 441.478141497
5.29789188793, 1.00000030242, 1.12337773504, 1.05570557558, 2.82028068829, 0.905858888955, 2.97935827855, 1.21167462343, 0.956419658005, 2.83362315781, 6.11886121247, 0.845035966044, 1.06183368019, 0.963215266928, 1.09000030465, 1.0182315411, 1.02688578654, 1.06526239749, 7.73190003917, 1.05488168121, 0.841117823014, 152.026291306, 1.19772641401, 3.65353800749, 1.08190134942, 3.87188170747, 1.2640052748, 91.2665815963, 10.4841229395, 529.575535686
3.92978793502, 1.00000049636, 1.30731835163, 1.04046793769, 1.90593032022, 0.906175981189, 3.40302268122, 1.02423784901, 0.954800270408, 3.64590399245, 4.69031752992, 1.15925612178, 2.15013989313, 1.03792932778, 1.0900006211, 1.02751366962, 1.02125544337, 1.07075539769, 5.48893518967, 1.08913093062, 0.84084438254, 139.412596084, 0.965746795197, 2.4345973126, 1.09146109473, 2.61112707368, 0.990801168112, 115.641155057, 11.3803185807, 452.699460498
2.38434205837, 1.00000017249, 1.33435442228, 0.952473451325, 6.8581884492, 0.845722625803, 5.24215225681, 1.21826497619, 0.953517611397, 1.56313819334, 6.03164548384, 0.908590598797, 4.48361471124, 1.12379586693, 1.09000056637, 1.05957290496, 1.00614370581, 1.18482930863, 6.16303668174, 0.957720043251, 0.848348453747, 53.274717575, 1.19121498216, 4.47348569712, 0.983162438118, 1.31482256262, 0.938101125411, 194.411146419, 12.6244200234, 357.723408567
4.50774665798, 1.00000082066, 1.61046996511, 1.06335313439, 5.79159979407, 0.798657020051, 3.22212160117, 1.00606497903, 0.990017637946, 3.0783274378, 5.54406741622, 1.06588998231, 4.89893639258, 1.00814218239, 1.09000059814, 1.00738169495, 1.03253287526, 0.937201175475, 6.80237504765, 1.18968053526, 0.953401384998, 491.651797632, 0.915760877733, 2.59474665309, 1.07970919621, 4.36601464432, 1.2076580921, 151.671037273, 12.2054555492, 362.623059914
4.8430045287, 1.00000067495, 1.56875956424, 0.917522806193, 3.24021784233, 0.798886525729, 5.92912121255, 1.06518840257, 0.933099723317, 4.03262979513, 5.60313957093, 1.16065130082, 3.50596763354, 1.1145309217, 1.09000059956, 1.06076083964, 1.04133816973, 1.19358454174, 9.04915340998, 1.06789294311, 0.931266099854, 612.163627182, 0.966995627081, 5.36002639042, 1.12033142693, 4.623869725, 1.23790935567, 63.0565792707, 13.0668715237, 525.410823513
3.81052946705, 1.00000088193, 1.00486118288, 1.06725099351, 6.981429644, 0.814283921098, 4.4449397907, 1.0150820281, 0.957598629875, 3.00652207147, 5.72311819149, 0.984758194328, 3.6193157295, 0.942969438305, 1.09000056825, 1.07429565512, 1.00175206041, 0.991915632578, 5.0253541223, 1.16838698429, 0.839301100532, 582.946852073, 1.12424878976, 4.52935441665, 1.20191664956, 4.56077010345, 1.20131401424, 112.934117478, 22.3889679715, 387.343366387
2.56404228443, 1.00000059875, 1.01949646683, 0.943843403985, 6.2617730786, 0.860409117129, 5.93648438576, 1.25849569508, 0.990551340891, 4.14777701824, 6.07708946834, 0.898186996367, 1.1819758151, 0.920792506272, 1.09000038883, 1.07492043269, 1.01440557069, 1.18683554502, 8.83074136739, 1.17532321072, 0.89003213287, 80.5417449105, 1.12966138601, 2.99514821319, 0.977227616908, 4.31243744226, 0.958490979254, 282.949761824, 26.934409745, 257.93172255
4.17058352208, 1.00000060366, 1.11878078626, 0.886935700805, 4.22003603983, 0.954634512764, 5.61391794987, 1.22713541469, 0.954510778174, 2.48975457902, 6.08039087308, 0.847963078801, 3.70912370893, 0.867812773505, 1.09000078066, 1.05553871931, 1.00122140202, 0.992182734439, 3.58912073576, 1.12680424446, 0.999195444359, 504.484136636, 0.998146726745, 2.43779714172, 1.21915479982, 2.6237422201, 1.1943324896, 87.3075369764, 14.2458420578, 505.864536894
4.17031516896, 1.00000069175, 1.37772898553, 1.02065119132, 3.2230266263, 0.762145441458, 1.85948796919, 1.08433230698, 0.932475251108, 1.84234223316, 4.80839742172, 0.977953317321, 4.86509512368, 0.971758006995, 1.09000020701, 1.03549009216, 1.04148315093, 1.19839282178, 9.75012737867, 1.04588967308, 0.883065429692, 480.948448775, 0.918473659089, 5.34413083584, 1.04030737826, 4.86706724284, 1.24389505456, 99.6841381413, 12.3331947381, 493.77815234
2.44539682048, 1.00000087689, 1.09073490453, 0.915237019254, 2.09695377772, 0.816748309918, 4.02201071402, 1.03173682321, 0.943710170617, 6.04641102519, 5.63685727359, 0.849289654706, 3.64403654627, 0.986100058388, 1.09000084258, 1.04796253047, 1.01657008623, 0.990681169027, 7.0886567109, 0.991342032889, 0.945305853044, 412.957896263, 1.09444750153, 4.90094512789, 1.10576129071, 4.37065846298, 1.03435117982, 97.2349734362, 12.2682306875, 732.397275767
1.76794833516, 1.00000087628, 1.09157328672, 0.886768302888, 3.15195374249, 0.749479485018, 3.12380073508, 1.1332634858, 0.946915208754, 5.27780185743, 5.11569907755, 1.08775031399, 3.25271091127, 1.03225712641, 1.0900005263, 1.02996487108, 1.0411958895, 0.857964091486, 3.43129419152, 1.12897285757, 0.804582987763, 486.878642506, 0.939435019208, 4.87445422237, 1.10688382588, 2.4022489177, 0.913730495047, 141.021680985, 22.0460509833, 453.53518083
4.14881015452, 1.00000091003, 1.60686956621, 0.856230677241, 1.62448409043, 0.958784250398, 1.66203684087, 1.22575761797, 0.947116749759, 2.46943613279, 5.11059077005, 1.18328164132, 4.91497290827, 1.03285918153, 1.09000009512, 1.03266615724, 1.03907780652, 0.959006280834, 3.62997368153, 1.1732862197, 0.999259149832, 489.43358991, 1.10245302095, 4.87301010784, 1.12813570558, 2.63338755226, 0.893653825121, 167.676925929, 12.0110324682, 517.852950002
3.88844780446, 1.00000075855, 1.12155954374, 1.19802953193, 2.82103033379, 0.762488542805, 3.00338394137, 1.09305152812, 0.981988622167, 1.28710153787, 6.16323276414, 0.844846566534, 3.74292083857, 1.24186609527, 1.09000030346, 1.09158503604, 1.02674780567, 0.83071656269, 6.62340042128, 0.929018068676, 0.926685152914, 166.399193017, 1.19732121082, 5.75453834433, 1.08230329825, 1.43332676209, 1.20101216401, 166.813834186, 14.2868349955, 465.903115482
1.10277233175, 1.00000041444, 1.27286521225, 0.922303310931, 2.8691091078, 0.767755572134, 5.41000175019, 1.06959843385, 0.900546717703, 3.8159784324, 5.16495967186, 1.21791997944, 1.21879350159, 1.08366067584, 1.09000082254, 1.01291566726, 1.00792480735, 0.853367703659, 9.65792259357, 1.12817798941, 0.893986856231, 379.459983375, 0.925370656999, 1.45136263889, 0.979319069738, 3.15143316768, 0.893380875529, 249.641032857, 27.8676308817, 391.089343759
4.10915350971, 1.00000011046, 1.15255599329, 1.01402115979, 6.17913955886, 0.758641836397, 1.61190052015, 1.06151007175, 0.916137134652, 1.25035972733, 6.14622234934, 0.971962474408, 3.74607007108, 1.28507164219, 1.09000048904, 1.09128374187, 1.02682363284, 1.07905230614, 6.37250793193, 0.975754007736, 0.935562923733, 163.924250888, 1.18153420188, 5.71378149135, 1.086940326, 1.4384170729, 1.05284601759, 191.948678938, 24.6052241464, 394.271088598
4.21237998506, 1.00000011693, 1.44524934144, 1.20799009629, 4.99161986264, 0.860307152957, 3.05590768216, 1.12757269459, 0.928880069535, 4.81521788161, 5.68176797209, 1.13402754673, 3.66948703179, 0.921952972024, 1.09000015691, 1.03665041346, 1.00660610046, 1.1291864857, 8.22574731109, 1.06523130396, 0.900510915032, 156.134528538, 0.940427360779, 5.89428383556, 0.969341751479, 3.72438563865, 1.10183591236, 294.523248257, 27.1528498278, 310.306348229
4.18705898898, 1.0000008922, 1.61447634454, 1.14567767868, 4.82797104093, 0.957454509354, 4.40551251725, 1.22591927418, 0.933885863661, 2.37786171058, 4.80487724515, 1.13365396727, 1.05723235335, 1.04438269193, 1.09000083374, 1.03956424651, 1.04191226598, 0.855349621099, 3.94509309717, 1.04690232659, 0.865418805308, 480.073358916, 0.917603892054, 5.56358459716, 1.06917494023, 2.6137452749, 0.916752557708, 104.880423487, 15.3971435288, 720.443819479
4.21237998506, 1.00000011693, 1.44524934144, 1.20799009629, 4.83762979434, 0.860307152957, 3.05590768216, 1.12757269459, 0.928880069535, 2.57672735441, 5.68561752857, 1.13402813439, 3.66948703179, 0.921952972024, 1.09000015691, 1.03665041346, 1.00660610046, 1.1291864857, 8.22574731109, 1.06523130396, 0.900510915032, 155.815362871, 0.940427360779, 5.8956692533, 0.969228879427, 3.72438563865, 1.10233111484, 242.081384321, 13.3245853893, 495.889758853
4.7867535486, 1.00000030382, 1.63675367414, 1.00809185229, 5.06664967533, 0.906080690484, 1.70126852325, 1.22625874278, 0.924945764306, 1.43860220484, 6.0512474352, 1.18498630594, 4.82343759642, 1.04840651433, 1.09000067882, 1.05597836686, 1.00489370972, 0.8396652201, 7.59322769296, 0.968839260161, 0.866630488777, 744.031089002, 1.14848303231, 3.67288774365, 1.08888021101, 3.88047645041, 1.10604738832, 104.959230116, 12.6535544145, 505.596319121
2.45902954058, 1.00000041821, 1.42029874125, 0.92213567515, 2.09695377772, 0.816748309918, 4.02201071402, 1.03172012927, 0.903502443416, 6.04641102519, 5.63642025508, 0.849314230178, 1.2281495187, 1.08448199684, 1.09000084258, 1.0130956244, 1.01657008623, 0.854608915636, 7.18859694868, 1.12175251158, 0.947102768561, 412.957896263, 1.09912231363, 4.90094512789, 1.11232696646, 2.65612304319, 1.03651584499, 154.899609254, 23.7286674642, 490.218023726
4.21310539895, 1.00000061616, 1.24479036774, 1.18299163445, 3.29342981358, 0.77165335147, 3.14182380237, 1.24315709933, 0.911034207946, 3.15697652248, 4.80648058429, 1.02329661594, 1.7766553433, 0.84476508875, 1.09000047475, 1.09137036473, 1.0187193544, 1.0559286235, 8.27235563074, 0.976124308074, 0.836006719152, 684.641897781, 1.00039547105, 3.01540169748, 1.14505747697, 3.72917310193, 1.19931549263, 167.653091229, 14.428984793, 474.694965484
4.17058352208, 1.00000088435, 1.11878078626, 1.02190636627, 4.22003603983, 0.955157909506, 5.61391794987, 1.22713541469, 0.954810194782, 2.48975457902, 6.2312756046, 1.13365396727, 4.30562246562, 0.867812773505, 1.09000080528, 1.05553871931, 1.0411945528, 0.816297348288, 9.21504760182, 1.08634094299, 0.999195444359, 499.102334816, 0.999182886912, 2.42292638456, 1.22114446468, 2.61276341563, 1.19764712886, 787.163426257, 26.9236780989, 474.246967476
4.16903205663, 1.00000011053, 1.15231467806, 0.833836123011, 6.21574623238, 0.758082711855, 1.66194088046, 1.25956281487, 0.936127894915, 6.15081688019, 4.80684724081, 1.15425879425, 2.46658248285, 1.2853792628, 1.09000058203, 1.09126416819, 1.02731658217, 1.05719811765, 6.37353585576, 1.16014505613, 0.884183189154, 142.293558631, 0.99781891144, 4.25730769783, 0.981633008748, 1.07559883498, 1.10255008182, 154.550544079, 14.0287424376, 1548.8324344
5.30723796737, 1.00000030242, 1.30291790069, 1.05478730803, 4.03332175068, 0.905858888955, 1.40756120245, 1.2142068913, 0.956920992278, 1.43428101844, 6.09886471564, 0.87030007493, 2.15544154741, 0.96061963312, 1.09000054725, 1.01842354378, 1.03300837797, 0.882549564971, 7.65826071765, 0.916396640932, 0.842304668297, 740.983824778, 1.07782855112, 3.68091095849, 1.13887988033, 3.87188170747, 0.978928243339, 153.790620936, 16.9140530151, 845.30225224
3.55184369791, 1.00000036243, 1.12983439821, 0.848431621849, 1.90161129461, 0.755294042326, 5.65258688874, 1.0248371529, 0.954764094992, 5.48161873048, 6.19895292241, 0.907005474011, 4.12363051361, 0.869302400505, 1.09000036766, 1.05454471955, 1.0015850472, 1.06972479638, 9.66156763643, 1.08754894642, 0.917559260818, 135.528090529, 1.00040513754, 2.43336499292, 1.11533937106, 2.59135431789, 1.27028125057, 160.942761023, 14.6732013399, 1360.54858553
1.9510674785, 1.0000004611, 1.67449367495, 0.885684746442, 3.6189422559, 0.749227806648, 4.37121887346, 1.13284384883, 0.947364298592, 5.27780185743, 5.11569907755, 0.852031533734, 3.24636558398, 1.03225712641, 1.09000074502, 1.03255102188, 1.03930942393, 0.856530085729, 3.62819277045, 1.12785725871, 0.976178368543, 489.312164971, 1.0505485836, 4.87445422237, 1.12306068728, 3.24854812548, 1.07926691036, 162.332294782, 14.8835903073, 913.163033006
1.32231764332, 1.00000017249, 1.42707786635, 0.922061825427, 6.8581884492, 0.845722625803, 5.2386856698, 1.21826497619, 0.953517611397, 1.56313819334, 6.03576545914, 0.911857218277, 4.48361471124, 1.12379586693, 1.09000056637, 1.05957290496, 1.02529123432, 1.18482930863, 5.0829545824, 0.957677879731, 0.847176129344, 56.3539779802, 1.19468916955, 4.47348569712, 0.983162438118, 1.31482256262, 0.938101125411, 208.273682318, 12.8993274492, 744.461162637
4.16653895216, 1.00000062352, 1.60686956621, 1.06404507345, 1.61157231776, 0.839373063581, 5.3032303809, 1.22479578734, 0.990055822825, 2.41508102355, 4.80643912634, 1.15155718062, 4.92387187919, 1.14190738309, 1.0900000994, 1.06583349233, 1.03338895386, 1.18588120239, 5.56884927579, 0.960661671077, 0.999259149832, 618.142096679, 1.10233950507, 4.47402383069, 0.981650603442, 2.6313643223, 0.939439219016, 140.981157849, 13.9785401874, 1731.84663651
1.31172269813, 1.00000039105, 1.11918147059, 0.919849697399, 5.94228193232, 0.766028836518, 4.39588290862, 1.00662890766, 0.922753295647, 5.27445796983, 5.57348278442, 1.11753380062, 2.5797005533, 0.98130218531, 1.09000052376, 1.09196388781, 1.02553450773, 1.022098991, 5.13054762467, 1.05763448426, 0.946680383248, 455.170658275, 1.08499974639, 4.56501942599, 1.06750558772, 2.68472123509, 0.920540223703, 124.045976702, 16.1490275535, 871.955931353
3.02094664135, 1.00000069175, 1.37772898553, 1.02115446751, 3.22280195966, 0.762145441458, 1.85948796919, 1.08433230698, 0.932970405148, 1.3523899119, 5.60754050894, 0.977953317321, 4.86509512368, 1.12062839083, 1.09000019232, 1.03549009216, 1.00992898328, 1.19839282178, 7.87465642686, 1.0499530523, 0.929531746257, 53.1102003152, 0.9180456367, 5.34413083584, 0.982939447276, 4.88389763214, 1.24389505456, 152.047655252, 17.3535754293, 612.804265573
4.7867535486, 1.00000065841, 1.04790986235, 1.04432203949, 4.93609924288, 0.810730155924, 1.70909472068, 1.09317320085, 0.903646073028, 3.12111750519, 5.26480134026, 0.843745253327, 1.11539840318, 1.04840651433, 1.09000082808, 1.07448551397, 1.00794877869, 1.21651912797, 9.06826294037, 1.10682182051, 0.865081438759, 613.0532222, 1.1738226698, 1.85406175856, 0.979494362617, 4.01549814941, 1.10760220963, 127.666447416, 15.847802372, 879.139396143
4.78125734033, 1.0000008922, 1.61447634454, 0.915014193601, 5.58239133813, 0.906251391612, 1.87673436333, 1.03533005849, 0.93333561126, 2.56966973493, 4.80487724515, 1.12842067567, 4.86329693791, 1.04438269193, 1.09000083219, 1.0556091689, 1.00483819677, 0.811081589178, 3.9618308211, 0.969622691409, 0.865418805308, 480.836540004, 0.919798476679, 3.65679310669, 0.978016743208, 3.85103747094, 1.03143549569, 109.256068463, 20.4867390588, 857.446099951
5.24650717586, 1.00000029943, 1.3036622747, 0.84904038114, 2.79278996302, 0.905858888955, 1.40756120245, 1.20930253803, 0.956653684118, 2.83362315781, 6.19958988277, 0.870993192509, 4.07657471996, 0.96696763408, 1.09000048965, 1.0182315411, 1.02688578654, 1.06530083507, 7.73190003917, 1.05299690862, 0.836954279346, 749.507554235, 0.997990671779, 3.67006104556, 1.11540039792, 3.87188170747, 1.26404732232, 149.988801066, 21.9528147499, 510.394774143
2.58768724469, 1.000000586, 1.026031516, 0.913040218405, 6.2617730786, 0.846680325382, 5.93648438576, 1.1005530588, 0.990551340891, 2.15072523863, 4.69868747978, 0.97934469321, 1.21187604759, 0.920792506272, 1.09000075631, 1.01989491406, 1.0143209268, 0.997502693019, 9.07090145653, 1.0579248684, 0.939594520392, 626.718969292, 1.12993439469, 2.94842344077, 1.00824055385, 3.05562352822, 1.11140328008, 189.059961113, 18.0147607405, 503.982474157
5.24308781699, 1.00000047092, 1.30701250979, 1.14029801901, 3.58173689496, 0.906570422919, 2.5086606702, 1.21462259777, 0.905358783345, 1.34716542197, 5.60278596238, 1.07712326563, 4.47237681681, 0.960723198471, 1.09000082769, 1.01053734859, 1.00976464646, 0.855088495463, 7.9311644584, 1.02843319543, 0.930253074416, 793.838336762, 0.940750295934, 5.1077057245, 1.09700744927, 3.87508856643, 1.23786998468, 339.397421713, 14.7404884336, 496.179101843
3.92978793502, 1.00000049636, 1.42489810558, 1.03536585974, 5.52532971531, 0.97539463311, 3.36257876442, 1.21770056596, 0.987915920855, 3.29997216066, 4.69031752992, 1.16033936689, 2.73868494166, 1.03792932778, 1.0900006211, 1.02751366962, 1.02673161469, 1.00697498659, 5.48893518967, 1.02833557954, 0.840886908791, 742.337658791, 0.966929348457, 3.92853220824, 1.09146109473, 4.49408930756, 1.05343712679, 171.674840126, 14.9781860463, 759.681253759
1.9510674785, 1.0000004611, 1.67449367495, 0.915166028846, 3.6189422559, 0.951344109996, 4.37121887346, 1.09901868112, 0.947364298592, 4.31451754166, 5.113082565, 0.854227461219, 2.01162187102, 1.04603968758, 1.09000074851, 1.03263378962, 1.03927246146, 0.810032028202, 9.62477186375, 1.10816352674, 0.974579260422, 317.401953272, 1.12389103584, 2.99599285331, 1.12078312414, 3.2385860476, 1.03146681061, 246.570291259, 13.8376486701, 1146.2378593
3.61322130598, 1.00000030452, 1.57051652015, 1.01982553783, 4.20701737182, 0.954073677104, 5.61391794987, 1.13240735973, 0.954775553179, 2.82401908122, 6.01336948311, 1.13365396727, 4.30562246562, 0.870283057226, 1.09000060699, 1.06080312129, 1.02704234453, 0.813531538842, 9.24539239644, 1.05460421362, 0.998856872312, 502.277979543, 0.957384521962, 3.64712369357, 1.12561052266, 3.86517869264, 1.20004741535, 268.177570472, 14.4808863715, 1038.00462324
5.49075060826, 1.00000030406, 1.31091119011, 1.05759715389, 4.22685056668, 0.739338523331, 4.67261557105, 1.13316979246, 0.920725362321, 1.33153807594, 6.11861796284, 0.847601210572, 4.25224698208, 0.869269717021, 1.09000058858, 1.03328670323, 1.03757619822, 0.827989122268, 7.63286035984, 1.0600542481, 0.98281498773, 143.931562184, 0.958895161452, 2.3443526658, 1.12511417177, 3.35201494643, 1.01518827835, 223.20569533, 13.0150901127, 1427.67872667
1.9510674785, 1.00000047176, 1.67449367495, 0.886768302888, 3.6189422559, 0.749538384179, 3.12380073508, 1.1332634858, 0.947364298592, 5.27780185743, 5.11569907755, 1.08775031399, 3.24993784481, 1.03225712641, 1.09000052651, 1.03255102188, 1.03930942393, 0.856530085729, 3.43129419152, 1.12785725871, 0.981744799372, 489.312164971, 0.939435019208, 4.87445422237, 1.12306068728, 3.24854812548, 0.870936153923, 211.208529096, 14.0653079159, 2826.73392141
3.53131058381, 1.00000095667, 1.04410838058, 0.808525139695, 2.99940381186, 0.759063974022, 3.56664618751, 1.13784904598, 0.902009176309, 3.76059525319, 5.55383796434, 1.15667861576, 4.3359673897, 0.881727161463, 1.09000080177, 1.05958421406, 1.00220100591, 1.05650426238, 5.37991351635, 1.08351668463, 0.814999656527, 805.498054331, 0.923794388152, 3.66443716223, 1.1293709321, 4.80481684023, 1.15669679034, 163.696018733, 17.2707961627, 912.076763622
4.20058551522, 1.00000010444, 1.24479036774, 1.17834571407, 6.06931707623, 0.77165335147, 3.06435287196, 1.10734902163, 0.910728803247, 5.23257177139, 5.67999879353, 1.11818212366, 2.57868256979, 0.844772495437, 1.09000047475, 1.09091877464, 1.01870169019, 1.02624144835, 8.28428146863, 0.9707078405, 0.836006719152, 684.641897781, 1.00039547105, 1.93269696686, 1.14505747697, 3.72917310193, 1.19931005936, 162.704486356, 17.5448911502, 913.476288636
3.55377968369, 1.00000047949, 1.13021065981, 0.888017384548, 4.22133369909, 0.739338523331, 4.67261557105, 1.13316979246, 0.920725362321, 2.21227926551, 6.01172741487, 0.847825712106, 4.25144565793, 0.869269717021, 1.0900006122, 1.03302693767, 1.03757619822, 1.17547166144, 5.83130570134, 1.06561258133, 0.98281498773, 144.336353519, 0.957631696144, 2.3443526658, 1.12511417177, 1.38461054378, 1.01332772114, 123.842226793, 22.2999771431, 1180.43509241
1.32298235876, 1.00000039108, 1.42029874125, 0.92213567515, 2.10589473072, 0.816748309918, 4.02201071402, 1.03239377013, 0.903373576737, 5.26268130347, 5.63642025508, 0.849314230178, 1.2281495187, 0.980327079559, 1.09000084258, 1.0922969947, 1.0256004948, 0.854608915636, 5.10793390468, 1.12175251158, 0.947095711331, 412.957896263, 1.09912231363, 4.90094512789, 1.06748483368, 2.6563555393, 1.02712650095, 190.444473689, 19.0559425146, 663.114050755
4.53645167418, 1.00000009959, 1.60754879974, 1.06376827295, 3.64320380852, 0.912491818365, 3.18972136193, 1.09998283618, 0.990055822825, 2.70745850414, 5.11195387938, 1.1452435541, 2.0102006299, 0.916972097722, 1.09000050181, 1.03234753619, 1.03928852294, 0.954664762002, 8.86061808464, 1.1732862197, 0.998955225708, 618.142096679, 1.12422226466, 2.96094196452, 0.981650603442, 2.6313643223, 0.893653825121, 217.402620744, 18.7750186615, 580.341684352
1.31262235743, 1.00000039105, 1.44605314409, 1.14918089308, 5.94228193232, 0.787242172424, 4.39578801896, 1.00452513419, 0.922753295647, 5.08748551928, 5.36251742845, 1.11753380062, 2.5797005533, 1.01590365918, 1.09000052376, 1.01237270713, 1.02592344003, 1.02695268936, 5.12006173748, 1.15962840249, 0.878856097408, 455.170658275, 1.08499974639, 4.56504251138, 1.06750558772, 3.01852614828, 0.921043676339, 184.145084199, 15.1645336992, 782.081275823
4.16653895216, 1.00000088154, 1.60686956621, 1.06185746026, 1.61157231776, 0.955340694896, 1.66203684087, 1.22479578734, 0.990055822825, 2.46943613279, 4.80643912634, 1.15155718062, 4.90877528484, 1.0078905228, 1.09000009512, 1.06583349233, 1.03354686892, 0.959006280834, 5.56884927579, 1.1732862197, 0.999259149832, 618.142096679, 1.10199486333, 4.57239187139, 0.981650603442, 2.6313643223, 0.893653825121, 330.839069235, 14.7727075409, 3510.36398106
5.8241074926, 1.00000049636, 1.42489810558, 1.03536585974, 5.52532971531, 0.97539463311, 2.13272176809, 1.21770056596, 0.988025897535, 3.29997216066, 4.69221876308, 1.16033936689, 2.59100897332, 1.03792932778, 1.0900006211, 1.02751366962, 1.02673161469, 1.00697498659, 8.80515928889, 1.10299327334, 0.831555545716, 781.351294486, 0.966929348457, 3.93348124382, 1.09073271726, 4.49408930756, 1.05343712679, 254.953005866, 14.4603755231, 3549.65941905
3.92978793502, 1.00000049636, 1.30324098781, 1.03536585974, 5.60505492184, 0.906574177185, 3.40302268122, 1.21762863883, 0.987915920855, 3.28029405079, 4.69031752992, 1.15925612178, 2.14729593857, 1.03792932778, 1.0900006211, 1.02751366962, 1.02125544337, 1.00697498659, 5.48893518967, 1.02833557954, 0.84084438254, 742.337658791, 0.965746795197, 3.92853220824, 1.09146109473, 4.49408930756, 0.995340497951, 182.396611937, 18.1491568785, 1083.27326364
3.83968629423, 1.00000088242, 1.09066239933, 0.93024558506, 3.14719920713, 0.81658507007, 3.86495477293, 1.06843108699, 0.957364786814, 5.8509173259, 5.99060215716, 0.848480641252, 3.64529209602, 0.944393144987, 1.09000081247, 1.08019448493, 1.00177649278, 0.990681169027, 9.36252593906, 0.93963292539, 0.807121826415, 681.346509323, 1.09517299885, 5.35483934701, 1.10670416618, 2.42804620444, 0.913726250228, 170.128456748, 18.0273234135, 3066.80585368
4.14509419137, 1.00000076665, 1.00804309042, 1.09601026842, 6.97271360152, 0.809897077892, 3.22673276072, 1.24766104057, 0.957481503321, 4.30844271942, 5.0396186955, 1.15288839391, 2.00075533044, 0.916491608683, 1.09000025156, 1.06556421021, 1.043234612, 0.853130876184, 9.59753590483, 1.16848495191, 0.819938032796, 778.603048789, 1.12442711311, 2.99321219516, 0.99533530883, 4.53808407163, 0.879584147255, 158.34066303, 23.6652415666, 1478.57641919
4.17102951906, 1.00000060306, 1.24508123502, 0.918303084357, 4.22003603983, 0.772473214814, 3.16271881415, 1.22713541469, 0.954510778174, 2.47658846275, 6.08039087308, 1.0230159298, 3.69326477576, 0.843998573279, 1.09000047474, 1.05553871931, 1.00141243876, 0.992182734439, 3.58912073576, 1.12680424446, 0.836656838876, 504.484136636, 0.998146726745, 2.43856795979, 1.14424737334, 2.62831170841, 1.1943324896, 157.55912694, 24.1154378923, 2609.93061052
4.16653895216, 1.00000009959, 1.60690030564, 1.06185746026, 1.61157231776, 0.914771249512, 3.18972136193, 1.22479578734, 0.990055822825, 2.46943613279, 4.80643912634, 1.1452435541, 3.77063860558, 0.959838565666, 1.09000050181, 1.06583349233, 1.03349919589, 0.959006280834, 8.86061808464, 1.1732862197, 0.999259149832, 618.142096679, 1.10047006158, 4.57239187139, 0.981650603442, 2.6313643223, 0.893653825121, 209.660558384, 26.508876534, 764.07654493
5.82658169295, 1.0000007221, 1.54616263355, 1.05408943646, 2.83997805035, 0.920269976446, 2.13189565385, 1.09799218448, 0.946907614068, 3.98369758005, 5.32341695194, 1.04243701452, 2.30164713301, 0.833739882744, 1.09000078134, 1.10280679657, 1.01689508072, 0.8929200093, 8.77754438175, 1.10407837796, 0.777521066787, 781.721900638, 1.1722174646, 5.26762926775, 1.18369948202, 1.39833279472, 1.14948263543, 487.910664223, 19.6816349292, 668.104365947
3.65964259187, 1.00000065804, 1.01183153948, 1.11802871424, 3.36947939229, 0.806855235516, 1.51477313317, 1.2550502908, 0.904102100865, 3.12809116834, 5.26274573416, 0.862846498609, 2.00672510494, 0.915749298767, 1.09000024866, 1.06556421021, 1.00141470702, 1.21933703433, 9.07356569696, 1.16841064674, 0.969167035458, 610.959721705, 1.03591135906, 1.86082612416, 0.979490771376, 4.00644808095, 1.09611541371, 258.629932649, 20.841772732, 632.024625486
3.93019978228, 1.00000075855, 1.12155954374, 1.03564567302, 5.63886091722, 0.762488542805, 3.00805873071, 1.21366241413, 0.981988622167, 1.28710153787, 6.16323276414, 1.16439671263, 2.16203817057, 1.03940812091, 1.09000030346, 1.09158503604, 1.02674780567, 1.00351247792, 5.4925075454, 0.929798495167, 0.926685152914, 166.399193017, 1.19979109623, 3.91186140567, 1.082271462, 1.43332676209, 1.20099527842, 217.088220943, 15.8226754351, 1200.18412448
4.2174798287, 1.00000059875, 1.01956544733, 0.943843403985, 6.2617730786, 0.772305319873, 3.08127535037, 1.25849569508, 0.990551340891, 4.14777701824, 6.07708946834, 1.02622673055, 1.1819758151, 0.920479440842, 1.09000047218, 1.07492043269, 1.01440557069, 1.18683554502, 8.83074136739, 1.17532321072, 0.89003213287, 85.3671420389, 1.12966138601, 3.01525565929, 1.14453749798, 3.73070564173, 1.2149620199, 204.654662412, 18.9064478386, 825.440229125
5.25471366039, 1.00000030242, 1.04681368737, 1.05570557558, 2.82028068829, 0.905858888955, 2.97935827855, 1.21167462343, 0.953989553127, 2.84351896907, 6.11886121247, 0.847339498507, 1.06183368019, 0.963215266928, 1.09000030465, 1.01840263851, 1.02663308722, 1.06517718939, 7.73190003917, 1.05488168121, 0.813515559325, 152.026291306, 1.1919940942, 3.65851345841, 1.0816099635, 4.80100519089, 1.2640052748, 311.501193831, 20.6233395234, 821.964212189
3.55661517836, 1.00000089718, 1.57051652015, 1.01982553783, 4.22004251557, 0.954073677104, 5.61391794987, 1.13240735973, 0.954810194782, 2.49177778959, 6.01336948311, 1.13365396727, 4.30562246562, 0.869270941554, 1.0900006091, 1.06080312129, 1.0412971769, 0.819639382402, 9.24539239644, 1.08634094299, 0.999102128897, 499.532027509, 0.957384521962, 2.42325168762, 1.12561052266, 2.62791336073, 1.20004741535, 273.71937235, 17.231929134, 1172.52494367
5.30723796737, 1.00000030242, 1.30718486637, 1.09765008734, 4.03332175068, 0.906288783626, 1.33057116275, 1.2142068913, 0.956920992278, 1.43428101844, 6.09966073504, 0.87030007493, 2.15544154741, 0.96061963312, 1.09000083923, 1.01070741485, 1.03300837797, 0.885521508047, 7.65826071765, 0.916396640932, 0.841949511012, 785.946774786, 1.07782855112, 3.68091095849, 1.14866183948, 3.87188170747, 1.2374169414, 342.350826726, 15.2186703623, 1016.67986056
3.92978793502, 1.00000049636, 1.30392055881, 1.03536585974, 5.60505492184, 0.906574177185, 3.41293376428, 1.08436749502, 0.987915920855, 3.26633102257, 4.69031752992, 1.15925612178, 2.07814820882, 1.03862960318, 1.09000060238, 1.02751366962, 1.02124765426, 1.00791239099, 5.48893518967, 1.02833557954, 0.84084438254, 742.337658791, 0.918248864965, 5.36491723707, 1.09146109473, 4.4354175935, 0.995340497951, 372.798157285, 15.8778471119, 1704.16501074
4.32910063109, 1.00000010747, 1.24479036774, 1.18570467373, 6.06931707623, 0.77165335147, 3.06435287196, 1.13428638377, 0.964715078394, 5.23666805329, 6.01974013147, 1.10853790921, 2.57868256979, 0.844772495437, 1.09000047475, 1.09007142075, 1.03692311391, 1.21020952741, 8.52479478203, 0.971510557285, 0.836006719152, 680.018379401, 0.924845213176, 1.93567065109, 1.149444613, 2.68306758095, 1.19931005936, 471.651667258, 16.6710469034, 1090.85092554
4.79949750628, 1.00000065158, 1.52751096186, 0.930211919395, 1.50857718328, 0.915186407205, 2.81747147169, 1.1281733555, 0.994770080699, 6.01834935037, 4.95277914467, 0.965470716131, 3.83788363741, 0.944937325311, 1.09000062277, 1.08089005503, 1.00472171535, 1.04865190832, 8.76644342278, 0.970455860668, 0.766141493216, 678.167798963, 1.09218953515, 4.69579971762, 0.989539522366, 4.47376460919, 0.958200275955, 632.562444476, 36.4574603823, 644.802352796
4.90248412152, 1.00000033562, 1.04356841335, 1.06725099351, 6.98141332113, 0.932055499774, 4.41537153201, 1.0150820281, 0.922749303817, 3.03184726059, 5.72311819149, 0.984758194328, 3.65732330872, 0.954409000922, 1.09000057943, 1.07431614158, 1.01869442263, 1.1262764974, 5.0253541223, 1.12518688678, 0.838776010488, 582.119674192, 0.939998208974, 4.52935441665, 1.20327204996, 2.88007444746, 1.18933204222, 196.375413622, 18.9485667983, 2170.96265623
1.9510674785, 1.0000004611, 1.67449367495, 0.884229212399, 3.6189422559, 0.748587526529, 4.37121887346, 1.09901868112, 0.947364298592, 4.31451754166, 5.113082565, 0.852031533734, 2.01132868798, 0.917221790988, 1.09000074851, 1.03255102188, 1.03927246146, 0.856561924924, 9.61069658525, 1.10356122954, 0.976178368543, 489.312164971, 1.12389103584, 2.99599285331, 1.12306068728, 3.24854812548, 1.07926691036, 372.356593457, 15.4131153094, 1878.35456497
4.0770641256, 1.00000017633, 1.0057348056, 1.05714249754, 3.21464475449, 0.792624482498, 2.60289889665, 1.20724214616, 0.911544726987, 5.76707220937, 5.03698677455, 1.08661608531, 2.97060722642, 1.06591543215, 1.09000014688, 1.07561117668, 1.01248168662, 0.958023855288, 5.52911187354, 0.963424655995, 0.863107112134, 310.56538683, 1.10090075372, 3.02139395684, 1.01036202559, 1.28221126089, 1.00509660119, 191.436815014, 24.8522114853, 1991.81527033
3.94233096742, 1.00000023929, 1.66858016737, 1.02724604407, 5.07732161571, 0.908205853817, 4.71993859793, 1.14533360388, 0.982111349452, 1.90948460242, 4.71141425295, 1.05163030147, 4.53598640133, 1.04161674405, 1.09000049213, 1.01237109462, 1.0186408397, 1.20328215789, 3.35883392335, 1.02057599337, 0.800234908515, 751.071745766, 0.930842454924, 1.29667892918, 0.988216184975, 2.48370902588, 0.894948880352, 231.299538236, 16.2073252337, 2031.91697534
5.23586047704, 1.00000047092, 1.30701250979, 1.20807796937, 6.21050635019, 0.865790339209, 5.21613985109, 1.25669299809, 0.957102202614, 1.34716542197, 5.60278596238, 1.07755403158, 4.47201877, 0.960723198471, 1.09000082769, 1.01053734859, 1.00976464646, 1.12564213512, 7.91797093948, 1.06654769265, 0.928731843279, 777.753177008, 0.999928978235, 5.90110815787, 1.09700744927, 3.87508856643, 1.23673248872, 354.645054284, 28.6227474249, 683.971708343
1.9510674785, 1.00000046127, 1.67449367495, 1.01139816028, 3.6189422559, 0.749227806648, 4.37121887346, 1.13284384883, 0.924720036756, 5.24242395113, 5.11569907755, 0.911971330634, 3.24636558398, 1.13208191812, 1.09000074502, 1.03255102188, 1.00461774863, 0.856530085729, 3.62819277045, 1.12785725871, 0.977428648091, 489.312164971, 1.0505485836, 4.87445422237, 1.12306068728, 3.25024051505, 1.07926691036, 353.012093148, 15.9217069847, 3699.260122
4.79106785832, 1.00000010749, 1.52823156455, 0.930211919395, 3.2206114415, 0.906646928854, 3.20291118129, 1.1281733555, 0.91479971807, 6.01834935037, 4.76717064212, 0.965470716131, 3.82669324785, 0.960011850094, 1.09000049058, 1.07928445094, 1.01366738491, 1.06203164722, 8.79823409282, 1.02841369505, 0.767143748751, 684.914476957, 0.965278481159, 4.69579971762, 1.0928804673, 4.49337105757, 0.994927197616, 213.978446937, 27.0402648052, 1123.76685674
2.38433735544, 1.00000011047, 1.15255599329, 0.913577945267, 2.80886874003, 0.758641836397, 1.61237192699, 1.06919927881, 0.924867590355, 1.25035972733, 6.14616087895, 0.843529754302, 3.74607007108, 1.2347348303, 1.09000048904, 1.09396485823, 1.02592735749, 0.830356347135, 6.62586233091, 0.975363191289, 0.933007894656, 163.924250888, 1.166926242, 5.71378149135, 1.0867154704, 4.02688190554, 1.05242468906, 251.057683429, 17.3116783564, 1566.87809982
3.51582236665, 1.00000029824, 1.04631801423, 0.80680694278, 4.97513102724, 0.838256902454, 5.27692844146, 1.13784904598, 0.902009176309, 3.76059525319, 5.32323894872, 1.13318284523, 3.39078267019, 0.881727161463, 1.09000080177, 1.06042142176, 1.00220100591, 1.08750817056, 5.37991351635, 1.08351668463, 0.815088553876, 805.498054331, 0.923794388152, 4.51906368229, 1.1293709321, 4.80481684023, 1.15669679034, 439.905165833, 20.0274394898, 940.346373545
