5.67477811424, 1.00000056777, 1.60168499398, 0.848953530818, 1.8922288208, 0.909883632124, 2.70130758067, 1.00565065275, 0.998782485784, 6.16934770064, 5.87576080102, 0.91268415282, 4.06507410451, 1.12513327085, 1.09000036466, 1.03572456299, 1.00436927664, 1.14404014302, 9.61876236809, 1.12518263542, 0.917037775941, 21.0865235276, 1.0675080305, 2.34293154254, 1.1748621988, 3.36122241638, 1.2867729486, 13.5937809806, 10.9670935029, 43.3349402164
3.53133048968, 1.00000096445, 1.55417017843, 1.02957186056, 3.02898970701, 0.759355060942, 3.55905379692, 1.03061748014, 0.917036034802, 1.61702803283, 5.54687234026, 0.898396961108, 4.40972359499, 1.24851677866, 1.09000089968, 1.02019087586, 1.02740205186, 1.05616328493, 4.49835129097, 0.917310810899, 0.760979136507, 737.995914089, 1.11080165123, 3.69036192709, 0.953098019516, 2.19231972407, 0.978616526597, 43.8848808987, 8.52049365923, 108.377379925
2.39548113396, 1.00000011053, 1.15231467806, 0.835770724335, 6.21574623238, 0.758082711855, 1.6152256151, 1.25956281487, 0.936127894915, 6.15081688019, 5.79341163236, 0.844570927498, 2.58689146602, 1.2853792628, 1.09000057505, 1.09126416819, 1.02731658217, 1.05719811765, 6.37283071432, 1.16004254393, 0.882972469139, 162.036307884, 0.99781891144, 4.25730769783, 1.16219266544, 1.07559883498, 1.10255008182, 83.6749741691, 19.9894542148, 72.5255166595
5.20687479361, 1.00000072118, 1.62913180823, 0.913568706637, 5.01241396803, 0.809836924166, 1.70978569735, 1.09584534703, 0.924945764306, 3.00132338828, 4.6834600182, 1.15848471269, 4.82343759642, 1.04840651433, 1.09000052023, 1.05546668296, 1.00056542768, 0.839325674036, 9.06798158304, 0.96983251862, 0.865358214593, 617.858093999, 1.16695477903, 1.73112527861, 1.08856506926, 4.01344800857, 1.10783434406, 68.8291126269, 13.5888539825, 233.385349812
2.38433735544, 1.00000011047, 1.15255599329, 0.837062140241, 2.81251927767, 0.758641836397, 1.61190052015, 1.06919927881, 0.916137134652, 1.25035972733, 6.14616087895, 0.844846566534, 3.74607007108, 1.2378642404, 1.09000048904, 1.09128374187, 1.02682363284, 0.826599891856, 6.62586233091, 0.975363191289, 0.932755034773, 163.924250888, 1.18153420188, 5.71378149135, 1.0867154704, 1.43332676209, 1.05242468906, 97.5034912675, 10.3852224768, 272.295613808
4.8430045287, 1.00000012767, 1.56752483076, 0.917522806193, 4.94526851319, 0.798594044795, 5.92912121255, 1.06501362686, 0.988789037352, 4.03262979513, 5.60319564422, 1.16065130082, 3.50596763354, 0.986272578201, 1.09000059956, 1.06082895144, 1.04165794494, 0.886794349648, 9.07037198025, 1.06789294311, 0.771790435209, 603.802396534, 0.966503839942, 3.98241553382, 1.12033142693, 4.62925537917, 1.010566834, 83.139343102, 10.2051482195, 313.117596222
2.56404228443, 1.00000059875, 1.01949646683, 0.943843403985, 6.2617730786, 0.860409117129, 5.93648438576, 1.25849569508, 0.990551340891, 4.14777701824, 6.07708946834, 0.898186996367, 1.1819758151, 0.920792506272, 1.09000038883, 1.07492043269, 1.01440557069, 1.18683554502, 8.83074136739, 1.17532321072, 0.89003213287, 80.5417449105, 1.12966138601, 2.99514821319, 0.977227616908, 4.31243744226, 0.958490979254, 282.949761824, 26.934409745, 257.93172255
2.44539682048, 1.00000087689, 1.09073490453, 0.915237019254, 2.09695377772, 0.816748309918, 4.02201071402, 1.03173682321, 0.943710170617, 6.04641102519, 5.63685727359, 0.849289654706, 3.64403654627, 0.986100058388, 1.09000084258, 1.04796253047, 1.01657008623, 0.990681169027, 7.0886567109, 0.991342032889, 0.945305853044, 412.957896263, 1.09444750153, 4.90094512789, 1.10576129071, 4.37065846298, 1.03435117982, 97.2349734362, 12.2682306875, 732.397275767
2.38434205837, 1.00000017249, 1.33435442228, 0.952473451325, 6.8581884492, 0.845722625803, 5.24215225681, 1.21826497619, 0.953517611397, 1.56313819334, 6.03164548384, 0.908590598797, 4.48361471124, 1.12379586693, 1.09000056637, 1.05957290496, 1.00614370581, 1.18482930863, 6.16303668174, 0.957720043251, 0.848348453747, 53.274717575, 1.19121498216, 4.47348569712, 0.983162438118, 1.31482256262, 0.938101125411, 194.411146419, 12.6244200234, 357.723408567
4.17031516896, 1.00000069175, 1.37772898553, 1.02065119132, 3.2230266263, 0.762145441458, 1.85948796919, 1.08433230698, 0.932475251108, 1.84234223316, 4.80839742172, 0.977953317321, 4.86509512368, 0.971758006995, 1.09000020701, 1.03549009216, 1.04148315093, 1.19839282178, 9.75012737867, 1.04588967308, 0.883065429692, 480.948448775, 0.918473659089, 5.34413083584, 1.04030737826, 4.86706724284, 1.24389505456, 99.6841381413, 12.3331947381, 493.77815234
4.50774665798, 1.00000082066, 1.61046996511, 1.06335313439, 5.79159979407, 0.798657020051, 3.22212160117, 1.00606497903, 0.990017637946, 3.0783274378, 5.54406741622, 1.06588998231, 4.89893639258, 1.00814218239, 1.09000059814, 1.00738169495, 1.03253287526, 0.937201175475, 6.80237504765, 1.18968053526, 0.953401384998, 491.651797632, 0.915760877733, 2.59474665309, 1.07970919621, 4.36601464432, 1.2076580921, 151.671037273, 12.2054555492, 362.623059914
3.55377968369, 1.00000047949, 1.13021065981, 0.888017384548, 4.22133369909, 0.739338523331, 4.67261557105, 1.13316979246, 0.920725362321, 2.21227926551, 6.01172741487, 0.847825712106, 4.25144565793, 0.869269717021, 1.0900006122, 1.03302693767, 1.03757619822, 1.17547166144, 5.83130570134, 1.06561258133, 0.98281498773, 144.336353519, 0.957631696144, 2.3443526658, 1.12511417177, 1.38461054378, 1.01332772114, 123.842226793, 22.2999771431, 1180.43509241
5.30723796737, 1.00000030242, 1.30291790069, 1.05478730803, 4.03332175068, 0.905858888955, 1.40756120245, 1.2142068913, 0.956920992278, 1.43428101844, 6.09886471564, 0.87030007493, 2.15544154741, 0.96061963312, 1.09000054725, 1.01842354378, 1.03300837797, 0.882549564971, 7.65826071765, 0.916396640932, 0.842304668297, 740.983824778, 1.07782855112, 3.68091095849, 1.13887988033, 3.87188170747, 0.978928243339, 153.790620936, 16.9140530151, 845.30225224
2.58768724469, 1.000000586, 1.026031516, 0.913040218405, 6.2617730786, 0.846680325382, 5.93648438576, 1.1005530588, 0.990551340891, 2.15072523863, 4.69868747978, 0.97934469321, 1.21187604759, 0.920792506272, 1.09000075631, 1.01989491406, 1.0143209268, 0.997502693019, 9.07090145653, 1.0579248684, 0.939594520392, 626.718969292, 1.12993439469, 2.94842344077, 1.00824055385, 3.05562352822, 1.11140328008, 189.059961113, 18.0147607405, 503.982474157
3.55184369791, 1.00000036243, 1.12983439821, 0.848431621849, 1.90161129461, 0.755294042326, 5.65258688874, 1.0248371529, 0.954764094992, 5.48161873048, 6.19895292241, 0.907005474011, 4.12363051361, 0.869302400505, 1.09000036766, 1.05454471955, 1.0015850472, 1.06972479638, 9.66156763643, 1.08754894642, 0.917559260818, 135.528090529, 1.00040513754, 2.43336499292, 1.11533937106, 2.59135431789, 1.27028125057, 160.942761023, 14.6732013399, 1360.54858553
3.92978793502, 1.00000049636, 1.42489810558, 1.03536585974, 5.52532971531, 0.97539463311, 3.36257876442, 1.21770056596, 0.987915920855, 3.29997216066, 4.69031752992, 1.16033936689, 2.73868494166, 1.03792932778, 1.0900006211, 1.02751366962, 1.02673161469, 1.00697498659, 5.48893518967, 1.02833557954, 0.840886908791, 742.337658791, 0.966929348457, 3.92853220824, 1.09146109473, 4.49408930756, 1.05343712679, 171.674840126, 14.9781860463, 759.681253759
1.9510674785, 1.00000047176, 1.67449367495, 0.886768302888, 3.6189422559, 0.749538384179, 3.12380073508, 1.1332634858, 0.947364298592, 5.27780185743, 5.11569907755, 1.08775031399, 3.24993784481, 1.03225712641, 1.09000052651, 1.03255102188, 1.03930942393, 0.856530085729, 3.43129419152, 1.12785725871, 0.981744799372, 489.312164971, 0.939435019208, 4.87445422237, 1.12306068728, 3.24854812548, 0.870936153923, 211.208529096, 14.0653079159, 2826.73392141
4.14509419137, 1.00000076665, 1.00804309042, 1.09601026842, 6.97271360152, 0.809897077892, 3.22673276072, 1.24766104057, 0.957481503321, 4.30844271942, 5.0396186955, 1.15288839391, 2.00075533044, 0.916491608683, 1.09000025156, 1.06556421021, 1.043234612, 0.853130876184, 9.59753590483, 1.16848495191, 0.819938032796, 778.603048789, 1.12442711311, 2.99321219516, 0.99533530883, 4.53808407163, 0.879584147255, 158.34066303, 23.6652415666, 1478.57641919
5.82658169295, 1.0000007221, 1.54616263355, 1.05408943646, 2.83997805035, 0.920269976446, 2.13189565385, 1.09799218448, 0.946907614068, 3.98369758005, 5.32341695194, 1.04243701452, 2.30164713301, 0.833739882744, 1.09000078134, 1.10280679657, 1.01689508072, 0.8929200093, 8.77754438175, 1.10407837796, 0.777521066787, 781.721900638, 1.1722174646, 5.26762926775, 1.18369948202, 1.39833279472, 1.14948263543, 487.910664223, 19.6816349292, 668.104365947
4.79949750628, 1.00000065158, 1.52751096186, 0.930211919395, 1.50857718328, 0.915186407205, 2.81747147169, 1.1281733555, 0.994770080699, 6.01834935037, 4.95277914467, 0.965470716131, 3.83788363741, 0.944937325311, 1.09000062277, 1.08089005503, 1.00472171535, 1.04865190832, 8.76644342278, 0.970455860668, 0.766141493216, 678.167798963, 1.09218953515, 4.69579971762, 0.989539522366, 4.47376460919, 0.958200275955, 632.562444476, 36.4574603823, 644.802352796
2.38433735544, 1.00000011047, 1.15255599329, 0.913577945267, 2.80886874003, 0.758641836397, 1.61237192699, 1.06919927881, 0.924867590355, 1.25035972733, 6.14616087895, 0.843529754302, 3.74607007108, 1.2347348303, 1.09000048904, 1.09396485823, 1.02592735749, 0.830356347135, 6.62586233091, 0.975363191289, 0.933007894656, 163.924250888, 1.166926242, 5.71378149135, 1.0867154704, 4.02688190554, 1.05242468906, 251.057683429, 17.3116783564, 1566.87809982
3.94233096742, 1.00000023929, 1.66858016737, 1.02724604407, 5.07732161571, 0.908205853817, 4.71993859793, 1.14533360388, 0.982111349452, 1.90948460242, 4.71141425295, 1.05163030147, 4.53598640133, 1.04161674405, 1.09000049213, 1.01237109462, 1.0186408397, 1.20328215789, 3.35883392335, 1.02057599337, 0.800234908515, 751.071745766, 0.930842454924, 1.29667892918, 0.988216184975, 2.48370902588, 0.894948880352, 231.299538236, 16.2073252337, 2031.91697534
3.51582236665, 1.00000029824, 1.04631801423, 0.80680694278, 4.97513102724, 0.838256902454, 5.27692844146, 1.13784904598, 0.902009176309, 3.76059525319, 5.32323894872, 1.13318284523, 3.39078267019, 0.881727161463, 1.09000080177, 1.06042142176, 1.00220100591, 1.08750817056, 5.37991351635, 1.08351668463, 0.815088553876, 805.498054331, 0.923794388152, 4.51906368229, 1.1293709321, 4.80481684023, 1.15669679034, 439.905165833, 20.0274394898, 940.346373545
4.7867535486, 1.00000065163, 1.63675367414, 1.00809185229, 5.06664967533, 0.930888876537, 1.70126852325, 1.07159043109, 0.924945764306, 3.01298012257, 4.68610879395, 1.18498630594, 4.82343759642, 1.04840651433, 1.09000067882, 1.0561968756, 1.00489370972, 0.839325674036, 4.41766434626, 0.968534097287, 0.86614759012, 617.858093999, 1.16687696085, 1.85324387644, 1.08856506926, 4.01593252438, 1.10783434406, 273.236199399, 19.8036753357, 1223.75451938
3.88599277779, 1.0000006784, 1.12178460142, 1.1070453858, 3.85266939001, 0.762451698115, 3.18401867737, 1.09309866157, 0.991975278121, 4.14073994553, 5.44250419062, 0.946460973085, 2.65220470952, 1.19983083209, 1.09000030158, 1.09158561281, 1.03420661647, 1.21316003576, 7.15363694789, 0.942976463194, 0.772962495421, 319.632280087, 0.918928273021, 5.69329314818, 1.14768361276, 3.95600291573, 1.29622475979, 374.922108129, 31.4539156637, 978.981224311
3.65101716467, 1.00000062551, 1.01183153948, 1.11802871424, 3.35704122437, 0.806831547472, 1.5130964147, 1.24766104057, 0.957327280721, 4.31197356963, 5.04003685124, 1.1518615054, 2.00086812334, 0.915749298767, 1.09000024866, 1.06556421021, 1.0013473384, 1.03079965167, 9.59753590483, 1.16848495191, 0.969167035458, 946.335379825, 1.03591135906, 2.99321219516, 0.977743112594, 4.50699799284, 0.879584147255, 437.099677792, 20.6527282833, 1168.98159859
3.55738153323, 1.00000082098, 1.12983439821, 1.08627361864, 4.14101161691, 0.755994405532, 5.63790629011, 1.02642421936, 0.954764094992, 3.09328119219, 6.17293434012, 1.06664262469, 4.26002909507, 0.870277673027, 1.09000078846, 1.04110337297, 1.00134512264, 1.17614084009, 9.26160482141, 1.08754894642, 0.917559260818, 146.075779754, 1.00116870428, 2.43380048667, 1.11504865523, 4.43319631827, 1.01377820302, 470.324341949, 30.9848256747, 786.499905458
1.33564176881, 1.00000039164, 1.45044347173, 1.14898808707, 5.94228193232, 0.957909135924, 4.39312057973, 1.18575182991, 0.92029179959, 5.21337722334, 5.60385408765, 1.11753380062, 2.5797005533, 0.980952615339, 1.09000052401, 1.04008049812, 1.0256164712, 0.855699178307, 4.91410648539, 1.15591751428, 0.878243438308, 455.170658275, 1.08652233866, 4.56504251138, 1.06750558772, 3.01852614828, 0.918748556114, 218.527699246, 25.0026910467, 1665.25771715
4.0770641256, 1.00000017633, 1.0057348056, 1.05714249754, 3.21464475449, 0.792624482498, 2.60289889665, 1.20724214616, 0.911544726987, 5.76707220937, 5.03698677455, 1.08661608531, 2.97060722642, 1.06591543215, 1.09000014688, 1.07561117668, 1.01248168662, 0.958023855288, 5.52911187354, 0.963424655995, 0.863107112134, 310.56538683, 1.10090075372, 3.02139395684, 1.01036202559, 1.28221126089, 1.00509660119, 191.436815014, 24.8522114853, 1991.81527033
3.89063061113, 1.00000030242, 1.30291790069, 1.02172184318, 4.03332175068, 0.905825372682, 1.40756120245, 1.21589597408, 0.956718089946, 1.43428101844, 6.09408810155, 0.869601570632, 2.15544154741, 0.961148266891, 1.09000054725, 1.06036445165, 1.02137723925, 0.882549564971, 7.65826071765, 0.917373495619, 0.842304668297, 740.983824778, 1.07818102737, 3.68091095849, 1.13887988033, 3.88000679404, 0.978928243339, 405.292529421, 19.3814260072, 1614.74755352
3.98823371015, 1.00000041444, 1.42134759696, 0.922150378125, 2.8691091078, 0.767921007791, 5.38626196997, 1.06959843385, 0.903673696652, 3.81521921888, 5.16850873418, 0.848482377625, 1.21879350159, 1.08366067584, 1.09000082254, 1.01291566726, 1.00792480735, 0.853367703659, 4.30624549199, 1.12363544512, 0.893986856231, 249.856357542, 0.925370656999, 1.85199218412, 0.979319069738, 2.67680127263, 0.890831721902, 599.094184352, 17.8555130709, 4566.58706119
3.01556494601, 1.00000047092, 1.46864238411, 1.1404543865, 3.58173689496, 0.886576231547, 2.49489296039, 1.18186972519, 0.905358783345, 1.34716542197, 5.60278596238, 1.07712326563, 4.48842094342, 0.980704904114, 1.09000031565, 1.02908743108, 1.00982622063, 0.855088495463, 7.92247091327, 1.05004719025, 0.930253074416, 609.092711775, 0.940750295934, 5.13998119243, 1.09700744927, 4.18560867754, 1.27914974207, 377.429206287, 18.4823527529, 2594.66421882
3.95328029462, 1.00000041479, 1.42133212443, 0.922150378125, 3.45404732302, 0.76873424035, 5.39732481846, 1.06959843385, 0.96403283334, 3.83071956948, 5.16850873418, 0.848482377625, 1.21879350159, 1.08289603567, 1.09000061899, 1.01276257171, 1.00792480735, 0.857948414316, 3.44190445717, 1.05807774712, 0.959409225534, 249.856357542, 0.925370656999, 2.80447120816, 0.999738419945, 2.67680127263, 0.890831721902, 384.385017136, 18.1840882476, 2643.28679287
3.65463354051, 1.00000043202, 1.05460174063, 1.05877121803, 2.07662346035, 0.806792645441, 1.72895594615, 1.02649892429, 0.903765690384, 5.69469651648, 5.0400076299, 1.15130901676, 2.00289136827, 1.06863448193, 1.09000069325, 1.06574083286, 1.02853354702, 0.959633047443, 5.48719672539, 1.17714062123, 0.862774280766, 303.189596328, 1.10227985435, 3.67223709141, 0.985257292369, 5.30751524772, 0.893524007488, 718.910535842, 26.6953034355, 1138.41728222
3.8994683127, 1.00000076849, 1.34469725117, 1.0214133803, 5.77184970069, 0.953562117655, 1.4474903656, 1.15304817561, 0.946919133889, 2.82291415383, 5.11633851878, 1.08239992945, 1.08670935823, 0.869710781895, 1.09000086291, 1.06025634607, 1.02158443423, 1.06300290767, 4.1391614384, 1.05127497844, 0.823178725254, 777.861401978, 1.06481181056, 5.24938244059, 1.14827866717, 3.25860870321, 1.25771810825, 790.601973707, 23.0190099444, 978.70123421
3.98833478647, 1.00000041444, 1.40900480776, 1.14816065909, 2.85387965428, 0.94170807231, 3.80091998357, 1.19443914081, 0.998666088375, 3.81521921888, 5.16987701223, 0.848482377625, 1.23002485968, 1.01408315784, 1.09000082196, 1.01291566726, 1.0208730069, 0.85452506515, 5.12293930635, 1.12363544512, 0.894760558151, 249.856357542, 0.924459751213, 1.76791333687, 1.23432916119, 3.01085510849, 0.9202591086, 384.37432166, 22.7795741764, 2034.35077928
5.57909068663, 1.00000008314, 1.42975600829, 1.05348662571, 5.85352481396, 0.769950637126, 5.19198930644, 1.1122116565, 0.901333789205, 3.03360412872, 5.72090845413, 1.01041507123, 3.69545188044, 0.955391619833, 1.09000058265, 1.07511942456, 1.00174383141, 1.13038812719, 9.77411439068, 1.10111185698, 0.856999049701, 587.375469427, 0.940712361388, 3.92670309506, 1.20301323846, 2.40523099179, 1.10328010165, 393.863533219, 29.9785537811, 1532.715347
4.10794362188, 1.00000011278, 1.42810108401, 1.01403201689, 6.20714507201, 0.755859602183, 1.62661101394, 1.25923945803, 0.935728803188, 6.17309033378, 5.79341163236, 0.966250187911, 2.58689146602, 1.2853792628, 1.09000041623, 1.09126416819, 1.02731658217, 1.08954275288, 6.37283071432, 1.16004254393, 0.882972469139, 162.036307884, 0.99781891144, 2.35971145997, 1.16219266544, 1.07559883498, 1.10255008182, 706.137722814, 23.2399579729, 1231.37679634
1.23762390799, 1.00000090323, 1.27229111558, 0.913311259378, 6.43863171614, 0.791014674215, 3.86854629637, 1.24219510258, 0.90062290759, 5.64621416878, 6.01152118661, 1.21500355388, 3.21673477885, 1.19974058037, 1.09000048756, 1.08345674122, 1.03876021858, 1.01028221843, 9.66726788505, 1.12815366001, 0.970766645367, 383.467915494, 1.12803693304, 3.99101727384, 1.10284281756, 3.15299129835, 1.12650496889, 513.909735515, 34.6384541863, 1168.45586612
3.87908244846, 1.00000069175, 1.37772898553, 0.892947129136, 3.2230266263, 0.762145441458, 3.17498051648, 1.08433230698, 0.932475251108, 1.84234223316, 6.03274769345, 0.977953317321, 4.94259930301, 1.20006709116, 1.09000023876, 1.03549009216, 1.03323713094, 1.19554583829, 9.75012737867, 1.13573668412, 0.883065429692, 594.458660129, 0.918473659089, 5.69299508597, 1.04030737826, 4.86706724284, 1.24389505456, 578.925102397, 33.1894963313, 1472.27546242
2.4329450616, 1.00000087689, 1.08489299754, 1.05201143049, 2.94246076582, 0.817667284753, 4.39631802694, 1.21130785983, 0.958433928722, 5.73535246268, 6.09894996232, 0.87057932093, 2.15846819564, 1.05477795399, 1.09000083775, 1.01682858453, 1.00179047064, 0.882180662984, 7.65144517897, 0.938649709936, 0.839278412145, 412.957896263, 1.09444750153, 4.89080729485, 1.10576129071, 4.37065846298, 1.07972337878, 271.068664304, 29.5602091666, 1751.97489226
1.31446444387, 1.00000080087, 1.32479753987, 0.902915305609, 2.15529361268, 0.939051410802, 2.64872795905, 1.09598971491, 0.939503939556, 2.22030266415, 5.54068123484, 0.917416013319, 4.18801893828, 1.09033062979, 1.09000054364, 1.08827762391, 1.03367838872, 1.00496379234, 7.20049093228, 1.01269809862, 0.76973079962, 125.437840179, 1.09656362585, 5.93969685497, 1.14357694949, 1.710234089, 1.23374332317, 309.353692618, 28.2488867005, 2041.0774956
5.3134260603, 1.00000011876, 1.38434495302, 0.940942358148, 5.94264036046, 0.937203356357, 4.02630576722, 1.0918509338, 0.933629883815, 5.12691048021, 5.49973386395, 1.11078870543, 3.11510547526, 0.838117701001, 1.09000091246, 1.05326122863, 1.03127792907, 0.995463097974, 5.1174616749, 1.00156129779, 0.839195827721, 457.500973273, 1.08556154151, 4.56321084906, 1.06747581918, 3.16999579527, 0.934933692565, 640.589648515, 27.4776404442, 1686.17672456
4.15270810652, 1.0000007687, 1.67449367495, 1.09589071369, 6.9338666984, 0.749538384179, 3.12380073508, 1.101301595, 0.947364298592, 5.34042073882, 5.11524792109, 1.08559658603, 1.88259101445, 1.02568867764, 1.09000052651, 1.07285469873, 1.04263285838, 0.856530085729, 3.42212581809, 1.12785725871, 0.822830412727, 781.58289235, 1.12455603837, 3.14353717731, 1.21274204754, 3.24854812548, 0.870086319877, 380.797890787, 23.3608147863, 11289.7448523
1.31172269813, 1.00000039105, 1.44605314409, 1.14918089308, 5.94228193232, 0.787242172424, 4.39578801896, 1.00452513419, 0.922753295647, 5.18616756464, 5.36251742845, 1.11753380062, 2.5797005533, 1.01641906289, 1.09000052376, 1.04008049812, 1.02553450773, 1.02695268936, 5.12006173748, 1.15912212379, 0.878856097408, 455.170658275, 1.08499974639, 4.56504251138, 1.06750558772, 3.01852614828, 0.920540223703, 737.088191772, 19.7346405174, 2943.46412145
5.41574281568, 1.00000014424, 1.44649857289, 1.2071768988, 4.99161986264, 0.860307152957, 3.17005037489, 1.12757269459, 0.928708847054, 4.8100349774, 4.7624961462, 1.13316446184, 4.13708259721, 0.92189978497, 1.09000015589, 1.03665041346, 1.00665834648, 1.04813465059, 9.4482477804, 1.06513865753, 0.900510915032, 153.985018722, 0.967306949737, 5.89775671993, 0.969341751479, 4.23703871714, 1.15691241925, 559.090069216, 21.0704830448, 11418.0264142
4.35102757057, 1.00000003704, 1.72245704019, 1.09576573666, 5.74540588229, 0.953561974032, 3.09157784201, 1.15175842009, 0.949089103707, 2.81939782148, 5.87141392172, 1.0891703039, 1.92170282176, 0.871084303207, 1.09000052894, 1.06027397714, 1.04274065249, 0.859304054881, 4.15026316004, 1.12859335968, 0.919371199347, 786.294197851, 1.08226354205, 3.94456942122, 1.14831235983, 3.24971959093, 1.255810135, 560.78649696, 21.1208522084, 2659.24189458
4.39146598039, 1.00000084343, 1.43701904314, 0.910151429712, 3.72011288912, 0.93569811815, 3.77252804615, 1.10763265385, 0.959491841893, 6.17311646031, 4.68721416118, 0.955337888839, 5.01892391201, 1.20011785448, 1.09000041518, 1.01608909418, 1.0368802692, 0.968870041955, 6.90191612262, 1.08388909463, 0.810968018769, 291.560952806, 1.08366451289, 1.16546020907, 1.0451554031, 2.72506911424, 0.87623187138, 838.723913698, 40.4965481297, 1044.54044984
5.33404415374, 1.00000030696, 1.30348564377, 1.05574734183, 4.03865204926, 0.905610538261, 1.4073539035, 1.1750101111, 0.956920992278, 1.43088257786, 4.9325051017, 0.87030007493, 2.10637961524, 0.991633923766, 1.09000054725, 1.01842354378, 1.03300837797, 0.871799657648, 7.65826071765, 0.91666086948, 0.842304668297, 749.722865574, 1.07782855112, 3.69641165095, 1.13617930415, 3.8938967807, 1.18794496987, 503.497519023, 24.0561403356, 6193.79442676
1.92076163185, 1.00000041424, 1.40900480776, 0.887561671594, 3.63900450402, 0.941406977599, 3.81401962222, 1.19443914081, 0.998666088375, 3.81521921888, 5.16931751287, 0.848473161268, 1.21879350159, 1.09154622708, 1.09000082493, 1.03277878866, 1.0208730069, 0.854811813535, 4.32207986347, 1.12363544512, 0.814136564952, 249.856357542, 0.957969343554, 1.86827119829, 1.23472872099, 1.13851051403, 0.890811043929, 1483.2013768, 23.2307796326, 2074.04569733
2.36941454794, 1.00000082082, 1.34081742785, 1.14481496986, 6.05743528111, 0.938300758474, 2.73401941678, 1.10074113305, 0.939540629109, 2.25572443186, 6.19802454493, 0.918038274873, 3.02541274057, 1.09036226562, 1.09000048898, 1.08827762391, 1.02737233273, 0.827812876927, 6.61520938041, 0.98603717689, 0.951098250367, 95.1210571394, 1.09637713217, 5.93969685497, 1.14357694949, 4.55213949315, 1.11042379647, 623.174182904, 25.5206808986, 2297.99796631
2.07498377922, 1.00000016555, 1.16262708296, 0.8564762646, 2.49111122054, 0.723177815629, 3.0547976628, 1.00502438864, 0.947911562104, 3.53592121473, 5.92802747298, 0.972248262094, 1.46040888771, 0.874601523971, 1.09000038712, 1.10116512772, 1.0226455497, 0.940627786867, 4.62931116763, 0.922294294936, 0.82101776515, 178.372908689, 1.05440343208, 5.5954114805, 0.990828344337, 1.2873453676, 0.961869159842, 783.137695676, 28.4132954718, 1287.8416607
1.36193272333, 1.00000033562, 1.04356579155, 1.04127367609, 3.86835443076, 0.893298696983, 4.41537153201, 1.01569218196, 0.971826006346, 3.11623160095, 5.25566041588, 0.974777920296, 3.50941186073, 0.823500875269, 1.09000010963, 1.07443568706, 1.01869442263, 1.2148257031, 6.3355453367, 1.03585853729, 0.770659486991, 137.405179867, 1.13757063126, 4.52935441665, 0.961073059128, 3.23285402885, 1.18933204222, 1337.67687934, 26.5089582212, 2096.88609983
4.17058352208, 1.00000088435, 1.60689752642, 1.02190636627, 4.84766711153, 0.955157909506, 1.85906803014, 1.22638060737, 0.933502364239, 2.47059572941, 4.80487724515, 1.13365396727, 4.30562246562, 0.971363935462, 1.09000009051, 1.05553871931, 1.04126030149, 0.816297348288, 3.95272817261, 1.04690232659, 0.999195444359, 480.043768476, 0.91658985755, 3.93287307391, 1.22114446468, 2.6137452749, 1.19864617215, 577.832858148, 34.9995982199, 1799.19224365
2.4329450616, 1.00000087689, 1.09066239933, 0.915453982428, 2.94246076582, 0.816748309918, 4.39631802694, 1.06856889372, 0.910361324723, 5.89207664095, 6.07902003512, 0.849289654706, 3.64403654627, 1.05204069293, 1.09000083775, 1.04796253047, 1.00179047064, 0.990681169027, 9.36663144773, 0.93963292539, 0.787738717337, 412.957896263, 1.09444750153, 4.89110531904, 1.10576129071, 4.37065846298, 1.07972337878, 561.958941132, 33.9671077304, 1873.9708963
5.71164912691, 1.00000044561, 1.05027685466, 1.00873178248, 1.8826765599, 0.929954539025, 3.42118461169, 1.07145239325, 0.995961010301, 3.0194526853, 5.5906205862, 1.18476874233, 3.84545271763, 1.28091407845, 1.09000068839, 1.05270018618, 1.01574215928, 1.08489886065, 4.36642846549, 0.91351936301, 0.923258455106, 389.273905295, 0.962603987143, 2.40973217834, 1.06436344365, 3.943610496, 1.29464879506, 438.947287482, 32.1848067603, 2308.61482483
3.88599277779, 1.0000006784, 1.38090907972, 1.1070453858, 5.45022681251, 0.762451698115, 3.18401867737, 1.09301929529, 0.991975278121, 4.14073994553, 5.44250419062, 0.946460973085, 4.94921225259, 1.19983083209, 1.09000086555, 1.03586385313, 1.03420661647, 1.21553787885, 7.15363694789, 0.944150582749, 0.772962495421, 319.632280087, 0.918928273021, 5.69329314818, 1.14725999424, 4.61400050568, 1.29622475979, 429.669586912, 30.8061960318, 2573.66507948
4.20058551522, 1.00000061105, 1.27455458189, 1.17681569571, 1.87165397703, 0.825094856839, 3.06435287196, 1.10734902163, 0.910592117924, 3.15697652248, 5.67999879353, 1.02296084386, 2.47344783139, 0.844051826442, 1.09000047475, 1.09091551785, 1.0187193544, 0.913264307937, 7.89728829663, 0.975318787117, 0.836413479135, 693.445183084, 1.13497034598, 1.92430877602, 1.14563582359, 3.80479350564, 1.19931005936, 422.013513693, 32.7284534843, 5218.38172017
4.80137126809, 1.00000088435, 1.52510932879, 1.02190636627, 1.52535563141, 0.91531096142, 1.85906803014, 1.12893849408, 0.993663960169, 5.94529271799, 4.95327502091, 1.1387222864, 1.06346598879, 0.971363935462, 1.0900002065, 1.08149094658, 1.03929157733, 0.816297348288, 3.95272817261, 1.04690232659, 0.99900040426, 481.915218653, 0.915905589647, 4.69719693168, 1.22114446468, 2.6137452749, 1.19864617215, 452.841776178, 30.5213636859, 4705.69499749
5.31057021698, 1.00000030242, 1.37756523028, 1.05478730803, 3.22264706027, 0.906057416431, 1.40756120245, 1.08333278804, 0.956921615857, 1.4185792539, 6.09886471564, 0.977915720594, 2.15544154741, 0.989369769507, 1.09000023678, 1.01842354378, 1.03300837797, 0.811296827788, 7.65826071765, 0.917618521734, 0.842304668297, 740.983824778, 1.07782855112, 3.68091095849, 1.13887988033, 3.88138589232, 1.2437292638, 796.210464372, 20.0085966033, 5564.132795
1.98848097637, 1.00000057344, 1.19273299056, 0.888017384548, 3.6496086373, 0.869632460077, 4.67261557105, 1.13316979246, 0.921588339104, 4.36605997216, 6.01172741487, 0.847825712106, 3.22822171497, 0.892043300653, 1.09000062027, 1.03283844287, 1.03946293624, 1.0055777803, 5.96274805493, 1.06621866265, 0.813592227783, 489.139005312, 0.957631696144, 2.61214065914, 1.12554713276, 1.38587677553, 0.920887144786, 767.294778632, 20.5157273895, 6997.96755588
4.20058551522, 1.00000010444, 1.24479036774, 1.17834571407, 1.87165397703, 0.77165335147, 3.06435287196, 1.10734902163, 0.910865336993, 3.15697652248, 5.67999879353, 1.02309968205, 2.47344783139, 0.844051826442, 1.09000047475, 1.09091551785, 1.0187193544, 1.06158483496, 8.27235563074, 0.976124308074, 0.836006719152, 684.641897781, 1.00039547105, 1.93269696686, 1.14505747697, 3.72917310193, 1.19931005936, 933.147887554, 20.2529897089, 4283.93892175
1.98848097637, 1.00000047949, 1.19481291094, 0.888017384548, 3.6496086373, 0.739338523331, 4.67261557105, 1.13316979246, 0.921588339104, 2.21227926551, 6.01172741487, 0.847825712106, 3.24045163396, 0.892043300653, 1.0900006122, 1.03283844287, 1.03946293624, 1.14741113865, 5.96274805493, 1.06561258133, 0.982976102371, 489.139005312, 0.957631696144, 4.86352482864, 1.12511417177, 1.38437845607, 0.963379414405, 718.739082445, 22.3365639148, 2880.71946193
4.17058352208, 1.00000088435, 1.61447634454, 1.02190636627, 4.83092443701, 0.955157909506, 1.85906803014, 1.22591927418, 0.93374812184, 2.37797681494, 4.80487724515, 1.13365396727, 1.05723235335, 0.971363935462, 1.09000020693, 1.05530693142, 1.04122834203, 0.816297348288, 3.95272817261, 1.04690232659, 0.99900040426, 480.043768476, 0.917603892054, 5.34255077729, 1.22114446468, 2.6137452749, 1.19864617215, 567.21921587, 25.7321957335, 3718.65681884
1.27666267335, 1.00000096711, 1.3245931634, 1.02957186056, 2.15282982613, 0.93836609971, 2.65724305329, 1.10120127674, 0.939724383816, 1.6129467013, 5.54687234026, 0.918006782398, 4.40972359499, 1.24851677866, 1.09000090191, 1.02019087586, 1.02740205186, 1.05616328493, 4.49835129097, 0.916912308631, 0.760979136507, 737.995914089, 1.09650794255, 3.69036192709, 0.953098019516, 4.61400384405, 0.975305024625, 614.643551271, 22.1548921457, 11808.4795151
2.38434205837, 1.00000017249, 1.33435442228, 0.952385327437, 6.8581884492, 0.845722625803, 5.24215225681, 1.09151453264, 0.953517611397, 1.56313819334, 6.03164548384, 0.903548572501, 4.4895550835, 0.836279745888, 1.09000056637, 1.05957290496, 1.00614370581, 1.18492595073, 6.2067869896, 1.00143069791, 0.848348453747, 52.5628703669, 1.19121498216, 4.47348569712, 0.983162438118, 1.26403321531, 0.938008457543, 665.853227996, 22.0958864396, 12362.7394552
1.14124979635, 1.00000062551, 1.01157666483, 1.11813607247, 3.35704122437, 0.817288410649, 1.5130964147, 1.24766104057, 0.957327280721, 4.31197356963, 4.95264579502, 0.878788752016, 1.74556271908, 0.919385137705, 1.09000024866, 1.04370636152, 1.00111107844, 1.02967437148, 9.63972371383, 0.918768100007, 0.969167035458, 946.335379825, 1.03591135906, 2.99321219516, 0.977743112594, 4.50370506745, 1.29777397055, 694.433231942, 21.3722040649, 7576.17293922
4.17537887769, 1.00000075908, 1.15471148668, 1.19802953193, 2.81251927767, 0.771746946054, 3.13707031019, 1.10705707605, 0.981988622167, 1.28710153787, 6.16323276414, 0.844846566534, 3.75602068674, 1.24186609527, 1.09000048904, 1.09104096592, 1.02685595257, 0.828944172496, 6.62220974772, 1.10258648486, 0.926685152914, 166.399193017, 1.18194875161, 5.75453834433, 1.08230329825, 1.43332676209, 1.20101216401, 669.141372913, 21.9532604784, 7729.69407047
1.94673645847, 1.00000023754, 1.42975600829, 1.05348662571, 5.85352481396, 0.76861817244, 5.19198930644, 1.1122116565, 0.946623236628, 5.49733420223, 5.72090845413, 1.1498744838, 1.82514110281, 0.955158787756, 1.09000058063, 1.07511942456, 1.04184494632, 0.950113941757, 4.35342406642, 1.10111185698, 0.856999049701, 587.375469427, 0.940712361388, 5.66245229561, 1.20301323846, 2.40523099179, 1.10328010165, 683.428287739, 21.8422490558, 8031.16609338
4.90248412152, 1.00000033562, 1.04356841335, 0.865356797107, 6.89699413486, 0.936245086125, 4.41537153201, 1.0150820281, 0.922749303817, 3.11623160095, 5.2539764745, 0.984758194328, 3.65732330872, 0.823537007894, 1.09000010963, 1.07431614158, 1.01869442263, 1.21370148361, 5.09100418594, 1.12518688678, 0.838776010488, 186.563407843, 1.03330462169, 4.52935441665, 1.18623905602, 2.88007444746, 1.18933204222, 644.996607814, 26.3689501343, 3543.49955724
1.98848097637, 1.00000003646, 1.71762574479, 0.888017384548, 5.77147421127, 0.746786878439, 4.67261557105, 1.13316979246, 0.921588339104, 2.21227926551, 5.87192507657, 0.847825712106, 3.30378602493, 0.892043300653, 1.09000061029, 1.03283844287, 1.04269057148, 1.14741113865, 5.96274805493, 1.06561258133, 0.983400901453, 795.785824761, 1.01765459951, 4.86352482864, 1.14913630459, 1.27203695087, 0.961755393335, 1199.24396124, 26.1750812563, 2659.35609105
1.2200766157, 1.00000035697, 1.61394605442, 1.01592967037, 4.00649087448, 0.911946470597, 4.73601802049, 1.12535074922, 0.97590070217, 1.37279736603, 4.78554527352, 1.06174153768, 3.21406147518, 0.946836145366, 1.09000034974, 1.08165352846, 1.02375593035, 1.20897099769, 8.77920178856, 1.03567535838, 0.899363990963, 128.679316659, 1.09337066842, 5.06774077805, 1.23160758921, 1.88190246258, 1.25403983387, 942.149050271, 28.8954055894, 2041.53338377
3.08797917087, 1.00000005184, 1.30273393613, 0.912183942572, 3.9662946402, 0.895775529279, 2.70431117704, 1.24880067193, 0.975868576305, 6.13617104175, 5.8618574071, 1.13127664402, 1.20618989018, 0.932613562827, 1.09000071827, 1.08996358948, 1.00685944211, 0.917365695747, 5.2724957522, 1.08536997682, 0.978216408695, 76.1354475106, 0.938797604061, 1.67468752446, 1.07200403135, 1.91573153071, 0.961300523059, 1647.51610787, 33.4020018655, 1831.26699695
4.20058551522, 1.00000061105, 1.27406324997, 1.14892356359, 1.87165397703, 0.825094856839, 3.06435287196, 1.00553558968, 0.910587722961, 3.12888869517, 5.69195629173, 1.02296084386, 2.5781479423, 0.844051826442, 1.09000052393, 1.09091551785, 1.01879213109, 0.913264307937, 7.90263441343, 1.15912957546, 0.836413479135, 454.20321964, 1.13497034598, 1.92430877602, 1.142756941, 3.80479350564, 1.19931005936, 1581.88533431, 44.308813997, 1901.60505914
3.83968629423, 1.00000087689, 1.09066239933, 0.915453982428, 2.85454921437, 0.81658507007, 3.81101266635, 1.06856889372, 0.956801865426, 5.87400488388, 5.99060215716, 0.848480641252, 3.64403654627, 1.05204069293, 1.09000083775, 1.01327863281, 1.00179047064, 0.990681169027, 9.36663144773, 0.93963292539, 0.787807500514, 177.78267285, 1.09517299885, 4.89130210444, 1.10576129071, 2.66126163262, 0.913726250228, 510.651462553, 33.6716919066, 4572.23533721
1.34087459559, 1.00000012538, 1.1241525117, 1.17997172979, 3.8750857215, 0.827292036376, 1.1625344594, 1.08439300361, 0.909027482728, 5.26227930488, 5.67355104958, 0.974840151757, 2.67357325118, 0.838551927885, 1.09000030613, 1.09029386009, 1.00250842272, 1.14436177356, 7.86006100351, 0.975413334999, 0.837540319193, 676.070862292, 0.934984411224, 2.45302766827, 1.19795606246, 3.95619637039, 1.21742047902, 624.096960912, 34.1381213834, 3043.02020021
3.21351892201, 1.00000095056, 1.61551114187, 0.816578189032, 4.03482118085, 0.974504471231, 5.45309026679, 1.11038767386, 0.908185972477, 2.35983193453, 5.83671753817, 1.098722624, 2.58576280545, 1.2752510285, 1.09000081702, 1.08397250042, 1.04613388592, 0.832483020389, 6.84408790999, 1.04470210593, 0.919557855655, 31.5211509676, 0.918139060426, 5.4454577013, 1.22162804338, 2.29536511866, 1.27036872322, 940.366629884, 20.1550813821, 8336.08046725
5.26173341333, 1.00000046471, 1.43163660834, 0.968194569867, 3.45432089746, 0.882154782954, 4.51921471645, 1.16669900318, 0.964596249456, 5.50594065175, 5.14322527178, 1.19204198277, 2.73805952565, 0.932861832864, 1.09000062144, 1.03039060539, 1.02661677417, 0.858095901295, 3.45343353654, 1.05834597072, 0.958723818558, 420.526697528, 1.13521043166, 2.82530397976, 0.999295016557, 4.49589778391, 0.930494082429, 918.918978802, 22.170948522, 7105.65679621
4.50774665798, 1.00000082066, 1.6012173582, 1.0613625665, 1.61157231776, 0.825046999503, 5.44926128741, 1.23475004388, 0.990017637946, 3.0783274378, 5.54406741622, 1.06588998231, 4.89893639258, 1.00814218239, 1.09000059604, 1.04111737088, 1.03253287526, 0.937049901557, 3.14640239942, 1.07071384659, 0.953401384998, 492.148093429, 0.915760877733, 2.59474665309, 1.07885979787, 4.373873935, 0.95799152977, 1084.7464172, 21.4276955758, 6266.60994871
5.73331839301, 1.0000003641, 1.1134190131, 1.07733329394, 3.97377772491, 0.755294042326, 5.64069163854, 1.0248371529, 0.954364895444, 4.01284180612, 6.19895292241, 1.06848907455, 4.26002909507, 0.869302400505, 1.09000078846, 1.05421437008, 1.02676438197, 1.17614084009, 9.26160482141, 1.08611816737, 0.917559260818, 143.511819888, 0.966069543492, 5.62405065125, 1.11504865523, 2.59724641963, 1.01352556836, 871.583467213, 23.8327767948, 3494.32993805
4.22797640497, 1.00000088026, 1.27747782985, 0.916877826525, 2.93100834913, 0.825094856839, 4.39451459166, 1.10734902163, 0.910589063301, 3.09172753787, 5.67999879353, 1.03013842519, 3.64010032418, 0.845698391368, 1.09000083192, 1.04756850983, 1.01846251668, 0.912757364181, 7.89119175499, 0.939420284077, 0.836413479135, 402.566923364, 1.13497034598, 1.92430877602, 1.14563582359, 3.80479350564, 1.19931005936, 1263.36383281, 22.9288880246, 4110.46894215
3.55184369791, 1.00000036243, 1.12983439821, 1.08582027996, 4.22058779168, 0.755294042326, 5.64069163854, 1.0248371529, 0.954764094992, 5.4814952105, 6.19895292241, 1.06663451445, 4.26002909507, 0.869302400505, 1.09000078846, 1.05421437008, 1.0015850472, 1.17614084009, 9.26160482141, 1.08754894642, 0.917559260818, 143.511819888, 1.00069641988, 2.43327548738, 1.11504865523, 2.59724641963, 1.01352556836, 590.82277274, 26.7685282674, 8909.40983638
3.88599277779, 1.00000011872, 1.12073555087, 1.04613673198, 2.45933072262, 0.72182997341, 3.19506572594, 1.09301929529, 0.927690105935, 4.1320853985, 5.47297747234, 0.946460973085, 4.95470674922, 1.19843497786, 1.09000031051, 1.06763383893, 1.03429343008, 1.19402614283, 5.82006707096, 1.02076752879, 0.770727756079, 702.363989683, 0.935415108167, 5.69329314818, 1.14725999424, 4.03466006652, 1.15727845871, 826.825052945, 21.4713496556, 14149.8926542
4.7867535486, 1.00000065708, 1.62957150941, 0.913649645818, 4.95215311668, 0.809836924166, 1.70909472068, 1.09402155566, 0.903646073028, 3.83439750536, 4.69030487273, 0.843745253327, 1.11539840318, 1.04840651433, 1.09000082808, 1.05668353846, 1.00794877869, 0.853519617314, 9.06826294037, 1.12532742384, 0.865669449498, 618.668362273, 1.1738226698, 1.85406175856, 0.979494362617, 4.01549814941, 1.10783434406, 762.131379776, 22.2619391328, 15189.3403266
4.04126961093, 1.00000017822, 1.00541861131, 0.960740954568, 3.21278438763, 0.792514961978, 2.60319757302, 1.20342862199, 0.956721390108, 4.66189898349, 4.94488341693, 1.08661608531, 1.40148849575, 1.06591543215, 1.09000022053, 1.07565098713, 1.01248168662, 0.958023855288, 3.70435934021, 0.963424655995, 0.915094784142, 538.138761846, 0.921214923391, 3.02139395684, 1.01035232387, 1.28221126089, 1.00509660119, 707.978205302, 28.2546745008, 8705.00883275
3.7462872733, 1.00000012578, 1.59810577413, 0.855690114896, 2.94551029076, 0.817303278754, 4.39490856738, 1.06857002869, 0.910361324723, 6.08238415328, 4.96404632136, 0.844780276526, 1.472642272, 0.873755787966, 1.09000098378, 1.04828587216, 1.01887770521, 0.94097929551, 9.36663144773, 0.919653316885, 0.787738717337, 738.170322385, 1.05229384521, 4.86855792848, 1.18674296615, 4.37065846298, 1.07972337878, 733.597887483, 27.6787023082, 5750.86959406
2.38464051542, 1.00000012578, 1.09066239933, 0.853965923468, 2.94551029076, 0.817303278754, 4.39631802694, 1.06856889372, 0.910361324723, 5.99385713681, 6.07902003512, 0.850644981869, 4.45898346076, 0.873514261168, 1.09000056623, 1.04829235025, 1.0017499085, 0.94097929551, 6.19459497041, 0.957742706126, 0.787738717337, 412.957896263, 1.0511980471, 2.97548511194, 1.10716824431, 4.37065846298, 1.07972337878, 957.896701905, 39.4438217193, 2714.46291529
3.84706799175, 1.00000069453, 1.22004113695, 0.922217970861, 2.85387965428, 0.941406977599, 3.8086549666, 1.19443914081, 0.95813797802, 3.81521921888, 5.16950413038, 0.848482377625, 1.2115676052, 1.24551458346, 1.09000082254, 1.01291566726, 1.0208730069, 0.853367703659, 4.33467928539, 0.919468260235, 0.894760558151, 177.219302131, 1.16591554249, 4.62517211869, 1.23327005169, 2.67680127263, 0.890811043929, 1912.25127064, 24.7738035474, 3636.66803633
4.00127119164, 1.00000017822, 1.00541861131, 0.960740954568, 3.21278438763, 0.793741523412, 2.60036111658, 1.20342862199, 0.956721390108, 4.66189898349, 4.94488341693, 0.872426162157, 1.40148849575, 0.992386624626, 1.09000022267, 1.07565098713, 1.03341617747, 0.957786790246, 3.74070059555, 0.96445391093, 0.915094784142, 538.138761846, 0.922213208962, 3.02139395684, 1.13778589158, 1.26004288216, 1.18673489799, 1142.45364701, 42.4463320644, 2765.61916772
3.18089177826, 1.00000087253, 1.47267930485, 0.88147611647, 3.66664432627, 0.778470328231, 2.44807999143, 1.11222182489, 0.92982734823, 1.67402231975, 5.13912345026, 0.934477266263, 3.6920791351, 0.916675481545, 1.09000052815, 1.0635335131, 1.02002563273, 1.19111804022, 6.01046545873, 1.18581967533, 0.948327979737, 172.484319851, 1.17025130912, 4.57207313976, 1.10054737627, 4.94327368573, 0.979036889533, 2622.75911958, 55.6853116661, 2114.03830642
3.9466722442, 1.00000058769, 1.08481748139, 0.816102270394, 2.089181365, 0.978602652819, 4.03758697021, 1.03156321719, 0.942772619554, 1.42789385755, 5.71079525604, 0.980120547825, 1.85301051026, 0.987086176097, 1.09000033682, 1.0316635783, 1.01670822541, 1.13856579459, 7.23800164116, 0.991997870474, 0.943587570154, 433.035174735, 0.953653081808, 4.90101396333, 0.996589501154, 1.79661433312, 1.03411348594, 903.443313739, 23.9122458316, 4740.15178407
4.7867535486, 1.00000065708, 1.6337315796, 0.913649645818, 5.98900964799, 0.809836924166, 4.36721776806, 1.09402155566, 0.903646073028, 5.21225759899, 4.69030487273, 0.844947191603, 1.12969890091, 1.04493060424, 1.09000082808, 1.04024189428, 1.00794877869, 0.957516532713, 9.06826294037, 1.15658777013, 0.865669449498, 618.668362273, 1.17556922289, 1.85406175856, 0.977034917889, 3.0204548579, 0.918770989936, 1639.01965502, 34.6436020003, 3104.87543195
