3.51878705171, 1.16679131998, 1.01094258138, 1.19325984181, 6.86553949133, 0.845044906617, 3.08978486032, 1.15301833471, 1.04225712701, 4.59187990623, 3.23680352585, 1.21354974754, 2.95701412938, 1.08979548357, 0.7978108316, 1.36572478992, 1.15968601079, 1.16595372399, 9.94433289673, 1.069246074, 0.833881465694, 289.885516021, 1.14637885386, 3.17609087187, 1.14419944562, 4.34339866508, 1.29857942969, 75.6986970995, 18.9218419015, 350.443451178
3.51878705171, 1.16679131998, 1.01094258138, 1.19325984181, 6.86553949133, 0.845044906617, 3.08978486032, 1.15301833471, 1.04225712701, 4.59187990623, 3.23680352585, 1.21354974754, 2.95701412938, 1.08979548357, 0.7978108316, 1.36572478992, 1.15968601079, 1.16595372399, 9.94433289673, 1.069246074, 0.833881465694, 289.885516021, 1.14637885386, 3.17609087187, 1.14419944562, 4.34339866508, 1.29857942969, 75.6986970995, 18.9218419015, 350.443451178
3.51878705171, 1.16679131998, 1.01094258138, 1.19325984181, 6.86553949133, 0.845044906617, 3.08978486032, 1.15301833471, 1.04225712701, 4.59187990623, 3.23680352585, 1.21354974754, 2.95701412938, 1.08979548357, 0.7978108316, 1.36572478992, 1.15968601079, 1.16595372399, 9.94433289673, 1.069246074, 0.833881465694, 289.885516021, 1.14637885386, 3.17609087187, 1.14419944562, 4.34339866508, 1.29857942969, 75.6986970995, 18.9218419015, 350.443451178
3.51878705171, 1.16679131998, 1.01094258138, 1.19325984181, 6.86553949133, 0.845044906617, 3.08978486032, 1.15301833471, 1.04225712701, 4.59187990623, 3.23680352585, 1.21354974754, 2.95701412938, 1.08979548357, 0.7978108316, 1.36572478992, 1.15968601079, 1.16595372399, 9.94433289673, 1.069246074, 0.833881465694, 289.885516021, 1.14637885386, 3.17609087187, 1.14419944562, 4.34339866508, 1.29857942969, 75.6986970995, 18.9218419015, 350.443451178
3.51878705171, 1.16679131998, 1.01094258138, 1.19325984181, 6.86553949133, 0.845044906617, 3.08978486032, 1.15301833471, 1.04225712701, 4.59187990623, 3.23680352585, 1.21354974754, 2.95701412938, 1.08979548357, 0.7978108316, 1.36572478992, 1.15968601079, 1.16595372399, 9.94433289673, 1.069246074, 0.833881465694, 289.885516021, 1.14637885386, 3.17609087187, 1.14419944562, 4.34339866508, 1.29857942969, 75.6986970995, 18.9218419015, 350.443451178
4.35065520045, 1.17165673211, 1.01133312867, 1.21478286036, 6.87228337581, 0.845044906617, 3.08978486032, 0.989771640549, 0.908304906779, 4.59187990623, 1.56164700825, 1.2135780684, 2.95520025797, 1.08979548357, 0.7978108316, 1.36550976071, 1.15968601079, 1.03152851999, 5.57579245754, 1.06975369687, 0.983817863333, 288.695752353, 1.14796444971, 3.45071506189, 1.14419944562, 4.51476961848, 1.29857942969, 892.586524992, 25.1648461343, 2026.34851669
4.37710472538, 1.30219588484, 0.941174443618, 1.18953553039, 6.86760450561, 0.976080279754, 3.48615536023, 1.15015629825, 1.04975699116, 4.79786866979, 4.22933867441, 1.2127739961, 2.95706856828, 1.08901415426, 0.930994441047, 1.37207887045, 1.16244097765, 1.16457994215, 9.9483522953, 0.938959369034, 0.92468456125, 25.8673685535, 1.10711715014, 5.84917774389, 0.962193477872, 4.34498561737, 1.29763425237, 169.248539184, 17.0073052445, 143.088517045
4.37710472538, 1.30219588484, 0.941174443618, 1.18953553039, 6.86760450561, 0.976080279754, 3.48615536023, 1.15015629825, 1.04975699116, 4.79786866979, 4.22933867441, 1.2127739961, 2.95706856828, 1.08901415426, 0.930994441047, 1.37207887045, 1.16244097765, 1.16457994215, 9.9483522953, 0.938959369034, 0.92468456125, 25.8673685535, 1.10711715014, 5.84917774389, 0.962193477872, 4.34498561737, 1.29763425237, 169.248539184, 17.0073052445, 143.088517045
4.37710472538, 1.30219588484, 0.941174443618, 1.18953553039, 6.86760450561, 0.976080279754, 3.48615536023, 1.15015629825, 1.04975699116, 4.79786866979, 4.22933867441, 1.2127739961, 2.95706856828, 1.08901415426, 0.930994441047, 1.37207887045, 1.16244097765, 1.16457994215, 9.9483522953, 0.938959369034, 0.92468456125, 25.8673685535, 1.10711715014, 5.84917774389, 0.962193477872, 4.34498561737, 1.29763425237, 169.248539184, 17.0073052445, 143.088517045
4.37710472538, 1.30219588484, 0.941174443618, 1.18953553039, 6.86760450561, 0.976080279754, 3.48615536023, 1.15015629825, 1.04975699116, 4.79786866979, 4.22933867441, 1.2127739961, 2.95706856828, 1.08901415426, 0.930994441047, 1.37207887045, 1.16244097765, 1.16457994215, 9.9483522953, 0.938959369034, 0.92468456125, 25.8673685535, 1.10711715014, 5.84917774389, 0.962193477872, 4.34498561737, 1.29763425237, 169.248539184, 17.0073052445, 143.088517045
4.36449729104, 1.30219588484, 0.941960448654, 1.18953553039, 6.86760450561, 0.977151215451, 3.08770426414, 1.15018309198, 1.05020832113, 4.79786866979, 4.22933867441, 1.2127739961, 2.95706859709, 1.08901415426, 0.930994441047, 1.37239640648, 1.16244621191, 1.16457994215, 9.9483522953, 0.938959369034, 0.92468456125, 25.8673685535, 1.15129831678, 5.84917774389, 0.962193477872, 4.34500877951, 1.29763425237, 184.720150976, 24.45121411, 815.813862508
3.51878705171, 1.16679131998, 1.01094258138, 1.19325984181, 6.86553949133, 0.845044906617, 3.06065769052, 1.15301833471, 1.04225712701, 4.59187990623, 3.23680352585, 1.21354974754, 2.95701412938, 1.08979548357, 0.7978108316, 1.36572478992, 1.15968601079, 1.16595372399, 9.94433289673, 1.069246074, 0.833881465694, 289.885516021, 1.14637885386, 3.17609087187, 1.14419944562, 4.34339866508, 1.29857942969, 154.519592469, 23.5742069522, 1101.15253515
4.37710472538, 1.30219588484, 0.941174443618, 1.18953553039, 6.86755849717, 0.932766966691, 3.48615536023, 1.15015629825, 1.04975252221, 4.79786866979, 4.23981203507, 1.20833483128, 2.95706856828, 1.08901415426, 0.930994441047, 1.37207887045, 1.16247694324, 1.16457796301, 9.9483522953, 0.93895756093, 0.92468456125, 25.8673685535, 1.10711715014, 5.84917774389, 0.962193477872, 4.34497558847, 1.29763425237, 32.588331718, 14.8996133199, 45.270179084
4.37710472538, 1.30219588484, 0.941174443618, 1.18953553039, 6.86755849717, 0.932766966691, 3.48615536023, 1.15015629825, 1.04975252221, 4.79786866979, 4.23981203507, 1.20833483128, 2.95706856828, 1.08901415426, 0.930994441047, 1.37207887045, 1.16247694324, 1.16457796301, 9.9483522953, 0.93895756093, 0.92468456125, 25.8673685535, 1.10711715014, 5.84917774389, 0.962193477872, 4.34497558847, 1.29763425237, 32.588331718, 14.8996133199, 45.270179084
4.37710472538, 1.30219588484, 0.941174443618, 1.18953553039, 6.86755849717, 0.932766966691, 3.48615536023, 1.15015629825, 1.04975252221, 4.79786866979, 4.23981203507, 1.20833483128, 2.95706856828, 1.08901415426, 0.930994441047, 1.37207887045, 1.16247694324, 1.16457796301, 9.9483522953, 0.93895756093, 0.92468456125, 25.8673685535, 1.10711715014, 5.84917774389, 0.962193477872, 4.34497558847, 1.29763425237, 32.588331718, 14.8996133199, 45.270179084
4.37710472538, 1.30219588484, 0.941174443618, 1.18953553039, 6.86755849717, 0.932766966691, 3.48615536023, 1.15015629825, 1.04975252221, 4.79786866979, 4.23981203507, 1.20833483128, 2.95706856828, 1.08901415426, 0.930994441047, 1.37207887045, 1.16247694324, 1.16457796301, 9.9483522953, 0.93895756093, 0.92468456125, 25.8673685535, 1.10711715014, 5.84917774389, 0.962193477872, 4.34497558847, 1.29763425237, 32.588331718, 14.8996133199, 45.270179084
4.37710472538, 1.30219588484, 0.941174443618, 1.18953553039, 6.86755849717, 0.932766966691, 3.48615536023, 1.15015629825, 1.04975252221, 4.79786866979, 4.23981203507, 1.20833483128, 2.95706856828, 1.08901415426, 0.930994441047, 1.37207887045, 1.16247694324, 1.16457796301, 9.9483522953, 0.93895756093, 0.92468456125, 25.8673685535, 1.10711715014, 5.84917774389, 0.962193477872, 4.34497558847, 1.29763425237, 32.588331718, 14.8996133199, 45.270179084
4.37710472538, 1.30219588484, 0.941174443618, 1.18953553039, 6.86755849717, 0.932766966691, 3.48615536023, 1.15015629825, 1.04975252221, 4.79786866979, 4.23981203507, 1.20833483128, 2.95706856828, 1.08901415426, 0.930994441047, 1.37207887045, 1.16247694324, 1.16457796301, 9.9483522953, 0.93895756093, 0.92468456125, 25.8673685535, 1.10711715014, 5.84917774389, 0.962193477872, 4.34497558847, 1.29763425237, 32.588331718, 14.8996133199, 45.270179084
4.37710472538, 1.30219588484, 0.941174443618, 1.18953553039, 6.86755849717, 0.932766966691, 3.48615536023, 1.15015629825, 1.04975252221, 4.79786866979, 4.23981203507, 1.20833483128, 2.95706856828, 1.08901415426, 0.930994441047, 1.37207887045, 1.16247694324, 1.16457796301, 9.9483522953, 0.93895756093, 0.92468456125, 25.8673685535, 1.10711715014, 5.84917774389, 0.962193477872, 4.34497558847, 1.29763425237, 32.588331718, 14.8996133199, 45.270179084
4.37710472538, 1.30219588484, 0.941174443618, 1.18953553039, 6.86755849717, 0.932766966691, 3.48615536023, 1.15015629825, 1.04975252221, 4.79786866979, 4.23981203507, 1.20833483128, 2.95706856828, 1.08901415426, 0.930994441047, 1.37207887045, 1.16247694324, 1.16457796301, 9.9483522953, 0.93895756093, 0.92468456125, 25.8673685535, 1.10711715014, 5.84917774389, 0.962193477872, 4.34497558847, 1.29763425237, 32.588331718, 14.8996133199, 45.270179084
4.37710472538, 1.30219588484, 0.941174443618, 1.18953553039, 6.86755849717, 0.932766966691, 3.48615536023, 1.15015629825, 1.04975252221, 4.79786866979, 4.23981203507, 1.20833483128, 2.95706856828, 1.08901415426, 0.930994441047, 1.37207887045, 1.16247694324, 1.16457796301, 9.9483522953, 0.93895756093, 0.92468456125, 25.8673685535, 1.10711715014, 5.84917774389, 0.962193477872, 4.34497558847, 1.29763425237, 32.588331718, 14.8996133199, 45.270179084
4.37710472538, 1.30219588484, 0.941174443618, 1.18953553039, 6.86755849717, 0.932766966691, 3.48615536023, 1.15015629825, 1.04975252221, 4.79786866979, 4.23981203507, 1.20833483128, 2.95706856828, 1.08901415426, 0.930994441047, 1.37207887045, 1.16247694324, 1.16457796301, 9.9483522953, 0.93895756093, 0.92468456125, 25.8673685535, 1.10711715014, 5.84917774389, 0.962193477872, 4.34497558847, 1.29763425237, 32.588331718, 14.8996133199, 45.270179084
4.37710472538, 1.30219588484, 0.941174443618, 1.18953553039, 6.86755849717, 0.932766966691, 3.48615536023, 1.15015629825, 1.04975252221, 4.79786866979, 4.23981203507, 1.20833483128, 2.95706856828, 1.08901415426, 0.930994441047, 1.37207887045, 1.16247694324, 1.16457796301, 9.9483522953, 0.93895756093, 0.92468456125, 25.8673685535, 1.10711715014, 5.84917774389, 0.962193477872, 4.34497558847, 1.29763425237, 32.588331718, 14.8996133199, 45.270179084
4.37710472538, 1.30219588484, 0.941174443618, 1.18953553039, 6.86755849717, 0.932766966691, 3.48615536023, 1.15015629825, 1.04975252221, 4.79786866979, 4.23981203507, 1.20833483128, 2.95706856828, 1.08901415426, 0.930994441047, 1.37207887045, 1.16247694324, 1.16457796301, 9.9483522953, 0.93895756093, 0.92468456125, 25.8673685535, 1.10711715014, 5.84917774389, 0.962193477872, 4.34497558847, 1.29763425237, 32.588331718, 14.8996133199, 45.270179084
4.37710472538, 1.30219588484, 0.941174443618, 1.18953553039, 6.86755849717, 0.932766966691, 3.48615536023, 1.15015629825, 1.04975252221, 4.79786866979, 4.23981203507, 1.20833483128, 2.95706856828, 1.08901415426, 0.930994441047, 1.37207887045, 1.16247694324, 1.16457796301, 9.9483522953, 0.93895756093, 0.92468456125, 25.8673685535, 1.10711715014, 5.84917774389, 0.962193477872, 4.34497558847, 1.29763425237, 32.588331718, 14.8996133199, 45.270179084
4.37710472538, 1.30219588484, 0.941174443618, 1.18953553039, 6.86755849717, 0.932766966691, 3.48615536023, 1.15015629825, 1.04975252221, 4.79786866979, 4.23981203507, 1.20833483128, 2.95706856828, 1.08901415426, 0.930994441047, 1.37207887045, 1.16247694324, 1.16457796301, 9.9483522953, 0.93895756093, 0.92468456125, 25.8673685535, 1.10711715014, 5.84917774389, 0.962193477872, 4.34497558847, 1.29763425237, 32.588331718, 14.8996133199, 45.270179084
4.37710472538, 1.30219588484, 0.941174443618, 1.18953553039, 6.86755849717, 0.932766966691, 3.48615536023, 1.15015629825, 1.04975252221, 4.79786866979, 4.23981203507, 1.20833483128, 2.95706856828, 1.08901415426, 0.930994441047, 1.37207887045, 1.16247694324, 1.16457796301, 9.9483522953, 0.93895756093, 0.92468456125, 25.8673685535, 1.10711715014, 5.84917774389, 0.962193477872, 4.34497558847, 1.29763425237, 32.588331718, 14.8996133199, 45.270179084
4.37710472538, 1.30219588484, 0.941174443618, 1.18953553039, 6.86755849717, 0.932766966691, 3.48615536023, 1.15015629825, 1.04975252221, 4.79786866979, 4.23981203507, 1.20833483128, 2.95706856828, 1.08901415426, 0.930994441047, 1.37207887045, 1.16247694324, 1.16457796301, 9.9483522953, 0.93895756093, 0.92468456125, 25.8673685535, 1.10711715014, 5.84917774389, 0.962193477872, 4.34497558847, 1.29763425237, 32.588331718, 14.8996133199, 45.270179084
4.37710472538, 1.30219588484, 0.941174443618, 1.18953553039, 6.86755849717, 0.932766966691, 3.48615536023, 1.15015629825, 1.04975252221, 4.79786866979, 4.23981203507, 1.20833483128, 2.95706856828, 1.08901415426, 0.930994441047, 1.37207887045, 1.16247694324, 1.16457796301, 9.9483522953, 0.93895756093, 0.92468456125, 25.8673685535, 1.10711715014, 5.84917774389, 0.962193477872, 4.34497558847, 1.29763425237, 32.588331718, 14.8996133199, 45.270179084
4.37710472538, 1.30219588484, 0.941174443618, 1.18953553039, 6.86755849717, 0.932766966691, 3.48615536023, 1.15015629825, 1.04975252221, 4.79786866979, 4.23981203507, 1.20833483128, 2.95706856828, 1.08901415426, 0.930994441047, 1.37207887045, 1.16247694324, 1.16457796301, 9.9483522953, 0.93895756093, 0.92468456125, 25.8673685535, 1.10711715014, 5.84917774389, 0.962193477872, 4.34497558847, 1.29763425237, 32.588331718, 14.8996133199, 45.270179084
4.37710472538, 1.30219588484, 0.941174443618, 1.18953553039, 6.86755849717, 0.932766966691, 3.48615536023, 1.15015629825, 1.04975252221, 4.79786866979, 4.23981203507, 1.20833483128, 2.95706856828, 1.08901415426, 0.930994441047, 1.37207887045, 1.16247694324, 1.16457796301, 9.9483522953, 0.93895756093, 0.92468456125, 25.8673685535, 1.10711715014, 5.84917774389, 0.962193477872, 4.34497558847, 1.29763425237, 32.588331718, 14.8996133199, 45.270179084
4.37710472538, 1.30219588484, 0.941174443618, 1.18953553039, 6.86755849717, 0.932766966691, 3.48615536023, 1.15015629825, 1.04975252221, 4.79786866979, 4.23981203507, 1.20833483128, 2.95706856828, 1.08901415426, 0.930994441047, 1.37207887045, 1.16247694324, 1.16457796301, 9.9483522953, 0.93895756093, 0.92468456125, 25.8673685535, 1.10711715014, 5.84917774389, 0.962193477872, 4.34497558847, 1.29763425237, 32.588331718, 14.8996133199, 45.270179084
4.3772334942, 1.30219588484, 0.941786784895, 1.18953553039, 6.86760450561, 0.977151111244, 3.48615536023, 1.15015629825, 1.04975699116, 4.79786866979, 4.22933867441, 1.2128696333, 2.95706859705, 1.08901415426, 0.930994441047, 1.37207500396, 1.16244622853, 1.16140485873, 9.94887486815, 0.938959369034, 0.92468456125, 25.8673685535, 1.10647916401, 5.84917774389, 0.962193477872, 4.34500884839, 1.29763425237, 111.841303999, 11.1802161739, 1746.73801416
4.37710472538, 1.30219588484, 0.941174443618, 1.18953553039, 6.86755849717, 0.932766966691, 3.48615536023, 1.15015629825, 1.04975252221, 4.79786866979, 4.23981203507, 1.20833483128, 2.95706856828, 1.08901415426, 0.930994441047, 1.37207887045, 1.13995452675, 1.16457796301, 9.9483522953, 0.93895756093, 0.92468456125, 25.8673685535, 1.10711715014, 5.84917774389, 0.962193477872, 4.34497558847, 1.29763425237, 30.3214145109, 7.30216134294, 80.3251638559
4.37710472538, 1.30219588484, 0.941174443618, 1.18953553039, 6.86755849717, 0.932766966691, 3.48615536023, 1.15015629825, 1.04975252221, 4.79786866979, 4.23981203507, 1.20833483128, 2.95706856828, 1.08901415426, 0.930994441047, 1.37207887045, 1.13995452675, 1.16457796301, 9.9483522953, 0.93895756093, 0.92468456125, 25.8673685535, 1.10711715014, 5.84917774389, 0.962193477872, 4.34497558847, 1.29763425237, 30.3214145109, 7.30216134294, 80.3251638559
4.37710472538, 1.30219588484, 0.941174443618, 1.18953553039, 6.86755849717, 0.932766966691, 3.48615536023, 1.15015629825, 1.04975252221, 4.79786866979, 4.23981203507, 1.20833483128, 2.95706856828, 1.08901415426, 0.930994441047, 1.37207887045, 1.13995452675, 1.16457796301, 9.9483522953, 0.93895756093, 0.92468456125, 25.8673685535, 1.10711715014, 5.84917774389, 0.962193477872, 4.34497558847, 1.29763425237, 30.3214145109, 7.30216134294, 80.3251638559
4.37710472538, 1.30219588484, 0.941174443618, 1.18953553039, 6.86755849717, 0.932766966691, 3.48615536023, 1.15015629825, 1.04975252221, 4.79786866979, 4.23981203507, 1.20833483128, 2.95706856828, 1.08901415426, 0.930994441047, 1.37207887045, 1.13995452675, 1.16457796301, 9.9483522953, 0.93895756093, 0.92468456125, 25.8673685535, 1.10711715014, 5.84917774389, 0.962193477872, 4.34497558847, 1.29763425237, 30.3214145109, 7.30216134294, 80.3251638559
4.37710472538, 1.30219588484, 0.941174443618, 1.18953553039, 6.86755849717, 0.932766966691, 3.48615536023, 1.15015629825, 1.04975252221, 4.79786866979, 4.23981203507, 1.20833483128, 2.95706856828, 1.08901415426, 0.930994441047, 1.37207887045, 1.13995452675, 1.16457796301, 9.9483522953, 0.93895756093, 0.92468456125, 25.8673685535, 1.10711715014, 5.84917774389, 0.962193477872, 4.34497558847, 1.29763425237, 30.3214145109, 7.30216134294, 80.3251638559
4.37710472538, 1.30219588484, 0.941174443618, 1.18953553039, 6.86755849717, 0.932766966691, 3.48615536023, 1.15015629825, 1.04975252221, 4.79786866979, 4.23981203507, 1.20833483128, 2.95706856828, 1.08901415426, 0.930994441047, 1.37207887045, 1.13995452675, 1.16457796301, 9.9483522953, 0.93895756093, 0.92468456125, 25.8673685535, 1.10711715014, 5.84917774389, 0.962193477872, 4.34497558847, 1.29763425237, 30.3214145109, 7.30216134294, 80.3251638559
4.37710472538, 1.30219588484, 0.941174443618, 1.18953553039, 6.86755849717, 0.932766966691, 3.48615536023, 1.15015629825, 1.04975252221, 4.79786866979, 4.23981203507, 1.20833483128, 2.95706856828, 1.08901415426, 0.930994441047, 1.37207887045, 1.13995452675, 1.16457796301, 9.9483522953, 0.93895756093, 0.92468456125, 25.8673685535, 1.10711715014, 5.84917774389, 0.962193477872, 4.34497558847, 1.29763425237, 30.3214145109, 7.30216134294, 80.3251638559
4.37710472538, 1.30219588484, 0.941174443618, 1.18953553039, 6.86755849717, 0.932766966691, 3.48615536023, 1.15015629825, 1.04975252221, 4.79786866979, 4.23981203507, 1.20833483128, 2.95706856828, 1.08901415426, 0.930994441047, 1.37207887045, 1.13995452675, 1.16457796301, 9.9483522953, 0.93895756093, 0.92468456125, 25.8673685535, 1.10711715014, 5.84917774389, 0.962193477872, 4.34497558847, 1.29763425237, 30.3214145109, 7.30216134294, 80.3251638559
4.37710472538, 1.30219588484, 0.941174443618, 1.18953553039, 6.86755849717, 0.932766966691, 3.48615536023, 1.15015629825, 1.04975252221, 4.79786866979, 4.23981203507, 1.20833483128, 2.95706856828, 1.08901415426, 0.930994441047, 1.37207887045, 1.13995452675, 1.16457796301, 9.9483522953, 0.93895756093, 0.92468456125, 25.8673685535, 1.10711715014, 5.84917774389, 0.962193477872, 4.34497558847, 1.29763425237, 30.3214145109, 7.30216134294, 80.3251638559
4.37710472538, 1.30219588484, 0.941174443618, 1.18953553039, 6.86755849717, 0.932766966691, 3.48615536023, 1.15015629825, 1.04975252221, 4.79786866979, 4.23981203507, 1.20833483128, 2.95706856828, 1.08901415426, 0.930994441047, 1.37207887045, 1.13995452675, 1.16457796301, 9.9483522953, 0.93895756093, 0.92468456125, 25.8673685535, 1.10711715014, 5.84917774389, 0.962193477872, 4.34497558847, 1.29763425237, 30.3214145109, 7.30216134294, 80.3251638559
4.37710472538, 1.30219588484, 0.941174443618, 1.18953553039, 6.86755849717, 0.932766966691, 3.48615536023, 1.15015629825, 1.04975252221, 4.79786866979, 4.23981203507, 1.20833483128, 2.95706856828, 1.08901415426, 0.930994441047, 1.37207887045, 1.13995452675, 1.16457796301, 9.9483522953, 0.93895756093, 0.92468456125, 25.8673685535, 1.10711715014, 5.84917774389, 0.962193477872, 4.34497558847, 1.29763425237, 30.3214145109, 7.30216134294, 80.3251638559
4.37710472538, 1.30219588484, 0.941174443618, 1.18953553039, 6.86755849717, 0.932766966691, 3.48615536023, 1.15015629825, 1.04975252221, 4.79786866979, 4.23981203507, 1.20833483128, 2.95706856828, 1.08901415426, 0.930994441047, 1.37207887045, 1.13995452675, 1.16457796301, 9.9483522953, 0.93895756093, 0.92468456125, 25.8673685535, 1.10711715014, 5.84917774389, 0.962193477872, 4.34497558847, 1.29763425237, 30.3214145109, 7.30216134294, 80.3251638559
4.37710472538, 1.30219588484, 0.941174443618, 1.18953553039, 6.86755849717, 0.932766966691, 3.48615536023, 1.15015629825, 1.04975252221, 4.79786866979, 4.23981203507, 1.20833483128, 2.95706856828, 1.08901415426, 0.930994441047, 1.37207887045, 1.13995452675, 1.16457796301, 9.9483522953, 0.93895756093, 0.92468456125, 25.8673685535, 1.10711715014, 5.84917774389, 0.962193477872, 4.34497558847, 1.29763425237, 30.3214145109, 7.30216134294, 80.3251638559
4.37710472538, 1.30219588484, 0.941174443618, 1.18953553039, 6.86755849717, 0.932766966691, 3.48615536023, 1.15015629825, 1.04975252221, 4.79786866979, 4.23981203507, 1.20833483128, 2.95706856828, 1.08901415426, 0.930994441047, 1.37207887045, 1.13995452675, 1.16457796301, 9.9483522953, 0.93895756093, 0.92468456125, 25.8673685535, 1.10711715014, 5.84917774389, 0.962193477872, 4.34497558847, 1.29763425237, 30.3214145109, 7.30216134294, 80.3251638559
4.37710472538, 1.30219588484, 0.941174443618, 1.18953553039, 6.86755849717, 0.932766966691, 3.48615536023, 1.15015629825, 1.04975252221, 4.79786866979, 4.23981203507, 1.20833483128, 2.95706856828, 1.08901415426, 0.930994441047, 1.37207887045, 1.13995452675, 1.16457796301, 9.9483522953, 0.93895756093, 0.92468456125, 25.8673685535, 1.10711715014, 5.84917774389, 0.962193477872, 4.34497558847, 1.29763425237, 30.3214145109, 7.30216134294, 80.3251638559
4.37710472538, 1.30219588484, 0.941174443618, 1.18953553039, 6.86755849717, 0.932766966691, 3.48615536023, 1.15015629825, 1.04975252221, 4.79786866979, 4.23981203507, 1.20833483128, 2.95706856828, 1.08901415426, 0.930994441047, 1.37207887045, 1.13995452675, 1.16457796301, 9.9483522953, 0.93895756093, 0.92468456125, 25.8673685535, 1.10711715014, 5.84917774389, 0.962193477872, 4.34497558847, 1.29763425237, 30.3214145109, 7.30216134294, 80.3251638559
4.37710472538, 1.30219588484, 0.941174443618, 1.18953553039, 6.86755849717, 0.932766966691, 3.48615536023, 1.15015629825, 1.04975252221, 4.79786866979, 4.23981203507, 1.20833483128, 2.95706856828, 1.08901415426, 0.930994441047, 1.37207887045, 1.13995452675, 1.16457796301, 9.9483522953, 0.93895756093, 0.92468456125, 25.8673685535, 1.10711715014, 5.84917774389, 0.962193477872, 4.34497558847, 1.29763425237, 30.3214145109, 7.30216134294, 80.3251638559
4.37710472538, 1.30219588484, 0.941174443618, 1.18953553039, 6.86755849717, 0.932766966691, 3.48615536023, 1.15015629825, 1.04975252221, 4.79786866979, 4.23981203507, 1.20833483128, 2.95706856828, 1.08901415426, 0.930994441047, 1.37207887045, 1.13995452675, 1.16457796301, 9.9483522953, 0.93895756093, 0.92468456125, 25.8673685535, 1.10711715014, 5.84917774389, 0.962193477872, 4.34497558847, 1.29763425237, 30.3214145109, 7.30216134294, 80.3251638559
4.37710472538, 1.30219588484, 0.941174443618, 1.18953553039, 6.86755849717, 0.932766966691, 3.48615536023, 1.15015629825, 1.04975252221, 4.79786866979, 4.23981203507, 1.20833483128, 2.95706856828, 1.08901415426, 0.930994441047, 1.37207887045, 1.13995452675, 1.16457796301, 9.9483522953, 0.93895756093, 0.92468456125, 25.8673685535, 1.10711715014, 5.84917774389, 0.962193477872, 4.34497558847, 1.29763425237, 30.3214145109, 7.30216134294, 80.3251638559
4.37710472538, 1.30219588484, 0.941174443618, 1.18953553039, 6.86755849717, 0.932766966691, 3.48615536023, 1.15015629825, 1.04975252221, 4.79786866979, 4.23981203507, 1.20833483128, 2.95706856828, 1.08901415426, 0.930994441047, 1.37207887045, 1.13995452675, 1.16457796301, 9.9483522953, 0.93895756093, 0.92468456125, 25.8673685535, 1.10711715014, 5.84917774389, 0.962193477872, 4.34497558847, 1.29763425237, 30.3214145109, 7.30216134294, 80.3251638559
4.37116814644, 1.30219588484, 1.01271576684, 1.1933501166, 6.86755849717, 0.932766966691, 3.48615536023, 1.15015629825, 1.04235627693, 4.79786866979, 4.23981203507, 1.20833483128, 2.95701370837, 1.08899837164, 0.930994441047, 1.37207887045, 1.16247694324, 1.16597427364, 9.9483522953, 1.0693295727, 0.92468456125, 25.8673685535, 1.10713049419, 5.84917774389, 0.962193477872, 4.34487189183, 1.29855979533, 151.281942087, 23.1127478416, 390.233636979
4.37116814644, 1.30219588484, 1.01271576684, 1.1933501166, 6.86755849717, 0.932766966691, 3.48615536023, 1.15015629825, 1.04235627693, 4.79786866979, 4.23981203507, 1.20833483128, 2.95701370837, 1.08899837164, 0.930994441047, 1.37207887045, 1.16247694324, 1.16597427364, 9.9483522953, 1.0693295727, 0.92468456125, 25.8673685535, 1.10713049419, 5.84917774389, 0.962193477872, 4.34487189183, 1.29855979533, 151.281942087, 23.1127478416, 390.233636979
4.37116814644, 1.30219588484, 1.01271576684, 1.1933501166, 6.86755849717, 0.932766966691, 3.48615536023, 1.15015629825, 1.04235627693, 4.79786866979, 4.23981203507, 1.20833483128, 2.95701370837, 1.08899837164, 0.930994441047, 1.37207887045, 1.16247694324, 1.16597427364, 9.9483522953, 1.0693295727, 0.92468456125, 25.8673685535, 1.10713049419, 5.84917774389, 0.962193477872, 4.34487189183, 1.29855979533, 151.281942087, 23.1127478416, 390.233636979
4.37116814644, 1.30219588484, 1.01271576684, 1.1933501166, 6.86755849717, 0.932766966691, 3.48615536023, 1.15015629825, 1.04235627693, 4.79786866979, 4.23981203507, 1.20833483128, 2.95701370837, 1.08899837164, 0.930994441047, 1.37207887045, 1.16247694324, 1.16597427364, 9.9483522953, 1.0693295727, 0.92468456125, 25.8673685535, 1.10713049419, 5.84917774389, 0.962193477872, 4.34487189183, 1.29855979533, 151.281942087, 23.1127478416, 390.233636979
4.37116814644, 1.30219588484, 1.01271576684, 1.1933501166, 6.86755849717, 0.932766966691, 3.48615536023, 1.15015629825, 1.04235627693, 4.79786866979, 4.23981203507, 1.20833483128, 2.95701370837, 1.08899837164, 0.930994441047, 1.37207887045, 1.16247694324, 1.16597427364, 9.9483522953, 1.0693295727, 0.92468456125, 25.8673685535, 1.10713049419, 5.84917774389, 0.962193477872, 4.34487189183, 1.29855979533, 151.281942087, 23.1127478416, 390.233636979
4.37116814644, 1.30219588484, 1.01271576684, 1.1933501166, 6.86755849717, 0.932766966691, 3.48615536023, 1.15015629825, 1.04235627693, 4.79786866979, 4.23981203507, 1.20833483128, 2.95701370837, 1.08899837164, 0.930994441047, 1.37207887045, 1.16247694324, 1.16597427364, 9.9483522953, 1.0693295727, 0.92468456125, 25.8673685535, 1.10713049419, 5.84917774389, 0.962193477872, 4.34487189183, 1.29855979533, 151.281942087, 23.1127478416, 390.233636979
4.37116814644, 1.30219588484, 1.01271576684, 1.1933501166, 6.86755849717, 0.932766966691, 3.48615536023, 1.15015629825, 1.04235627693, 4.79786866979, 4.23981203507, 1.20833483128, 2.95701370837, 1.08899837164, 0.930994441047, 1.37207887045, 1.16247694324, 1.16597427364, 9.9483522953, 1.0693295727, 0.92468456125, 25.8673685535, 1.10713049419, 5.84917774389, 0.962193477872, 4.34487189183, 1.29855979533, 151.281942087, 23.1127478416, 390.233636979
4.37123675496, 1.30219588484, 1.0167007728, 1.19341784835, 6.86755924268, 0.932071115381, 3.48615536023, 1.15015629825, 1.04950272392, 4.79786866979, 4.24022619091, 1.20838254598, 2.95701370837, 1.08899837164, 0.930994441047, 1.37207887045, 1.16247757547, 1.16458407282, 9.9483522953, 1.0650704895, 0.92468456125, 25.8673685535, 1.10713049419, 5.84917774389, 0.962193477872, 4.34498956316, 1.29977630869, 50.680809047, 17.2439193109, 313.53782459
4.37123675496, 1.30219588484, 1.0167007728, 1.19341784835, 6.86755924268, 0.932071115381, 3.48615536023, 1.15015629825, 1.04950272392, 4.79786866979, 4.24022619091, 1.20838254598, 2.95701370837, 1.08899837164, 0.930994441047, 1.37207887045, 1.16247757547, 1.16458407282, 9.9483522953, 1.0650704895, 0.92468456125, 25.8673685535, 1.10713049419, 5.84917774389, 0.962193477872, 4.34498956316, 1.29977630869, 50.680809047, 17.2439193109, 313.53782459
4.37710472538, 1.30219588484, 0.941174443618, 1.18953553039, 6.86760450211, 0.976897258645, 3.48615536023, 1.15015629825, 1.04975258457, 4.79786866979, 4.22933867441, 1.20839867339, 2.95706856828, 1.08901415426, 0.930994441047, 1.37207887045, 1.16247650667, 1.16457994215, 9.9483522953, 0.938959369034, 0.92468456125, 25.8673685535, 1.10711715014, 5.84917774389, 0.962193477872, 4.34498561737, 1.29763425237, 61.3123773409, 17.0682798345, 195.67572203
4.37710472538, 1.30219588484, 0.941174443618, 1.18953553039, 6.86760450211, 0.976897258645, 3.48615536023, 1.15015629825, 1.04975258457, 4.79786866979, 4.22933867441, 1.20839867339, 2.95706856828, 1.08901415426, 0.930994441047, 1.37207887045, 1.16247650667, 1.16457994215, 9.9483522953, 0.938959369034, 0.92468456125, 25.8673685535, 1.10711715014, 5.84917774389, 0.962193477872, 4.34498561737, 1.29763425237, 61.3123773409, 17.0682798345, 195.67572203
4.37710472538, 1.30219588484, 0.941174443618, 1.18953553039, 6.86760450211, 0.976897258645, 3.48615536023, 1.15015629825, 1.04975258457, 4.79786866979, 4.22933867441, 1.20839867339, 2.95706856828, 1.08901415426, 0.930994441047, 1.37207887045, 1.16247650667, 1.16457994215, 9.9483522953, 0.938959369034, 0.92468456125, 25.8673685535, 1.10711715014, 5.84917774389, 0.962193477872, 4.34498561737, 1.29763425237, 61.3123773409, 17.0682798345, 195.67572203
4.37710472538, 1.30219588484, 0.941174443618, 1.18953553039, 6.86755849717, 0.932766966691, 3.48615536023, 1.17030485715, 1.04975252221, 4.79786866979, 4.23981203507, 1.20833483128, 2.95706856828, 1.08968109202, 0.930994441047, 1.37207887045, 1.13995452675, 1.16457796301, 9.9483522953, 0.93895756093, 0.92468456125, 25.8673685535, 1.10711715014, 5.84917774389, 0.962193477872, 4.34497558847, 1.29763425237, 135.568737009, 22.7805137235, 275.990401845
4.37710472538, 1.30219588484, 0.941174443618, 1.18953553039, 6.86755849717, 0.932766966691, 3.48615536023, 1.17030485715, 1.04975252221, 4.79786866979, 4.23981203507, 1.20833483128, 2.95706856828, 1.08968109202, 0.930994441047, 1.37207887045, 1.13995452675, 1.16457796301, 9.9483522953, 0.93895756093, 0.92468456125, 25.8673685535, 1.10711715014, 5.84917774389, 0.962193477872, 4.34497558847, 1.29763425237, 135.568737009, 22.7805137235, 275.990401845
4.37710472538, 1.30219588484, 0.941174443618, 1.18953553039, 6.86755849717, 0.932766966691, 3.48615536023, 1.17030485715, 1.04975252221, 4.79786866979, 4.23981203507, 1.20833483128, 2.95706856828, 1.08968109202, 0.930994441047, 1.37207887045, 1.13995452675, 1.16457796301, 9.9483522953, 0.93895756093, 0.92468456125, 25.8673685535, 1.10711715014, 5.84917774389, 0.962193477872, 4.34497558847, 1.29763425237, 135.568737009, 22.7805137235, 275.990401845
4.37710472538, 1.30219588484, 0.941174443618, 1.18953553039, 6.86755849717, 0.932766966691, 3.48615536023, 1.17030485715, 1.04975252221, 4.79786866979, 4.23981203507, 1.20833483128, 2.95706856828, 1.08968109202, 0.930994441047, 1.37207887045, 1.13995452675, 1.16457796301, 9.9483522953, 0.93895756093, 0.92468456125, 25.8673685535, 1.10711715014, 5.84917774389, 0.962193477872, 4.34497558847, 1.29763425237, 135.568737009, 22.7805137235, 275.990401845
4.37710472538, 1.30219588484, 0.941174443618, 1.18953553039, 6.86755849717, 0.932766966691, 3.48615536023, 1.17030485715, 1.04975252221, 4.79786866979, 4.23981203507, 1.20833483128, 2.95706856828, 1.08968109202, 0.930994441047, 1.37207887045, 1.13995452675, 1.16457796301, 9.9483522953, 0.93895756093, 0.92468456125, 25.8673685535, 1.10711715014, 5.84917774389, 0.962193477872, 4.34497558847, 1.29763425237, 135.568737009, 22.7805137235, 275.990401845
4.37710472538, 1.30219588484, 0.941174443618, 1.18953553039, 6.86755849717, 0.932766966691, 3.48615536023, 1.15015629825, 1.04975252221, 4.79786866979, 4.23981203507, 1.20833483128, 2.95706856828, 1.08901415426, 0.930994441047, 1.37207887045, 1.13995452675, 1.16457796301, 9.9483522953, 0.93895756093, 0.92468456125, 22.4614405232, 1.10711715014, 5.84917774389, 0.962193477872, 4.34497558847, 1.29763425237, 107.26107071, 11.1875551145, 219.34769912
4.37710472538, 1.30219588484, 0.941174443618, 1.18953553039, 6.86755849717, 0.932766966691, 3.48615536023, 1.15015629825, 1.04975252221, 4.79786866979, 4.23981203507, 1.20833483128, 2.95706856828, 1.08901415426, 0.930994441047, 1.37207887045, 1.13995452675, 1.16457796301, 9.9483522953, 0.93895756093, 0.92468456125, 22.4614405232, 1.10711715014, 5.84917774389, 0.962193477872, 4.34497558847, 1.29763425237, 107.26107071, 11.1875551145, 219.34769912
4.37710472538, 1.30219588484, 0.941174443618, 1.18953553039, 6.86755849717, 0.932766966691, 3.48615536023, 1.15015629825, 1.04975252221, 4.79786866979, 4.23981203507, 1.20833483128, 2.95706856828, 1.08901415426, 0.930994441047, 1.37207887045, 1.13995452675, 1.16457796301, 9.9483522953, 0.93895756093, 0.92468456125, 22.4614405232, 1.10711715014, 5.84917774389, 0.962193477872, 4.34497558847, 1.29763425237, 107.26107071, 11.1875551145, 219.34769912
4.37710472538, 1.30219588484, 0.941673297766, 1.18493090454, 6.86755849717, 0.932766966691, 3.48615536023, 1.15015629825, 1.04242679389, 4.79786866979, 4.23981203507, 1.20833483128, 2.95707022695, 1.08901415426, 0.930994441047, 1.37207887045, 1.14018238228, 1.16602729654, 9.9483522953, 1.06923846356, 0.92468456125, 40.6844289623, 1.10713083272, 5.84917774389, 0.962193477872, 4.3449697816, 1.29763425237, 34.6287155, 8.98059782093, 109.254616961
4.37710472538, 1.30219588484, 0.941673297766, 1.18493090454, 6.86755849717, 0.932766966691, 3.48615536023, 1.15015629825, 1.04242679389, 4.79786866979, 4.23981203507, 1.20833483128, 2.95707022695, 1.08901415426, 0.930994441047, 1.37207887045, 1.14018238228, 1.16602729654, 9.9483522953, 1.06923846356, 0.92468456125, 40.6844289623, 1.10713083272, 5.84917774389, 0.962193477872, 4.3449697816, 1.29763425237, 34.6287155, 8.98059782093, 109.254616961
4.37710472538, 1.30219588484, 0.941673297766, 1.18493090454, 6.86755849717, 0.932766966691, 3.48615536023, 1.15015629825, 1.04242679389, 4.79786866979, 4.23981203507, 1.20833483128, 2.95707022695, 1.08901415426, 0.930994441047, 1.37207887045, 1.14018238228, 1.16602729654, 9.9483522953, 1.06923846356, 0.92468456125, 40.6844289623, 1.10713083272, 5.84917774389, 0.962193477872, 4.3449697816, 1.29763425237, 34.6287155, 8.98059782093, 109.254616961
4.37710472538, 1.30219588484, 0.941673297766, 1.18493090454, 6.86755849717, 0.932766966691, 3.48615536023, 1.15015629825, 1.04242679389, 4.79786866979, 4.23981203507, 1.20833483128, 2.95707022695, 1.08901415426, 0.930994441047, 1.37207887045, 1.14018238228, 1.16602729654, 9.9483522953, 1.06923846356, 0.92468456125, 40.6844289623, 1.10713083272, 5.84917774389, 0.962193477872, 4.3449697816, 1.29763425237, 34.6287155, 8.98059782093, 109.254616961
4.37710472538, 1.30219588484, 0.941673297766, 1.18493090454, 6.86755849717, 0.932766966691, 3.48615536023, 1.15015629825, 1.04242679389, 4.79786866979, 4.23981203507, 1.20833483128, 2.95707022695, 1.08901415426, 0.930994441047, 1.37207887045, 1.14018238228, 1.16602729654, 9.9483522953, 1.06923846356, 0.92468456125, 40.6844289623, 1.10713083272, 5.84917774389, 0.962193477872, 4.3449697816, 1.29763425237, 34.6287155, 8.98059782093, 109.254616961
4.37710472538, 1.30219588484, 0.941673297766, 1.18493090454, 6.86755849717, 0.932766966691, 3.48615536023, 1.15015629825, 1.04242679389, 4.79786866979, 4.23981203507, 1.20833483128, 2.95707022695, 1.08901415426, 0.930994441047, 1.37207887045, 1.14018238228, 1.16602729654, 9.9483522953, 1.06923846356, 0.92468456125, 40.6844289623, 1.10713083272, 5.84917774389, 0.962193477872, 4.3449697816, 1.29763425237, 34.6287155, 8.98059782093, 109.254616961
4.37710472538, 1.30219588484, 0.941673297766, 1.18493090454, 6.86755849717, 0.932766966691, 3.48615536023, 1.15015629825, 1.04242679389, 4.79786866979, 4.23981203507, 1.20833483128, 2.95707022695, 1.08901415426, 0.930994441047, 1.37207887045, 1.14018238228, 1.16602729654, 9.9483522953, 1.06923846356, 0.92468456125, 40.6844289623, 1.10713083272, 5.84917774389, 0.962193477872, 4.3449697816, 1.29763425237, 34.6287155, 8.98059782093, 109.254616961
4.37710472538, 1.30219588484, 0.941673297766, 1.18493090454, 6.86755849717, 0.932766966691, 3.48615536023, 1.15015629825, 1.04242679389, 4.79786866979, 4.23981203507, 1.20833483128, 2.95707022695, 1.08901415426, 0.930994441047, 1.37207887045, 1.14018238228, 1.16602729654, 9.9483522953, 1.06923846356, 0.92468456125, 40.6844289623, 1.10713083272, 5.84917774389, 0.962193477872, 4.3449697816, 1.29763425237, 34.6287155, 8.98059782093, 109.254616961
4.37710472538, 1.30219588484, 0.941673297766, 1.18493090454, 6.86755849717, 0.932766966691, 3.48615536023, 1.15015629825, 1.04242679389, 4.79786866979, 4.23981203507, 1.20833483128, 2.95707022695, 1.08901415426, 0.930994441047, 1.37207887045, 1.14018238228, 1.16602729654, 9.9483522953, 1.06923846356, 0.92468456125, 40.6844289623, 1.10713083272, 5.84917774389, 0.962193477872, 4.3449697816, 1.29763425237, 34.6287155, 8.98059782093, 109.254616961
4.37710472538, 1.30219588484, 0.941673297766, 1.18493090454, 6.86755849717, 0.932766966691, 3.48615536023, 1.15015629825, 1.04242679389, 4.79786866979, 4.23981203507, 1.20833483128, 2.95707022695, 1.08901415426, 0.930994441047, 1.37207887045, 1.14018238228, 1.16602729654, 9.9483522953, 1.06923846356, 0.92468456125, 40.6844289623, 1.10713083272, 5.84917774389, 0.962193477872, 4.3449697816, 1.29763425237, 34.6287155, 8.98059782093, 109.254616961
4.37710472538, 1.30219588484, 0.941673297766, 1.18493090454, 6.86755849717, 0.932766966691, 3.48615536023, 1.15015629825, 1.04242679389, 4.79786866979, 4.23981203507, 1.20833483128, 2.95707022695, 1.08901415426, 0.930994441047, 1.37207887045, 1.14018238228, 1.16602729654, 9.9483522953, 1.06923846356, 0.92468456125, 40.6844289623, 1.10713083272, 5.84917774389, 0.962193477872, 4.3449697816, 1.29763425237, 34.6287155, 8.98059782093, 109.254616961
4.37710472538, 1.30219588484, 0.941673297766, 1.18493090454, 6.86755849717, 0.932766966691, 3.48615536023, 1.15015629825, 1.04242679389, 4.79786866979, 4.23981203507, 1.20833483128, 2.95707022695, 1.08901415426, 0.930994441047, 1.37207887045, 1.14018238228, 1.16602729654, 9.9483522953, 1.06923846356, 0.92468456125, 40.6844289623, 1.10713083272, 5.84917774389, 0.962193477872, 4.3449697816, 1.29763425237, 34.6287155, 8.98059782093, 109.254616961
4.37710472538, 1.30219588484, 0.941673297766, 1.18493090454, 6.86755849717, 0.932766966691, 3.48615536023, 1.15015629825, 1.04242679389, 4.79786866979, 4.23981203507, 1.20833483128, 2.95707022695, 1.08901415426, 0.930994441047, 1.37207887045, 1.14018238228, 1.16602729654, 9.9483522953, 1.06923846356, 0.92468456125, 40.6844289623, 1.10713083272, 5.84917774389, 0.962193477872, 4.3449697816, 1.29763425237, 34.6287155, 8.98059782093, 109.254616961
4.37710472538, 1.30219588484, 0.941673297766, 1.18493090454, 6.86755849717, 0.932766966691, 3.48615536023, 1.15015629825, 1.04242679389, 4.79786866979, 4.23981203507, 1.20833483128, 2.95707022695, 1.08901415426, 0.930994441047, 1.37207887045, 1.14018238228, 1.16602729654, 9.9483522953, 1.06923846356, 0.92468456125, 40.6844289623, 1.10713083272, 5.84917774389, 0.962193477872, 4.3449697816, 1.29763425237, 34.6287155, 8.98059782093, 109.254616961
4.37710472538, 1.30219588484, 0.941673297766, 1.18493090454, 6.86755849717, 0.932766966691, 3.48615536023, 1.15015629825, 1.04242679389, 4.79786866979, 4.23981203507, 1.20833483128, 2.95707022695, 1.08901415426, 0.930994441047, 1.37207887045, 1.14018238228, 1.16602729654, 9.9483522953, 1.06923846356, 0.92468456125, 40.6844289623, 1.10713083272, 5.84917774389, 0.962193477872, 4.3449697816, 1.29763425237, 34.6287155, 8.98059782093, 109.254616961
4.37710472538, 1.30219588484, 0.941673297766, 1.18493090454, 6.86755849717, 0.932766966691, 3.48615536023, 1.15015629825, 1.04242679389, 4.79786866979, 4.23981203507, 1.20833483128, 2.95707022695, 1.08901415426, 0.930994441047, 1.37207887045, 1.14018238228, 1.16602729654, 9.9483522953, 1.06923846356, 0.92468456125, 40.6844289623, 1.10713083272, 5.84917774389, 0.962193477872, 4.3449697816, 1.29763425237, 34.6287155, 8.98059782093, 109.254616961
4.37710472538, 1.30219588484, 0.941673297766, 1.18493090454, 6.86755849717, 0.932766966691, 3.48615536023, 1.15015629825, 1.04242679389, 4.79786866979, 4.23981203507, 1.20833483128, 2.95707022695, 1.08901415426, 0.930994441047, 1.37207887045, 1.14018238228, 1.16602729654, 9.9483522953, 1.06923846356, 0.92468456125, 40.6844289623, 1.10713083272, 5.84917774389, 0.962193477872, 4.3449697816, 1.29763425237, 34.6287155, 8.98059782093, 109.254616961
4.37710472538, 1.30219588484, 0.941673297766, 1.18493090454, 6.86755849717, 0.932766966691, 3.48615536023, 1.15015629825, 1.04242679389, 4.79786866979, 4.23981203507, 1.20833483128, 2.95707022695, 1.08901415426, 0.930994441047, 1.37207887045, 1.14018238228, 1.16602729654, 9.9483522953, 1.06923846356, 0.92468456125, 40.6844289623, 1.10713083272, 5.84917774389, 0.962193477872, 4.3449697816, 1.29763425237, 34.6287155, 8.98059782093, 109.254616961
4.37710472538, 1.30219588484, 0.941673297766, 1.18493090454, 6.86755849717, 0.932766966691, 3.48615536023, 1.15015629825, 1.04242679389, 4.79786866979, 4.23981203507, 1.20833483128, 2.95707022695, 1.08901415426, 0.930994441047, 1.37207887045, 1.14018238228, 1.16602729654, 9.9483522953, 1.06923846356, 0.92468456125, 40.6844289623, 1.10713083272, 5.84917774389, 0.962193477872, 4.3449697816, 1.29763425237, 34.6287155, 8.98059782093, 109.254616961
