0.0807162564593, 0.110122516668, 0.0752379354655, 0.0393881982421, 0.824044404054, 0.16554373473, 0.0459389797117, 0.167705926901, 0.14907296942, 0.118766871121, 0.0102296915066, 0.0685522079882, 0.0723845254394, 0.939287117058, 0.0678632475918, 0.816008955293, 0.654804759117, 0.455596035131, 0.763615541465, 0.0483044740352, 0.330904134252, 0.26789808242, 0.412913356928, 0.39163914696, 0.175449635877, 0.145876006208, 0.0750422223047, 0.0807162564593, 0.110122516668, 0.0752379354655, 0.0393881982421, 0.824044404054, 0.16554373473, 0.0459389797117, 37.6654021325
0.285278102147, 0.0738929300073, 0.912850405862, 0.116596051227, 0.661889958987, 0.254501430013, 0.0672853334351, 0.712092715376, 0.922279251154, 0.695045700448, 0.500344373957, 0.942364200624, 0.803655216648, 0.895764075518, 0.528427559033, 0.461937050644, 0.321365640342, 0.970675249254, 0.226997147133, 0.874972539142, 0.0913842992839, 0.639744215046, 0.513475154642, 0.583998908018, 0.303347873081, 0.496036136568, 0.735640164475, 0.285278102147, 0.0738929300073, 0.912850405862, 0.116596051227, 0.661889958987, 0.254501430013, 0.0672853334351, 59.1830319487
0.249389805907, 0.590830872469, 0.090346867819, 0.826096839492, 0.897217724959, 0.260570093428, 0.0414815950225, 0.158862599704, 0.14328366559, 0.0841625655804, 0.496841259368, 0.426240903256, 0.198835939207, 0.753962553024, 0.0454129774304, 0.839490006877, 0.651530806503, 0.400396350307, 0.818183823512, 0.528829210103, 0.336625656792, 0.252817587937, 0.126411735468, 0.19261212636, 0.0700333823776, 0.115569272726, 0.0758517358111, 0.249389805907, 0.590830872469, 0.090346867819, 0.826096839492, 0.897217724959, 0.260570093428, 0.0414815950225, 39.414886484
0.170936004151, 0.266232792437, 0.0155457519198, 0.170556230316, 0.0054430567328, 0.0554493650371, 0.0712421592811, 0.28978282747, 0.82546403171, 0.806282151098, 0.437102826057, 0.214308504033, 0.472398123361, 0.745427021718, 0.080230873605, 0.179545359658, 0.315982575619, 0.61628547878, 0.440555198078, 0.437091162558, 0.421922040229, 0.260473640701, 0.820541307833, 0.0258434592565, 0.280542142739, 0.889267372938, 0.701388491397, 0.170936004151, 0.266232792437, 0.0155457519198, 0.170556230316, 0.0054430567328, 0.0554493650371, 0.0712421592811, 49.0746766913
0.108886442193, 0.133977206549, 0.107731950398, 0.0386576064388, 0.162140652823, 0.0110702288521, 0.066630816094, 0.175296111689, 0.149088192565, 0.400343749866, 0.910386690769, 0.907830579025, 0.495534045734, 0.979978755608, 0.0620174591861, 0.517760836351, 0.317551354599, 0.416090736118, 0.008299128438, 0.0533521271691, 0.420921401494, 0.0123134252613, 0.40012730709, 0.211362434492, 0.0234983616907, 0.406001230242, 0.485504102243, 0.108886442193, 0.133977206549, 0.107731950398, 0.0386576064388, 0.162140652823, 0.0110702288521, 0.066630816094, 42.2689787857
0.109474593257, 0.0229646018137, 0.102999596369, 0.0291098066543, 0.824998096478, 0.164544960282, 0.414920974059, 0.287556595568, 0.0957456170521, 0.692559394682, 0.834482896348, 0.0672099946958, 0.0773683754982, 0.745132744853, 0.0105725961956, 0.815872830299, 0.244921213761, 0.455890655675, 0.833878228263, 0.922448639609, 0.425515983131, 0.268732694601, 0.412576634471, 0.783634060021, 0.0753260871839, 0.648646473232, 0.499347660605, 0.109474593257, 0.0229646018137, 0.102999596369, 0.0291098066543, 0.824998096478, 0.164544960282, 0.414920974059, 48.6061729087
0.246145182907, 0.140108272946, 0.9075505499, 0.322792917995, 0.278124608267, 0.0127715107987, 0.040642729709, 0.167951906498, 0.154412718858, 0.675259822115, 0.502064402126, 0.0497048034058, 0.987646532297, 0.00315939529456, 0.0438161777166, 0.316014138423, 0.41288617895, 0.241432173614, 0.550839406865, 0.134327227212, 0.337393079986, 0.0842497871141, 0.820112423618, 0.840202038302, 0.0189043715792, 0.155923933197, 0.948895238987, 0.246145182907, 0.140108272946, 0.9075505499, 0.322792917995, 0.278124608267, 0.0127715107987, 0.040642729709, 42.248182435
0.396422852112, 0.0197311092997, 0.10426247222, 0.188548795494, 0.0143599389754, 0.508170528053, 0.0185597136841, 0.282452574071, 0.946507951799, 0.243535900947, 0.261438528406, 0.505673345702, 0.575687772389, 0.223468429764, 0.723449158649, 0.100469326871, 0.542817778133, 0.0817886941133, 0.259391317359, 0.38363273043, 0.914306727552, 0.0764822730259, 0.813659925725, 0.0111466892687, 0.241850696665, 0.649345259367, 0.178439133015, 0.396422852112, 0.0197311092997, 0.10426247222, 0.188548795494, 0.0143599389754, 0.508170528053, 0.0185597136841, 44.7091418057
0.120700038482, 0.686777779687, 0.109072982451, 0.0396325923379, 0.00987199294732, 0.0983044707407, 0.0708095275414, 0.443218245299, 0.0366574324081, 0.693378972313, 0.564078971863, 0.0699629403304, 0.798121240478, 0.95215283879, 0.546124774091, 0.679839867694, 0.43606647579, 0.412682876541, 0.0114942402516, 0.398380303671, 0.324446169816, 0.240733036611, 0.2408432276, 0.395692872783, 0.0303115504218, 0.144632345189, 0.351295568754, 0.120700038482, 0.686777779687, 0.109072982451, 0.0396325923379, 0.00987199294732, 0.0983044707407, 0.0708095275414, 43.6830768048
0.357063921744, 0.0119282774934, 0.143528308343, 0.16445335039, 0.202853540211, 0.817244775228, 0.790701466191, 0.539057889195, 0.770096125652, 0.811882784718, 0.7884025826, 0.226307178589, 0.066245152348, 0.118502649179, 0.0185497837777, 0.177844392821, 0.909570617664, 0.45188187939, 0.933497394077, 0.436319263968, 0.0957454252739, 0.245259697771, 0.815981089643, 0.326263518742, 0.26787872443, 0.0389519306139, 0.411849171806, 0.357063921744, 0.0119282774934, 0.143528308343, 0.16445335039, 0.202853540211, 0.817244775228, 0.790701466191, 45.5836812662
0.231712366394, 0.158652402176, 0.0994226474844, 0.890278599092, 0.894228131851, 0.822430074545, 0.0530677763343, 0.183704398472, 0.133079840344, 0.122429310132, 0.200051140418, 0.428563556232, 0.426534288474, 0.00717973615806, 0.0118864775712, 0.460133057402, 0.213302663677, 0.699329402426, 0.819957305981, 0.376034354727, 0.214099511757, 0.250105328822, 0.401780625401, 0.213229529907, 0.029545687798, 0.135514877503, 0.410769644517, 0.231712366394, 0.158652402176, 0.0994226474844, 0.890278599092, 0.894228131851, 0.822430074545, 0.0530677763343, 35.7344463401
0.774486939117, 0.582571011962, 0.167460018078, 0.195579606302, 0.00821505212341, 0.699545779377, 0.0158005886319, 0.712669205143, 0.388217078842, 0.251320140862, 0.259629533874, 0.505673345702, 0.66322222512, 0.00346283848572, 0.600755133945, 0.330436026965, 0.942289780241, 0.0748704785433, 0.267194768946, 0.387370287391, 0.854011483329, 0.167062453894, 0.00695278302572, 0.321404815555, 0.239414680486, 0.138782692973, 0.178439133015, 0.774486939117, 0.582571011962, 0.167460018078, 0.195579606302, 0.00821505212341, 0.699545779377, 0.0158005886319, 41.6869429072
0.155414598089, 0.110122516668, 0.0150006943815, 0.0394250081506, 0.917198456849, 0.0456162979305, 0.0459389797117, 0.169654435603, 0.717383183547, 0.118766871121, 0.0102296915066, 0.0849948055407, 0.471855866881, 0.951827505238, 0.0682876776298, 0.816008955293, 0.669155923246, 0.403840846342, 0.756121891276, 0.438017577648, 0.331463883433, 0.245244084789, 0.387419668063, 0.39163914696, 0.279990496285, 0.145876006208, 0.0750422223047, 0.155414598089, 0.110122516668, 0.0150006943815, 0.0394250081506, 0.917198456849, 0.0456162979305, 0.0459389797117, 42.714118634
0.400601351271, 0.0167174494515, 0.0308904001815, 0.442305230251, 0.0387476253171, 0.0236098812508, 0.113567712511, 0.270347245541, 0.202217216924, 0.66258752862, 0.506620631221, 0.93112722759, 0.20260694548, 0.796631033284, 0.0530388330408, 0.522746362948, 0.887511267224, 0.377977941467, 0.947974538476, 0.0594885243341, 0.728322054517, 0.24421015847, 0.838091167471, 0.0628893702245, 0.0318859556626, 0.540160250577, 0.406301321698, 0.400601351271, 0.0167174494515, 0.0308904001815, 0.442305230251, 0.0387476253171, 0.0236098812508, 0.113567712511, 49.2668384927
0.132354968034, 0.142472546756, 0.907549564786, 0.904047047051, 0.0397065238406, 0.0486845938533, 0.0712646878164, 0.148444068202, 0.147391322918, 0.680977565515, 0.502274430441, 0.217831852082, 0.330778093696, 0.778133880895, 0.528696518698, 0.521475776171, 0.315930996294, 0.383924674244, 0.0407332428065, 0.128258999882, 0.986951111924, 0.247390841984, 0.820112423618, 0.21041730259, 0.0247247502589, 0.16015980074, 0.974527914999, 0.132354968034, 0.142472546756, 0.907549564786, 0.904047047051, 0.0397065238406, 0.0486845938533, 0.0712646878164, 44.5984830675
0.108800056376, 0.653957036012, 0.14517655428, 0.0747993661807, 0.907311792917, 0.0115407364278, 0.0768602687626, 0.931482617734, 0.222055694015, 0.904990284008, 0.90830565942, 0.202146505082, 0.786175160295, 0.920194592536, 0.397231768852, 0.641267009861, 0.683901110434, 0.451335576651, 0.00820918951978, 0.491910361316, 0.415472838123, 0.0167725672047, 0.814135056172, 0.329225303515, 0.282140411448, 0.14745016842, 0.485561982709, 0.108800056376, 0.653957036012, 0.14517655428, 0.0747993661807, 0.907311792917, 0.0115407364278, 0.0768602687626, 51.5375784787
0.117126254452, 0.109403490033, 0.154421892372, 0.039781209556, 0.900972305232, 0.0089307783935, 0.810207587539, 0.937128103004, 0.149062489826, 0.238632044057, 0.0140771805026, 0.907377833884, 0.444268113316, 0.951731457743, 0.0690974115964, 0.804769773825, 0.679341580157, 0.412254352498, 0.0160047918003, 0.0473583162032, 0.145712313316, 0.246377542761, 0.388776198814, 0.328409269138, 0.204770038819, 0.144848334782, 0.129981987214, 0.117126254452, 0.109403490033, 0.154421892372, 0.039781209556, 0.900972305232, 0.0089307783935, 0.810207587539, 41.435841726
0.0821454860556, 0.799053989092, 0.932992501213, 0.032149679404, 0.201354435529, 0.836560426351, 0.0171964084947, 0.159721356067, 0.617007773371, 0.689753964332, 0.821848634245, 0.405826001902, 0.0881678009354, 0.932790237222, 0.565941983304, 0.58523754171, 0.669559798264, 0.216741780427, 0.896435261759, 0.359242031262, 0.168532458258, 0.270366524766, 0.768777890566, 0.478986936053, 0.386270322978, 0.137994992587, 0.717669828232, 0.0821454860556, 0.799053989092, 0.932992501213, 0.032149679404, 0.201354435529, 0.836560426351, 0.0171964084947, 50.681521621
0.275481029824, 0.263630992608, 0.0762780717938, 0.613625224025, 0.025607156044, 0.0178970639024, 0.824023334621, 0.0397226499077, 0.940494042412, 0.40732630308, 0.113329766091, 0.932092308107, 0.798912624615, 0.192014383739, 0.833616443049, 0.820305966775, 0.734118231246, 0.425234884074, 0.973748014051, 0.3722394651, 0.692674676009, 0.382435505978, 0.00868582334069, 0.640063238106, 0.0693099246278, 0.799847036814, 0.728225429144, 0.275481029824, 0.263630992608, 0.0762780717938, 0.613625224025, 0.025607156044, 0.0178970639024, 0.824023334621, 54.6093362999
0.227878157112, 0.134826773179, 0.574506053279, 0.0314225619307, 0.203619684369, 0.125588069619, 0.072378018787, 0.444906804495, 0.992026937084, 0.86249048553, 0.152601415052, 0.406391507273, 0.43943983033, 0.0507517147596, 0.0787121868589, 0.589972978405, 0.806586079229, 0.415862818231, 0.0207672770852, 0.895396707688, 0.330382740127, 0.226636051266, 0.235240298317, 0.741214213817, 0.15983993842, 0.823638507278, 0.499227586267, 0.227878157112, 0.134826773179, 0.574506053279, 0.0314225619307, 0.203619684369, 0.125588069619, 0.072378018787, 48.701810038
0.928632536616, 0.0845806305306, 0.898298621011, 0.0314225619307, 0.200554628428, 0.125588069619, 0.0844161044266, 0.444906804495, 0.992026937084, 0.853987804062, 0.152572428481, 0.406391507273, 0.437896797272, 0.0507517147596, 0.0787907517771, 0.589972978405, 0.111747653968, 0.228202807896, 0.0207672770852, 0.895396707688, 0.334156475336, 0.169543484055, 0.235240298317, 0.741214213817, 0.15983993842, 0.823638507278, 0.499227586267, 0.928632536616, 0.0845806305306, 0.898298621011, 0.0314225619307, 0.200554628428, 0.125588069619, 0.0844161044266, 44.8524290108
0.720412479785, 0.769214373144, 0.17527350929, 0.194477009302, 0.819145319917, 0.110342882727, 0.0168090785165, 0.0623955435045, 0.725295644772, 0.990817260981, 0.269488221866, 0.503738276392, 0.865678811324, 0.135939412435, 0.605393549077, 0.556800961192, 0.0457631087657, 0.610949722702, 0.372798833108, 0.328631017907, 0.425919961702, 0.637215884207, 0.878161704337, 0.321386988348, 0.472757410435, 0.135919461868, 0.178439133015, 0.720412479785, 0.769214373144, 0.17527350929, 0.194477009302, 0.819145319917, 0.110342882727, 0.0168090785165, 47.8512950878
0.981959249691, 0.280400547449, 0.097578158723, 0.0687874057856, 0.0208737879264, 0.82575131897, 0.81147289294, 0.163241267953, 0.101787790882, 0.235912102214, 0.169834364124, 0.406277170641, 0.438730806502, 0.966851653102, 0.00171167551766, 0.148079665301, 0.686570031413, 0.236541608054, 0.788635632097, 0.0458650254389, 0.15377305775, 0.00979934324627, 0.507848476101, 0.988736679972, 0.17574430036, 0.499159278432, 0.128036294754, 0.981959249691, 0.280400547449, 0.097578158723, 0.0687874057856, 0.0208737879264, 0.82575131897, 0.81147289294, 39.8046499373
0.247641510537, 0.0795826888556, 0.588354485407, 0.81270761936, 0.899667090742, 0.0557111277782, 0.0718839288699, 0.444771182584, 0.144534695065, 0.231951642888, 0.561319783688, 0.930281474099, 0.280845021175, 0.874404828663, 0.0795143409202, 0.466833116434, 0.320590153629, 0.416434831105, 0.00800173406553, 0.021075350015, 0.616134261494, 0.220018778792, 0.240396718109, 0.215495793306, 0.0280501331729, 0.822124717437, 0.363068701509, 0.247641510537, 0.0795826888556, 0.588354485407, 0.81270761936, 0.899667090742, 0.0557111277782, 0.0718839288699, 41.4981043872
0.322777376155, 0.0853804162157, 0.0107026121622, 0.026562346321, 0.201410040316, 0.0280934835607, 0.0389379787182, 0.291209947555, 0.136346876424, 0.808368492853, 0.806003224998, 0.891574326068, 0.471256800869, 0.179530908281, 0.0196344492467, 0.823298359667, 0.301597835107, 0.190367683087, 0.263711144274, 0.371507171429, 0.22773524022, 0.239300169322, 0.235934897206, 0.0585533328234, 0.255193957259, 0.0447523896319, 0.0715556431991, 0.322777376155, 0.0853804162157, 0.0107026121622, 0.026562346321, 0.201410040316, 0.0280934835607, 0.0389379787182, 39.9033017976
0.358011457889, 0.0846413081147, 0.0152022628471, 0.0671455892996, 0.00501628322485, 0.0554493650371, 0.0712421592811, 0.149846898356, 0.72740328965, 0.806282151098, 0.789087259186, 0.875744184993, 0.657316718637, 0.118705029643, 0.080230873605, 0.162892114734, 0.952569182691, 0.61628547878, 0.440555198078, 0.436056570161, 0.416473900906, 0.245259697771, 0.820541307833, 0.0584881324909, 0.241998913239, 0.822325583, 0.701388491397, 0.358011457889, 0.0846413081147, 0.0152022628471, 0.0671455892996, 0.00501628322485, 0.0554493650371, 0.0712421592811, 52.2744782278
0.24473466123, 0.0806839794142, 0.706128598361, 0.240056593665, 0.31159994823, 0.0501531026396, 0.792105478731, 0.290586867759, 0.0383360787336, 0.891057439251, 0.502463837772, 0.168769338072, 0.481332735694, 0.948903881163, 0.292002642396, 0.933981501674, 0.891203749891, 0.223569458135, 0.00602929682339, 0.0666621304716, 0.426493039911, 0.24462703228, 0.256100454052, 0.205686413952, 0.879191588753, 0.337231679386, 0.43605042979, 0.24473466123, 0.0806839794142, 0.706128598361, 0.240056593665, 0.31159994823, 0.0501531026396, 0.792105478731, 45.9306856602
0.227425580641, 0.629369710456, 0.0554532136219, 0.0609753161387, 0.297873737569, 0.0126626581804, 0.0440050924551, 0.15515371751, 0.726681520135, 0.239831753481, 0.136357788235, 0.0106435984142, 0.943706088676, 0.0030325129837, 0.00676751143366, 0.313779779853, 0.411003714173, 0.413275257004, 0.00673337884817, 0.034066929783, 0.765611897184, 0.221287137146, 0.0178460080434, 0.819846313867, 0.241022490466, 0.634695832184, 0.0797674270008, 0.227425580641, 0.629369710456, 0.0554532136219, 0.0609753161387, 0.297873737569, 0.0126626581804, 0.0440050924551, 38.0143843361
0.0807162564593, 0.109632111558, 0.0751043880969, 0.0394250081506, 0.0479102418007, 0.0467357000318, 0.0708337025299, 0.169039486848, 0.14907296942, 0.118644662463, 0.00487203803356, 0.0685522079882, 0.422270788831, 0.778428117567, 0.0643683256076, 0.52456053826, 0.313636526204, 0.403840846342, 0.0380454031927, 0.0531905379345, 0.973294373342, 0.253378097011, 0.387419668063, 0.211099942416, 0.0243393307398, 0.145876006208, 0.973550879562, 0.0807162564593, 0.109632111558, 0.0751043880969, 0.0394250081506, 0.0479102418007, 0.0467357000318, 0.0708337025299, 37.756635598
0.93400811363, 0.91786614349, 0.0979120823967, 0.82217866727, 0.0224685270128, 0.0842069008857, 0.200360350255, 0.686364419256, 0.0298843236058, 0.125866654729, 0.197966688603, 0.158296750353, 0.202962617237, 0.0129664839552, 0.00067463887841, 0.817670756217, 0.648362511008, 0.40195083293, 0.295693617221, 0.345904904274, 0.324230694809, 0.246252697344, 0.394789184228, 0.393012518377, 0.175972910383, 0.145876006208, 0.0750422223047, 0.93400811363, 0.91786614349, 0.0979120823967, 0.82217866727, 0.0224685270128, 0.0842069008857, 0.200360350255, 35.6122780351
0.156526654367, 0.733511745302, 0.0991319180002, 0.812311691053, 0.00565034342534, 0.822430074545, 0.0377873959901, 0.605864020036, 0.098582495908, 0.129418476912, 0.499836663022, 0.407689734419, 0.665809908688, 0.881517191588, 0.0176842663282, 0.899683081617, 0.899528099244, 0.219292600162, 0.808002216812, 0.37568850023, 0.26329659282, 0.167900249656, 0.49689504126, 0.751262796843, 0.208144814794, 0.495415816219, 0.0545029509121, 0.156526654367, 0.733511745302, 0.0991319180002, 0.812311691053, 0.00565034342534, 0.822430074545, 0.0377873959901, 47.2417560485
0.199011502382, 0.773121457284, 0.161262099529, 0.240582021347, 0.852447373356, 0.0454904060519, 0.04159245956, 0.167951906498, 0.149133911583, 0.239868843317, 0.818741213935, 0.911973873166, 0.439304369134, 0.446199150951, 0.0774962558531, 0.59332776011, 0.77481317186, 0.214425265965, 0.0100991453529, 0.12859440637, 0.459864596202, 0.0885156254754, 0.243190635512, 0.216409449144, 0.423367188735, 0.324433472629, 0.0699203053153, 0.199011502382, 0.773121457284, 0.161262099529, 0.240582021347, 0.852447373356, 0.0454904060519, 0.04159245956, 39.7352701551
0.231712366394, 0.158652402176, 0.0994226474844, 0.0190748122847, 0.20646596994, 0.822430074545, 0.0532172803804, 0.441622271528, 0.133079840344, 0.122429310132, 0.200051140418, 0.428563556232, 0.426534288474, 0.00717973615806, 0.0120893804024, 0.460133057402, 0.213302663677, 0.700674976838, 0.823210327441, 0.376034354727, 0.214099511757, 0.252265642978, 0.401780625401, 0.716625262032, 0.029545687798, 0.135514877503, 0.411639727259, 0.231712366394, 0.158652402176, 0.0994226474844, 0.0190748122847, 0.20646596994, 0.822430074545, 0.0532172803804, 38.9194282513
0.346209868522, 0.0853804162157, 0.0107026121622, 0.174975802462, 0.00385196838239, 0.0230876097481, 0.0389379787182, 0.291209947555, 0.136346876424, 0.808368492853, 0.806076065613, 0.891551559421, 0.471256800869, 0.179530908281, 0.00694237964169, 0.823298359667, 0.301597835107, 0.209411812417, 0.261671856784, 0.371507171429, 0.413857189771, 0.747134710947, 0.235934897206, 0.0575581958981, 0.240842516626, 0.0447523896319, 0.0770169143124, 0.346209868522, 0.0853804162157, 0.0107026121622, 0.174975802462, 0.00385196838239, 0.0230876097481, 0.0389379787182, 42.3956871946
0.775677115771, 0.582571011962, 0.165918225294, 0.195579606302, 0.00821505212341, 0.10791233477, 0.0168090785165, 0.0623976056101, 0.927995359513, 0.247228581798, 0.255422887175, 0.505673345702, 0.662857215428, 0.247342574894, 0.605769074427, 0.968280143032, 0.950121037129, 0.0817886941133, 0.370592101778, 0.38363273043, 0.912575986202, 0.758036135642, 0.879724160694, 0.321404815555, 0.750825956961, 0.136747028061, 0.178439133015, 0.775677115771, 0.582571011962, 0.165918225294, 0.195579606302, 0.00821505212341, 0.10791233477, 0.0168090785165, 52.2122955873
0.865280672496, 0.0197219954617, 0.132881124067, 0.0666943166583, 0.0255051724715, 0.0229084962964, 0.0389379787182, 0.148449369911, 0.136346876424, 0.257824504596, 0.260828703095, 0.866649087001, 0.66400187494, 0.179077711904, 0.00694237964169, 0.820176174813, 0.957903308857, 0.209411812417, 0.266129782953, 0.372559918485, 0.869289284898, 0.756370399033, 0.250872746716, 0.0564159256122, 0.241562351382, 0.0447523896319, 0.0770169143124, 0.865280672496, 0.0197219954617, 0.132881124067, 0.0666943166583, 0.0255051724715, 0.0229084962964, 0.0389379787182, 42.4068924976
0.252158116129, 0.78294337672, 0.0905759502647, 0.825632458876, 0.763027028459, 0.0213581870628, 0.0403944737851, 0.557154137292, 0.0190684740232, 0.110185085855, 0.82438852827, 0.421239073613, 0.215389626106, 0.947136764251, 0.00982299560132, 0.506827916323, 0.233071626114, 0.4188243818, 0.967207348442, 0.527039795241, 0.218925783832, 0.792165768166, 0.130201565295, 0.481699849828, 0.379014798613, 0.0579841275447, 0.689858705227, 0.252158116129, 0.78294337672, 0.0905759502647, 0.825632458876, 0.763027028459, 0.0213581870628, 0.0403944737851, 45.6504954358
0.246112668758, 0.751930128933, 0.0603901385758, 0.325008136391, 0.284592687573, 0.0127715107987, 0.0413867221841, 0.167951906498, 0.154412718858, 0.239827817008, 0.523155289856, 0.0497048034058, 0.986683314695, 0.00315939529456, 0.0424161198302, 0.32285900282, 0.410826109793, 0.241432173614, 0.550839406865, 0.458101811973, 0.337393079986, 0.0828631429788, 0.820112423618, 0.840202038302, 0.208478881225, 0.802789847578, 0.0741524237051, 0.246112668758, 0.751930128933, 0.0603901385758, 0.325008136391, 0.284592687573, 0.0127715107987, 0.0413867221841, 41.8803227478
0.0821454860556, 0.817881214465, 0.143783205563, 0.0303011396918, 0.202941350448, 0.836560426351, 0.790718675464, 0.544547344966, 0.222829055471, 0.689753964332, 0.837990336885, 0.0664089442014, 0.0773683754982, 0.932790237222, 0.0684940298737, 0.591095644608, 0.248460376035, 0.452486293246, 0.776846965447, 0.905592082142, 0.168532458258, 0.269935358605, 0.815988692565, 0.779528772224, 0.386270322978, 0.650198061236, 0.499393173873, 0.0821454860556, 0.817881214465, 0.143783205563, 0.0303011396918, 0.202941350448, 0.836560426351, 0.790718675464, 50.7741738099
0.455269259421, 0.0197054686751, 0.102992369791, 0.185827490146, 0.130099301694, 0.508183277081, 0.0423092537538, 0.290437489872, 0.199720544864, 0.243630925903, 0.386147788119, 0.891304187414, 0.574202869655, 0.193462935231, 0.664745784082, 0.0106424378843, 0.538633538374, 0.0816734183973, 0.0100084489259, 0.390984196907, 0.434748389298, 0.0524066374898, 0.271566904749, 0.616588459577, 0.0316234194372, 0.653726843161, 0.42684700946, 0.455269259421, 0.0197054686751, 0.102992369791, 0.185827490146, 0.130099301694, 0.508183277081, 0.0423092537538, 40.9082903218
0.138027055685, 0.817881214465, 0.143783205563, 0.0303011396918, 0.204922763475, 0.0638312957026, 0.79212344805, 0.544746490825, 0.222829055471, 0.689753964332, 0.837990336885, 0.905140154382, 0.0766185199415, 0.935405655574, 0.0795676756139, 0.591095644608, 0.248292702638, 0.452486293246, 0.00649881110914, 0.905592082142, 0.608197909171, 0.270603954622, 0.815988692565, 0.779528772224, 0.386270322978, 0.650198061236, 0.499393173873, 0.138027055685, 0.817881214465, 0.143783205563, 0.0303011396918, 0.204922763475, 0.0638312957026, 0.79212344805, 52.9225744673
0.964372119622, 0.169592717853, 0.0994091656759, 0.814631520296, 0.00561140820015, 0.822430074545, 0.0531764106276, 0.60133829653, 0.101537619292, 0.122429310132, 0.196300811648, 0.428563556232, 0.437350816235, 0.00717973615806, 0.0118864775712, 0.905453680396, 0.217851723969, 0.60955593159, 0.807914974992, 0.358253540051, 0.265039667497, 0.605969049119, 0.396192150806, 0.190676120909, 0.0297829033433, 0.0401087576278, 0.500586502175, 0.964372119622, 0.169592717853, 0.0994091656759, 0.814631520296, 0.00561140820015, 0.822430074545, 0.0531764106276, 39.7344756799
0.981959249691, 0.2764990304, 0.154367812067, 0.0750781283757, 0.0208737879264, 0.00546844548499, 0.81147289294, 0.166551567248, 0.148807692901, 0.238630352923, 0.182993860907, 0.495507693304, 0.438730806502, 0.966851653102, 0.00171236391438, 0.148079665301, 0.686570031413, 0.236541608054, 0.0111555875399, 0.0458650254389, 0.15377305775, 0.0123134252613, 0.223484996513, 0.988736679972, 0.17574430036, 0.980098134932, 0.128036294754, 0.981959249691, 0.2764990304, 0.154367812067, 0.0750781283757, 0.0208737879264, 0.00546844548499, 0.81147289294, 38.5538101524
0.240530503094, 0.133977206549, 0.874849353319, 0.814596059054, 0.0057465244782, 0.819375635535, 0.07278412925, 0.169274853768, 0.144543532202, 0.246680619643, 0.502653555941, 0.398995317379, 0.437455336937, 0.820552598634, 0.0107616091772, 0.467144875365, 0.80056974294, 0.411034613581, 0.701913158407, 0.491699089411, 0.614567572611, 0.582349782319, 0.820112423618, 0.327124569044, 0.207833529016, 0.160278770853, 0.128036294754, 0.240530503094, 0.133977206549, 0.874849353319, 0.814596059054, 0.0057465244782, 0.819375635535, 0.07278412925, 45.3153929169
0.227425580641, 0.673774377837, 0.0552999321037, 0.238271707139, 0.298565684635, 0.0126051294562, 0.507423709197, 0.897823349625, 0.721955009573, 0.238562278304, 0.136644690508, 0.0106435984142, 0.949924386033, 0.73675472215, 0.0610364876355, 0.325413379623, 0.413620993409, 0.416551989331, 0.00804145578471, 0.034066929783, 0.495009395094, 0.221287137146, 0.0178460080434, 0.160661533235, 0.071318302389, 0.801771365299, 0.589014071497, 0.227425580641, 0.673774377837, 0.0552999321037, 0.238271707139, 0.298565684635, 0.0126051294562, 0.507423709197, 41.9498648102
0.928632536616, 0.262664504011, 0.0650258170876, 0.814022381691, 0.899342494299, 0.12261903932, 0.0116705978828, 0.444906804495, 0.994963820763, 0.40477342745, 0.152389450774, 0.406630104796, 0.280142705242, 0.0546009392745, 0.0574019918519, 0.747733843587, 0.111747653968, 0.417396104656, 0.0128481563208, 0.0114636042837, 0.334210714144, 0.241009134639, 0.235240298317, 0.741214213817, 0.159820418227, 0.823638507278, 0.373744809218, 0.928632536616, 0.262664504011, 0.0650258170876, 0.814022381691, 0.899342494299, 0.12261903932, 0.0116705978828, 40.2766461464
0.12077690855, 0.133977206549, 0.116370795497, 0.0228954376697, 0.0057465244782, 0.824569227181, 0.07278412925, 0.169274853768, 0.0934807000015, 0.677600282773, 0.502653555941, 0.398995317379, 0.799399225164, 0.945721216168, 0.0107616091772, 0.467144875365, 0.805080796396, 0.411051878754, 0.701913158407, 0.491699089411, 0.324773834052, 0.582349782319, 0.246711693819, 0.395281906495, 0.207833529016, 0.160264615659, 0.128036294754, 0.12077690855, 0.133977206549, 0.116370795497, 0.0228954376697, 0.0057465244782, 0.824569227181, 0.07278412925, 46.1969915125
0.088155531221, 0.0203151880864, 0.0718583006638, 0.812327893289, 0.763027028459, 0.0186935075646, 0.10671973174, 0.556501855719, 0.132890920642, 0.811945548085, 0.82438852827, 0.421239073613, 0.215530724491, 0.947136764251, 0.0115956869767, 0.506827916323, 0.237079596515, 0.41878460474, 0.967995904981, 0.338437044883, 0.218925783832, 0.784898198795, 0.931786120545, 0.0621338527394, 0.381816760941, 0.058237693032, 0.408399735599, 0.088155531221, 0.0203151880864, 0.0718583006638, 0.812327893289, 0.763027028459, 0.0186935075646, 0.10671973174, 48.5626581596
0.250222174089, 0.2764990304, 0.154367812067, 0.0750781283757, 0.0208923010478, 0.00546844548499, 0.81147289294, 0.166551567248, 0.144558000714, 0.238645542595, 0.182993860907, 0.10578966311, 0.438730806502, 0.984544313376, 0.00171236391438, 0.148079665301, 0.687401074577, 0.237023186652, 0.00715724865563, 0.0458650254389, 0.336637625945, 0.0123134252613, 0.223484996513, 0.210563380148, 0.20902131677, 0.980098134932, 0.128036294754, 0.250222174089, 0.2764990304, 0.154367812067, 0.0750781283757, 0.0208923010478, 0.00546844548499, 0.81147289294, 35.3193675711
0.394715062533, 0.0151399997931, 0.91080652403, 0.315326635385, 0.131459600566, 0.510953383964, 0.0277703210476, 0.475311832073, 0.621777551227, 0.306868262476, 0.260531348396, 0.406478346278, 0.0874295575616, 0.0121130863141, 0.562963406993, 0.0918178376954, 0.768201259936, 0.385410328938, 0.036208400644, 0.355451582705, 0.906470744433, 0.253678949058, 0.804163633605, 0.466372899105, 0.0252898455391, 0.151860862819, 0.716036510116, 0.394715062533, 0.0151399997931, 0.91080652403, 0.315326635385, 0.131459600566, 0.510953383964, 0.0277703210476, 43.2610681557
0.874993505206, 0.00711090218149, 0.103167740099, 0.0303297882475, 0.901449158302, 0.0174551041169, 0.110232900421, 0.274266100162, 0.141567398595, 0.777798095349, 0.146104909661, 0.933203309645, 0.447801432698, 0.0107765481351, 0.000663035027471, 0.591605768789, 0.671622304951, 0.296280796469, 0.319948339624, 0.0594885243341, 0.692914601954, 0.246136801345, 0.0117089608369, 0.0593296785903, 0.267706614497, 0.0559345111008, 0.403815028955, 0.874993505206, 0.00711090218149, 0.103167740099, 0.0303297882475, 0.901449158302, 0.0174551041169, 0.110232900421, 38.4555414698
0.929959208012, 0.261797211081, 0.0977768097628, 0.873855198797, 0.0164528946259, 0.121226101867, 0.199908635277, 0.703819545229, 0.347485332026, 0.122928477591, 0.19849834362, 0.157894752259, 0.202966537198, 0.055273127641, 0.00624060489198, 0.817666668084, 0.996283300073, 0.417250523721, 0.358339024079, 0.536137905497, 0.284828757061, 0.25658136409, 0.235692335992, 0.19400767953, 0.175771534076, 0.219789777447, 0.492425807126, 0.929959208012, 0.261797211081, 0.0977768097628, 0.873855198797, 0.0164528946259, 0.121226101867, 0.199908635277, 39.6635780235
0.247321851017, 0.156201298564, 0.174377845648, 0.816413917482, 0.0487769969248, 0.0476906413767, 0.0411981450149, 0.16590182508, 0.68950049579, 0.123002810769, 0.190950575807, 0.101457541169, 0.202482688332, 0.0129664839552, 0.00479365005089, 0.733872438347, 0.650981985201, 0.616718242737, 0.295898176008, 0.074238825351, 0.421746519524, 0.256069758275, 0.249254226105, 0.205742778165, 0.0195603121093, 0.135587556258, 0.0138708965918, 0.247321851017, 0.156201298564, 0.174377845648, 0.816413917482, 0.0487769969248, 0.0476906413767, 0.0411981450149, 34.1642457726
0.140400345214, 0.142166062968, 0.495126619345, 0.447405216691, 0.0473516627298, 0.0126999963396, 0.113009033543, 0.270347245541, 0.14406042982, 0.25733085648, 0.506620631221, 0.211584504684, 0.0940400037481, 0.797004631188, 0.0530388330408, 0.522746362948, 0.887511267224, 0.377760347155, 0.970480806068, 0.0594885243341, 0.754589945765, 0.247921347145, 0.883223804425, 0.0628893702245, 0.242467308042, 0.540160250577, 0.175620936105, 0.140400345214, 0.142166062968, 0.495126619345, 0.447405216691, 0.0473516627298, 0.0126999963396, 0.113009033543, 44.8456733548
0.911299449527, 0.922741673852, 0.107821565825, 0.343666887822, 0.0164528946259, 0.0840083020597, 0.199908635277, 0.699828534189, 0.922339579079, 0.2447794501, 0.199533914304, 0.910819383907, 0.202966537198, 0.0181283923256, 0.00609729968848, 0.464015054509, 0.647420873064, 0.416643164609, 0.00653955020714, 0.537633283156, 0.284828757061, 0.0129983490488, 0.409883337398, 0.205046037516, 0.175771534076, 0.407590467225, 0.445108294188, 0.911299449527, 0.922741673852, 0.107821565825, 0.343666887822, 0.0164528946259, 0.0840083020597, 0.199908635277, 41.2582730734
0.775677115771, 0.0241687600381, 0.789921086867, 0.191721361293, 0.00821505212341, 0.0211470917435, 0.0193025255982, 0.0623976056101, 0.927995359513, 0.247228581798, 0.255422887175, 0.424293700062, 0.669100261995, 0.249102636007, 0.605661060393, 0.967575891763, 0.953967672364, 0.0817886941133, 0.370592101778, 0.376192229029, 0.94206985904, 0.751818299514, 0.923834289935, 0.301077381866, 0.750825956961, 0.136747028061, 0.409898479903, 0.775677115771, 0.0241687600381, 0.789921086867, 0.191721361293, 0.00821505212341, 0.0211470917435, 0.0193025255982, 52.7461090478
0.0807162564593, 0.109632111558, 0.0987940151904, 0.0391847470582, 0.0479102418007, 0.0467357000318, 0.0708337025299, 0.169039486848, 0.14907296942, 0.118644662463, 0.00572293894383, 0.0703767747859, 0.384730796414, 0.778428117567, 0.0643683256076, 0.52496572366, 0.252550615622, 0.708055768625, 0.809471938267, 0.376444586933, 0.973294373342, 0.253393784405, 0.401243846005, 0.724036049175, 0.0243393307398, 0.135341319081, 0.973550879562, 0.0807162564593, 0.109632111558, 0.0987940151904, 0.0391847470582, 0.0479102418007, 0.0467357000318, 0.0708337025299, 44.2800980976
0.288565028843, 0.582571011962, 0.500429531585, 0.0728821569465, 0.0142430684928, 0.016386725341, 0.0185597136841, 0.149417771711, 0.936703641267, 0.25789590445, 0.259000174338, 0.505673345702, 0.66322222512, 0.228916436511, 0.723449158649, 0.0995486528557, 0.949910660533, 0.0817886941133, 0.259391317359, 0.38363273043, 0.914306727552, 0.0764822730259, 0.881778419053, 0.00415522264817, 0.241850696665, 0.143323626926, 0.178439133015, 0.288565028843, 0.582571011962, 0.500429531585, 0.0728821569465, 0.0142430684928, 0.016386725341, 0.0185597136841, 44.4432210934
0.246594492398, 0.134300680961, 0.888156208591, 0.193324417908, 0.00199743969138, 0.0477571759227, 0.0171575356099, 0.143723454704, 0.135443415891, 0.245061307447, 0.502463837772, 0.936399075205, 0.439873641626, 0.966851653102, 0.0792782399301, 0.738096729284, 0.417110936942, 0.423678685127, 0.00175969504759, 0.0616803110793, 0.276414549265, 0.754066230862, 0.820112423618, 0.325663887925, 0.203483480854, 0.972124770255, 0.607381257212, 0.246594492398, 0.134300680961, 0.888156208591, 0.193324417908, 0.00199743969138, 0.0477571759227, 0.0171575356099, 48.0312082841
0.140400345214, 0.142165393661, 0.133080115672, 0.442305230251, 0.040402371753, 0.0236098812508, 0.112555421507, 0.270347245541, 0.14406042982, 0.678854864778, 0.506620631221, 0.211024050825, 0.209665042535, 0.796684606121, 0.0530388330408, 0.522746362948, 0.887511267224, 0.377760347155, 0.947974538476, 0.0594885243341, 0.728322054517, 0.247921347145, 0.838091167471, 0.0628893702245, 0.0247127851295, 0.540160250577, 0.406301321698, 0.140400345214, 0.142165393661, 0.133080115672, 0.442305230251, 0.040402371753, 0.0236098812508, 0.112555421507, 46.4287088062
0.171484162136, 0.273112306887, 0.0155406206262, 0.164876862383, 0.127140148436, 0.152546563229, 0.531912936419, 0.517301309257, 0.825606700401, 0.0935203093222, 0.454937898004, 0.632917893007, 0.470566151088, 0.754580774563, 0.515221955023, 0.998356478117, 0.319074647591, 0.00730206018043, 0.387722089634, 0.595555171569, 0.645220948696, 0.260480025604, 0.925068472417, 0.00607350579881, 0.265422061077, 0.650661543146, 0.413682961421, 0.171484162136, 0.273112306887, 0.0155406206262, 0.164876862383, 0.127140148436, 0.152546563229, 0.531912936419, 50.7189998124
0.0821454860556, 0.0229646018137, 0.144169672209, 0.0303011396918, 0.202941350448, 0.836560426351, 0.790718675464, 0.544547344966, 0.222829055471, 0.689753964332, 0.834482896348, 0.0664089442014, 0.0773683754982, 0.939609028186, 0.398832952766, 0.590817813016, 0.244921213761, 0.452486293246, 0.786194710432, 0.905592082142, 0.166569385325, 0.268732694601, 0.815988692565, 0.778100979117, 0.386270322978, 0.650198061236, 0.499346874555, 0.0821454860556, 0.0229646018137, 0.144169672209, 0.0303011396918, 0.202941350448, 0.836560426351, 0.790718675464, 52.2926595604
0.258010677473, 0.158686082716, 0.788343648842, 0.19869515516, 0.763366130535, 0.0226514369145, 0.0530523927635, 0.183339373561, 0.138812002207, 0.270027972239, 0.49908140263, 0.503461856728, 0.430656717631, 0.251716350179, 0.0781687551588, 0.814599364001, 0.780087658446, 0.240855617046, 0.812450344418, 0.0190174799599, 0.333977573943, 0.0821056051603, 0.835720610863, 0.198587476175, 0.385216223072, 0.144463555199, 0.200784101554, 0.258010677473, 0.158686082716, 0.788343648842, 0.19869515516, 0.763366130535, 0.0226514369145, 0.0530523927635, 41.2187538219
0.242796284878, 0.156308632654, 0.104425770979, 0.34654672722, 0.43537396526, 0.494881021766, 0.0377160065783, 0.165887109934, 0.144620586154, 0.246729443137, 0.498175360232, 0.104095159932, 0.479983380366, 0.818288814447, 0.295959905533, 0.461440994479, 0.794367675728, 0.214410965138, 0.00741720012706, 0.0607291329405, 0.339927477917, 0.0498107879033, 0.257807110641, 0.206239658578, 0.0178782286756, 0.948569618808, 0.0608095063983, 0.242796284878, 0.156308632654, 0.104425770979, 0.34654672722, 0.43537396526, 0.494881021766, 0.0377160065783, 38.004764303
0.247321851017, 0.686315009675, 0.175702636854, 0.816413917482, 0.00999503716457, 0.0476906413767, 0.0105788489879, 0.17120880182, 0.0404659850958, 0.123002810769, 0.548807381869, 0.410326825703, 0.156846421616, 0.0129664839552, 0.5532390471, 0.734923530338, 0.650981985201, 0.610541731471, 0.295898176008, 0.530355844306, 0.38499908306, 0.256069758275, 0.821327058353, 0.00522347281592, 0.208147750863, 0.135587556258, 0.127344825475, 0.247321851017, 0.686315009675, 0.175702636854, 0.816413917482, 0.00999503716457, 0.0476906413767, 0.0105788489879, 39.8465746542
0.120663676209, 0.686777779687, 0.914371692219, 0.110659957871, 0.00987199294732, 0.0983044707407, 0.0712635487431, 0.443218245299, 0.0363192279203, 0.693378972313, 0.561290031685, 0.410302401278, 0.810085022762, 0.868806722572, 0.546124774091, 0.679839867694, 0.467394493693, 0.444202835694, 0.0114942402516, 0.398380303671, 0.324446169816, 0.240733036611, 0.2408432276, 0.00368382699414, 0.0300802896199, 0.0822340331825, 0.351295568754, 0.120663676209, 0.686777779687, 0.914371692219, 0.110659957871, 0.00987199294732, 0.0983044707407, 0.0712635487431, 42.9594764272
0.924689362846, 0.0841702786026, 0.929989413556, 0.031398226166, 0.205511367332, 0.0500758947891, 0.774759015118, 0.709079775046, 0.146178852092, 0.681781621079, 0.50391597676, 0.919769569767, 0.0766907839581, 0.879965319504, 0.0343324893406, 0.462801996158, 0.114064931969, 0.452486293246, 0.0063555072037, 0.905510121188, 0.90177343568, 0.24589714879, 0.221949372119, 0.212215898455, 0.386384455016, 0.651500328948, 0.499398363311, 0.924689362846, 0.0841702786026, 0.929989413556, 0.031398226166, 0.205511367332, 0.0500758947891, 0.774759015118, 47.4456896774
0.138027055685, 0.142827209861, 0.929920193305, 0.0303011396918, 0.205511367332, 0.0493747897596, 0.79212344805, 0.709079775046, 0.146178852092, 0.680938157857, 0.50391597676, 0.904956025996, 0.0766907839581, 0.879965319504, 0.0795676756139, 0.462801996158, 0.322600338339, 0.452486293246, 0.00649881110914, 0.905510121188, 0.90177343568, 0.246094544634, 0.820123461067, 0.212215898455, 0.386384455016, 0.650198061236, 0.499393173873, 0.138027055685, 0.142827209861, 0.929920193305, 0.0303011396918, 0.205511367332, 0.0493747897596, 0.79212344805, 50.614370362
0.876401520899, 0.0203151880864, 0.799768232751, 0.325882057221, 0.897185053487, 0.0202334131847, 0.107436203911, 0.167272809937, 0.132826099797, 0.811879563337, 0.356562571288, 0.425629617423, 0.215569307127, 0.449396462652, 0.0991831005924, 0.464297912616, 0.689114983059, 0.305570032373, 0.55136990598, 0.376177369262, 0.219468263705, 0.79323931325, 0.931786120545, 0.213971868115, 0.00377806731202, 0.058237693032, 0.410115942878, 0.876401520899, 0.0203151880864, 0.799768232751, 0.325882057221, 0.897185053487, 0.0202334131847, 0.107436203911, 42.6513220454
0.0449055903123, 0.674411483158, 0.137293230792, 0.193593777019, 0.00321335362974, 0.841966607487, 0.016361996001, 0.936774251487, 0.722305328611, 0.394587803908, 0.845336844289, 0.929840958038, 0.847750552462, 0.874575991158, 0.0684338679512, 0.599043979639, 0.413492434793, 0.423948705742, 0.0187494424022, 0.857288706365, 0.276010977722, 0.756009833564, 0.88035975643, 0.316595548852, 0.304472020685, 0.502028887271, 0.241545578507, 0.0449055903123, 0.674411483158, 0.137293230792, 0.193593777019, 0.00321335362974, 0.841966607487, 0.016361996001, 55.6625559435
0.254487249257, 0.157287446776, 0.0994226474844, 0.822975137357, 0.0107324139802, 0.822430074545, 0.0533573134466, 0.183704398472, 0.101537619292, 0.122429310132, 0.200051140418, 0.428563556232, 0.43079295004, 0.00717973615806, 0.0118864775712, 0.814167876761, 0.213302663677, 0.609591324894, 0.811707890655, 0.358253540051, 0.423896598534, 0.253555795228, 0.396192150806, 0.190676120909, 0.0297829033433, 0.135514877503, 0.500586502175, 0.254487249257, 0.157287446776, 0.0994226474844, 0.822975137357, 0.0107324139802, 0.822430074545, 0.0533573134466, 37.7124936649
0.108087289071, 0.459219304175, 0.0525744732212, 0.437364358687, 0.124729944858, 0.123392509994, 0.0668167817977, 0.35442366728, 0.92578553347, 0.0608137573078, 0.125457284687, 0.962621120016, 0.485968121882, 0.905993377629, 0.26423448371, 0.686013732877, 0.247037096707, 0.4217707008, 0.267006453261, 0.335865336521, 0.494720623637, 0.41173694992, 0.397995171109, 0.481578081667, 0.268988290865, 0.54200919172, 0.372741056679, 0.108087289071, 0.459219304175, 0.0525744732212, 0.437364358687, 0.124729944858, 0.123392509994, 0.0668167817977, 48.257202333
0.128499489903, 0.0157100693661, 0.102979936933, 0.185827490146, 0.129276717226, 0.508183409992, 0.0430390040643, 0.290437489872, 0.199720544864, 0.243630925903, 0.383948171035, 0.908565795756, 0.574202869655, 0.932011738025, 0.677531470166, 0.0106424378843, 0.249643840363, 0.413743882293, 0.00626256974092, 0.932221213977, 0.415026286029, 0.0524066374898, 0.273295728685, 0.616588459577, 0.0316234194372, 0.42613189918, 0.42684700946, 0.128499489903, 0.0157100693661, 0.102979936933, 0.185827490146, 0.129276717226, 0.508183409992, 0.0430390040643, 44.8234469962
0.781124350934, 0.0197311092997, 0.500429531585, 0.0728821569465, 0.00713887764547, 0.511037643065, 0.0416161219168, 0.155712047225, 0.949825226601, 0.240064096969, 0.261200569029, 0.505673345702, 0.437336792078, 0.228916436511, 0.723449158649, 0.0995486528557, 0.776762792878, 0.214460198178, 0.677602099399, 0.393464983288, 0.914306727552, 0.0764822730259, 0.794208035127, 0.00447060371251, 0.241850696665, 0.323130456635, 0.180184450712, 0.781124350934, 0.0197311092997, 0.500429531585, 0.0728821569465, 0.00713887764547, 0.511037643065, 0.0416161219168, 45.2036960288
0.113964309116, 0.0913328245815, 0.0170342328388, 0.778236613757, 0.0121126705459, 0.0832219666714, 0.0712225422022, 0.446214106164, 0.0142979710835, 0.917286243503, 0.452608016743, 0.437874617101, 0.218250030923, 0.886911398282, 0.00532084621148, 0.68015970839, 0.467394493693, 0.380788473803, 0.00682508402903, 0.3552758098, 0.316617534847, 0.246387719888, 0.30083542003, 0.205976635304, 0.0300967147074, 0.898903276825, 0.354370305955, 0.113964309116, 0.0913328245815, 0.0170342328388, 0.778236613757, 0.0121126705459, 0.0832219666714, 0.0712225422022, 43.0624219414
0.98184160756, 0.110122516668, 0.154421892372, 0.039781209556, 0.947460717447, 0.0089307783935, 0.810207587539, 0.168463347695, 0.149048051056, 0.238632044057, 0.0144482739555, 0.0699549542702, 0.44420095808, 0.951731457743, 0.0690974115964, 0.804769773825, 0.586204253914, 0.412430876786, 0.0160047918003, 0.0473583162032, 0.145712313316, 0.246377542761, 0.388776198814, 0.386014910053, 0.204770038819, 0.145876006208, 0.129981987214, 0.98184160756, 0.110122516668, 0.154421892372, 0.039781209556, 0.947460717447, 0.0089307783935, 0.810207587539, 35.5068170482
0.245617768811, 0.769575152669, 0.693576545975, 0.324819172223, 0.8527725257, 0.0454904060519, 0.0413867221841, 0.167951906498, 0.144534679458, 0.289335369223, 0.523155289856, 0.0497048034058, 0.437459332435, 0.444127600662, 0.080146839474, 0.470851703157, 0.6896266902, 0.21441140116, 0.549352061391, 0.492127413357, 0.336815909236, 0.0828631429788, 0.82094527298, 0.206239658578, 0.207764945463, 0.977845658149, 0.0698811653424, 0.245617768811, 0.769575152669, 0.693576545975, 0.324819172223, 0.8527725257, 0.0454904060519, 0.0413867221841, 41.2727371642
0.973445587077, 0.274421639431, 0.147986690988, 0.0330636882886, 0.0340300502557, 0.0189504029526, 0.834208347093, 0.965144326849, 0.4679066236, 0.809242712201, 0.854339779269, 0.465516495371, 0.265467355437, 0.0654173405057, 0.646600964037, 0.478372926856, 0.685450348782, 0.30279340632, 0.963841603322, 0.0335668887418, 0.156810523712, 0.994096574141, 0.880965613148, 0.989803577551, 0.201301095123, 0.970908823284, 0.745070384278, 0.973445587077, 0.274421639431, 0.147986690988, 0.0330636882886, 0.0340300502557, 0.0189504029526, 0.834208347093, 58.1492793862
0.720965317538, 0.123685085717, 0.0904168651985, 0.194516239272, 0.907522883327, 0.498374321003, 0.0413754649034, 0.0626314819355, 0.709562176173, 0.236673083541, 0.50476398451, 0.429547540997, 0.201268934869, 0.13286543149, 0.00247979600337, 0.749681148923, 0.654804759117, 0.40195083293, 0.295898176008, 0.0243992571665, 0.451776920961, 0.635926806777, 0.394879694264, 0.393012518377, 0.175972910383, 0.132266687954, 0.180639962422, 0.720965317538, 0.123685085717, 0.0904168651985, 0.194516239272, 0.907522883327, 0.498374321003, 0.0413754649034, 39.7857877717
0.981959249691, 0.2764990304, 0.154184922394, 0.0750781283757, 0.0208737879264, 0.00546844548499, 0.81146656587, 0.160998089261, 0.222800505502, 0.238630352923, 0.182993860907, 0.495507693304, 0.438730806502, 0.966851653102, 0.00219585547146, 0.145006133219, 0.686570031413, 0.236541608054, 0.0192263022131, 0.900170747913, 0.184886494242, 0.0123134252613, 0.223484996513, 0.988736679972, 0.384056046984, 0.980098134932, 0.495584036471, 0.981959249691, 0.2764990304, 0.154184922394, 0.0750781283757, 0.0208737879264, 0.00546844548499, 0.81146656587, 44.0119578678
0.106382428407, 0.124743062609, 0.102999596369, 0.0314087641999, 0.196957257946, 0.199332659831, 0.0689246129613, 0.0592135339132, 0.564380423134, 0.248374270586, 0.899815127761, 0.0671741373191, 0.0776518956836, 0.00507745967961, 0.0591285657356, 0.590817813016, 0.806834744904, 0.450635516154, 0.824601723663, 0.567584424571, 0.425609298501, 0.22621373464, 0.127288374679, 0.924526620424, 0.0760270448466, 0.648966150029, 0.499345562895, 0.106382428407, 0.124743062609, 0.102999596369, 0.0314087641999, 0.196957257946, 0.199332659831, 0.0689246129613, 45.0508599851
0.258010677473, 0.115245266925, 0.788343648842, 0.192946537096, 0.787832974888, 0.0161243173692, 0.103038646807, 0.174271668317, 0.139360290903, 0.258157313715, 0.503864795351, 0.503461856728, 0.366312013088, 0.251716350179, 0.0781687551588, 0.748272978891, 0.788742975075, 0.240855617046, 0.568188673925, 0.0190174799599, 0.333977573943, 0.0821056051603, 0.829100338409, 0.198587476175, 0.382741498682, 0.975489245428, 0.165303363813, 0.258010677473, 0.115245266925, 0.788343648842, 0.192946537096, 0.787832974888, 0.0161243173692, 0.103038646807, 42.6316329085
0.247645064063, 0.0795462773131, 0.588354485407, 0.81270761936, 0.899667090742, 0.0557111277782, 0.0174773290057, 0.441413711976, 0.144534695065, 0.231951642888, 0.561319783688, 0.930332465098, 0.280845021175, 0.87429964532, 0.0795151608875, 0.467274383002, 0.320590153629, 0.416460192847, 0.00800173406553, 0.0204752587456, 0.571151347279, 0.220018778792, 0.240396718109, 0.215495793306, 0.202487467987, 0.822124717437, 0.359296523247, 0.247645064063, 0.0795462773131, 0.588354485407, 0.81270761936, 0.899667090742, 0.0557111277782, 0.0174773290057, 41.9485280051
0.918936165279, 0.922741673852, 0.500005555804, 0.365558943163, 0.0164528946259, 0.0166383087681, 0.199908635277, 0.706803958961, 0.927717393768, 0.244624257879, 0.198196131401, 0.163479967872, 0.65755507717, 0.228267435269, 0.723359035557, 0.464015054509, 0.71681858692, 0.450260440952, 0.251850996754, 0.537633283156, 0.266271672179, 0.24536243878, 0.409883337398, 0.00210829391005, 0.175771534076, 0.218017532652, 0.492425807126, 0.918936165279, 0.922741673852, 0.500005555804, 0.365558943163, 0.0164528946259, 0.0166383087681, 0.199908635277, 44.3948366352
0.781124350934, 0.737129798495, 0.0625600120058, 0.0728821569465, 0.00402587382627, 0.512946009168, 0.0416154764417, 0.155712047225, 0.949825226601, 0.240064096969, 0.246636323685, 0.505673345702, 0.437336792078, 0.00412010355643, 0.723449158649, 0.331128491273, 0.411455227472, 0.214460198178, 0.677602099399, 0.45767969149, 0.920179098439, 0.076521976354, 0.820019916911, 0.00447060371251, 0.241850696665, 0.323130456635, 0.180184450712, 0.781124350934, 0.737129798495, 0.0625600120058, 0.0728821569465, 0.00402587382627, 0.512946009168, 0.0416154764417, 43.9815910131
0.170925382928, 0.000956139333603, 0.139599033844, 0.0778378031449, 0.108554604001, 0.153268137333, 0.819044488773, 0.148022496015, 0.809978359371, 1.55498729739e-05, 0.454937898004, 0.399913624797, 0.476940968335, 0.873861440712, 0.515221955023, 0.151236297476, 0.322068570889, 0.310679860375, 0.000821679990277, 0.336964635863, 0.588054300548, 0.0121259497716, 0.18223986809, 0.722601128365, 0.161463909317, 0.62618920015, 0.396174095028, 0.170925382928, 0.000956139333603, 0.139599033844, 0.0778378031449, 0.108554604001, 0.153268137333, 0.819044488773, 42.4521798051
0.108800056376, 0.645166743714, 0.145379591338, 0.436917014413, 0.126732885211, 0.0115437189424, 0.0763797052505, 0.174003655677, 0.222055694015, 0.904985345688, 0.907389149301, 0.968604715038, 0.786175160295, 0.920677849628, 0.079885972556, 0.641267009861, 0.800562641908, 0.451335576651, 0.0403914956274, 0.135799393107, 0.604165980016, 0.0167725672047, 0.814135056172, 0.327006033385, 0.282140411448, 0.547769626877, 0.403559488645, 0.108800056376, 0.645166743714, 0.145379591338, 0.436917014413, 0.126732885211, 0.0115437189424, 0.0763797052505, 51.8006687203
0.249389805907, 0.757451579355, 0.153060081344, 0.0230347460646, 0.897217724959, 0.00506811913802, 0.0411981450149, 0.158862599704, 0.0294848352785, 0.128036435029, 0.197966688603, 0.50087470659, 0.200034450414, 0.757906518666, 0.00608428008453, 0.817153598904, 0.651655338484, 0.402645519047, 0.840461131075, 0.0527576724982, 0.153305072882, 0.252817587937, 0.126411735468, 0.197428354562, 0.0700333823776, 0.115569272726, 0.0750422223047, 0.249389805907, 0.757451579355, 0.153060081344, 0.0230347460646, 0.897217724959, 0.00506811913802, 0.0411981450149, 36.0577908036
0.227425580641, 0.623068160539, 0.0552152005632, 0.893240941628, 0.295928462054, 0.127371065256, 0.0440050924551, 0.15515371751, 0.726681520135, 0.239831753481, 0.242097056724, 0.00447324262399, 0.943706088676, 0.0030325129837, 0.00676751143366, 0.313779779853, 0.411003714173, 0.413275257004, 0.00673337884817, 0.034066929783, 0.288310855862, 0.220927193826, 0.0129050040115, 0.840691786981, 0.241328758278, 0.64355201651, 0.47774558504, 0.227425580641, 0.623068160539, 0.0552152005632, 0.893240941628, 0.295928462054, 0.127371065256, 0.0440050924551, 37.8935285653
0.132354968034, 0.264667540223, 0.905113021971, 0.904047047051, 0.153729983732, 0.0171429395702, 0.0712646878164, 0.0389190676358, 0.147391322918, 0.407510892815, 0.498453383599, 0.918228380527, 0.81511271311, 0.19676432065, 0.528696518698, 0.832452024211, 0.373091694942, 0.383924674244, 0.0449050552438, 0.128258999882, 0.986951111924, 0.246475058618, 0.820112423618, 0.214922936014, 0.0687281470031, 0.797231416827, 0.974527914999, 0.132354968034, 0.264667540223, 0.905113021971, 0.904047047051, 0.153729983732, 0.0171429395702, 0.0712646878164, 49.0527708597
0.358011457889, 0.0846413081147, 0.0149856443976, 0.170556230316, 0.00501628322485, 0.0554493650371, 0.0712421592811, 0.292888620528, 0.714385995088, 0.806282151098, 0.789087259186, 0.214308504033, 0.472398123361, 0.118502649179, 0.080230873605, 0.179545359658, 0.315982575619, 0.61628547878, 0.440555198078, 0.436056570161, 0.421922040229, 0.245259697771, 0.820541307833, 0.32548157483, 0.281145756988, 0.783074500779, 0.701388491397, 0.358011457889, 0.0846413081147, 0.0149856443976, 0.170556230316, 0.00501628322485, 0.0554493650371, 0.0712421592811, 48.4070415924
0.108800056376, 0.0770330149685, 0.110359426128, 0.0747993661807, 0.914915946708, 0.258724210165, 0.0768602687626, 0.931482617734, 0.914632673765, 0.904990284008, 0.90830565942, 0.202146505082, 0.786175160295, 0.93658150414, 0.397231768852, 0.641267009861, 0.683901110434, 0.451335576651, 0.00934464124162, 0.490502567958, 0.0941842753993, 0.0167725672047, 0.810394794552, 0.329225303515, 0.303647089041, 0.14745016842, 0.738728510183, 0.108800056376, 0.0770330149685, 0.110359426128, 0.0747993661807, 0.914915946708, 0.258724210165, 0.0768602687626, 53.9173505672
