0.0930044231919, 0.0824344056521, 0.919428639165, 0.0332648057113, 0.0181077803205, 0.0152958626182, 0.0733960530611, 0.0372949686306, 0.0841484048049, 0.824338583223, 0.104009473641, 0.917205524267, 0.685728362049, 0.193229834588, 0.0075338715222, 0.312952490184, 0.109897823121, 0.379633762221, 0.269804111315, 0.889471272035, 0.763924734314, 0.24918191578, 0.0105643606666, 0.783202635946, 0.24292611665, 0.0515317091561, 0.0600324503637, 0.0930044231919, 0.0824344056521, 0.919428639165, 0.0332648057113, 0.0181077803205, 0.0152958626182, 0.0733960530611, 40.7646047806
0.0886177114209, 0.0203151880864, 0.072477975056, 0.812327893289, 0.762602286227, 0.0186935075646, 0.10671973174, 0.556501855719, 0.130775770926, 0.691036958173, 0.837926772435, 0.901991516292, 0.215530724491, 0.947238328251, 0.0115956869767, 0.591460119317, 0.248197547498, 0.385584644117, 0.967995904981, 0.338391313671, 0.218925783832, 0.779288910744, 0.931786120545, 0.0621338527394, 0.386262557648, 0.058237693032, 0.408399735599, 0.0886177114209, 0.0203151880864, 0.072477975056, 0.812327893289, 0.762602286227, 0.0186935075646, 0.10671973174, 50.1030857453
0.288565028843, 0.76425294187, 0.500429531585, 0.023179541716, 0.201020253064, 0.0284086193011, 0.044987504958, 0.149190560934, 0.137606420185, 0.249363972716, 0.166000480068, 0.505673345702, 0.661808062154, 0.170449050626, 0.723449158649, 0.100313970618, 0.652669757481, 0.403466567682, 0.259391317359, 0.374011288052, 0.11793164301, 0.25349341957, 0.123598204294, 0.00375470870171, 0.255292711267, 0.115841895669, 0.0747336964995, 0.288565028843, 0.76425294187, 0.500429531585, 0.023179541716, 0.201020253064, 0.0284086193011, 0.044987504958, 35.444092763
0.231754926896, 0.15614443397, 0.0991705918584, 0.0290357306673, 0.0514246330483, 0.0474066274769, 0.503458812249, 0.177564249125, 0.138092569007, 0.122429310132, 0.197157969921, 0.0114216492582, 0.19665558853, 0.00717973615806, 0.0041751709184, 0.326540651528, 0.213224242799, 0.616705099177, 0.0136913259628, 0.376036724681, 0.216302919507, 0.250111516028, 0.00779025977494, 0.161519048435, 0.0261309378524, 0.135607129914, 0.00198407494519, 0.231754926896, 0.15614443397, 0.0991705918584, 0.0290357306673, 0.0514246330483, 0.0474066274769, 0.503458812249, 27.3890460337
0.780416487099, 0.0197311092997, 0.501653552028, 0.0728821569465, 0.00713887764547, 0.508082475026, 0.0412669926321, 0.155712047225, 0.949825226601, 0.238060591628, 0.261200569029, 0.505673345702, 0.331483604005, 0.228916436511, 0.528387220048, 0.0995486528557, 0.776762792878, 0.375516574186, 0.0446651967872, 0.117010657684, 0.914306727552, 0.0764822730259, 0.794208035127, 0.0140920405627, 0.241850696665, 0.383727416379, 0.180184450712, 0.780416487099, 0.0197311092997, 0.501653552028, 0.0728821569465, 0.00713887764547, 0.508082475026, 0.0412669926321, 41.692922994
0.998580292671, 0.0815335538405, 0.0980882274163, 0.0383527542655, 0.829518417643, 0.0171075414484, 0.0732711465445, 0.310576102566, 0.0236376313935, 0.82613392878, 0.14740788292, 0.4093965388, 0.437717571648, 0.986591823021, 0.0143296372061, 0.330373592789, 0.256597065734, 0.456780519556, 0.534220352665, 0.109037299665, 0.416123356882, 0.262213269129, 0.404487064787, 0.0254140071388, 0.120493130183, 0.893652725111, 0.370572501051, 0.998580292671, 0.0815335538405, 0.0980882274163, 0.0383527542655, 0.829518417643, 0.0171075414484, 0.0732711465445, 41.8529587209
0.108087289071, 0.459219304175, 0.0525744732212, 0.437364358687, 0.121721771351, 0.0609580852056, 0.0668354051581, 0.354565049343, 0.0353408935692, 0.0581644626112, 0.125457284687, 0.962621120016, 0.80653782778, 0.907366101711, 0.266048209167, 0.686013732877, 0.249356799601, 0.44370528377, 0.267006453261, 0.335865336521, 0.494758048692, 0.409492556363, 0.398745420034, 0.481578081667, 0.268988290865, 0.394550627112, 0.351480232779, 0.108087289071, 0.459219304175, 0.0525744732212, 0.437364358687, 0.121721771351, 0.0609580852056, 0.0668354051581, 45.7188637382
0.152194319189, 0.0108645792535, 0.0625882931811, 0.039598070565, 0.0057728342067, 0.823118105387, 0.0377491432895, 0.154879788993, 0.689837599341, 0.239549852346, 0.506167500962, 0.412999736411, 0.431516977649, 0.0294695777444, 0.0253088392858, 0.720981456046, 0.411455227472, 0.377707858975, 0.671139589528, 0.45767969149, 0.260812778552, 0.0766218415832, 0.827601569361, 0.210713002984, 0.241850696665, 0.322208452092, 0.404004433431, 0.152194319189, 0.0108645792535, 0.0625882931811, 0.039598070565, 0.0057728342067, 0.823118105387, 0.0377491432895, 42.5185013455
0.117126254452, 0.168318033876, 0.154421892372, 0.0516498240377, 0.909198497338, 0.00969604613645, 0.810152807832, 0.174199048299, 0.199321766202, 0.116416031583, 0.0140771805026, 0.0645435213538, 0.437234044916, 0.961349928387, 0.0121150874606, 0.804769773825, 0.210556734436, 0.615123651125, 0.00983260522223, 0.0473583162032, 0.145712313316, 0.246377542761, 0.388776198814, 0.328969954352, 0.0300713025674, 0.144848334782, 0.129261167753, 0.117126254452, 0.168318033876, 0.154421892372, 0.0516498240377, 0.909198497338, 0.00969604613645, 0.810152807832, 33.6839919189
0.113964309116, 0.0913328245815, 0.0170342328388, 0.778236613757, 0.0121126705459, 0.0914922495125, 0.0712225422022, 0.158678147775, 0.0142979710835, 0.917286243503, 0.452608016743, 0.157515970466, 0.438805729575, 0.887022688354, 0.00537833070897, 0.681510251648, 0.467637954654, 0.445608587355, 0.0190327079142, 0.354470070614, 0.313879398658, 0.24587695739, 0.392737219417, 0.205976635304, 0.0313520685352, 0.883834330214, 0.127654187649, 0.113964309116, 0.0913328245815, 0.0170342328388, 0.778236613757, 0.0121126705459, 0.0914922495125, 0.0712225422022, 41.5536194253
0.247321851017, 0.156201298564, 0.174377845648, 0.816413917482, 0.0158797633882, 0.0476906413767, 0.040489657926, 0.163202662902, 0.665893131264, 0.119524855821, 0.190950575807, 0.101457541169, 0.202493095903, 0.0216987605523, 0.00479365005089, 0.507422864213, 0.650981985201, 0.61498483316, 0.295898176008, 0.074238825351, 0.414075970573, 0.256069758275, 0.24895876938, 0.205742778165, 0.0195603121093, 0.135572442617, 0.0140141618071, 0.247321851017, 0.156201298564, 0.174377845648, 0.816413917482, 0.0158797633882, 0.0476906413767, 0.040489657926, 33.2563212622
0.120219314188, 0.144321855294, 0.963144867729, 0.0396247717423, 0.00987199294732, 0.146343306982, 0.761957224734, 0.443218245299, 0.0323876879972, 0.693378972313, 0.561796146196, 0.901111457123, 0.798121240478, 0.95215283879, 0.552076658382, 0.679839867694, 0.43606647579, 0.412682876541, 0.0114942402516, 0.398380303671, 0.144559244058, 0.246023278737, 0.241792191602, 0.395692872783, 0.388027347003, 0.642306564983, 0.349231136781, 0.120219314188, 0.144321855294, 0.963144867729, 0.0396247717423, 0.00987199294732, 0.146343306982, 0.761957224734, 48.7122178438
0.934309597008, 0.0782443675362, 0.0973350920688, 0.0444715762935, 0.205434383695, 0.871360547789, 0.0142295091463, 0.156188884045, 0.0383806826812, 0.233958011108, 0.559443139913, 0.158296750353, 0.438561460644, 0.0137312224271, 0.0432562291057, 0.796507117375, 0.647508873965, 0.416561253259, 0.297801547987, 0.342963636223, 0.144449596884, 0.0171899610717, 0.402029056816, 0.392821605925, 0.20683293183, 0.146091146284, 0.134128142402, 0.934309597008, 0.0782443675362, 0.0973350920688, 0.0444715762935, 0.205434383695, 0.871360547789, 0.0142295091463, 35.5087045381
0.968264113242, 0.0718548916299, 0.097329449407, 0.0324691238274, 0.915986599078, 0.803741987543, 0.190740789371, 0.168598706074, 0.101693181269, 0.235283106105, 0.586942114798, 0.158296750353, 0.215273735974, 0.0129664839552, 0.0691636133314, 0.892948765509, 0.647508873965, 0.211997282335, 0.0059256125078, 0.342963636223, 0.146093811733, 0.0146637698835, 0.394789184228, 0.392828108408, 0.203662071958, 0.139034472754, 0.127852126801, 0.968264113242, 0.0718548916299, 0.097329449407, 0.0324691238274, 0.915986599078, 0.803741987543, 0.190740789371, 33.4997409065
0.129080902722, 0.146194904513, 0.102979936933, 0.0401011206769, 0.129276717226, 0.507049242008, 0.0432186027873, 0.290374925918, 0.204629358091, 0.243630925903, 0.560754551682, 0.936126388839, 0.575826186874, 0.92302058258, 0.0196578118883, 0.0106424378843, 0.320722216985, 0.413738610985, 0.0104823978984, 0.932221213977, 0.416077946555, 0.0531555772704, 0.26040230153, 0.621217936377, 0.0316234194372, 0.42613189918, 0.427062290643, 0.129080902722, 0.146194904513, 0.102979936933, 0.0401011206769, 0.129276717226, 0.507049242008, 0.0432186027873, 43.4429118999
0.400601351271, 0.0197271542054, 0.0714710182735, 0.352414774978, 0.00677681086319, 0.0236098812508, 0.112030536383, 0.268914286276, 0.145050652049, 0.272708381708, 0.257589551467, 0.510028820813, 0.475505045113, 0.222188071755, 0.286578139865, 0.106714655443, 0.777114941503, 0.375324514722, 0.947974538476, 0.0594885243341, 0.728322054517, 0.246575884541, 0.838091167471, 0.0628893702245, 0.0318859556626, 0.384723529281, 0.407802179257, 0.400601351271, 0.0197271542054, 0.0714710182735, 0.352414774978, 0.00677681086319, 0.0236098812508, 0.112030536383, 42.5124300307
0.0824102639991, 0.811520767427, 0.57819616016, 0.0324132177141, 0.201008151716, 0.836560426351, 0.0182511691258, 0.43755598542, 0.998785752067, 0.106614267147, 0.172948694752, 0.0777079221019, 0.422503538799, 0.165037754134, 0.055551834551, 0.1038325073, 0.652842124729, 0.406077986297, 0.0128754482351, 0.360932656998, 0.168532458258, 0.287086151484, 0.227339829034, 0.481441296675, 0.389248566636, 0.144342506803, 0.71790643642, 0.0824102639991, 0.811520767427, 0.57819616016, 0.0324132177141, 0.201008151716, 0.836560426351, 0.0182511691258, 38.3443363241
0.231712366394, 0.0170487390861, 0.0994226474844, 0.890278599092, 0.894228131851, 0.836524128773, 0.0530677763343, 0.532458763766, 0.133079840344, 0.122429310132, 0.19402935785, 0.0676569403961, 0.0766053521355, 0.00717973615806, 0.0118864775712, 0.460267943368, 0.24478989857, 0.699329402426, 0.819957305981, 0.376034354727, 0.21409405966, 0.250105328822, 0.401780625401, 0.199847262879, 0.029545687798, 0.141121143774, 0.410769644517, 0.231712366394, 0.0170487390861, 0.0994226474844, 0.890278599092, 0.894228131851, 0.836524128773, 0.0530677763343, 34.5613720016
0.1094586954, 0.0229646018137, 0.100250652916, 0.0609844570077, 0.110189070771, 0.164544960282, 0.428484839108, 0.16930197081, 0.0763106509651, 0.692559394682, 0.853664728197, 0.0672099946958, 0.441656916633, 0.00178054408299, 0.486500809619, 0.986723218125, 0.244921213761, 0.279790934016, 0.0118186168159, 0.0475425283867, 0.427799329452, 0.268732694601, 0.521395435843, 0.722467319741, 0.0680441506851, 0.600900286464, 0.0793175392808, 0.1094586954, 0.0229646018137, 0.100250652916, 0.0609844570077, 0.110189070771, 0.164544960282, 0.428484839108, 41.1798585874
0.0806790529972, 0.700822635331, 0.102604600141, 0.0389820352942, 0.0468567208808, 0.0387508344791, 0.053234540808, 0.162708686401, 0.0333295425674, 0.668822617877, 0.18893283798, 0.103796294174, 0.437928054915, 0.0192419870322, 0.575556680975, 0.804341278533, 0.34705458489, 0.140871995347, 0.00576863061807, 0.0461963496257, 0.947406948717, 0.209915536345, 0.773960891862, 0.473342184113, 0.0292773851819, 0.14145292099, 0.410639874715, 0.0806790529972, 0.700822635331, 0.102604600141, 0.0389820352942, 0.0468567208808, 0.0387508344791, 0.053234540808, 39.2271709294
0.0687485895677, 0.153340476129, 0.0961076436044, 0.0220511660185, 0.289806911726, 0.0159951992136, 0.106610513641, 0.287556595568, 0.0961685510784, 0.113708553111, 0.0191038870007, 0.0698715630179, 0.430264981427, 0.787412110332, 0.00676871863599, 0.85178659143, 0.243446584825, 0.455890655675, 0.00698744942955, 0.0190903364819, 0.206776283185, 0.268375448275, 0.243178448723, 0.783634060021, 0.120601377172, 0.43381143958, 0.416869421163, 0.0687485895677, 0.153340476129, 0.0961076436044, 0.0220511660185, 0.289806911726, 0.0159951992136, 0.106610513641, 36.9075315872
0.199339665102, 0.3026023468, 0.0152022628471, 0.0321777881918, 0.011335918433, 0.00561854535611, 0.0712421592811, 0.166489148837, 0.711650899636, 0.242785318992, 0.185705060606, 0.876052486668, 0.437140257132, 0.114240166988, 0.001237323932, 0.163797127313, 0.686563795769, 0.424852796108, 0.014318902698, 0.433134686658, 0.416683938865, 0.0101821174553, 0.243680678032, 0.0630260433493, 0.241947814722, 0.328620930404, 0.683453417721, 0.199339665102, 0.3026023468, 0.0152022628471, 0.0321777881918, 0.011335918433, 0.00561854535611, 0.0712421592811, 39.0448017609
0.285700980747, 0.0128646084656, 0.0316063041146, 0.444085047948, 0.0188896023567, 0.0189918536284, 0.824814753288, 0.274266100162, 0.101355356748, 0.752379023745, 0.105879886489, 0.506488045035, 0.661368280754, 0.0601498058923, 0.0530329556675, 0.591605768789, 0.686712078662, 0.296280796469, 0.319948339624, 0.383886059356, 0.701959100626, 0.00933052014549, 0.518228608946, 0.0622310680604, 0.0322505625868, 0.0574703060084, 0.40621727636, 0.285700980747, 0.0128646084656, 0.0316063041146, 0.444085047948, 0.0188896023567, 0.0189918536284, 0.824814753288, 39.3246481664
0.0794603536267, 0.104730151374, 0.0833628046851, 0.035354894902, 0.208719247465, 0.0926990596285, 0.048749230633, 0.159642080383, 0.22539877857, 0.112449075752, 0.887447362061, 0.0702124028644, 0.434659318644, 0.138255251986, 0.0691319258425, 0.319789023516, 0.586757827289, 0.454806099844, 0.00256888045874, 0.905592082142, 0.160367997083, 0.60490896241, 0.400934936096, 0.475618502414, 0.392989306567, 0.148801222976, 0.135382104258, 0.0794603536267, 0.104730151374, 0.0833628046851, 0.035354894902, 0.208719247465, 0.0926990596285, 0.048749230633, 39.8765738012
0.12143961243, 0.126602335543, 0.580352479644, 0.0310928292861, 0.208748379782, 0.125588069619, 0.0717392068833, 0.439164797061, 0.964637455665, 0.120187058371, 0.187874165416, 0.0730804780834, 0.439497008108, 0.0497760760378, 0.0787121868589, 0.589972978405, 0.806586079229, 0.713579082295, 0.0383563779783, 0.886695009359, 0.330276669105, 0.226903243552, 0.231576727251, 0.734074062475, 0.161962039243, 0.823638507278, 0.472164658859, 0.12143961243, 0.126602335543, 0.580352479644, 0.0310928292861, 0.208748379782, 0.125588069619, 0.0717392068833, 45.8584741564
0.201681667864, 0.773121457284, 0.0859737224357, 0.0318102233085, 0.95372792847, 0.0461114173537, 0.0181229608048, 0.432594961731, 0.742760109002, 0.245678674181, 0.818741213935, 0.0481787970949, 0.811038785066, 0.890815551371, 0.675325626563, 0.588663461559, 0.330365427365, 0.412783118473, 0.011512139444, 0.436876541952, 0.410777703285, 0.0885954836312, 0.243190635512, 0.0661390966768, 0.021592980757, 0.318987592672, 0.678335795444, 0.201681667864, 0.773121457284, 0.0859737224357, 0.0318102233085, 0.95372792847, 0.0461114173537, 0.0181229608048, 45.1399305879
0.729473906512, 0.780183866344, 0.0904168651985, 0.772562629703, 0.90510561189, 0.0054367839578, 0.0711461473258, 0.156184860639, 0.0185517869473, 0.907868441527, 0.451837613794, 0.429547540997, 0.200033797364, 0.13286543149, 0.00246497381568, 0.749541000472, 0.464962220105, 0.380994817051, 0.00741945634323, 0.024471604158, 0.317453581739, 0.635926806777, 0.128361150535, 0.203459475743, 0.064626300666, 0.107860010722, 0.180639962422, 0.729473906512, 0.780183866344, 0.0904168651985, 0.772562629703, 0.90510561189, 0.0054367839578, 0.0711461473258, 35.1314971251
0.250891638393, 0.91786614349, 0.0979120823967, 0.82217866727, 0.0221454503868, 0.0837366116279, 0.200360350255, 0.707153619145, 0.0309040100053, 0.119597806637, 0.198061052774, 0.158780977854, 0.203550068023, 0.960675518205, 0.00067463887841, 0.506684567541, 0.644528268954, 0.40195083293, 0.302462051849, 0.0570081819571, 0.320202750541, 0.246252697344, 0.241435602071, 0.393012518377, 0.175082270978, 0.148070072342, 0.0750431970017, 0.250891638393, 0.91786614349, 0.0979120823967, 0.82217866727, 0.0221454503868, 0.0837366116279, 0.200360350255, 36.5237409797
0.98184160756, 0.110122516668, 0.154421892372, 0.039781209556, 0.947460717447, 0.0089307783935, 0.810207587539, 0.168463347695, 0.149048051056, 0.238632044057, 0.0144482739555, 0.0699549542702, 0.44420095808, 0.951731457743, 0.0690974115964, 0.804769773825, 0.586204253914, 0.412430876786, 0.0160047918003, 0.0473583162032, 0.145712313316, 0.246377542761, 0.388776198814, 0.386014910053, 0.204770038819, 0.145876006208, 0.129981987214, 0.98184160756, 0.110122516668, 0.154421892372, 0.039781209556, 0.947460717447, 0.0089307783935, 0.810207587539, 35.5068170482
0.0722745521266, 0.0209076536362, 0.770370930164, 0.0220511660185, 0.763291544707, 0.808085586901, 0.0533740971055, 0.578301778318, 0.0959241694399, 0.261688369522, 0.47760135751, 0.87367605164, 0.078577724536, 0.795403649235, 0.0105589338853, 0.864260269915, 0.245260284585, 0.450130292248, 0.431168284752, 0.331591812079, 0.975399782514, 0.268200189731, 0.241799343145, 0.0584463663472, 0.376670549875, 0.128805767559, 0.363665866112, 0.0722745521266, 0.0209076536362, 0.770370930164, 0.0220511660185, 0.763291544707, 0.808085586901, 0.0533740971055, 43.6258594008
0.358011457889, 0.0846413081147, 0.0152022628471, 0.0671455892996, 0.00501628322485, 0.0554493650371, 0.0712421592811, 0.149846898356, 0.72740328965, 0.806282151098, 0.789087259186, 0.875744184993, 0.657316718637, 0.118705029643, 0.080230873605, 0.162892114734, 0.952569182691, 0.61628547878, 0.440555198078, 0.436056570161, 0.416473900906, 0.245259697771, 0.820541307833, 0.0584881324909, 0.241998913239, 0.822325583, 0.701388491397, 0.358011457889, 0.0846413081147, 0.0152022628471, 0.0671455892996, 0.00501628322485, 0.0554493650371, 0.0712421592811, 52.2744782278
0.239769549371, 0.0216640782441, 0.088249892169, 0.0651613326738, 0.00408867408098, 0.162972565551, 0.0703460092324, 0.16927423266, 0.14388917279, 0.24656365084, 0.199026164617, 0.0681495250429, 0.441706363236, 0.104956461582, 0.00701400416714, 0.0889712003092, 0.247089679764, 0.277194167651, 0.807978685955, 0.506559613851, 0.427275211744, 0.26873462956, 0.406544803102, 0.228478503526, 0.210081519097, 0.623677701007, 0.0673122557092, 0.239769549371, 0.0216640782441, 0.088249892169, 0.0651613326738, 0.00408867408098, 0.162972565551, 0.0703460092324, 35.7703940208
0.0807162564593, 0.110122516668, 0.154920789922, 0.0518862210424, 0.824165724809, 0.168726026917, 0.0459389797117, 0.168474862446, 0.14904822135, 0.116880561309, 0.152219794734, 0.0699557998299, 0.435984125356, 0.0207327794478, 0.0690975944662, 0.80471244034, 0.65512153015, 0.278845211591, 0.00264178671227, 0.0474664416802, 0.142156695177, 0.20949584296, 0.517592891512, 0.0624889603674, 0.0664346669881, 0.0584409499798, 0.398336989173, 0.0807162564593, 0.110122516668, 0.154920789922, 0.0518862210424, 0.824165724809, 0.168726026917, 0.0459389797117, 31.5520675549
0.106848348501, 0.674411483158, 0.0515915545535, 0.193593777019, 0.00321335362974, 0.841966607487, 0.0675414518639, 0.936774251487, 0.722305328611, 0.396783628161, 0.127521090628, 0.96224192888, 0.847750552462, 0.874575991158, 0.0497665187726, 0.687979203727, 0.249282951539, 0.423948705742, 0.265689274962, 0.857288706365, 0.276010977722, 0.756009833564, 0.862998360856, 0.316595548852, 0.304472020685, 0.502028887271, 0.241545578507, 0.106848348501, 0.674411483158, 0.0515915545535, 0.193593777019, 0.00321335362974, 0.841966607487, 0.0675414518639, 53.7040548881
0.138105253865, 0.266232792437, 0.0155457519198, 0.031773375464, 0.00633197700433, 0.0554493650371, 0.0712421592811, 0.285592955167, 0.82546403171, 0.108187209268, 0.503519844797, 0.905908309538, 0.502952264327, 0.745427021718, 0.0557734297029, 0.584026478563, 0.322443692984, 0.218893594442, 0.435871696166, 0.907600040633, 0.402457951788, 0.260473640701, 0.841496450146, 0.0271400399217, 0.280673070334, 0.142884905309, 0.717934341568, 0.138105253865, 0.266232792437, 0.0155457519198, 0.031773375464, 0.00633197700433, 0.0554493650371, 0.0712421592811, 48.4812632898
0.35368039337, 0.0155506214677, 0.0986788864755, 0.0290357306673, 0.051380409862, 0.0467246785292, 0.0505970203353, 0.149423940393, 0.169190319034, 0.122429310132, 0.197114357189, 0.471325713239, 0.648982264587, 0.00136960808056, 0.0823343250099, 0.162649523066, 0.213224242799, 0.417753392485, 0.4411609564, 0.054693756237, 0.416732919014, 0.250105328822, 0.240336404223, 0.213091020714, 0.0261646498271, 0.804661665435, 0.703794198099, 0.35368039337, 0.0155506214677, 0.0986788864755, 0.0290357306673, 0.051380409862, 0.0467246785292, 0.0505970203353, 36.7173050754
0.729473906512, 0.780183866344, 0.0904168651985, 0.194516239272, 0.897245461506, 0.0054367839578, 0.0413756929523, 0.0631835222662, 0.709562176173, 0.23569053393, 0.50476398451, 0.429547540997, 0.200033797364, 0.13286543149, 0.00246497381568, 0.749541000472, 0.651580722906, 0.40195083293, 0.295898176008, 0.024471604158, 0.317449806787, 0.635926806777, 0.128361150535, 0.393012518377, 0.0643153731726, 0.132264698705, 0.180639962422, 0.729473906512, 0.780183866344, 0.0904168651985, 0.194516239272, 0.897245461506, 0.0054367839578, 0.0413756929523, 37.73096964
0.226917618384, 0.0200897222171, 0.818689384002, 0.0461281310104, 0.0158645255117, 0.166194223329, 0.0404695538322, 0.162878047806, 0.132814138751, 0.141040474063, 0.186332291388, 0.456293419669, 0.205134961209, 0.0788656950267, 0.00757623512863, 0.503487375982, 0.537200215612, 0.30664800027, 0.00493353242425, 0.0468800158318, 0.142156695177, 0.2465307791, 0.248397330875, 0.1575522703, 0.0260629318, 0.146132888275, 0.0157254963094, 0.226917618384, 0.0200897222171, 0.818689384002, 0.0461281310104, 0.0158645255117, 0.166194223329, 0.0404695538322, 29.1824938282
0.239769549371, 0.133977206549, 0.874849353319, 0.0329554519874, 0.00408867408098, 0.819375635535, 0.0703460092324, 0.169374512641, 0.936076196117, 0.24656365084, 0.199026164617, 0.405810860447, 0.32906671814, 0.228448001711, 0.00701400416714, 0.0996053695722, 0.80056974294, 0.411034613581, 0.807978685955, 0.496729602924, 0.296995907575, 0.269153330852, 0.409248427508, 0.0122103020315, 0.207833529016, 0.160651833606, 0.424484986137, 0.239769549371, 0.133977206549, 0.874849353319, 0.0329554519874, 0.00408867408098, 0.819375635535, 0.0703460092324, 40.1975562959
0.143834193263, 0.103830975918, 0.0834634167269, 0.444844582599, 0.137658783373, 0.0597133794627, 0.112974353045, 0.270347245541, 0.142296458474, 0.113108978055, 0.0139160020483, 0.213995995729, 0.0487876830472, 0.797004631188, 0.0530388330408, 0.804531407787, 0.587567479973, 0.377760347155, 0.933168689971, 0.902103702314, 0.0895738131639, 0.248501812809, 0.919049123027, 0.387057737563, 0.204329934006, 0.543009226061, 0.135237221904, 0.143834193263, 0.103830975918, 0.0834634167269, 0.444844582599, 0.137658783373, 0.0597133794627, 0.112974353045, 43.798422788
0.231712366394, 0.104725175656, 0.0994226474844, 0.890169889935, 0.0291186737215, 0.847424711538, 0.0747258753982, 0.529730203219, 0.133067984976, 0.42280521578, 0.19402935785, 0.0676569403961, 0.0766053521355, 0.00717973615806, 0.0121446076852, 0.84330178993, 0.24478989857, 0.733858581793, 0.819957305981, 0.376034354727, 0.21409405966, 0.250105328822, 0.401780625401, 0.231621581538, 0.0304320508773, 0.142610615066, 0.410769644517, 0.231712366394, 0.104725175656, 0.0994226474844, 0.890169889935, 0.0291186737215, 0.847424711538, 0.0747258753982, 37.4256326103
0.935327165451, 0.898602607401, 0.0970003805047, 0.039396870035, 0.0475301786382, 0.0129621376618, 0.194376970682, 0.153260736852, 0.0298843236058, 0.125866654729, 0.182777295693, 0.158296750353, 0.653057276242, 0.00513020366175, 0.00651915096914, 0.160371546029, 0.899454945368, 0.219268777058, 0.00589462355937, 0.345904904274, 0.144449596884, 0.0146637698835, 0.494950514961, 0.387985565739, 0.176096488783, 0.49428165968, 0.127349551692, 0.935327165451, 0.898602607401, 0.0970003805047, 0.039396870035, 0.0475301786382, 0.0129621376618, 0.194376970682, 32.686915749
0.0722745521266, 0.0236776436534, 0.770370930164, 0.0220511660185, 0.763291544707, 0.0227968166012, 0.0533740971055, 0.287556595568, 0.0959241694399, 0.271933027288, 0.496897802097, 0.068226737006, 0.078577724536, 0.778051102166, 0.0105589338853, 0.85178659143, 0.245260284585, 0.451811366291, 0.833677826194, 0.331591812079, 0.97707570821, 0.268200189731, 0.241799343145, 0.153496218018, 0.376670549875, 0.128805767559, 0.363665866112, 0.0722745521266, 0.0236776436534, 0.770370930164, 0.0220511660185, 0.763291544707, 0.0227968166012, 0.0533740971055, 41.7880274019
0.0815884339232, 0.826734695282, 0.577209299252, 0.032149679404, 0.00930095754555, 0.022447750451, 0.0407282406992, 0.161126264977, 0.597936488115, 0.689753964332, 0.805501751813, 0.505148901312, 0.661860376262, 0.0665946785972, 0.722223879305, 0.58523754171, 0.670321759065, 0.0813069665073, 0.892979114751, 0.36340514277, 0.14633649453, 0.0841157831319, 0.778240794832, 0.481099431845, 0.385447042057, 0.137994992587, 0.71790643642, 0.0815884339232, 0.826734695282, 0.577209299252, 0.032149679404, 0.00930095754555, 0.022447750451, 0.0407282406992, 49.9079107895
0.398953235277, 0.0114779799387, 0.097329449407, 0.0663743624446, 0.915552203159, 0.0878444237324, 0.0423504857263, 0.166407321099, 0.0434059681396, 0.239989142739, 0.506783358063, 0.158296750353, 0.280799807937, 0.0129664839552, 0.00155584195268, 0.153223768983, 0.647508873965, 0.416263426012, 0.00407102861724, 0.451584519123, 0.420525263814, 0.0146637698835, 0.394789184228, 0.21211348673, 0.175972910383, 0.145876006208, 0.127850399957, 0.398953235277, 0.0114779799387, 0.097329449407, 0.0663743624446, 0.915552203159, 0.0878444237324, 0.0423504857263, 32.1556930596
0.240823632226, 0.156308632654, 0.0985967835816, 0.34654672722, 0.43537396526, 0.485101461551, 0.0377160065783, 0.165887109934, 0.144620586154, 0.108154619663, 0.498175360232, 0.104095159932, 0.479983380366, 0.818288814447, 0.295959905533, 0.461440994479, 0.794368018582, 0.21675824683, 0.00741720012706, 0.0626917682014, 0.339927477917, 0.0354607425385, 0.257807110641, 0.204572626192, 0.014565363726, 0.948569618808, 0.0669654192619, 0.240823632226, 0.156308632654, 0.0985967835816, 0.34654672722, 0.43537396526, 0.485101461551, 0.0377160065783, 37.478149077
0.0868764135822, 0.109610499365, 0.154423796003, 0.0396653633899, 0.203487437974, 0.813333965301, 0.810207587539, 0.155779625819, 0.149048051056, 0.238632044057, 0.00941395121344, 0.0699549542702, 0.441832472266, 0.0978317766452, 0.0690974115964, 0.808728694752, 0.586450083154, 0.458667518051, 0.00226641185972, 0.0478338857997, 0.160672607438, 0.241815857719, 0.402013838686, 0.383868689635, 0.204770038819, 0.135299338849, 0.134126049667, 0.0868764135822, 0.109610499365, 0.154423796003, 0.0396653633899, 0.203487437974, 0.813333965301, 0.810207587539, 32.6563562631
0.9660242191, 0.157209534777, 0.0552999321037, 0.233027819885, 0.298565684635, 0.0127113142864, 0.0528541833717, 0.895272342757, 0.721955009573, 0.123184646731, 0.136644690508, 0.0106435984142, 0.203887139882, 0.736739301109, 0.00396353532375, 0.324847644263, 0.413620993409, 0.135379760618, 0.00804145578471, 0.059849429041, 0.198671822036, 0.221287137146, 0.0237167675161, 0.16103887706, 0.0318676698048, 0.541467390437, 0.417353373351, 0.9660242191, 0.157209534777, 0.0552999321037, 0.233027819885, 0.298565684635, 0.0127113142864, 0.0528541833717, 34.9432734768
0.967611474566, 0.153617252525, 0.0994226474844, 0.890278599092, 0.0571084460199, 0.508051249729, 0.0524911094303, 0.0996947146567, 0.0366376159206, 0.122273286893, 0.190722664117, 0.0673938634185, 0.070253684198, 0.0161794423573, 0.00403691665803, 0.75175944298, 0.60622991805, 0.13465605214, 0.299487441941, 0.0442850477564, 0.196127439835, 0.252632624363, 0.249883543958, 0.205652087586, 0.030216850259, 0.141121143774, 0.42229508286, 0.967611474566, 0.153617252525, 0.0994226474844, 0.890278599092, 0.0571084460199, 0.508051249729, 0.0524911094303, 29.7220305655
0.198727663958, 0.158652402176, 0.0986118509285, 0.0305167003243, 0.0514246330483, 0.512239759671, 0.0182765226348, 0.183217656322, 0.150876105591, 0.23467026259, 0.0152488912642, 0.429832485413, 0.0718040519007, 0.0986418137342, 0.682475104362, 0.0879706973749, 0.582623085261, 0.0874716545795, 0.00130903006567, 0.0426303606846, 0.32508269351, 0.0898306518963, 0.244543755327, 0.0652086717737, 0.0216156360762, 0.135514035172, 0.432215753538, 0.198727663958, 0.158652402176, 0.0986118509285, 0.0305167003243, 0.0514246330483, 0.512239759671, 0.0182765226348, 30.2033685743
0.0814387402815, 0.103147442922, 0.565601996065, 0.45098943667, 0.204837498061, 0.0267835785909, 0.115740965912, 0.155779017302, 0.133650134587, 0.687228424, 0.149913726674, 0.19674667193, 0.441886339573, 0.932040900335, 0.0690974115964, 0.645750451345, 0.670496480475, 0.453157425413, 0.0126573254623, 0.367342194863, 0.146258675673, 0.0111148680549, 0.929122764085, 0.0651278245698, 0.0667362796352, 0.538492153806, 0.708572574014, 0.0814387402815, 0.103147442922, 0.565601996065, 0.45098943667, 0.204837498061, 0.0267835785909, 0.115740965912, 42.3744687992
0.227425580641, 0.0814256610399, 0.0499669330357, 0.827703835261, 0.0023675189656, 0.0125314108859, 0.507423709197, 0.445297204076, 0.721955009573, 0.238562278304, 0.136980714284, 0.0127170084246, 0.9506220689, 0.876671724828, 0.0805809908109, 0.324330635555, 0.218519362187, 0.418430738978, 0.00799984916526, 0.034066929783, 0.252225259482, 0.606098362377, 0.396772798378, 0.190651530978, 0.0298491775511, 0.801771365299, 0.589014071497, 0.227425580641, 0.0814256610399, 0.0499669330357, 0.827703835261, 0.0023675189656, 0.0125314108859, 0.507423709197, 41.996728613
0.207260686314, 0.778009378803, 0.161267760116, 0.240582021347, 0.800894221685, 0.172449126525, 0.04159245956, 0.170008982787, 0.149132705903, 0.239868843317, 0.828327092973, 0.0613640003222, 0.439304369134, 0.448137910428, 0.0774962558531, 0.144915497349, 0.77481317186, 0.214425265965, 0.011121575294, 0.12859440637, 0.156160970547, 0.0891221131648, 0.244493412029, 0.217304820798, 0.175505860115, 0.975201267004, 0.404800003504, 0.207260686314, 0.778009378803, 0.161267760116, 0.240582021347, 0.800894221685, 0.172449126525, 0.04159245956, 36.7006374466
0.934309597008, 0.0782443675362, 0.0973350920688, 0.805388135706, 0.205438432715, 0.0842069008857, 0.0189663674076, 0.156188884045, 0.0383806826812, 0.233958011108, 0.564428333921, 0.158296750353, 0.203977248774, 0.0129664839552, 0.0432562291057, 0.153223768983, 0.647508873965, 0.416561253259, 0.299431015182, 0.342963636223, 0.144449596884, 0.0171899610717, 0.394789184228, 0.392821605925, 0.392085476684, 0.145876006208, 0.127850399957, 0.934309597008, 0.0782443675362, 0.0973350920688, 0.805388135706, 0.205438432715, 0.0842069008857, 0.0189663674076, 33.0253596185
0.0610046053164, 0.020933099192, 0.0316063041146, 0.0224212162473, 0.781506569728, 0.0189918536284, 0.021059312385, 0.274266100162, 0.101399811107, 0.752379023745, 0.109662485871, 0.507750437763, 0.661368280754, 0.0601498058923, 0.0530329556675, 0.591605768789, 0.244593216891, 0.296280796469, 0.319948339624, 0.383886059356, 0.701959100626, 0.00933052014549, 0.518228608946, 0.0584664569546, 0.0322505625868, 0.0567384849503, 0.40621727636, 0.0610046053164, 0.020933099192, 0.0316063041146, 0.0224212162473, 0.781506569728, 0.0189918536284, 0.021059312385, 37.8291798523
0.251247109799, 0.277363860674, 0.0145754376618, 0.067003766715, 0.00542488401966, 0.00561854535611, 0.0712403890697, 0.169219569841, 0.697927479555, 0.120228291264, 0.00448272683878, 0.0645016229715, 0.424184856415, 0.118705029643, 0.00169900382297, 0.152513892683, 0.689128256612, 0.61628547878, 0.435843707058, 0.0494025553829, 0.416683938865, 0.00990874906533, 0.227320683834, 0.391094210129, 0.0263960260734, 0.812433876573, 0.683453417721, 0.251247109799, 0.277363860674, 0.0145754376618, 0.067003766715, 0.00542488401966, 0.00561854535611, 0.0712403890697, 37.826396455
0.885586158739, 0.0200897222171, 0.818689384002, 0.0393881982421, 0.0316749614707, 0.166518071843, 0.0111916822794, 0.183812679735, 0.132814138751, 0.140903492435, 0.0143762812573, 0.450673070726, 0.0723845254394, 0.0776534219286, 0.00756955958934, 0.0918304328995, 0.537906067634, 0.30664800027, 0.00264178671227, 0.0468800158318, 0.142156695177, 0.2465307791, 0.388788062755, 0.1575522703, 0.0260629318, 0.146132888275, 0.43501970808, 0.885586158739, 0.0200897222171, 0.818689384002, 0.0393881982421, 0.0316749614707, 0.166518071843, 0.0111916822794, 28.5140651559
0.934365107578, 0.926963153625, 0.096439782579, 0.82217866727, 0.022492155645, 0.0143973905491, 0.19247326787, 0.163487637294, 0.0334673981174, 0.125866654729, 0.183377678944, 0.158296750353, 0.438747790561, 0.0084946176143, 0.00196598733641, 0.153223768983, 0.648362511008, 0.238093305574, 0.0101275175832, 0.345904904274, 0.145292314866, 0.0126967973186, 0.0211985230023, 0.0016517569628, 0.175972910383, 0.145962793258, 0.119448328845, 0.934365107578, 0.926963153625, 0.096439782579, 0.82217866727, 0.022492155645, 0.0143973905491, 0.19247326787, 26.6466144645
0.249389805907, 0.757451579355, 0.10686637943, 0.0395950386466, 0.131255911536, 0.0111660560344, 0.066254507925, 0.158685350978, 0.150270621272, 0.127002097317, 0.0226750685369, 0.504027101351, 0.496191600331, 0.775940122376, 0.00568002205289, 0.528758155598, 0.313267013636, 0.411671563932, 0.809892531306, 0.052759459525, 0.153305072882, 0.253601494091, 0.126411735468, 0.197428354562, 0.0698623394893, 0.115569272726, 0.0747854774027, 0.249389805907, 0.757451579355, 0.10686637943, 0.0395950386466, 0.131255911536, 0.0111660560344, 0.066254507925, 34.8954019988
0.919153234335, 0.0203151880864, 0.9066434515, 0.0317561165497, 0.763027028459, 0.0186935075646, 0.75324761159, 0.558305622061, 0.132493330369, 0.811945548085, 0.0194276357025, 0.422147863347, 0.215203892309, 0.951654061376, 0.0345506329524, 0.465449909582, 0.103109521687, 0.417580407359, 0.0161788067432, 0.312422680929, 0.338581536383, 0.248269460337, 0.919303572949, 0.0621338527394, 0.206776233404, 0.058237693032, 0.408399735599, 0.919153234335, 0.0203151880864, 0.9066434515, 0.0317561165497, 0.763027028459, 0.0186935075646, 0.75324761159, 39.1397273937
0.0835940626688, 0.812645759804, 0.162276892351, 0.0250954654293, 0.201368173377, 0.836560426351, 0.0184104090534, 0.43755598542, 0.133809502927, 0.241685680309, 0.805501751813, 0.0602977314402, 0.439111174128, 0.0506691272508, 0.055551834551, 0.585269177369, 0.773928424265, 0.216741780427, 0.0128754482351, 0.1221993162, 0.156272484303, 0.271338149424, 0.227339829034, 0.215813291494, 0.385447042057, 0.984393185483, 0.717668486944, 0.0835940626688, 0.812645759804, 0.162276892351, 0.0250954654293, 0.201368173377, 0.836560426351, 0.0184104090534, 40.1055520915
0.930146693489, 0.76425294187, 0.500429531585, 0.023179541716, 0.201020253064, 0.0284086193011, 0.00673134256521, 0.601936543184, 0.132532246985, 0.225400342549, 0.165462378619, 0.505673345702, 0.661762035467, 0.165164767059, 0.0360218235109, 0.0988341704981, 0.100670896916, 0.403270622168, 0.00292351320003, 0.374670479002, 0.342175583753, 0.25349341957, 0.123598204294, 0.00394153670769, 0.256916459741, 0.115841895669, 0.411729182178, 0.930146693489, 0.76425294187, 0.500429531585, 0.023179541716, 0.201020253064, 0.0284086193011, 0.00673134256521, 33.4515909123
0.0868764135822, 0.68027918169, 0.0559202468412, 0.0396653633899, 0.300611219491, 0.813333965301, 0.810207587539, 0.155779625819, 0.149048051056, 0.238632044057, 0.13737260748, 0.0699549542702, 0.441832472266, 0.0358384724986, 0.0688453486894, 0.808728694752, 0.586450083154, 0.376957007436, 0.00226641185972, 0.0478338857997, 0.160672607438, 0.241437796132, 0.0210066186148, 0.383868689635, 0.204770038819, 0.135299338849, 0.134126049667, 0.0868764135822, 0.68027918169, 0.0559202468412, 0.0396653633899, 0.300611219491, 0.813333965301, 0.810207587539, 31.2023983198
0.109474593257, 0.022985749678, 0.100250652916, 0.0609844570077, 0.110330184183, 0.161416110312, 0.428484839108, 0.514842321678, 0.915316390687, 0.692559394682, 0.853597288807, 0.0335096808213, 0.0773683754982, 0.908696087915, 0.530346746095, 0.977054497344, 0.244921213761, 0.98262558779, 0.23146554954, 0.912249805398, 0.424445771266, 0.640251742359, 0.41607879475, 0.584737341095, 0.232620853099, 0.649452686295, 0.0824394713507, 0.109474593257, 0.022985749678, 0.100250652916, 0.0609844570077, 0.110330184183, 0.161416110312, 0.428484839108, 55.0121323974
0.199011502382, 0.776642113563, 0.917190665997, 0.885624916353, 0.994922020245, 0.0459065844133, 0.0181229608048, 0.16160699622, 0.149457801078, 0.122658888511, 0.809688794552, 0.911925875163, 0.201641040459, 0.443815921248, 0.674780960224, 0.591511834658, 0.793516122265, 0.132187284616, 0.00560800884804, 0.12859440637, 0.193431687415, 0.0884551260797, 0.242818644548, 0.0623941192513, 0.0216509968057, 0.141404141521, 0.41076717517, 0.199011502382, 0.776642113563, 0.917190665997, 0.885624916353, 0.994922020245, 0.0459065844133, 0.0181229608048, 37.6341172024
0.0821476299777, 0.0229646018137, 0.107010548676, 0.0303011396918, 0.192680870873, 0.836560426351, 0.781830427292, 0.544547344966, 0.643535360319, 0.307248065318, 0.834482896348, 0.510066565443, 0.0773683754982, 0.939609028186, 0.563233372822, 0.588025323982, 0.632412195392, 0.452718044375, 0.258531282077, 0.922758950111, 0.911836762815, 0.269643557414, 0.804198153349, 0.748843150176, 0.386270322978, 0.639477323723, 0.500535024892, 0.0821476299777, 0.0229646018137, 0.107010548676, 0.0303011396918, 0.192680870873, 0.836560426351, 0.781830427292, 56.6494337987
0.88198000336, 0.0200897222171, 0.0374963548836, 0.0393881982421, 0.0315830270829, 0.0608185323282, 0.0111916822794, 0.183001238238, 0.131670012231, 0.140903492435, 0.126128062606, 0.953397503487, 0.142472951695, 0.0617971219194, 0.0102246436679, 0.68642093231, 0.537906067634, 0.304749089965, 0.266038949915, 0.0482156914595, 0.502968676331, 0.412623930744, 0.388809052944, 0.512975908842, 0.0260629318, 0.397881936504, 0.43501970808, 0.88198000336, 0.0200897222171, 0.0374963548836, 0.0393881982421, 0.0315830270829, 0.0608185323282, 0.0111916822794, 38.2544467757
0.231737640162, 0.153617252525, 0.0994226474844, 0.890278599092, 0.0571084460199, 0.508051249729, 0.0530677763343, 0.0996947146567, 0.0363653880179, 0.122429310132, 0.190722664117, 0.104314791805, 0.070253684198, 0.00717973615806, 0.00476484768714, 0.752918832687, 0.652183302377, 0.13465605214, 0.299487441941, 0.376034354727, 0.196127439835, 0.252632624363, 0.249883543958, 0.205652087586, 0.029545687798, 0.141121143774, 0.410769644517, 0.231737640162, 0.153617252525, 0.0994226474844, 0.890278599092, 0.0571084460199, 0.508051249729, 0.0530677763343, 31.2398328338
0.928440563427, 0.0722601780424, 0.097329449407, 0.805388135706, 0.915552203159, 0.0842069008857, 0.192482396699, 0.166476360391, 0.0382910088637, 0.235283106105, 0.564428333921, 0.158296750353, 0.281166850062, 0.0129664839552, 0.00174360062189, 0.153223768983, 0.647508873965, 0.41627904919, 0.0059256125078, 0.342963636223, 0.144449596884, 0.0146637698835, 0.394789184228, 0.392821605925, 0.175972910383, 0.145876006208, 0.127850399957, 0.928440563427, 0.0722601780424, 0.097329449407, 0.805388135706, 0.915552203159, 0.0842069008857, 0.192482396699, 31.1618138409
0.879848732774, 0.0200897222171, 0.818689384002, 0.0393881982421, 0.824044404054, 0.168726026917, 0.107615974935, 0.168468885989, 0.132657570664, 0.117131782214, 0.0143762812573, 0.0680017543043, 0.0723845254394, 0.938624019442, 0.0682766158597, 0.80471244034, 0.606160487445, 0.306696740417, 0.00264178671227, 0.0482186502233, 0.142156695177, 0.2465307791, 0.388788062755, 0.1575522703, 0.00411192990124, 0.145876006208, 0.0691447467082, 0.879848732774, 0.0200897222171, 0.818689384002, 0.0393881982421, 0.824044404054, 0.168726026917, 0.107615974935, 31.4371412359
0.082198064423, 0.109632111558, 0.102202090497, 0.0391847470582, 0.0479102418007, 0.0363229746501, 0.0708337025299, 0.169039486848, 0.14907296942, 0.117361868619, 0.0230041765133, 0.0699200623617, 0.0928344489127, 0.776003816059, 0.569879369663, 0.525582223167, 0.578563391342, 0.749970171245, 0.80992790571, 0.255367504309, 0.978858727306, 0.253393784405, 0.767374749351, 0.471397891441, 0.116937717748, 0.135341319081, 0.987737375499, 0.082198064423, 0.109632111558, 0.102202090497, 0.0391847470582, 0.0479102418007, 0.0363229746501, 0.0708337025299, 46.7963049708
0.120195443503, 0.0120001945939, 0.963144867729, 0.0396247964958, 0.00987432512771, 0.81675747398, 0.761957224734, 0.15659696594, 0.688441885663, 0.693378972313, 0.560638355784, 0.412821202587, 0.798121240478, 0.95215283879, 0.552076658382, 0.679839867694, 0.435655577545, 0.412682876541, 0.0114942402516, 0.398380303671, 0.145729862575, 0.246056394186, 0.215169403119, 0.395692872783, 0.388027347003, 0.642306564983, 0.349675742901, 0.120195443503, 0.0120001945939, 0.963144867729, 0.0396247964958, 0.00987432512771, 0.81675747398, 0.761957224734, 47.9862305573
0.0703471002049, 0.0209104872858, 0.103353742139, 0.0350239735624, 0.793644399169, 0.523287324888, 0.0036070718446, 0.108639565579, 0.826797006506, 0.815927519479, 0.553530313039, 0.0720378005864, 0.43943983033, 0.0610564357636, 0.00983753300209, 0.148798465554, 0.825685047191, 0.406389751258, 0.824657913866, 0.334518399236, 0.331172587712, 0.268214075294, 0.241806320481, 0.780170977691, 0.160587344663, 0.78709434157, 0.495167588932, 0.0703471002049, 0.0209104872858, 0.103353742139, 0.0350239735624, 0.793644399169, 0.523287324888, 0.0036070718446, 46.2063894597
0.400601351271, 0.0197271542054, 0.488104006615, 0.068370803294, 0.00677681086319, 0.0236098812508, 0.113567712511, 0.268914286276, 0.202217216924, 0.662939546337, 0.257456778632, 0.510028820813, 0.330963821548, 0.234172571921, 0.0530388330408, 0.103392284669, 0.777415964053, 0.377977941467, 0.947974538476, 0.0594885243341, 0.728322054517, 0.24421015847, 0.838091167471, 0.0628893702245, 0.0318859556626, 0.384723529281, 0.406301321698, 0.400601351271, 0.0197271542054, 0.488104006615, 0.068370803294, 0.00677681086319, 0.0236098812508, 0.113567712511, 42.8397293042
0.227425580641, 0.629369710456, 0.0554532136219, 0.0612138107422, 0.817955856533, 0.0133194540544, 0.419027953753, 0.15515371751, 0.0918524299955, 0.238585671338, 0.136357788235, 0.0106435984142, 0.0638712799295, 0.0030325129837, 0.00676751143366, 0.312275452425, 0.245864501434, 0.413409413865, 0.00673337884817, 0.034066929783, 0.765611897184, 0.221287137146, 0.0178460080434, 0.783351949658, 0.241022490466, 0.649461437288, 0.0797674270008, 0.227425580641, 0.629369710456, 0.0554532136219, 0.0612138107422, 0.817955856533, 0.0133194540544, 0.419027953753, 31.7341369825
0.0794603536267, 0.0274023000526, 0.0833628046851, 0.24319266304, 0.20560451302, 0.0869246290464, 0.048749230633, 0.159642080383, 0.222811094569, 0.112449075752, 0.871061895684, 0.0702124028644, 0.0801747332188, 0.729703134571, 0.0661178687544, 0.325229827084, 0.654026682529, 0.452486293246, 0.00582897912881, 0.905592082142, 0.168532458258, 0.60490896241, 0.400934936096, 0.472669868972, 0.394542454732, 0.641656118399, 0.500151494179, 0.0794603536267, 0.0274023000526, 0.0833628046851, 0.24319266304, 0.20560451302, 0.0869246290464, 0.048749230633, 43.9741971227
0.156526654367, 0.104156559885, 0.0991319180002, 0.811052475036, 0.00565034342534, 0.822321766013, 0.0378604178647, 0.604047759125, 0.098582495908, 0.257636713088, 0.499836663022, 0.197699999677, 0.664304289833, 0.931993083071, 0.0677240773544, 0.896908557413, 0.899528099244, 0.453255848695, 0.808002216812, 0.3760350239, 0.26329659282, 0.157986072818, 0.408470283943, 0.751262796843, 0.0672239215798, 0.495415816219, 0.135748167789, 0.156526654367, 0.104156559885, 0.0991319180002, 0.811052475036, 0.00565034342534, 0.822321766013, 0.0378604178647, 47.7480555038
0.130736243699, 0.0157100693661, 0.586001424134, 0.0274637661984, 0.0862070070301, 0.507049242008, 0.0179362107537, 0.924259272015, 0.151675952413, 0.243633379612, 0.805992274118, 0.908565795756, 0.574202869655, 0.061816799966, 0.0744799065721, 0.580111764484, 0.676135144984, 0.413743882293, 0.838239869786, 0.932221213977, 0.411459046724, 0.2432153756, 0.274198972173, 0.331487949702, 0.0235493710763, 0.147483739075, 0.42684700946, 0.130736243699, 0.0157100693661, 0.586001424134, 0.0274637661984, 0.0862070070301, 0.507049242008, 0.0179362107537, 48.4270923656
0.121286463964, 0.144321855294, 0.0947493597814, 0.0396247717423, 0.00987199294732, 0.146343306982, 0.761957224734, 0.443218245299, 0.0323876879972, 0.693378972313, 0.561796146196, 0.0942187762831, 0.798121240478, 0.0157424736576, 0.013818789802, 0.679839867694, 0.43606647579, 0.412682876541, 0.0170021197593, 0.398380303671, 0.195024937094, 0.246023278737, 0.405098764224, 0.198897261892, 0.393555165888, 0.132568196199, 0.349231136781, 0.121286463964, 0.144321855294, 0.0947493597814, 0.0396247717423, 0.00987199294732, 0.146343306982, 0.761957224734, 39.0661433426
0.199011502382, 0.83405982874, 0.819414681669, 0.0395145241322, 0.99480166568, 0.046332036585, 0.0145799959899, 0.163432570678, 0.146988604874, 0.234632025618, 0.014684510315, 0.911925875163, 0.0732779609877, 0.443815921248, 0.675325626563, 0.805804897204, 0.584639774412, 0.304409941552, 0.00253691566701, 0.0478264668241, 0.417539606267, 0.0896180328779, 0.243190635512, 0.0636960298724, 0.021592980757, 0.835940977234, 0.0666114135431, 0.199011502382, 0.83405982874, 0.819414681669, 0.0395145241322, 0.99480166568, 0.046332036585, 0.0145799959899, 37.3513685277
0.723553529019, 0.11012726328, 0.152870670819, 0.0317188864391, 0.173627862858, 0.0148600420052, 0.752691991423, 0.553252786668, 0.149048090666, 0.238675578129, 0.014445114481, 0.435690000367, 0.434053601249, 0.941947942345, 0.0681451271317, 0.591233466297, 0.586804514696, 0.454028611209, 0.0184814549173, 0.0489028231408, 0.338308257738, 0.246377542761, 0.453995478354, 0.0626403034506, 0.206744444869, 0.124792877932, 0.134096530713, 0.723553529019, 0.11012726328, 0.152870670819, 0.0317188864391, 0.173627862858, 0.0148600420052, 0.752691991423, 37.438583112
0.824851959009, 0.115111563473, 0.0717105216201, 0.0222308612437, 0.755401845711, 0.0146911799577, 0.100936862694, 0.287977185694, 0.094838160286, 0.110808682415, 0.0143674303112, 0.44581464143, 0.0807266179711, 0.775286309758, 0.0693183678963, 0.589182339315, 0.586804514696, 0.455877750856, 0.30338131268, 0.0207923818971, 0.992073121609, 0.268244351375, 0.243102537438, 0.154581261827, 0.204845257666, 0.117416856463, 0.145913942334, 0.824851959009, 0.115111563473, 0.0717105216201, 0.0222308612437, 0.755401845711, 0.0146911799577, 0.100936862694, 36.905053576
0.207260686314, 0.778009378803, 0.161267760116, 0.0521464957174, 0.801975185717, 0.0105675402938, 0.831863969916, 0.174249496522, 0.149268660913, 0.239868843317, 0.828327092973, 0.0644435663684, 0.437212715144, 0.448137910428, 0.00998664140538, 0.144915497349, 0.77481317186, 0.214045164283, 0.011121575294, 0.128359966954, 0.155701906936, 0.0891221131648, 0.389891403785, 0.217304820798, 0.175505860115, 0.127761381078, 0.404800003504, 0.207260686314, 0.778009378803, 0.161267760116, 0.0521464957174, 0.801975185717, 0.0105675402938, 0.831863969916, 33.8535765181
0.109474593257, 0.0125729665168, 0.107019968551, 0.0595856190834, 0.109544266747, 0.161416110312, 0.0124759024849, 0.514842321678, 0.100446805772, 0.13302456624, 0.855717798891, 0.0257074182623, 0.496751471327, 0.058905046292, 0.0950066328458, 0.977336244506, 0.303493037899, 0.98262558779, 0.32096581894, 0.0373025134643, 0.407647274642, 0.00660802842225, 0.518037710892, 0.195519245123, 0.0300511715134, 0.0578324142999, 0.406210204075, 0.109474593257, 0.0125729665168, 0.107019968551, 0.0595856190834, 0.109544266747, 0.161416110312, 0.0124759024849, 39.3139592512
0.406335124276, 0.0200667362296, 0.535315990223, 0.031773375464, 0.00632662652274, 0.0554493650371, 0.112982614706, 0.285592955167, 0.82546403171, 0.108187209268, 0.503519844797, 0.503488600507, 0.332266950334, 0.745427021718, 0.0557734297029, 0.598122441902, 0.786879808581, 0.216840726588, 0.435871696166, 0.907600040633, 0.402457951788, 0.260473640701, 0.841496450146, 0.0271400399217, 0.280673070334, 0.142884905309, 0.72731633857, 0.406335124276, 0.0200667362296, 0.535315990223, 0.031773375464, 0.00632662652274, 0.0554493650371, 0.112982614706, 48.2489397394
0.723553529019, 0.0901590281718, 0.152870670819, 0.0396647884222, 0.167186217746, 0.0148600420052, 0.194058677182, 0.271151176992, 0.0309747720211, 0.237043572783, 0.181418807166, 0.147605907164, 0.436367321542, 0.941947942345, 0.067246392348, 0.163558037991, 0.900926690877, 0.454770805719, 0.00170424942273, 0.345132683084, 0.160048171382, 0.167643734765, 0.494468927871, 0.391811230344, 0.176014632484, 0.145876006208, 0.134222845334, 0.723553529019, 0.0901590281718, 0.152870670819, 0.0396647884222, 0.167186217746, 0.0148600420052, 0.194058677182, 36.6935361132
0.0820479990241, 0.109610499365, 0.107408685444, 0.0332772740972, 0.190206564774, 0.836562069657, 0.810207587539, 0.557661375347, 0.149048051056, 0.238632044057, 0.00941395121344, 0.49788656499, 0.0758371045477, 0.0978317766452, 0.0690974115964, 0.587733973705, 0.585984745681, 0.458667518051, 0.00226641185972, 0.0478338857997, 0.163477968564, 0.241815857719, 0.404064578641, 0.381151696405, 0.204770038819, 0.618992832858, 0.134126049667, 0.0820479990241, 0.109610499365, 0.107408685444, 0.0332772740972, 0.190206564774, 0.836562069657, 0.810207587539, 35.2502610728
0.0794603536267, 0.10489862823, 0.0833628046851, 0.035354894902, 0.208719247465, 0.0600427403485, 0.048749230633, 0.159762321896, 0.22539877857, 0.112449075752, 0.887447362061, 0.0702124028644, 0.0497618505889, 0.138255251986, 0.0691785133854, 0.319789023516, 0.584223936985, 0.454806099844, 0.0120094158884, 0.0678662300574, 0.160367997083, 0.60490896241, 0.921797373469, 0.476428637735, 0.385153047193, 0.544166829371, 0.135382104258, 0.0794603536267, 0.10489862823, 0.0833628046851, 0.035354894902, 0.208719247465, 0.0600427403485, 0.048749230633, 38.7897431386
0.120219314188, 0.126562454618, 0.583957727978, 0.0396247717423, 0.0103304289432, 0.146343306982, 0.777843651922, 0.443218245299, 0.0323876879972, 0.693378972313, 0.55962193356, 0.901111457123, 0.418318246053, 0.978698275185, 0.546033666414, 0.589745630019, 0.43606647579, 0.413294115775, 0.0111852113214, 0.888678564604, 0.144559244058, 0.227101809786, 0.231564958812, 0.395692872783, 0.388027347003, 0.642306564983, 0.349231136781, 0.120219314188, 0.126562454618, 0.583957727978, 0.0396247717423, 0.0103304289432, 0.146343306982, 0.777843651922, 48.9583877527
0.729473906512, 0.780183866344, 0.0884668733621, 0.772562629703, 0.904661739048, 0.0054367839578, 0.0711461473258, 0.156184860639, 0.799035337313, 0.907868441527, 0.173819834727, 0.428818156323, 0.438472311171, 0.139669590394, 0.00246497381568, 0.749541000472, 0.464962220105, 0.413412413139, 0.00741945634323, 0.114536966483, 0.317453581739, 0.635926806777, 0.128761291592, 0.210979581107, 0.064626300666, 0.110067803402, 0.698174084351, 0.729473906512, 0.780183866344, 0.0884668733621, 0.772562629703, 0.904661739048, 0.0054367839578, 0.0711461473258, 40.0571005902
0.0820656452252, 0.0229646018137, 0.107671782124, 0.799983174677, 0.196791356922, 0.836560426351, 0.779571166786, 0.544547344966, 0.63953506845, 0.713746880636, 0.834482896348, 0.510066565443, 0.0770171362719, 0.947374081824, 0.565322617131, 0.588025323982, 0.632412195392, 0.452718044375, 0.258531282077, 0.922758950111, 0.911836762815, 0.274493673975, 0.804198153349, 0.116822337352, 0.386262223145, 0.640637005732, 0.500535024892, 0.0820656452252, 0.0229646018137, 0.107671782124, 0.799983174677, 0.196791356922, 0.836560426351, 0.779571166786, 55.5527306826
0.113964309116, 0.0913328245815, 0.0170342328388, 0.778236613757, 0.0121126705459, 0.0842210232378, 0.0712225422022, 0.158608838247, 0.0142979710835, 0.917286243503, 0.452608016743, 0.437874617101, 0.438809677643, 0.887022688354, 0.00532084621148, 0.68015970839, 0.467394493693, 0.380788473803, 0.019241334873, 0.354597876228, 0.313879398658, 0.246387692541, 0.301300333799, 0.205976635304, 0.0300967147074, 0.898903276825, 0.354370305955, 0.113964309116, 0.0913328245815, 0.0170342328388, 0.778236613757, 0.0121126705459, 0.0842210232378, 0.0712225422022, 42.8566113175
