0.0, 0.25, 0.0, 0.0, 1.0, 0.75, 0.0, 0.0, 0.140625, 0.0, 0.0, 0.0, 0.421875, 0.25, 1.0, 1.0, 1.0, 0.0625, 1.0, 0.5625, 0.25, 0.0, 0.75, 0.0, 0.0, 0.0, 0.0, 1.0, 25, 0, 6.56631281019
0.0625, 0.25, 0.0, 1.0, 0.4375, 1.0, 1.0, 0.0, 0.0, 1.0, 0.0, 0.0, 0.4375, 1.0, 0.0625, 1.0, 1.0, 0.5625, 0.0, 1.0, 0.0, 1.0, 1.0, 0.0625, 1.0, 0.0, 0.0, 1.0, 15, 0, 11.0046506371
0.0, 0.8125, 0.75, 0.0, 0.75, 0.0, 0.0, 0.0, 0.25, 0.0, 0.0, 0.0, 0.0, 1.0, 1.0, 1.0, 0.0, 0.0, 1.0, 1.0, 1.0, 0.0, 0.0, 1.0, 0.0, 0.0, 0.0, 0.0, 22, 0, 7.84673156553
1.0, 0.0, 0.0, 1.0, 1.0, 0.25, 1.0, 1.0, 1.0, 0.0, 0.0, 0.0, 0.0, 1.0, 0.0, 1.0, 1.0, 0.0, 0.0, 1.0, 0.0, 1.0, 0.75, 0.0, 0.0, 0.0, 0.0, 1.0, 13, 0, 12.4811860337
0.0, 1.0, 0.0, 1.0, 0.75, 0.5625, 0.25, 0.25, 0.421875, 0.0, 0.0, 0.0, 0.0, 0.0, 1.0, 1.0, 0.0, 0.0, 1.0, 0.75, 0.0, 0.0, 1.0, 1.0, 1.0, 0.0, 0.25, 0.75, 19, 0, 9.15024744595
0.0, 0.4375, 0.0, 0.390625, 0.0, 1.0, 0.25, 0.75, 0.75, 0.0, 0.0, 0.25, 0.0, 1.0, 0.0, 1.0, 0.203125, 0.0, 0.0, 1.0, 0.0, 1.0, 0.0, 0.0, 0.8125, 1.0, 0.1875, 0.0, 19, 0, 9.32307850669
1.0, 1.0, 1.0, 0.0, 1.0, 1.0, 1.0, 1.0, 0.0, 0.0, 0.0, 1.0, 1.0, 1.0, 1.0, 1.0, 0.0, 0.0, 0.25, 1.0, 0.0, 1.0, 0.0, 1.0, 0.5625, 0.25, 0.0, 0.0, 10, 0, 14.3214933472
0.0, 0.0, 0.0, 0.0, 0.0, 0.0, 1.0, 0.0, 0.0, 0.0, 0.0, 1.0, 0.0, 0.75, 1.0, 1.0, 1.0, 0.0, 1.0, 1.0, 0.0, 1.0, 0.0, 1.0, 0.0, 0.0, 0.0, 1.0, 17, 0, 8.34415902522
0.0, 0.0, 0.0, 0.0, 1.0, 0.0, 1.0, 0.1875, 0.0, 0.0, 0.0, 0.0, 0.8125, 1.0, 0.0, 1.0, 1.0, 0.0, 1.0, 1.0, 0.25, 1.0, 1.0, 0.0, 0.0, 1.0, 0.0, 1.0, 22, 0, 8.80767229357
0.75, 0.0, 0.0, 0.0, 0.0, 0.0, 1.0, 0.0, 0.0, 0.0, 0.0, 1.0, 0.0, 1.0, 1.0, 1.0, 0.75, 0.0, 0.75, 1.0, 1.0, 0.25, 1.0, 0.75, 1.0, 0.328125, 0.0, 1.0, 12, 0, 10.7044772378
1.0, 1.0, 1.0, 0.75, 1.0, 0.0625, 0.0, 0.1875, 1.0, 0.0, 0.0, 0.5625, 1.0, 1.0, 1.0, 1.0, 1.0, 0.25, 1.0, 0.0, 0.5625, 1.0, 0.0, 0.0, 1.0, 0.0, 1.0, 0.0, 10, 0, 15.212056351
1.0, 0.25, 0.0, 1.0, 1.0, 0.0, 0.0, 0.0, 1.0, 0.75, 0.0, 0.0, 0.0, 0.4375, 0.75, 1.0, 0.75, 0.859375, 1.0, 1.0, 0.75, 0.4375, 1.0, 0.0, 1.0, 0.0, 0.0, 0.0, 16, 0, 11.2022058695
0.0, 0.0, 0.0, 0.0, 0.0, 0.0, 1.0, 0.1875, 0.0, 0.0, 0.0, 0.0, 0.38671875, 0.0, 0.75, 1.0, 0.29296875, 0.0, 1.0, 0.0, 1.0, 1.0, 0.0, 0.0, 1.0, 0.0, 0.0, 0.4375, 30, 0, 5.31425389568
1.0, 0.0, 0.0, 1.0, 0.75, 1.0, 1.0, 0.0, 0.0, 0.0, 0.0, 1.0, 1.0, 1.0, 0.4375, 1.0, 0.0, 0.0, 1.0, 0.0, 0.0, 1.0, 0.0, 0.0, 0.0, 0.5625, 0.0, 0.0, 15, 0, 11.7920984565
0.8125, 0.0, 0.75, 0.0, 1.0, 0.8125, 0.25, 0.0, 0.0, 0.0, 0.0, 0.0, 0.0, 0.0, 1.0, 1.0, 0.0, 0.0, 1.0, 0.0, 0.5625, 0.0, 0.0, 0.0, 0.0, 0.0, 1.0, 0.1875, 22, 0, 8.6127266516
1.0, 0.0, 0.0, 0.0, 0.25, 0.0, 0.0, 1.0, 1.0, 0.0, 0.0, 0.0, 0.0, 0.0, 1.0, 1.0, 0.0, 0.0, 0.0, 1.0, 0.0, 1.0, 0.0, 1.0, 0.75, 0.0, 0.0, 1.0, 18, 0, 8.77640097225
1.0, 0.0, 0.25, 0.0, 0.0, 1.0, 0.0, 1.0, 0.0, 0.0, 0.0, 1.0, 0.25, 1.0, 0.25, 1.0, 0.0, 0.0, 1.0, 0.0, 1.0, 0.0, 0.0, 0.0, 1.0, 1.0, 0.0, 0.0, 14, 0, 11.3061121496
0.0, 1.0, 0.0, 0.0, 0.25, 0.0, 0.0, 0.0, 1.0, 0.0, 0.0, 0.0, 1.0, 1.0, 0.0, 1.0, 0.0, 0.4375, 0.75, 0.75, 1.0, 0.0, 0.5625, 0.0, 0.10546875, 0.0, 0.0, 0.75, 21, 0, 8.38973326823
1.0, 1.0, 1.0, 1.0, 0.578125, 1.0, 0.75, 1.0, 0.1875, 1.0, 0.0, 0.0, 0.0, 1.0, 0.0, 1.0, 1.0, 0.1875, 1.0, 1.0, 0.0, 1.0, 0.0, 0.0, 0.0, 1.0, 0.0, 0.0, 12, 0, 15.2994856314
0.0, 0.0, 0.0, 1.0, 0.0, 0.0, 0.0, 1.0, 0.09375, 0.0, 0.0, 0.0, 0.75, 0.0, 0.75, 1.0, 0.0, 0.0, 0.0, 1.0, 0.0, 1.0, 0.0, 0.5625, 0.0, 0.0, 0.5625, 0.0, 18, 0, 9.41718069523
1.0, 0.0, 0.0, 0.0, 0.0, 1.0, 1.0, 0.1875, 0.0, 0.0, 0.0, 0.0, 0.0, 0.75, 0.0, 1.0, 0.0, 0.0, 1.0, 0.25, 0.0, 1.0, 0.0, 0.25, 1.0, 0.75, 0.0, 0.0, 20, 0, 8.44078209242
0.75, 0.0, 0.0, 0.0, 0.0, 0.25, 1.0, 0.0, 0.25, 0.0, 0.0, 0.0, 0.0, 0.25, 1.0, 1.0, 1.0, 1.0, 0.0, 0.75, 0.75, 0.0, 0.0, 1.0, 0.0, 0.0, 0.0, 0.0, 23, 0, 7.09972014857
0.0, 1.0, 0.0, 0.0, 0.0, 1.0, 1.0, 0.75, 0.0, 0.0, 0.0, 1.0, 0.25, 1.0, 0.0, 1.0, 0.0, 0.1875, 1.0, 0.0, 0.0, 0.75, 0.0, 0.0, 1.0, 1.0, 0.0, 0.0, 14, 0, 11.8856480478
0.0, 0.0, 0.0, 0.0, 1.0, 0.0, 1.0, 0.0, 1.0, 0.0, 0.0, 0.0, 0.0, 1.0, 1.0, 1.0, 1.0, 0.0, 0.0, 1.0, 1.0, 0.0, 0.0, 1.0, 0.25, 0.0, 0.75, 0.0, 20, 0, 7.66619486142
0.0, 1.0, 0.0, 0.25, 0.0, 0.0, 1.0, 0.9375, 0.0, 0.25, 0.0, 0.0, 0.0, 1.0, 0.25, 1.0, 0.0, 0.0, 1.0, 0.0, 1.0, 0.0, 1.0, 0.0, 0.0, 0.0, 0.75, 0.4375, 21, 0, 9.19850234002
0.5625, 0.0, 0.0, 0.0, 0.75, 0.0, 1.0, 0.0, 1.0, 0.0, 0.0, 0.0, 0.0, 0.75, 1.0, 1.0, 0.1875, 0.0, 0.75, 1.0, 0.0, 0.0, 0.75, 0.75, 0.0, 0.0, 0.0, 1.0, 20, 0, 8.84142119074
0.0, 1.0, 0.0, 0.0, 0.0, 0.0, 1.0, 0.0, 0.0, 0.0, 0.0, 0.0, 0.0, 1.0, 1.0, 1.0, 0.25, 0.0, 1.0, 1.0, 0.5625, 0.0, 1.0, 1.0, 0.0, 0.0, 1.0, 0.0, 20, 0, 7.81606791268
0.0, 0.0, 0.0, 1.0, 1.0, 0.0, 0.75, 0.25, 0.0, 0.0, 0.0, 0.75, 0.0, 0.8125, 0.0, 1.0, 0.390625, 0.0, 1.0, 1.0, 0.0, 1.0, 0.0, 0.0, 1.0, 0.5625, 0.0, 0.0, 14, 0, 10.0329152955
0.5625, 0.0, 0.0, 0.0, 1.0, 0.0, 1.0, 0.0, 1.0, 0.0, 0.0, 0.0, 0.0, 0.25, 1.0, 1.0, 0.515625, 0.25, 0.0, 0.75, 1.0, 0.0, 1.0, 0.75, 0.0, 0.0, 0.0, 1.0, 17, 0, 8.80713383691
0.25, 0.25, 0.0, 0.0, 0.0, 0.0, 0.0, 0.75, 0.0, 0.0, 0.0, 0.0, 0.0, 1.0, 1.0, 1.0, 0.0, 0.0, 1.0, 0.0, 0.0, 1.0, 1.0, 1.0, 0.0, 0.0, 0.0, 0.0, 25, 0, 6.92470546952
0.25, 0.75, 0.0, 1.0, 0.0, 0.25, 0.0, 0.859375, 0.0, 0.0, 0.0, 0.75, 1.0, 1.0, 1.0, 1.0, 0.25, 0.25, 0.0, 1.0, 0.0, 1.0, 0.0, 1.0, 1.0, 0.0, 1.0, 0.0, 11, 0, 12.5142413036
1.0, 0.0, 0.0, 0.75, 0.0, 0.8125, 0.0, 1.0, 0.0, 0.0, 0.0, 1.0, 0.75, 1.0, 0.0, 1.0, 0.046875, 1.0, 0.0, 1.0, 0.75, 0.328125, 0.0, 0.0, 0.0, 0.75, 0.0, 0.0, 13, 0, 13.2451245052
0.0, 0.0, 0.0, 0.0, 0.0, 0.0, 0.0, 0.25, 1.0, 0.0, 0.0, 0.0, 0.5625, 0.0, 1.0, 1.0, 0.0, 1.0, 0.0, 1.0, 0.0, 1.0, 0.5625, 0.5625, 1.0, 0.0, 0.0, 0.0, 24, 0, 6.74097202131
0.0, 0.0, 0.0, 0.0, 0.0, 0.0, 1.0, 0.25, 1.0, 0.0, 0.0, 0.0, 1.0, 0.0, 1.0, 1.0, 0.796875, 0.0, 0.0, 0.8125, 0.25, 0.75, 0.0, 0.0, 0.0, 0.0, 0.0, 1.0, 25, 0, 7.38964455354
0.0, 0.0, 0.0, 0.0, 0.0, 0.0, 0.0, 1.0, 0.5625, 0.0, 0.0, 0.0, 0.4375, 0.0, 1.0, 1.0, 0.25, 1.0, 0.109375, 0.75, 0.1875, 1.0, 0.0, 0.0, 0.25, 0.0, 1.0, 0.0, 25, 0, 7.41977254003
0.0, 1.0, 0.0, 1.0, 0.0, 1.0, 0.25, 0.0, 1.0, 0.0, 0.0, 0.0, 0.0, 0.0, 1.0, 1.0, 0.0, 0.0, 0.25, 0.8125, 0.0, 1.0, 0.0, 0.0, 0.0, 0.0, 0.75, 0.0, 22, 0, 8.58551893635
0.75, 0.25, 0.0, 0.0, 0.0, 0.75, 0.0, 0.25, 0.0, 0.0, 0.0, 0.75, 0.0, 1.0, 0.75, 1.0, 1.0, 0.0, 1.0, 0.75, 1.0, 0.0, 0.0, 0.0, 0.0, 0.0, 0.0, 0.75, 18, 0, 9.3927729288
1.0, 0.25, 1.0, 1.0, 0.0, 1.0, 1.0, 0.75, 0.0, 0.75, 0.0, 1.0, 0.0, 1.0, 0.0, 1.0, 0.0, 0.0, 0.25, 0.25, 0.0, 1.0, 0.0, 0.0, 1.0, 0.0, 0.0, 0.0, 16, 0, 12.968996405
1.0, 0.0, 0.0, 0.0, 0.0, 0.0, 0.0, 0.0, 0.0, 0.0, 0.0, 1.0, 0.38671875, 0.75, 0.0, 1.0, 0.0, 0.0, 0.421875, 1.0, 0.0, 1.0, 0.0, 0.25, 1.0, 0.0, 0.10546875, 1.0, 18, 0, 7.84046053862
0.0, 1.0, 0.0, 0.0, 0.0, 0.0, 0.8125, 0.0, 0.0, 0.0, 0.0, 0.0, 0.0, 0.0, 0.0, 1.0, 0.25, 0.1875, 0.5625, 0.5625, 0.0, 1.0, 0.0, 0.0, 0.0, 0.68359375, 0.0, 0.0, 30, 0, 5.83007894704
0.0, 1.0, 0.0, 1.0, 1.0, 0.0, 0.0, 0.0, 0.0, 0.0, 0.0, 0.0, 1.0, 0.0, 0.0, 1.0, 1.0, 1.0, 0.5625, 1.0, 1.0, 0.0, 1.0, 0.0, 1.0, 0.0, 0.75, 0.0, 15, 0, 11.3908078699
0.0, 0.75, 0.0, 0.25, 1.0, 0.8125, 1.0, 0.0, 1.0, 0.0, 0.0, 0.0, 0.953125, 1.0, 1.0, 1.0, 1.0, 1.0, 0.0, 0.0, 0.0, 0.0, 1.0, 1.0, 1.0, 0.0, 0.75, 0.0, 19, 0, 11.0299797857
0.25, 0.0, 0.0, 0.0, 0.0, 1.0, 1.0, 0.25, 0.0, 0.0, 0.0, 0.0, 0.0, 0.1875, 0.75, 1.0, 0.75, 0.0, 1.0, 1.0, 1.0, 0.0, 0.0, 0.0, 0.0, 0.0, 0.0, 0.0, 29, 0, 5.85901854456
0.0, 1.0, 0.25, 0.0, 0.75, 0.0, 0.75, 0.25, 0.0, 0.0, 0.0, 1.0, 0.0, 0.75, 0.0, 1.0, 1.0, 0.25, 1.0, 0.75, 0.0, 0.0, 0.0, 0.0, 1.0, 0.0, 0.0, 0.75, 20, 0, 9.10330107104
0.25, 0.0, 0.0, 1.0, 0.0, 0.8125, 1.0, 1.0, 0.0, 1.0, 0.0, 0.0, 0.0, 0.75, 0.0, 1.0, 0.0, 0.0, 0.8125, 1.0, 0.0, 1.0, 0.0, 0.0, 0.0, 1.0, 0.0, 0.0, 18, 0, 11.5145415153
0.0, 0.0, 0.0, 0.0, 0.75, 0.0, 0.0, 0.25, 0.0, 0.0, 0.0, 0.0, 1.0, 0.25, 1.0, 1.0, 1.0, 1.0, 0.75, 1.0, 0.75, 0.0, 1.0, 0.0, 0.0, 0.0, 1.0, 0.0, 20, 0, 8.27149286203
0.25, 0.0, 0.0, 1.0, 1.0, 0.25, 0.0, 0.25, 0.0, 0.0, 0.0, 0.0, 1.0, 0.0, 0.0, 1.0, 0.25, 1.0, 1.0, 0.75, 1.0, 0.0, 0.0, 0.0, 0.75, 0.0, 1.0, 0.0, 18, 0, 9.23733288335
0.25, 0.0, 0.0, 1.0, 0.0, 0.0, 0.25, 0.0, 0.25, 0.0, 0.0, 0.1875, 0.8125, 0.0, 0.0, 1.0, 0.0, 1.0, 0.0, 0.75, 1.0, 0.0, 0.5625, 0.0, 0.0, 0.0, 0.0, 0.0, 24, 0, 7.38157775166
0.0, 0.421875, 0.0, 0.0, 0.0, 0.0, 0.0, 0.0, 0.328125, 0.0, 0.0, 0.0, 0.8125, 0.0, 0.0, 1.0, 0.0, 1.0, 0.0, 1.0, 1.0, 0.0, 0.0, 0.0, 0.0, 0.0, 0.0, 0.0, 32, 0, 4.54460467442
0.0, 0.0, 0.0, 0.0, 0.0, 1.0, 0.0, 0.0, 1.0, 0.0, 0.0, 0.0, 0.0, 1.0, 0.0, 1.0, 1.0, 0.0, 1.0, 1.0, 0.0, 1.0, 1.0, 0.0, 0.25, 0.5625, 0.0, 0.0, 21, 0, 7.93997282423
0.0, 0.0, 0.0, 0.0, 1.0, 0.8125, 1.0, 0.0, 0.0, 0.0, 0.0, 0.0, 0.0, 1.0, 0.0, 1.0, 1.0, 1.0, 1.0, 1.0, 0.75, 0.0, 1.0, 0.0, 0.1875, 1.0, 0.0, 0.25, 19, 0, 8.6265613693
1.0, 0.0, 0.0, 1.0, 0.0, 1.0, 0.0, 0.0, 0.0, 0.0, 0.0, 0.75, 1.0, 1.0, 1.0, 1.0, 1.0, 1.0, 0.0, 1.0, 0.0, 1.0, 0.0, 1.0, 0.0, 0.0, 0.0, 0.75, 10, 0, 12.2121741535
1.0, 0.0, 0.0, 0.0, 0.25, 1.0, 0.0, 0.25, 1.0, 0.0, 0.0, 0.5625, 0.75, 0.75, 0.0, 1.0, 1.0, 0.0, 0.0, 0.0, 0.0, 0.75, 0.0, 0.0, 0.0, 0.0, 0.0, 1.0, 19, 0, 10.2182199054
0.0, 0.0, 0.0, 0.0, 0.0, 1.0, 0.0, 0.0, 0.0, 0.0, 0.0, 0.0, 0.0, 1.0, 0.0, 1.0, 1.0, 0.0, 1.0, 0.0, 0.4375, 0.5625, 0.0, 0.0, 0.0, 0.0, 0.75, 0.0, 27, 0, 6.60101062217
0.0, 0.1875, 0.0, 0.25, 1.0, 0.25, 0.0, 0.0, 0.5625, 0.0, 0.0, 0.0, 0.8125, 0.25, 1.0, 1.0, 0.0, 0.25, 0.25, 1.0, 1.0, 0.1875, 0.0, 1.0, 1.0, 0.0, 0.0, 1.0, 21, 0, 6.72249230827
0.0, 0.0, 0.0, 0.0, 0.0, 1.0, 0.0, 0.0, 1.0, 0.0, 0.0, 0.0, 0.0, 0.0, 1.0, 1.0, 1.0, 0.0, 0.0, 1.0, 1.0, 0.0, 0.0, 1.0, 1.0, 0.0, 1.0, 0.0, 21, 0, 7.04330240426
0.0625, 0.0, 0.0, 1.0, 0.5625, 0.0, 0.0, 0.390625, 0.0, 0.0, 0.0, 0.0, 0.4375, 0.0, 0.8125, 1.0, 1.0, 0.75, 0.4375, 0.0, 0.0, 1.0, 1.0, 0.0, 1.0, 0.0, 1.0, 0.0, 18, 0, 9.20818211969
1.0, 0.0, 0.0, 0.0, 0.0, 0.0, 0.0, 0.25, 0.0, 0.0, 0.0, 0.0, 0.0, 0.75, 0.0, 1.0, 0.0, 0.0, 0.4375, 0.25, 1.0, 0.0, 0.0, 0.0, 1.0, 0.75, 0.0, 0.0, 26, 0, 5.93822683184
0.0, 0.0, 0.0, 0.0, 0.25, 0.0, 0.0, 0.0, 1.0, 0.0, 0.0, 0.0, 0.0, 1.0, 0.0, 1.0, 1.0, 0.0, 0.0, 0.75, 0.0, 1.0, 0.0, 0.0, 0.75, 0.0, 1.0, 0.0, 23, 0, 6.93082393036
0.0, 0.953125, 0.0, 0.0, 1.0, 1.0, 0.0, 0.0, 0.0, 0.0, 0.0, 0.0, 1.0, 1.0, 0.25, 1.0, 0.0, 1.0, 1.0, 1.0, 0.859375, 0.0, 0.0, 0.4375, 0.5625, 0.0, 0.0, 0.0, 23, 0, 7.99066846849
1.0, 0.0, 0.0, 1.0, 0.0, 1.0, 0.0, 1.0, 0.0, 0.0, 0.0, 0.75, 1.0, 1.0, 0.0, 1.0, 0.25, 0.0, 0.75, 1.0, 0.0, 1.0, 1.0, 0.0, 0.0, 0.0, 0.0, 0.0, 13, 0, 13.0868697934
1.0, 0.0, 0.0, 0.25, 1.0, 0.0, 1.0, 0.0, 0.0, 0.0, 0.0, 0.0, 0.0, 0.0, 1.0, 1.0, 0.0, 0.0, 0.0, 1.0, 0.0, 1.0, 0.0, 0.75, 1.0, 0.0, 0.0, 0.75, 19, 0, 7.18621751704
0.0, 0.0, 0.0, 0.0, 0.4375, 0.0, 1.0, 0.25, 0.75, 0.0, 0.0, 1.0, 0.0, 1.0, 0.0, 1.0, 0.0, 1.0, 0.75, 0.0, 1.0, 0.0, 0.0, 0.0, 0.0, 1.0, 0.0, 0.0, 22, 0, 8.34426817221
0.0, 0.8125, 0.0, 1.0, 0.75, 0.25, 1.0, 0.0, 1.0, 0.0, 0.0, 0.0, 0.0, 0.0, 0.75, 1.0, 0.84765625, 1.0, 0.5625, 1.0, 1.0, 0.25, 0.5625, 0.0, 0.0, 0.0, 0.0, 0.75, 14, 0, 11.5123772708
1.0, 0.0, 0.0, 1.0, 0.1875, 1.0, 0.0, 1.0, 0.0, 0.0, 0.0, 0.0, 1.0, 0.0, 0.0, 1.0, 0.0, 0.75, 0.0, 1.0, 0.0, 1.0, 0.1875, 0.0, 1.0, 1.0, 0.0, 0.0, 14, 0, 12.0869277575
0.0, 0.25, 0.0, 0.0, 0.75, 1.0, 0.0, 0.1875, 1.0, 0.0, 0.0, 0.0, 1.0, 0.8125, 1.0, 1.0, 1.0, 0.0, 1.0, 0.0, 0.0, 0.75, 0.0, 1.0, 0.328125, 0.421875, 0.0, 1.0, 19, 0, 8.87587710897
0.0, 1.0, 0.0, 1.0, 1.0, 0.5625, 0.4375, 0.0, 0.0, 0.0, 0.0, 0.0, 1.0, 0.0, 1.0, 1.0, 0.0, 0.0, 1.0, 0.0, 1.0, 0.0, 1.0, 1.0, 0.75, 0.0, 0.0, 0.75, 15, 0, 10.497391636
0.0, 1.0, 0.0, 0.0, 1.0, 0.0, 1.0, 0.0, 0.0, 0.0, 0.0, 0.0, 0.0, 0.0, 1.0, 1.0, 1.0, 0.75, 0.0, 1.0, 1.0, 0.0, 1.0, 0.0, 0.0, 0.0, 0.75, 0.0, 20, 0, 8.18622592539
0.0, 1.0, 0.0, 0.0, 0.75, 0.0, 0.0, 0.0, 0.0, 0.0, 0.0, 0.0, 0.0, 1.0, 0.0, 1.0, 1.0, 1.0, 1.0, 0.75, 0.0, 1.0, 0.0, 0.0, 1.0, 1.0, 0.0, 0.0, 20, 0, 8.30948536693
0.0, 0.4375, 0.75, 1.0, 0.75, 1.0, 0.25, 0.25, 0.75, 0.0, 0.0, 0.0, 0.0, 1.0, 0.25, 1.0, 0.046875, 0.5625, 1.0, 1.0, 0.0, 0.75, 1.0, 0.0, 0.1875, 0.0, 1.0, 0.0, 15, 0, 11.1228444238
0.046875, 0.25, 0.0, 1.0, 0.25, 1.0, 0.75, 0.1875, 0.5625, 0.75, 0.0, 0.0, 0.0, 0.0, 0.0, 1.0, 0.29296875, 0.0, 1.0, 1.0, 1.0, 0.1875, 0.5625, 0.0, 0.0, 0.421875, 0.0, 1.0, 20, 0, 9.66277629659
0.25, 0.71484375, 0.0, 1.0, 0.75, 1.0, 0.0, 1.0, 1.0, 0.0, 0.0, 0.75, 1.0, 1.0, 1.0, 1.0, 1.0, 0.75, 0.0, 1.0, 0.0, 1.0, 1.0, 0.0, 0.0, 0.0, 0.0, 1.0, 6, 0, 15.8908659548
1.0, 0.0, 0.0, 0.0, 0.0, 0.0, 0.0, 1.0, 0.0, 0.1875, 0.0, 0.0, 0.0, 0.0, 1.0, 1.0, 1.0, 1.0, 1.0, 1.0, 0.0, 1.0, 0.5625, 0.0, 0.0, 0.0, 1.0, 0.0, 17, 0, 10.325401526
0.25, 0.0, 0.0, 1.0, 1.0, 1.0, 0.0, 0.0, 0.0, 1.0, 0.0, 0.0, 0.4375, 0.0, 1.0, 1.0, 0.0, 0.0, 1.0, 0.0, 1.0, 0.0, 1.0, 1.0, 0.0, 0.0, 0.0, 0.0, 21, 0, 8.07825562217
0.0, 0.0, 0.0, 0.0, 0.5625, 0.0, 0.0, 0.0, 0.0, 0.0, 0.0, 0.25, 0.0, 0.25, 1.0, 1.0, 0.0, 0.75, 0.0, 0.0, 0.5625, 0.0, 0.75, 0.0, 0.0, 0.0, 1.0, 0.0, 24, 0, 5.79993378386
0.0, 0.671875, 0.0, 0.0, 1.0, 0.0, 1.0, 0.0, 1.0, 0.0, 0.0, 0.0, 0.75, 1.0, 1.0, 1.0, 0.0, 0.0, 1.0, 1.0, 1.0, 0.25, 1.0, 1.0, 0.140625, 0.0, 0.0, 1.0, 17, 0, 9.56481129634
0.0, 0.0, 0.0, 0.0, 1.0, 0.0, 1.0, 0.0, 0.0, 0.0, 0.0, 0.0, 1.0, 1.0, 1.0, 1.0, 1.0, 0.0, 0.0, 1.0, 1.0, 0.0, 1.0, 1.0, 1.0, 0.0, 1.0, 0.0, 18, 0, 8.76236512316
1.0, 0.0, 0.0, 0.0, 1.0, 0.0, 0.0, 1.0, 0.0, 0.0, 0.0, 1.0, 0.0, 1.0, 0.4375, 1.0, 0.75, 0.75, 0.0, 1.0, 0.0, 1.0, 0.75, 0.0, 0.0, 0.75, 0.0, 0.0, 13, 0, 11.2948650418
0.75, 0.0, 0.0, 0.0, 0.0, 0.0, 0.0, 0.0, 1.0, 0.0, 0.0, 0.0, 1.0, 0.25, 0.75, 1.0, 0.25, 0.0, 1.0, 0.0, 0.75, 0.4375, 0.0, 0.0, 1.0, 0.0, 1.0, 0.0, 20, 0, 8.82089447718
0.0, 1.0, 0.0, 0.0, 0.0, 0.0, 1.0, 0.75, 0.0, 0.0, 0.0, 1.0, 0.75, 1.0, 1.0, 1.0, 0.0, 0.0, 0.0, 1.0, 0.75, 0.0, 0.75, 1.0, 0.25, 0.0, 1.0, 0.0, 14, 0, 11.0731191837
1.0, 0.0, 1.0, 1.0, 1.0, 1.0, 0.0, 1.0, 0.0, 1.0, 0.0, 0.0, 0.0, 1.0, 0.0, 1.0, 0.0, 1.0, 0.0, 0.0, 1.0, 0.0, 0.0, 0.0, 0.0, 1.0, 0.0, 0.0, 16, 0, 12.8524062117
0.0, 0.0, 0.0, 0.0, 0.75, 0.0, 1.0, 0.0, 1.0, 0.0, 0.0, 0.0, 0.0, 1.0, 0.0, 1.0, 0.0, 0.0, 1.0, 1.0, 0.0, 1.0, 0.0, 0.0, 1.0, 0.0, 0.140625, 0.0, 25, 0, 6.54101846133
0.0, 0.140625, 0.0, 0.25, 0.0, 0.0, 1.0, 1.0, 0.0, 0.0, 0.0, 0.421875, 0.609375, 1.0, 1.0, 1.0, 0.0, 0.1875, 0.9375, 1.0, 0.0, 0.75, 0.578125, 0.0, 0.0, 0.0, 0.0, 0.0, 23, 0, 8.59785100445
0.0, 1.0, 0.0, 0.0, 0.0, 0.0, 0.0, 1.0, 0.0, 0.0, 0.0, 0.0, 0.0, 0.0, 0.0, 1.0, 1.0, 0.0, 0.0, 0.0, 0.0, 1.0, 0.0, 0.0, 0.0, 1.0, 0.0, 0.0, 30, 0, 7.03692656456
0.75, 1.0, 0.0, 0.0, 0.0, 0.75, 0.0, 1.0, 0.0, 0.0, 0.0, 0.0, 0.0, 1.0, 0.25, 1.0, 0.25, 1.0, 1.0, 1.0, 1.0, 0.0, 0.0, 0.0, 0.0, 1.0, 0.0, 0.0, 19, 0, 10.9481000269
0.75, 1.0, 1.0, 0.0, 0.0, 0.75, 1.0, 0.25, 0.25, 0.0, 0.0, 0.0, 0.0, 0.0, 0.75, 1.0, 0.0, 0.75, 1.0, 0.0, 0.0, 0.75, 1.0, 0.0, 0.0, 0.0, 1.0, 0.0, 16, 0, 11.2532018869
0.0, 0.0, 0.0, 0.0, 0.0, 0.0, 0.0, 0.0, 1.0, 0.0, 0.0, 1.0, 0.0, 1.0, 1.0, 1.0, 0.0, 0.0, 0.0, 1.0, 0.0, 0.0, 0.0, 0.75, 0.0, 0.0, 0.0, 0.0, 27, 0, 5.68845385438
0.1875, 1.0, 0.0, 0.0, 0.5625, 0.0, 0.1875, 0.75, 0.8125, 0.0, 0.0, 0.0, 1.0, 1.0, 1.0, 1.0, 0.859375, 1.0, 0.4375, 1.0, 1.0, 0.0, 1.0, 0.0, 0.1875, 0.0, 0.0, 1.0, 16, 0, 11.3917195609
0.0, 1.0, 0.0, 0.0, 1.0, 0.0, 1.0, 0.0, 0.5625, 0.0, 0.0, 0.0, 0.0, 0.0, 0.0, 1.0, 0.0, 1.0, 0.0, 0.4375, 0.0, 1.0, 0.0, 0.0, 0.75, 0.0, 0.0, 0.75, 25, 0, 7.3310976493
1.0, 0.0, 0.0, 0.0, 1.0, 1.0, 0.0, 1.0, 0.75, 0.0, 0.0, 0.0, 0.0, 0.0, 0.75, 1.0, 0.0, 1.0, 1.0, 1.0, 0.75, 0.0, 0.0, 0.0, 0.0, 0.0, 0.0, 0.0, 22, 0, 9.80499792643
0.0, 0.25, 1.0, 0.0, 0.75, 0.0, 0.25, 0.0, 0.75, 0.0, 0.0, 0.75, 0.0, 1.0, 1.0, 1.0, 0.25, 0.25, 0.0, 1.0, 1.0, 0.0, 0.0, 0.0, 1.0, 0.0, 0.0, 0.4375, 19, 0, 8.72638343707
0.25, 1.0, 0.0, 0.0, 0.0, 0.0, 0.0, 0.0, 0.0, 0.0, 0.0, 0.0, 1.0, 1.0, 0.75, 1.0, 0.0, 0.0, 0.0, 1.0, 0.0, 0.75, 0.0, 1.0, 0.0, 0.0, 0.0, 1.0, 22, 0, 6.8517174344
