0.0, 0.25, 0.0, 0.0, 1.0, 0.75, 0.0, 0.0, 0.140625, 0.0, 0.0, 0.25, 0.9140625, 1.0, 1.0, 1.0, 1.0, 0.0625, 1.0, 0.25, 0.9375, 0.0, 0.75, 0.0, 0.0, 0.0, 0.0, 1.0, 20, 0, 8.54346003993
0.0625, 0.25, 0.0, 1.0, 0.4375, 1.0, 1.0, 0.0, 0.0, 1.0, 0.0, 0.0, 0.4375, 1.0, 0.0625, 1.0, 1.0, 0.5625, 0.0, 1.0, 0.0, 1.0, 1.0, 0.0625, 1.0, 0.0, 0.0, 1.0, 15, 0, 11.0046506371
0.0, 0.0, 0.0, 0.75, 0.75, 0.0, 0.0, 0.0, 0.25, 0.0, 0.0, 0.0, 0.0, 0.75, 1.0, 1.0, 0.8125, 0.0, 1.0, 1.0, 1.0, 0.0, 0.75, 1.0, 0.0, 0.0, 0.0, 1.0, 16, 0, 9.26263558254
1.0, 0.0, 0.0, 0.0, 1.0, 0.25, 1.0, 1.0, 0.0, 0.0, 0.0, 0.0, 0.0, 1.0, 0.0, 1.0, 1.0, 0.0, 0.0, 1.0, 0.0, 1.0, 0.75, 0.0, 0.0, 0.0, 0.0, 1.0, 17, 0, 10.1143694286
0.0, 1.0, 0.0, 1.0, 0.75, 1.0, 0.25, 0.25, 0.0, 0.0, 0.0, 0.0, 0.0, 0.0, 1.0, 1.0, 0.0, 1.0, 1.0, 0.75, 1.0, 0.0, 0.0, 1.0, 1.0, 0.0, 0.25, 0.75, 15, 0, 9.67712390315
0.0, 0.31640625, 0.0, 0.390625, 0.0, 0.8125, 1.0, 0.046875, 0.0, 0.0, 0.0, 0.0, 0.0, 1.0, 0.0, 1.0, 0.203125, 0.75, 0.0, 1.0, 0.0, 1.0, 0.0, 0.0, 0.8125, 1.0, 0.0, 0.0, 22, 0, 6.92820826816
1.0, 0.671875, 0.0, 0.0, 0.8125, 0.0, 1.0, 0.0, 0.0, 0.0, 0.0, 1.0, 1.0, 1.0, 1.0, 1.0, 0.0, 0.0, 0.25, 1.0, 0.0, 1.0, 1.0, 1.0, 0.5625, 0.25, 0.75, 0.0, 11, 0, 11.5261609404
0.0, 0.0, 0.0, 0.0, 0.0, 0.0, 1.0, 0.0, 0.0, 0.0, 0.0, 1.0, 0.0, 0.75, 1.0, 1.0, 1.0, 0.0, 1.0, 1.0, 0.0, 1.0, 0.0, 1.0, 0.0, 0.0, 0.0, 1.0, 17, 0, 8.34415902522
0.0, 0.0, 0.0, 0.0, 1.0, 0.0, 0.0, 0.1875, 0.0, 0.0, 0.0, 0.4375, 0.0, 1.0, 1.0, 1.0, 0.0, 0.0, 1.0, 1.0, 0.75, 0.0, 1.0, 0.0, 0.75, 0.0, 0.0, 0.0, 25, 0, 5.83336824847
0.75, 0.0, 0.0, 0.0, 0.0, 0.0, 1.0, 0.0, 0.0, 0.0, 0.0, 1.0, 0.0, 1.0, 1.0, 1.0, 0.75, 0.0, 0.0, 1.0, 1.0, 0.25, 1.0, 0.75, 0.75, 0.0, 0.0, 1.0, 13, 0, 10.0740373016
0.5625, 0.0, 1.0, 0.0, 0.4375, 0.0625, 0.0, 0.1875, 0.75, 0.0, 0.0, 0.0, 0.75, 1.0, 0.671875, 1.0, 1.0, 0.0791015625, 0.671875, 0.75, 0.0, 0.515625, 0.0, 1.0, 1.0, 0.0, 1.0, 0.0, 14, 0, 11.8397717026
1.0, 0.25, 0.0, 0.0, 1.0, 0.0, 0.0, 0.0, 1.0, 0.0, 0.0, 0.140625, 0.0, 0.4375, 0.75, 1.0, 0.75, 0.859375, 1.0, 1.0, 0.75, 0.4375, 1.0, 0.0, 1.0, 0.0, 0.0, 0.0, 20, 0, 8.90481664495
0.0, 0.140625, 0.0, 0.0, 0.0, 0.0, 0.25, 0.1875, 0.0, 0.0, 0.0, 1.0, 0.75, 1.0, 0.75, 1.0, 0.29296875, 0.0, 0.578125, 0.0, 0.0, 1.0, 0.0, 0.0, 1.0, 0.0, 0.0, 1.0, 19, 0, 8.19883391864
1.0, 0.0, 1.0, 1.0, 0.0, 0.25, 1.0, 0.0, 0.0, 0.0, 0.0, 1.0, 1.0, 0.859375, 0.0, 1.0, 0.0, 0.0, 1.0, 0.0, 0.0, 1.0, 0.0, 0.0, 1.0, 0.5625, 0.0, 0.0, 12, 0, 12.6616939909
1.0, 0.0, 0.75, 0.0, 0.1875, 0.8125, 0.25, 0.14453125, 0.0, 0.0, 0.0, 0.0, 0.0, 0.0, 1.0, 1.0, 0.0, 1.0, 0.0, 1.0, 0.0, 0.0, 1.0, 0.5625, 0.75, 0.0, 1.0, 0.1875, 20, 0, 9.12146753481
0.25, 0.25, 0.0, 0.0, 1.0, 0.0, 0.0, 1.0, 1.0, 0.0, 0.0, 0.140625, 0.0, 0.4375, 0.75, 1.0, 0.0, 0.0, 0.25, 1.0, 0.0, 1.0, 1.0, 1.0, 0.75, 0.0, 0.1875, 0.75, 19, 0, 7.94391405016
0.0, 0.25, 0.0, 0.0, 0.25, 1.0, 0.0, 0.1875, 0.0, 0.0, 0.0, 1.0, 0.25, 1.0, 0.25, 1.0, 0.75, 0.296875, 1.0, 0.8125, 0.75, 0.0, 0.25, 0.0, 1.0, 1.0, 0.0, 0.0, 18, 0, 8.29195008266
0.0, 1.0, 0.0, 0.4375, 0.25, 0.0, 0.0, 0.0, 0.4375, 0.0, 0.0, 0.0, 1.0, 0.56640625, 1.0, 1.0, 1.0, 0.4375, 0.0, 0.75, 1.0, 0.0, 0.5625, 0.0, 0.10546875, 0.0, 0.0, 0.75, 21, 0, 8.1128228786
0.0, 1.0, 0.0, 1.0, 0.578125, 1.0, 0.8125, 0.140625, 0.1875, 0.0, 0.0, 0.75, 0.0, 0.75, 0.0, 1.0, 1.0, 0.75, 0.25, 0.625, 0.0, 1.0, 0.0, 0.328125, 0.0, 0.0, 0.0, 0.609375, 15, 0, 11.4667108306
0.0, 0.0, 0.0, 1.0, 0.0, 0.0, 0.0, 1.0, 0.09375, 0.0, 0.0, 0.0, 0.0, 0.8125, 0.75, 1.0, 0.0, 0.0, 0.0, 1.0, 0.0, 0.75, 0.0, 0.5625, 0.0, 0.0, 0.0, 1.0, 18, 0, 8.85995007753
1.0, 0.0, 0.0, 0.0, 0.0, 1.0, 1.0, 0.1875, 0.0, 0.0, 0.0, 0.0, 0.0, 0.75, 0.0, 1.0, 0.0, 0.0, 1.0, 0.25, 0.0, 1.0, 0.0, 0.25, 1.0, 0.75, 0.0, 0.0, 20, 0, 8.44078209242
0.0, 0.0, 0.0, 1.0, 1.0, 0.25, 0.0, 0.0, 0.0, 0.0, 0.0, 0.0, 0.29296875, 0.0, 1.0, 1.0, 0.0, 1.0, 0.0, 1.0, 0.984375, 0.0, 0.0, 1.0, 0.0, 0.31640625, 0.5625, 0.0, 19, 0, 7.50909324418
0.0, 1.0, 0.0, 0.0, 0.0, 1.0, 1.0, 0.75, 0.0, 0.0, 0.0, 1.0, 0.25, 1.0, 0.0, 1.0, 0.0, 0.1875, 1.0, 0.0, 0.0, 0.75, 0.0, 0.0, 1.0, 1.0, 0.0, 0.0, 14, 0, 11.8856480478
0.0, 0.0, 0.0, 0.0, 1.0, 0.0, 1.0, 0.0, 1.0, 0.0, 0.0, 0.0, 0.0, 1.0, 1.0, 1.0, 1.0, 0.0, 0.0, 1.0, 1.0, 0.0, 0.0, 1.0, 0.25, 0.0, 0.75, 0.0, 20, 0, 7.66619486142
0.0, 1.0, 0.0, 0.25, 0.0, 0.0, 1.0, 0.9375, 1.0, 0.0, 0.0, 0.0, 0.0, 0.25, 1.0, 1.0, 0.0, 0.0, 1.0, 0.0, 1.0, 0.0, 0.75, 0.0, 0.0, 0.0, 0.75, 0.4375, 20, 0, 9.61881506275
1.0, 0.0, 0.0, 0.0, 0.75, 0.0, 0.75, 0.1875, 0.75, 0.0, 0.0, 0.0, 0.0, 0.0, 1.0, 1.0, 0.1875, 0.25, 0.75, 1.0, 1.0, 0.0, 0.0, 0.5625, 0.0, 0.25, 0.0, 0.75, 18, 0, 8.14038659921
0.0, 1.0, 0.0, 1.0, 0.0, 0.0, 0.0, 0.0, 0.0, 0.0, 0.0, 1.0, 0.0, 1.0, 1.0, 1.0, 0.25, 0.0, 0.0, 1.0, 0.5625, 0.0, 0.75, 1.0, 0.25, 0.0, 1.0, 0.0, 14, 0, 9.85346191309
0.0, 0.0, 0.0, 1.0, 1.0, 0.0, 0.75, 0.25, 0.0, 0.0, 0.0, 0.75, 0.0, 0.8125, 0.0, 1.0, 0.390625, 0.0, 1.0, 1.0, 0.0, 1.0, 0.0, 0.0, 1.0, 0.5625, 0.0, 0.0, 14, 0, 10.0329152955
0.5625, 0.0, 0.0, 0.0, 1.0, 0.0, 1.0, 0.0, 1.0, 0.0, 0.0, 0.0, 0.0, 0.25, 1.0, 1.0, 0.515625, 0.25, 0.0, 0.75, 1.0, 0.0, 1.0, 0.75, 0.0, 0.0, 0.0, 1.0, 17, 0, 8.80713383691
0.0, 0.0, 0.0, 0.0, 0.0, 0.0, 0.0, 0.140625, 0.0, 0.0, 0.0, 0.4375, 0.0, 0.25, 0.8125, 1.0, 0.0, 0.0, 0.75, 0.0, 0.0, 0.75, 1.0, 1.0, 0.0, 0.0, 0.0, 0.0, 28, 0, 4.58758308766
0.25, 0.75, 0.0, 1.0, 0.0, 0.25, 0.0, 0.859375, 0.0, 0.0, 0.0, 0.75, 1.0, 1.0, 1.0, 1.0, 0.25, 0.25, 0.0, 1.0, 0.0, 1.0, 0.0, 1.0, 1.0, 0.0, 1.0, 0.0, 11, 0, 12.5142413036
1.0, 0.0, 0.0, 0.75, 0.0, 0.8125, 0.0, 1.0, 0.0, 0.0, 0.0, 1.0, 0.75, 1.0, 0.0, 1.0, 0.046875, 1.0, 0.0, 1.0, 0.75, 0.328125, 0.0, 0.0, 0.0, 0.75, 0.0, 0.0, 13, 0, 13.2451245052
0.0, 0.0, 0.0, 0.0, 0.0, 0.0, 0.0, 0.25, 1.0, 0.0, 0.0, 0.0, 0.5625, 0.0, 1.0, 1.0, 0.0, 1.0, 0.0, 1.0, 0.0, 1.0, 0.5625, 0.5625, 1.0, 0.0, 0.0, 0.0, 24, 0, 6.74097202131
0.5625, 0.0, 0.0, 0.0, 0.0, 0.0, 1.0, 0.25, 1.0, 0.0, 0.0, 0.0, 1.0, 1.0, 1.0, 1.0, 0.1875, 0.4375, 0.0, 1.0, 1.0, 0.0, 0.4375, 0.75, 1.0, 0.0, 0.0, 1.0, 17, 0, 9.32202221566
0.0, 0.0, 0.0, 0.25, 0.0, 0.0, 0.0, 1.0, 0.0, 0.0, 0.0, 0.0, 0.4375, 0.421875, 1.0, 1.0, 0.25, 1.0, 0.0, 1.0, 0.1875, 1.0, 0.0, 0.0, 0.25, 0.0, 0.5625, 0.0, 26, 0, 6.65633629702
0.0, 1.0, 0.0, 1.0, 0.0, 1.0, 0.25, 0.0, 1.0, 0.0, 0.0, 0.0, 0.0, 0.0, 1.0, 1.0, 0.0, 0.0, 0.25, 0.8125, 0.0, 1.0, 0.0, 0.0, 0.0, 0.0, 0.75, 0.0, 22, 0, 8.58551893635
0.0, 0.25, 0.0, 0.0, 0.0, 0.75, 0.0, 0.25, 0.0, 0.0, 0.0, 1.0, 0.0, 1.0, 0.75, 1.0, 0.25, 0.25, 1.0, 0.75, 0.25, 0.0, 1.0, 0.0, 0.0, 0.0, 0.0, 0.75, 22, 0, 7.35511450161
1.0, 1.0, 1.0, 1.0, 0.0, 0.25, 0.25, 0.75, 0.43359375, 0.0, 0.0, 1.0, 0.0, 1.0, 1.0, 1.0, 0.0, 0.1875, 1.0, 0.8125, 0.421875, 1.0, 0.0, 0.0, 1.0, 0.0, 0.75, 0.0, 9, 0, 14.0439379513
1.0, 0.0, 0.0, 0.0, 0.0, 0.0, 0.0, 0.0, 0.0, 0.0, 0.0, 1.0, 0.38671875, 0.75, 0.0, 1.0, 0.0, 0.0, 0.421875, 1.0, 0.0, 1.0, 0.0, 0.25, 1.0, 0.0, 0.10546875, 1.0, 18, 0, 7.84046053862
0.0, 0.5625, 0.0, 0.0, 0.0, 0.0, 0.8125, 0.0, 0.0, 0.0, 0.0, 0.0, 0.0, 0.0, 0.0, 1.0, 1.0, 0.75, 0.5625, 0.5625, 0.0, 1.0, 0.0, 0.0, 0.75, 0.68359375, 0.0, 0.0, 24, 0, 7.90094217742
0.0, 1.0, 0.0, 1.0, 1.0, 0.0, 0.0, 0.0, 0.0, 0.0, 0.0, 0.0, 1.0, 0.0, 0.0, 1.0, 1.0, 1.0, 0.5625, 1.0, 1.0, 0.0, 1.0, 0.0, 1.0, 0.0, 0.75, 0.0, 15, 0, 11.3908078699
0.0, 1.0, 0.0, 1.0, 1.0, 0.0, 1.0, 0.0, 0.0, 0.0, 0.0, 0.0, 0.953125, 0.0, 1.0, 1.0, 1.0, 0.390625, 0.0, 0.671875, 0.4375, 0.0, 1.0, 1.0, 1.0, 0.0, 0.75, 0.0, 18, 0, 10.7310355128
0.25, 0.0, 0.0, 0.25, 0.0, 0.0, 0.0, 0.0, 0.0, 0.0, 0.0, 0.0, 0.0, 1.0, 0.75, 1.0, 0.75, 0.25, 0.0, 1.0, 1.0, 0.0, 0.0, 0.75, 0.0, 0.0, 0.0, 0.0, 27, 0, 4.95185522338
0.0, 1.0, 0.0, 0.0, 0.75, 0.0, 1.0, 0.25, 0.0, 0.0, 0.0, 1.0, 1.0, 1.0, 0.0, 1.0, 1.0, 0.375, 0.5625, 1.0, 0.0, 1.0, 0.0, 0.0, 0.75, 0.0, 0.0, 0.75, 15, 0, 10.5086796288
0.25, 0.1875, 0.0, 1.0, 0.0, 0.8125, 0.0, 0.25, 0.0, 1.0, 0.0, 0.0, 0.0, 0.75, 0.0, 1.0, 0.0, 0.64453125, 1.0, 1.0, 0.0, 1.0, 0.0, 0.0, 0.0, 1.0, 0.0, 0.0, 21, 0, 9.07830404237
0.0, 0.0, 0.0, 0.0, 0.75, 0.0, 0.0, 0.25, 0.0, 0.0, 0.0, 0.0, 0.0, 0.25, 1.0, 1.0, 1.0, 0.0, 0.25, 1.0, 0.75, 0.0, 1.0, 0.0, 0.0, 0.0, 1.0, 0.0, 23, 0, 6.06209106176
0.25, 0.0, 0.0, 0.1875, 1.0, 1.0, 0.0, 0.0, 0.0, 0.0, 0.0, 0.0, 0.609375, 0.0, 1.0, 1.0, 0.25, 0.1875, 1.0, 0.75, 1.0, 0.0, 0.0, 0.0, 0.75, 0.0, 1.0, 0.0, 21, 0, 7.26388039154
0.25, 0.0, 0.0, 1.0, 0.0, 0.0, 0.25, 0.0, 0.25, 0.0, 0.0, 0.1875, 0.8125, 0.0, 0.0, 1.0, 0.0, 1.0, 0.0, 0.75, 1.0, 0.0, 0.5625, 0.0, 0.0, 0.0, 0.0, 0.0, 24, 0, 7.38157775166
0.0, 0.421875, 0.0, 0.0, 0.0, 0.0, 0.0, 0.0, 0.328125, 0.0, 0.0, 0.0, 0.8125, 0.0, 0.0, 1.0, 0.0, 1.0, 0.0, 1.0, 1.0, 0.0, 0.0, 0.0, 0.0, 0.0, 0.0, 0.0, 32, 0, 4.54460467442
0.0, 0.0, 0.0, 0.0, 0.0, 1.0, 0.0, 0.0, 1.0, 0.0, 0.0, 0.0, 0.0, 1.0, 0.0, 1.0, 1.0, 0.0, 1.0, 1.0, 0.0, 1.0, 1.0, 0.0, 0.25, 0.5625, 0.0, 0.0, 21, 0, 7.93997282423
0.0, 0.0, 0.0, 0.0, 1.0, 0.8125, 1.0, 0.0, 0.0, 0.0, 0.0, 0.0, 0.0, 1.0, 0.0, 1.0, 1.0, 1.0, 1.0, 1.0, 0.75, 0.0, 1.0, 0.0, 0.1875, 1.0, 0.0, 0.25, 19, 0, 8.6265613693
0.0, 0.0, 0.0, 1.0, 0.0, 1.0, 0.0, 0.0, 0.0, 0.0, 0.0, 0.75, 1.0, 1.0, 1.0, 1.0, 1.0, 1.0, 0.0, 1.0, 0.25, 1.0, 0.0, 1.0, 0.0, 0.0, 0.0, 0.75, 12, 0, 11.2372278461
0.1875, 0.0, 0.0, 0.0, 1.0, 1.0, 0.0, 0.0, 0.75, 0.0, 0.0, 0.5625, 0.75, 1.0, 0.8125, 1.0, 0.0, 0.0, 0.0, 1.0, 0.0, 0.75, 0.0, 0.0, 0.0, 0.0, 0.0, 1.0, 20, 0, 8.40540434555
0.0, 0.25, 0.0, 0.0, 0.0, 1.0, 0.0, 0.0, 0.25, 0.0, 0.0, 0.0, 0.0, 1.0, 0.0, 1.0, 1.0, 0.75, 1.0, 0.75, 0.4375, 0.5625, 0.75, 0.0, 0.0, 0.421875, 0.75, 0.0, 21, 0, 7.92741575668
0.0, 0.1875, 0.0, 0.25, 1.0, 0.25, 0.0, 0.0, 0.5625, 0.0, 0.0, 0.0, 0.8125, 0.25, 1.0, 1.0, 0.0, 0.25, 0.25, 1.0, 1.0, 0.1875, 0.0, 1.0, 1.0, 0.0, 0.0, 1.0, 21, 0, 6.72249230827
0.0, 0.0, 0.0, 0.0, 0.0, 1.0, 0.0, 0.0, 1.0, 0.0, 0.0, 0.0, 0.0, 0.0, 1.0, 1.0, 1.0, 0.0, 0.0, 1.0, 1.0, 0.0, 0.0, 1.0, 1.0, 0.0, 1.0, 0.0, 21, 0, 7.04330240426
0.0625, 0.0, 0.0, 1.0, 0.5625, 0.0, 0.0, 0.390625, 0.0, 0.0, 0.0, 0.0, 0.4375, 0.0, 0.8125, 1.0, 1.0, 0.75, 0.4375, 0.0, 0.0, 1.0, 1.0, 0.0, 1.0, 0.0, 1.0, 0.0, 18, 0, 9.20818211969
1.0, 0.0, 0.0, 0.0, 0.0, 0.0, 0.0, 0.0, 0.0, 0.0, 0.0, 1.0, 0.0, 0.75, 0.0, 1.0, 0.0, 0.0, 0.0, 0.25, 1.0, 0.0, 0.0, 0.0, 0.859375, 0.0, 0.0, 0.8125, 22, 0, 7.08433620589
0.0, 0.0, 0.0, 0.0, 0.25, 0.0, 0.0, 0.0, 1.0, 0.0, 0.0, 0.0, 0.0, 1.0, 0.0, 1.0, 1.0, 0.0, 0.0, 0.75, 0.0, 1.0, 0.0, 0.0, 0.75, 0.0, 1.0, 0.0, 23, 0, 6.93082393036
0.0, 0.953125, 0.0, 0.0, 1.0, 1.0, 0.0, 0.0, 0.0, 0.0, 0.0, 0.0, 1.0, 1.0, 0.25, 1.0, 0.0, 1.0, 1.0, 1.0, 0.859375, 0.0, 0.0, 0.4375, 0.5625, 0.0, 0.0, 0.0, 23, 0, 7.99066846849
0.25, 0.5625, 0.0, 1.0, 0.578125, 1.0, 0.0, 1.0, 0.0, 0.0, 0.0, 0.75, 1.0, 1.0, 0.1875, 1.0, 0.25, 0.5625, 0.0, 1.0, 0.25, 0.75, 0.5625, 0.0, 0.75, 0.0, 0.5625, 0.0, 8, 0, 14.6280954706
1.0, 0.0, 0.0, 0.25, 1.0, 0.0, 1.0, 0.0, 0.0, 0.0, 0.0, 0.0, 0.0, 0.0, 1.0, 1.0, 0.0, 0.0, 0.0, 1.0, 0.0, 1.0, 0.0, 0.75, 1.0, 0.0, 0.0, 0.75, 19, 0, 7.18621751704
0.0, 0.0, 0.0, 0.0, 0.046875, 0.0, 1.0, 0.0, 0.0, 0.0, 0.0, 1.0, 0.0, 1.0, 0.0, 1.0, 0.25, 1.0, 0.75, 1.0, 1.0, 0.0, 0.43359375, 0.0, 1.0, 0.0, 0.0, 0.0, 22, 0, 7.33611979839
0.0, 1.0, 0.0, 1.0, 0.5625, 0.25, 1.0, 0.234375, 0.0, 0.0, 0.0, 0.0, 0.0, 0.0, 0.75, 1.0, 0.84765625, 1.0, 0.5625, 0.8125, 0.75, 0.25, 0.0, 0.75, 0.0, 0.0, 0.0, 0.75, 15, 0, 10.2896665028
1.0, 0.0, 0.0, 0.0, 0.1875, 0.0, 0.0, 0.25, 0.0, 0.0, 0.0, 0.0, 1.0, 0.0, 0.0, 1.0, 0.0, 0.75, 0.0, 1.0, 0.0, 1.0, 0.1875, 0.0, 0.8125, 0.0, 0.0, 0.0, 25, 0, 6.72574989032
0.0, 0.25, 0.0, 0.0, 0.75, 0.5625, 0.0, 0.1875, 1.0, 0.0, 0.0, 0.5625, 1.0, 0.8125, 1.0, 1.0, 1.0, 0.0, 1.0, 0.0, 0.0, 0.75, 0.0, 0.578125, 0.0, 0.421875, 0.0, 1.0, 15, 0, 10.075195119
0.0, 0.75, 0.0, 0.0, 1.0, 0.5625, 0.4375, 0.0, 0.0, 0.0, 0.0, 0.0, 0.4599609375, 0.1875, 1.0, 1.0, 1.0, 0.35546875, 1.0, 0.0, 1.0, 0.0, 0.0, 1.0, 0.25, 0.0, 0.0, 0.75, 21, 0, 7.32941643295
0.0, 1.0, 0.0, 0.0, 1.0, 0.0, 1.0, 0.0, 0.0, 0.0, 0.0, 0.0, 0.35546875, 0.0, 1.0, 1.0, 1.0, 0.109375, 0.0, 1.0, 1.0, 0.0, 1.0, 1.0, 0.0, 0.0, 0.75, 0.0, 20, 0, 7.59614429506
0.0, 1.0, 0.0, 0.0, 0.75, 0.0, 0.5625, 0.0, 0.0, 0.0, 0.0, 0.0, 0.0, 1.0, 0.0, 1.0, 0.0, 0.328125, 0.0, 0.75, 0.0, 1.0, 0.0, 0.1875, 1.0, 1.0, 0.0, 0.0, 22, 0, 6.92099019336
0.0, 0.4375, 0.75, 1.0, 0.75, 1.0, 0.25, 0.25, 0.75, 0.0, 0.0, 0.0, 0.0, 1.0, 0.25, 1.0, 0.046875, 0.5625, 1.0, 1.0, 0.0, 0.75, 1.0, 0.0, 0.1875, 0.0, 1.0, 0.0, 15, 0, 11.1228444238
0.046875, 0.25, 0.0, 1.0, 0.25, 1.0, 0.75, 0.1875, 0.5625, 0.75, 0.0, 0.0, 0.0, 0.0, 0.0, 1.0, 0.29296875, 0.0, 1.0, 1.0, 1.0, 0.1875, 0.5625, 0.0, 0.0, 0.421875, 0.0, 1.0, 20, 0, 9.66277629659
0.296875, 0.0, 0.0, 1.0, 0.75, 1.0, 0.25, 1.0, 1.0, 0.0, 0.0, 0.75, 0.328125, 1.0, 1.0, 1.0, 1.0, 0.5625, 0.328125, 1.0, 0.0, 1.0, 1.0, 0.0, 0.0, 0.0, 0.0, 0.4375, 12, 0, 13.1891728245
1.0, 0.0, 0.0, 0.0, 0.0, 0.0, 0.0, 1.0, 0.0, 0.1875, 0.0, 0.0, 0.0, 0.0, 1.0, 1.0, 1.0, 1.0, 1.0, 1.0, 0.0, 1.0, 0.5625, 0.0, 0.0, 0.0, 1.0, 0.0, 17, 0, 10.325401526
0.25, 0.0, 0.0, 1.0, 0.8125, 1.0, 1.0, 0.0, 0.0, 1.0, 0.0, 0.0, 0.4375, 0.0, 1.0, 1.0, 0.0, 0.0, 0.8125, 0.0, 0.0, 1.0, 1.0, 1.0, 0.0, 0.25, 0.0, 0.75, 16, 0, 9.64080147774
0.0, 0.0, 0.0, 0.0, 0.5625, 0.0, 0.0, 0.0, 0.0, 0.0, 0.0, 0.25, 0.0, 0.25, 1.0, 1.0, 0.0, 0.75, 0.0, 0.0, 0.5625, 0.0, 0.75, 0.0, 0.0, 0.0, 1.0, 0.0, 24, 0, 5.79993378386
0.0, 1.0, 0.0, 0.0, 0.1875, 0.0, 1.0, 0.0, 1.0, 0.0, 0.0, 0.0, 0.0, 0.0, 1.0, 1.0, 0.0, 0.0, 0.0, 1.0, 1.0, 0.25, 1.0, 0.75, 0.0, 0.0, 0.0, 1.0, 21, 0, 7.11288137742
0.0, 0.75, 0.0, 0.0, 1.0, 0.0, 1.0, 0.0, 0.0, 0.0, 0.0, 0.0, 0.0, 0.25, 1.0, 1.0, 0.0, 0.0, 0.0, 1.0, 0.984375, 0.0, 1.0, 1.0, 0.0, 0.0, 1.0, 0.0, 21, 0, 6.76605802484
1.0, 0.0, 0.0, 0.0, 1.0, 0.0, 0.0, 1.0, 0.0, 0.0, 0.0, 1.0, 0.0, 1.0, 0.4375, 1.0, 0.75, 0.75, 0.0, 1.0, 0.0, 1.0, 0.75, 0.0, 0.0, 0.75, 0.0, 0.0, 13, 0, 11.2948650418
0.75, 0.0, 0.0, 0.0, 0.0, 0.0, 0.0, 0.0, 1.0, 0.0, 0.0, 0.0, 1.0, 0.25, 0.75, 1.0, 0.25, 0.0, 1.0, 0.0, 0.75, 0.4375, 0.0, 0.0, 1.0, 0.0, 1.0, 0.0, 20, 0, 8.82089447718
0.0, 0.1875, 0.0, 0.8125, 1.0, 0.0, 0.25, 0.0, 0.0, 0.0, 0.0, 1.0, 0.4375, 1.0, 1.0, 1.0, 0.0, 0.0, 1.0, 0.75, 0.75, 0.0, 1.0, 0.0, 0.75, 0.0, 1.0, 0.0, 13, 0, 10.2416724921
0.5625, 0.0, 1.0, 1.0, 1.0, 1.0, 1.0, 0.1875, 0.0, 1.0, 0.0, 0.0, 0.0, 1.0, 0.0, 1.0, 0.0, 1.0, 0.0, 0.0, 1.0, 0.0, 0.0, 0.0, 0.0, 1.0, 0.0, 0.0, 18, 0, 11.1581388136
0.0, 0.0, 0.0, 0.0, 0.75, 0.0, 1.0, 0.0, 1.0, 0.0, 0.0, 0.0, 0.0, 1.0, 0.0, 1.0, 0.0, 0.0, 1.0, 1.0, 0.0, 1.0, 0.0, 0.0, 1.0, 0.0, 0.140625, 0.0, 25, 0, 6.54101846133
0.0, 0.3486328125, 0.0, 0.0, 0.0, 0.0, 1.0, 0.0, 1.0, 0.0, 0.0, 0.421875, 0.0, 1.0, 1.0, 1.0, 0.0, 0.515625, 1.0, 1.0, 0.0, 0.5625, 0.578125, 0.0, 1.0, 0.0, 0.140625, 0.0, 23, 0, 7.68247380542
0.0, 0.31640625, 0.0, 0.0, 0.0, 0.0, 0.0, 0.0, 0.25, 0.0, 0.0, 0.0, 0.0, 0.25, 0.0, 1.0, 1.0, 1.0, 1.0, 0.0, 0.0, 1.0, 0.25, 0.0, 0.0, 1.0, 0.25, 0.28125, 31, 0, 5.70186735502
0.75, 0.671875, 0.0, 0.0, 0.0, 0.75, 0.0, 0.0, 0.0, 0.0, 0.0, 0.0, 0.0, 1.0, 0.25, 1.0, 0.09765625, 1.0, 0.5625, 1.0, 1.0, 0.0, 0.0, 0.0, 0.0, 1.0, 0.0, 0.0, 22, 0, 8.58389358684
0.75, 0.4375, 0.1875, 1.0, 1.0, 1.0, 0.0, 0.25, 0.0, 0.0, 0.0, 0.0, 1.0, 0.25, 1.0, 1.0, 0.0, 0.0, 0.328125, 0.8125, 0.0, 1.0, 1.0, 0.5625, 0.0, 0.0, 0.0, 1.0, 15, 0, 9.63239281621
0.75, 0.0, 0.0, 0.0, 1.0, 0.75, 1.0, 0.0, 1.0, 0.0, 0.0, 1.0, 0.0, 1.0, 0.578125, 1.0, 1.0, 0.0, 0.0, 1.0, 0.578125, 0.0, 0.0, 0.75, 0.0, 0.0, 0.0, 0.0, 16, 0, 9.78103348668
0.1875, 0.203125, 0.0, 0.0, 0.5625, 0.0, 1.0, 0.75, 0.8125, 0.0, 0.0, 0.75, 1.0, 1.0, 0.75, 1.0, 0.859375, 1.0, 0.4375, 1.0, 1.0, 0.0, 1.0, 0.0, 0.75, 0.0, 0.1875, 1.0, 11, 0, 12.8161405464
0.0, 1.0, 0.0, 0.5625, 1.0, 0.1875, 0.25, 0.0, 0.5625, 0.0, 0.0, 0.0, 0.0, 1.0, 0.0, 1.0, 0.0, 1.0, 0.0, 0.0, 0.0, 1.0, 0.0, 0.0, 1.0, 0.0, 0.0, 0.75, 18, 0, 9.6676627193
0.0, 0.0, 0.0, 0.0, 0.328125, 1.0, 0.0, 1.0, 0.75, 0.0, 0.0, 0.0, 1.0, 1.0, 0.75, 1.0, 0.0, 0.0, 0.0, 1.0, 0.75, 0.0, 0.0, 0.0, 0.0, 0.0, 0.0, 0.75, 21, 0, 9.866678943
0.0, 0.25, 1.0, 0.0, 0.75, 0.0, 0.25, 0.0, 0.75, 0.0, 0.0, 0.75, 0.0, 1.0, 1.0, 1.0, 0.25, 0.25, 0.0, 1.0, 1.0, 0.0, 0.0, 0.0, 1.0, 0.0, 0.0, 0.609375, 15, 0, 9.59073489972
0.0, 0.0, 0.0, 0.0, 0.0, 0.0, 0.0, 0.0, 0.0, 0.0, 0.0, 0.0, 1.0, 0.75390625, 0.75, 1.0, 0.0, 0.2666015625, 0.0, 1.0, 0.328125, 0.75, 0.0, 1.0, 1.0, 0.0, 0.25, 1.0, 22, 0, 6.40688136785
