0.0, 0.25, 0.0, 0.0, 1.0, 0.75, 0.0, 0.0, 0.140625, 0.0, 0.0, 0.25, 0.9140625, 1.0, 1.0, 1.0, 1.0, 0.0625, 1.0, 0.25, 0.9375, 0.0, 0.75, 0.0, 0.0, 0.0, 0.0, 1.0, 20, 0, 8.54346003993
0.0625, 0.25, 0.0, 1.0, 0.4375, 1.0, 1.0, 0.0, 0.0, 1.0, 0.0, 0.0, 0.4375, 1.0, 0.0625, 1.0, 1.0, 0.5625, 0.0, 1.0, 0.0, 1.0, 1.0, 0.0625, 1.0, 0.0, 0.0, 1.0, 15, 0, 11.0046506371
0.0, 0.0, 0.0, 0.75, 0.75, 0.0, 0.0, 0.0, 0.25, 0.0, 0.0, 0.0, 0.0, 0.75, 1.0, 1.0, 0.8125, 0.0, 1.0, 1.0, 1.0, 0.0, 0.75, 1.0, 0.0, 0.0, 0.0, 1.0, 16, 0, 9.26263558254
1.0, 0.0, 0.0, 0.0, 0.234375, 0.25, 1.0, 0.046875, 0.0, 0.0, 0.0, 0.0, 0.0, 1.0, 0.0, 1.0, 0.0, 0.33984375, 0.0, 1.0, 0.0, 1.0, 0.75, 0.0, 0.25, 0.0, 0.0, 0.0, 25, 0, 6.5023792655
0.0, 1.0, 0.0, 1.0, 0.75, 1.0, 0.25, 0.25, 0.0, 0.0, 0.0, 0.0, 0.0, 0.0, 1.0, 1.0, 0.0, 1.0, 1.0, 0.75, 1.0, 0.0, 0.0, 1.0, 1.0, 0.0, 0.25, 0.75, 15, 0, 9.67712390315
0.0, 0.31640625, 0.0, 0.390625, 0.0, 0.8125, 1.0, 0.046875, 0.0, 0.0, 0.0, 0.0, 0.0, 1.0, 0.0, 1.0, 0.203125, 0.75, 0.0, 1.0, 0.0, 1.0, 0.0, 0.0, 0.8125, 1.0, 0.0, 0.0, 22, 0, 6.92820826816
1.0, 0.671875, 0.0, 0.0, 0.8125, 0.0, 1.0, 0.0, 0.0, 0.0, 0.0, 1.0, 1.0, 1.0, 1.0, 1.0, 0.0, 0.0, 0.25, 1.0, 0.0, 1.0, 1.0, 1.0, 0.5625, 0.25, 0.75, 0.0, 11, 0, 11.5261609404
0.0, 0.0, 0.0, 0.0, 0.0, 0.0, 1.0, 0.0, 0.0, 0.0, 0.0, 1.0, 0.0, 0.75, 1.0, 1.0, 1.0, 0.0, 1.0, 1.0, 0.0, 1.0, 0.0, 1.0, 0.0, 0.0, 0.0, 1.0, 17, 0, 8.34415902522
0.0, 0.0, 0.0, 0.0, 1.0, 0.0, 0.0, 0.1875, 0.0, 0.0, 0.0, 0.4375, 0.0, 1.0, 1.0, 1.0, 0.0, 0.0, 1.0, 1.0, 0.75, 0.0, 1.0, 0.0, 0.75, 0.0, 0.0, 0.0, 25, 0, 5.83336824847
0.25, 0.08203125, 0.0, 0.0, 0.1875, 0.0, 0.671875, 0.0, 0.35546875, 0.0, 0.0, 1.0, 0.0, 0.75, 1.0, 1.0, 0.75, 0.0, 0.0, 1.0, 1.0, 0.25, 1.0, 0.75, 0.75, 0.0, 0.0, 1.0, 16, 0, 8.56401638779
0.5625, 0.0, 0.0, 0.0, 0.0, 0.0625, 0.0, 0.0, 0.75, 0.0, 0.0, 0.328125, 0.75, 1.0, 0.671875, 1.0, 0.234375, 0.0791015625, 0.671875, 0.75, 0.0, 0.515625, 0.5625, 1.0, 1.0, 0.0, 1.0, 0.0, 16, 0, 9.984059167
0.0, 0.25, 0.0, 0.0, 1.0, 1.0, 0.0, 0.0, 0.4375, 0.0, 0.0, 0.140625, 0.0, 0.4375, 1.0, 1.0, 0.75, 0.859375, 1.0, 0.75, 0.75, 0.0, 1.0, 0.0, 0.890625, 0.0, 0.0, 0.421875, 23, 0, 7.10739045452
0.0, 0.140625, 0.0, 0.0, 0.0, 1.0, 0.25, 0.1875, 0.0, 0.0, 0.0, 0.0, 0.0, 1.0, 0.9375, 1.0, 0.0, 0.0, 0.578125, 1.0, 0.0, 1.0, 1.0, 0.0, 1.0, 0.0, 0.0, 1.0, 21, 0, 6.99157294047
1.0, 0.0, 1.0, 1.0, 0.0, 0.25, 1.0, 0.0, 0.0, 0.0, 0.0, 1.0, 1.0, 0.859375, 0.0, 1.0, 0.0, 0.0, 1.0, 0.0, 0.0, 1.0, 0.0, 0.0, 1.0, 0.5625, 0.0, 0.0, 12, 0, 12.6616939909
1.0, 0.0, 0.75, 0.0, 0.1875, 0.8125, 0.25, 0.0, 0.0, 0.0, 0.0, 0.0, 0.0, 0.25, 1.0, 1.0, 0.0, 0.0, 0.0, 1.0, 0.0, 0.0, 1.0, 1.0, 0.75, 0.0, 0.50390625, 0.1875, 21, 0, 8.52355952575
0.25, 0.25, 0.0, 0.0, 1.0, 0.0, 0.0, 0.140625, 0.0, 0.0, 0.0, 0.140625, 0.0, 0.4375, 0.75, 1.0, 1.0, 1.0, 0.25, 1.0, 0.0, 1.0, 1.0, 1.0, 0.140625, 0.0, 0.0, 0.75, 21, 0, 6.48990099816
0.0, 0.25, 0.0, 0.0, 0.25, 1.0, 0.0, 0.1875, 0.0, 0.0, 0.0, 1.0, 0.25, 1.0, 0.25, 1.0, 0.75, 0.296875, 1.0, 0.8125, 0.75, 0.0, 0.25, 0.0, 1.0, 1.0, 0.0, 0.0, 18, 0, 8.29195008266
0.0, 1.0, 0.0, 0.4375, 0.25, 0.0, 0.0, 0.0, 0.4375, 0.0, 0.0, 0.0, 1.0, 0.56640625, 1.0, 1.0, 1.0, 0.4375, 0.0, 0.75, 1.0, 0.0, 0.5625, 0.0, 0.10546875, 0.0, 0.0, 0.75, 21, 0, 8.1128228786
0.0, 1.0, 0.0, 1.0, 0.578125, 1.0, 0.8125, 0.140625, 0.1875, 0.0, 0.0, 0.75, 0.0, 0.75, 0.0, 1.0, 1.0, 0.75, 0.25, 0.625, 0.0, 1.0, 0.0, 0.328125, 0.0, 0.0, 0.0, 0.609375, 15, 0, 11.4667108306
0.0, 0.0, 0.0, 1.0, 0.0, 0.0, 0.0, 1.0, 0.09375, 0.0, 0.0, 0.0, 0.0, 0.8125, 0.75, 1.0, 0.0, 0.0, 0.0, 1.0, 0.0, 0.75, 0.0, 0.5625, 0.0, 0.0, 0.0, 1.0, 18, 0, 8.85995007753
1.0, 0.0, 0.0, 0.0, 0.0, 1.0, 1.0, 0.1875, 0.0, 0.0, 0.0, 0.0, 0.0, 0.75, 0.0, 1.0, 0.0, 0.0, 1.0, 0.25, 0.0, 1.0, 0.0, 0.25, 1.0, 0.75, 0.0, 0.0, 20, 0, 8.44078209242
0.0, 0.0, 0.0, 1.0, 1.0, 0.25, 0.0, 0.0, 0.0, 0.0, 0.0, 0.0, 0.29296875, 0.0, 1.0, 1.0, 0.0, 1.0, 0.0, 1.0, 0.984375, 0.0, 0.0, 1.0, 0.0, 0.31640625, 0.5625, 0.0, 19, 0, 7.50909324418
0.0, 1.0, 0.0, 0.234375, 0.796875, 1.0, 1.0, 0.0, 0.0, 0.0, 0.0, 1.0, 0.25, 1.0, 0.0, 1.0, 0.0, 0.1875, 0.75, 0.0, 0.0, 0.0, 0.0, 0.0, 1.0, 1.0, 0.0, 0.0, 21, 0, 8.77247538649
0.0, 0.0, 0.0, 0.0, 1.0, 0.0, 1.0, 0.0, 0.0, 0.0, 0.0, 0.0, 0.0, 0.8125, 1.0, 1.0, 1.0, 0.0, 0.0, 1.0, 1.0, 0.0, 0.0, 1.0, 0.25, 0.0, 0.75, 0.0, 21, 0, 6.90275861841
0.0, 1.0, 0.0, 0.25, 0.0, 0.0, 1.0, 0.9375, 1.0, 0.0, 0.0, 0.0, 0.0, 0.25, 1.0, 1.0, 0.0, 0.0, 1.0, 0.0, 1.0, 0.0, 0.75, 0.0, 0.0, 0.0, 0.75, 0.4375, 20, 0, 9.61881506275
1.0, 0.0, 0.0, 0.0, 0.75, 0.0, 0.25, 0.1875, 0.75, 0.0, 0.0, 0.0, 0.0, 0.0, 1.0, 1.0, 0.1875, 0.25, 0.75, 1.0, 1.0, 0.0, 0.75, 0.5625, 0.0, 0.0, 0.0, 1.0, 18, 0, 7.93754846096
0.0, 0.1875, 0.0, 1.0, 0.0, 0.0, 0.0, 0.0, 0.0, 0.0, 0.0, 1.0, 0.0, 1.0, 1.0, 1.0, 0.25, 0.0, 0.0, 0.8125, 1.0, 0.0, 0.75, 0.8125, 0.0, 0.0, 1.0, 0.0, 15, 0, 8.99717410046
0.0, 0.0, 0.0, 1.0, 1.0, 0.0, 0.75, 0.25, 0.0, 0.0, 0.0, 0.75, 0.0, 0.8125, 0.0, 1.0, 0.390625, 0.0, 1.0, 1.0, 0.0, 1.0, 0.0, 0.0, 1.0, 0.5625, 0.0, 0.0, 14, 0, 10.0329152955
0.5625, 0.0, 0.0, 0.0, 1.0, 0.0, 1.0, 0.0, 1.0, 0.0, 0.0, 0.0, 0.0, 0.25, 1.0, 1.0, 0.515625, 0.25, 0.0, 0.75, 1.0, 0.0, 1.0, 0.75, 0.0, 0.0, 0.0, 1.0, 17, 0, 8.80713383691
0.0, 1.0, 0.0, 0.0, 0.75, 0.75, 0.0, 0.140625, 0.0, 0.0, 0.0, 0.4375, 0.0, 0.1875, 0.8125, 1.0, 0.0, 1.0, 0.31640625, 0.9375, 0.0, 1.0, 0.1875, 1.0, 0.1875, 0.0, 1.0, 0.0, 21, 0, 6.73121240567
0.25, 0.890625, 0.0, 0.75, 0.0, 0.25, 0.0, 0.1875, 0.0, 0.0, 0.0, 0.75, 0.75, 1.0, 0.75, 1.0, 0.25, 0.0, 0.0, 0.75, 0.0, 1.0, 0.0, 1.0, 1.0, 0.0, 1.0, 0.0, 13, 0, 10.8071219614
0.0, 0.0, 0.0, 0.75, 0.1875, 0.0, 0.0, 0.0, 0.0, 0.0, 0.0, 1.0, 0.2197265625, 1.0, 1.0, 1.0, 0.046875, 1.0, 0.0, 0.28125, 0.75, 0.328125, 0.0, 1.0, 0.0, 0.2373046875, 0.0, 0.0, 20, 0, 8.02747092407
0.71484375, 0.0, 0.0, 0.0, 0.0, 0.0, 0.0, 0.25, 1.0, 0.0, 0.0, 0.421875, 0.5625, 0.0, 1.0, 1.0, 0.0, 0.0, 0.0, 1.0, 0.0, 0.5625, 0.25, 0.5625, 1.0, 0.0, 0.0, 1.0, 19, 0, 8.05033548504
0.5625, 0.0, 0.0, 0.0, 0.0, 0.0, 1.0, 0.25, 0.0, 0.0, 0.0, 0.5625, 0.0, 1.0, 1.0, 1.0, 0.1875, 0.4375, 0.0, 1.0, 1.0, 0.0, 0.4375, 0.75, 1.0, 0.0, 0.0, 0.0, 19, 0, 7.91249866505
0.0, 0.1875, 0.0, 0.25, 0.0, 0.0, 0.0, 0.0, 0.0, 0.0, 0.0, 0.0, 0.344970703125, 1.0, 0.5625, 1.0, 0.0, 1.0, 0.0, 0.0, 0.01171875, 1.0, 0.0, 0.75, 1.0, 0.0, 0.5625, 0.0, 23, 0, 6.19993630758
0.0, 1.0, 0.0, 1.0, 0.0, 1.0, 0.25, 0.0, 1.0, 0.0, 0.0, 0.0, 0.0, 0.0, 1.0, 1.0, 0.0, 0.0, 0.25, 0.8125, 0.0, 1.0, 0.0, 0.0, 0.0, 0.0, 0.75, 0.0, 22, 0, 8.58551893635
0.0, 0.0, 0.0, 0.0, 0.0, 0.0, 0.0, 0.25, 0.0, 0.0, 0.0, 1.0, 0.0, 1.0, 0.75, 1.0, 0.4375, 0.25, 1.0, 0.859375, 1.0, 0.0, 1.0, 1.0, 1.0, 0.0, 0.0, 0.75, 17, 0, 7.69443101184
1.0, 0.0, 1.0, 0.0, 0.9375, 0.25, 0.25, 0.75, 0.43359375, 0.0, 0.0, 1.0, 0.0, 1.0, 1.0, 1.0, 0.0, 1.0, 0.0, 1.0, 0.0, 1.0, 1.0, 0.0, 1.0, 0.0, 0.25, 0.0, 14, 0, 11.7382771074
1.0, 0.0, 0.0, 0.0, 0.0, 0.0, 0.0, 0.0, 0.0, 0.0, 0.0, 1.0, 0.38671875, 0.75, 0.0, 1.0, 0.0, 0.0, 0.421875, 1.0, 0.0, 1.0, 0.0, 0.25, 1.0, 0.0, 0.10546875, 1.0, 18, 0, 7.84046053862
0.0, 0.5625, 0.0, 0.0, 0.0, 0.0, 0.8125, 0.0, 0.0, 0.0, 0.0, 0.0, 0.0, 0.0, 0.0, 1.0, 1.0, 0.75, 0.5625, 0.5625, 0.0, 1.0, 0.0, 0.0, 0.75, 0.68359375, 0.0, 0.0, 24, 0, 7.90094217742
0.0, 0.140625, 0.0, 0.0, 1.0, 0.0, 0.4375, 0.14453125, 1.0, 0.0, 0.0, 0.0, 1.0, 0.0, 1.0, 1.0, 0.0, 1.0, 0.0, 0.8125, 1.0, 0.0, 1.0, 0.0, 1.0, 0.0, 0.75, 0.0, 20, 0, 7.98585464467
0.0, 0.8125, 0.0, 0.1875, 1.0, 0.0, 1.0, 0.0, 0.0, 0.0, 0.0, 0.0, 0.1640625, 0.0, 1.0, 1.0, 1.0, 0.2080078125, 1.0, 0.671875, 0.9375, 0.0, 1.0, 0.0, 0.4375, 0.0, 0.75, 0.0, 20, 0, 8.21875785255
0.25, 0.0, 0.0, 0.25, 0.0, 0.0, 0.0, 0.0, 0.0, 0.0, 0.0, 0.0, 0.0, 1.0, 0.75, 1.0, 0.75, 0.25, 0.0, 1.0, 1.0, 0.0, 0.0, 0.75, 0.0, 0.0, 0.0, 0.0, 27, 0, 4.95185522338
0.0, 1.0, 0.0, 0.0, 0.75, 0.0, 1.0, 0.25, 0.0, 0.0, 0.0, 1.0, 1.0, 1.0, 0.0, 1.0, 1.0, 0.375, 0.5625, 1.0, 0.0, 1.0, 0.0, 0.0, 0.75, 0.0, 0.0, 0.75, 15, 0, 10.5086796288
0.25, 0.1875, 0.0, 1.0, 0.0, 0.8125, 0.0, 0.25, 0.0, 1.0, 0.0, 0.0, 0.0, 0.75, 0.0, 1.0, 0.0, 0.64453125, 1.0, 1.0, 0.0, 1.0, 0.0, 0.0, 0.0, 1.0, 0.0, 0.0, 21, 0, 9.07830404237
0.0, 0.0, 0.0, 0.0, 0.75, 0.0, 0.0, 0.1875, 0.0, 0.0, 0.0, 0.0, 0.0, 0.25, 1.0, 1.0, 0.0, 0.0, 0.25, 1.0, 0.75, 0.0, 1.0, 0.0, 0.0, 0.2373046875, 1.0, 0.0, 24, 0, 5.23200479153
0.25, 0.0, 0.0, 0.1875, 0.17578125, 1.0, 0.578125, 0.0, 0.859375, 0.0, 0.0, 0.0, 0.609375, 0.0, 1.0, 1.0, 0.25, 0.1875, 0.234375, 0.75, 1.0, 0.0, 0.0, 1.0, 0.75, 0.0, 0.0, 1.0, 20, 0, 7.65802922858
0.25, 0.0, 0.0, 1.0, 0.0, 0.0, 0.25, 0.0, 0.25, 0.0, 0.0, 0.1875, 0.8125, 0.0, 0.0, 1.0, 0.0, 1.0, 0.0, 0.75, 1.0, 0.0, 0.5625, 0.0, 0.0, 0.0, 0.0, 0.0, 24, 0, 7.38157775166
0.0, 0.421875, 0.0, 0.0, 0.0, 0.4375, 0.0, 0.0, 0.328125, 0.0, 0.0, 0.0, 0.8125, 0.0, 1.0, 1.0, 0.0, 0.328125, 0.0, 1.0, 0.375, 1.0, 0.0, 0.0, 1.0, 0.0, 0.0, 0.75, 24, 0, 5.76905194945
0.0, 0.0, 0.0, 0.0, 0.0, 1.0, 0.0, 0.0, 1.0, 0.0, 0.0, 0.0, 0.0, 1.0, 0.0, 1.0, 1.0, 0.0, 1.0, 1.0, 0.0, 1.0, 1.0, 0.0, 0.25, 0.5625, 0.0, 0.0, 21, 0, 7.93997282423
0.0, 0.0, 0.0, 0.0, 1.0, 0.8125, 1.0, 0.0, 0.0, 0.0, 0.0, 0.0, 0.0, 1.0, 0.0, 1.0, 1.0, 1.0, 1.0, 1.0, 0.75, 0.0, 1.0, 0.0, 0.1875, 1.0, 0.0, 0.25, 19, 0, 8.6265613693
0.0, 0.0, 0.0, 1.0, 0.0, 1.0, 0.0, 0.0, 0.0, 0.0, 0.0, 0.75, 1.0, 1.0, 1.0, 1.0, 1.0, 1.0, 0.0, 1.0, 0.25, 1.0, 0.0, 1.0, 0.0, 0.0, 0.0, 0.75, 12, 0, 11.2372278461
0.1875, 0.36328125, 0.0, 0.25, 0.8125, 1.0, 0.0, 0.0, 0.75, 0.0, 0.0, 0.5625, 0.75, 1.0, 0.8125, 1.0, 0.0, 0.0, 0.0, 1.0, 0.75, 0.75, 1.0, 0.0, 0.0, 0.0, 0.0, 0.75, 18, 0, 9.22412975667
0.0, 0.25, 0.0, 0.234375, 0.0, 1.0, 0.25, 0.0, 0.25, 0.0, 0.0, 0.75, 0.0, 1.0, 0.0, 1.0, 1.0, 0.75, 1.0, 0.75, 0.4375, 0.5625, 0.75, 0.0, 0.0, 0.0, 0.0, 1.0, 17, 0, 8.92055396433
0.0, 0.1875, 0.0, 0.25, 1.0, 0.25, 0.25, 0.0, 0.5625, 0.0, 0.0, 0.0, 0.421875, 0.25, 1.0, 1.0, 0.0, 0.328125, 0.0, 1.0, 1.0, 0.1875, 0.25, 1.0, 1.0, 0.0, 0.0, 1.0, 22, 0, 5.74143845328
0.4375, 0.0, 0.0, 0.0, 0.0, 1.0, 0.0, 0.0, 0.75, 0.0, 0.0, 0.0, 0.0, 0.0, 1.0, 1.0, 0.0, 0.0, 0.0, 1.0, 0.5625, 0.4375, 0.0, 0.91796875, 1.0, 0.0, 1.0, 0.0, 22, 0, 6.21321613403
0.0625, 0.0, 0.0, 1.0, 0.5625, 0.0, 0.0, 0.390625, 0.0, 0.0, 0.0, 0.0, 0.4375, 0.0, 0.8125, 1.0, 1.0, 0.75, 0.4375, 0.0, 0.0, 1.0, 1.0, 0.0, 1.0, 0.0, 1.0, 0.0, 18, 0, 9.20818211969
1.0, 0.0, 0.0, 0.0, 0.0, 0.0, 0.0, 0.0, 0.0, 0.0, 0.0, 1.0, 0.0, 0.75, 1.0, 1.0, 0.0, 0.0, 0.328125, 0.25, 1.0, 0.0, 0.0, 0.0, 0.75, 0.0, 0.0, 0.8125, 21, 0, 7.37121572527
0.0, 0.0, 0.0, 0.0, 0.25, 0.0, 0.0, 0.0, 1.0, 0.0, 0.0, 0.0, 0.0, 1.0, 0.0, 1.0, 1.0, 0.0, 0.0, 0.75, 0.0, 1.0, 0.0, 0.0, 0.75, 0.0, 1.0, 0.0, 23, 0, 6.93082393036
0.0, 0.1875, 0.0, 0.0, 1.0, 1.0, 0.0, 0.22265625, 0.0, 0.0, 0.0, 0.0, 0.7099609375, 1.0, 0.9375, 1.0, 0.374267578125, 1.0, 1.0, 1.0, 0.859375, 0.0, 1.0, 0.0, 0.5625, 0.0, 1.0, 0.0, 18, 0, 8.95889234397
0.0, 0.25, 0.0, 0.328125, 0.0, 0.0, 0.0, 1.0, 0.0, 0.0, 0.0, 0.25, 0.75, 1.0, 1.0, 1.0, 0.9375, 0.328125, 0.0, 0.953125, 1.0, 0.0, 0.421875, 1.0, 0.75, 0.0, 0.5625, 0.0, 19, 0, 9.12201143167
1.0, 0.0, 0.0, 0.25, 1.0, 0.0, 1.0, 0.0, 0.0, 0.0, 0.0, 0.0, 0.0, 0.0, 1.0, 1.0, 0.0, 0.0, 0.0, 1.0, 0.0, 1.0, 0.0, 0.75, 1.0, 0.0, 0.0, 0.75, 19, 0, 7.18621751704
0.0, 0.0, 0.0, 0.0, 1.0, 0.0, 1.0, 0.0, 0.0, 0.0, 0.0, 1.0, 0.0, 1.0, 0.25, 1.0, 1.0, 0.36328125, 1.0, 1.0, 1.0, 0.0, 1.0, 0.0, 1.0, 0.0, 0.0, 1.0, 16, 0, 9.11018351394
0.0, 1.0, 0.0, 0.5625, 0.5625, 0.9375, 0.25, 0.0, 0.0, 0.0, 0.0, 0.0, 0.0, 0.0, 0.75, 1.0, 0.0, 1.0, 0.5625, 0.0, 0.75, 0.25, 0.0, 0.75, 0.0, 0.0, 0.0, 1.0, 17, 0, 9.23569314033
1.0, 0.0, 0.75, 0.0, 0.1875, 0.296875, 0.0, 0.25, 0.0, 0.0, 0.0, 0.0, 1.0, 0.0, 0.0, 1.0, 0.0, 0.75, 0.0, 1.0, 0.10546875, 1.0, 0.1875, 0.0, 0.8125, 1.0, 0.0, 0.0, 19, 0, 9.13603715799
1.0, 0.25, 0.0, 0.0, 0.75, 0.5625, 0.0, 0.1875, 1.0, 0.0, 0.0, 0.5625, 0.2373046875, 0.8125, 1.0, 1.0, 0.9375, 0.0, 1.0, 0.0, 0.0, 0.75, 0.0, 0.578125, 1.0, 0.421875, 0.328125, 1.0, 12, 0, 11.0156139239
0.0, 1.0, 0.0, 0.0, 1.0, 0.5625, 0.4375, 0.0, 0.0, 0.0, 0.0, 0.0, 0.4599609375, 0.1875, 1.0, 1.0, 0.3427734375, 0.55078125, 1.0, 0.0, 1.0, 0.0, 0.0, 1.0, 0.25, 0.0, 0.0, 0.75, 21, 0, 7.09723817179
0.0, 1.0, 0.0, 0.0, 1.0, 0.0, 1.0, 0.0, 0.0, 0.0, 0.0, 0.0, 0.35546875, 0.0, 1.0, 1.0, 1.0, 0.109375, 0.0, 0.5625, 1.0, 0.0, 1.0, 1.0, 1.0, 0.0, 0.75, 0.0, 19, 0, 8.00759604114
0.0, 1.0, 0.0, 0.0, 0.75, 0.0, 0.5625, 0.0, 0.0, 0.0, 0.0, 0.0, 0.0, 1.0, 0.0, 1.0, 0.0, 0.328125, 0.0, 0.75, 0.0, 1.0, 0.0, 0.1875, 1.0, 1.0, 0.0, 0.0, 22, 0, 6.92099019336
0.0, 0.4375, 0.75, 1.0, 0.75, 1.0, 0.25, 0.25, 0.75, 0.0, 0.0, 0.0, 0.0, 1.0, 0.25, 1.0, 0.046875, 0.5625, 1.0, 1.0, 0.0, 0.75, 1.0, 0.0, 0.1875, 0.0, 1.0, 0.0, 15, 0, 11.1228444238
0.0, 0.10546875, 0.0, 1.0, 0.25, 0.19921875, 0.75, 0.1875, 0.5625, 0.0, 0.0, 0.0, 0.0, 0.0, 0.0, 1.0, 0.0, 0.0, 1.0, 1.0, 1.0, 0.1875, 0.5625, 0.0, 0.0, 0.421875, 0.0, 1.0, 22, 0, 8.4927364677
0.0, 0.0, 0.0, 0.0, 0.75, 1.0, 0.0, 1.0, 0.0, 0.0, 0.0, 0.75, 0.328125, 1.0, 1.0, 1.0, 0.25, 0.5625, 1.0, 1.0, 0.0, 1.0, 1.0, 0.421875, 0.0, 0.421875, 0.328125, 0.4375, 16, 0, 10.6227098854
0.5625, 0.0, 0.0, 0.0, 0.0, 0.8125, 0.0, 0.1875, 0.0, 0.1875, 0.0, 0.0, 0.0, 0.0, 0.75, 1.0, 1.0, 1.0, 0.5625, 1.0, 0.0, 1.0, 0.140625, 0.421875, 0.8125, 0.0, 0.0, 0.0, 22, 0, 7.96813272759
0.0, 0.0, 0.0, 1.0, 0.8125, 1.0, 0.5625, 0.0, 0.0, 0.0, 0.0, 0.0, 0.4375, 0.5625, 1.0, 1.0, 0.0, 0.0, 0.8125, 0.0, 0.0, 1.0, 1.0, 1.0, 0.0, 0.0, 0.0, 0.75, 16, 0, 9.57679565493
0.0, 0.0, 0.0, 0.0, 0.5625, 0.0, 0.0, 0.0, 0.0, 0.0, 0.0, 0.25, 0.0, 0.25, 1.0, 1.0, 0.0, 0.75, 0.0, 0.0, 0.5625, 0.0, 0.75, 0.0, 0.0, 0.0, 1.0, 0.0, 24, 0, 5.79993378386
0.25, 0.0, 0.0, 0.0, 0.1875, 0.140625, 1.0, 0.0, 1.0, 0.0, 0.0, 0.0, 0.0, 0.0, 1.0, 1.0, 0.0, 0.0, 0.0, 1.0, 1.0, 0.25, 0.0, 0.890625, 0.1875, 0.0, 0.0, 1.0, 23, 0, 5.7894926611
0.0, 0.75, 0.0, 0.0, 1.0, 0.0, 1.0, 0.0, 0.0, 0.0, 0.0, 0.0, 0.0, 0.25, 1.0, 1.0, 0.0, 0.0, 0.0, 1.0, 0.984375, 0.0, 1.0, 1.0, 0.0, 0.0, 1.0, 0.0, 21, 0, 6.76605802484
1.0, 0.0, 0.0, 0.0, 1.0, 0.0, 0.0, 1.0, 0.0, 0.0, 0.0, 1.0, 0.0, 1.0, 0.4375, 1.0, 0.75, 0.75, 0.0, 1.0, 0.0, 1.0, 0.75, 0.0, 0.0, 0.75, 0.0, 0.0, 13, 0, 11.2948650418
0.75, 0.0, 0.0, 0.25, 0.0, 0.0, 0.0, 0.296875, 0.0, 0.0, 0.0, 0.0, 1.0, 0.25, 0.5625, 1.0, 0.4990234375, 0.0, 1.0, 0.0, 0.75, 0.4375, 0.328125, 0.75, 1.0, 0.24609375, 1.0, 0.0, 20, 0, 8.06528461291
0.0, 0.1875, 0.0, 0.8125, 1.0, 0.0, 0.25, 0.0, 0.0, 0.0, 0.0, 1.0, 0.4375, 1.0, 1.0, 1.0, 0.0, 0.0, 1.0, 0.75, 0.75, 0.0, 1.0, 0.0, 0.75, 0.0, 1.0, 0.0, 13, 0, 10.2416724921
0.5625, 0.0, 0.0, 1.0, 1.0, 1.0, 1.0, 0.0, 0.0, 1.0, 0.0, 0.75, 0.0, 1.0, 0.0, 1.0, 0.0, 1.0, 0.0, 0.0, 1.0, 0.0, 0.0, 0.0, 0.0, 1.0, 0.0, 0.0, 15, 0, 11.4442661859
0.0, 0.0, 0.0, 0.0, 0.5625, 0.0, 1.0, 0.0, 0.31640625, 0.0, 0.0, 0.0, 0.0, 1.0, 0.8125, 1.0, 0.0, 0.0, 1.0, 0.671875, 1.0, 0.0, 0.0, 0.0, 1.0, 0.0, 1.0, 0.0, 21, 0, 7.10673765175
0.0, 1.0, 0.0, 0.0, 0.0, 0.390625, 1.0, 0.0, 1.0, 0.0, 0.0, 0.75, 0.0, 1.0, 1.0, 1.0, 0.0, 0.0, 1.0, 1.0, 0.0, 0.5625, 0.578125, 0.0, 1.0, 0.0, 0.140625, 0.0, 19, 0, 9.14017161902
0.0, 0.25, 0.0, 0.0, 0.90625, 1.0, 0.0, 0.0, 0.0, 0.0, 0.0, 1.0, 0.0, 0.75, 1.0, 1.0, 1.0, 0.671875, 0.671875, 1.0, 1.0, 0.328125, 0.578125, 0.0, 0.0, 0.0, 1.0, 0.671875, 17, 0, 9.84153171695
0.0, 1.0, 0.0, 1.0, 0.0, 0.4375, 0.25, 0.0, 0.0, 0.0, 0.0, 0.75390625, 0.0, 1.0, 1.0, 1.0, 0.0, 0.186767578125, 0.5625, 1.0, 1.0, 0.0, 0.0, 1.0, 1.0, 0.0, 1.0, 1.0, 15, 0, 10.6739933855
0.75, 0.0, 0.1875, 1.0, 1.0, 0.421875, 0.0, 0.25, 0.0, 0.0, 0.0, 0.4375, 0.0, 0.25, 1.0, 1.0, 0.0, 1.0, 0.75, 1.0, 0.0, 1.0, 1.0, 0.5625, 0.0, 0.0, 0.0, 1.0, 15, 0, 9.40365594009
0.75, 0.0, 0.0, 0.0, 1.0, 0.75, 1.0, 0.0, 1.0, 0.0, 0.0, 1.0, 0.0, 1.0, 0.578125, 1.0, 1.0, 0.0, 0.0, 1.0, 0.578125, 0.0, 0.0, 0.75, 0.0, 0.0, 0.0, 0.0, 16, 0, 9.78103348668
0.1875, 0.203125, 0.0, 0.0, 0.5625, 0.0, 0.25, 1.0, 0.8125, 0.0, 0.0, 0.75, 1.0, 1.0, 1.0, 1.0, 0.9375, 1.0, 0.4375, 1.0, 1.0, 0.0, 1.0, 0.75, 0.75, 0.0, 0.1875, 1.0, 11, 0, 12.1540278832
0.0, 1.0, 0.0, 0.0, 1.0, 0.0, 0.25, 0.0, 0.0703125, 0.0, 0.0, 0.0, 0.0, 1.0, 0.0, 1.0, 0.0, 0.671875, 0.0, 1.0, 0.0, 1.0, 0.0, 0.0, 1.0, 0.0, 0.0, 0.46875, 26, 0, 5.93139906184
0.0, 0.140625, 0.0, 0.0, 0.0, 1.0, 0.0, 0.0, 0.0, 0.0, 0.0, 0.0, 1.0, 1.0, 0.75, 1.0, 0.75, 1.0, 0.0, 1.0, 0.75, 0.0, 0.0, 1.0, 0.0, 0.0, 0.0, 0.9375, 20, 0, 7.8711995165
0.0, 0.25, 1.0, 0.0, 0.75, 0.0, 0.25, 0.0, 0.75, 0.0, 0.0, 0.75, 0.0, 1.0, 1.0, 1.0, 0.25, 0.25, 0.0, 1.0, 1.0, 0.0, 0.0, 0.0, 1.0, 0.0, 0.0, 0.609375, 15, 0, 9.59073489972
0.0, 0.0, 0.0, 0.0, 0.0, 0.0, 0.0, 0.0, 0.0, 0.0, 0.0, 0.0, 1.0, 0.75390625, 0.75, 1.0, 0.0, 0.2666015625, 0.0, 1.0, 0.328125, 0.75, 0.0, 1.0, 1.0, 0.0, 0.25, 1.0, 22, 0, 6.40688136785
