3.08279401608, 1.01800074247, 1.65028153905, 0.941467648851, 2.83000046065, 1.09805854676, 1.3132784775, 1.2600008261, 1.14000013609, 2.50346933659, 2.92166586627, 1.08492595017, 3.04000054246, 1.00038293173, 1.04377316741, 1.00000015689, 1.0000003537, 1.10273416326, 8.05443732757, 0.942167811386, 1.00000032578, 123.170297573, 0.845164199382, 5.71105529002, 0.960031470037, 3.2900001273, 1.00000042774, 95.0761339198, 12.4983939078, 480.418818699
3.08279401608, 1.01800074247, 1.65028153905, 0.941467648851, 2.83000046065, 1.09805854676, 1.3132784775, 1.2600008261, 1.14000013609, 2.50346933659, 2.92166586627, 1.08492595017, 3.04000054246, 1.00038293173, 1.04377316741, 1.00000015689, 1.0000003537, 1.10273416326, 8.05443732757, 0.942167811386, 1.00000032578, 123.170297573, 0.845164199382, 5.71105529002, 0.960031470037, 3.2900001273, 1.00000042774, 95.0761339198, 12.4983939078, 480.418818699
3.39434288987, 1.02050012786, 1.54774080071, 0.910384031363, 2.83000031555, 1.12793058592, 1.22630411453, 1.26000078477, 1.14000073454, 2.00217874894, 1.94370925244, 0.951018568455, 3.04000025832, 1.08102850326, 1.03969393523, 1.00000069918, 1.00000013428, 1.03656928837, 3.87647823776, 0.931175570532, 1.00000057011, 112.395969613, 0.937068665961, 2.58158865845, 1.05411763747, 3.29000092397, 1.00000007776, 38.4655170185, 15.3880810313, 103.053578489
3.39434288987, 1.02050012786, 1.54774080071, 0.910384031363, 2.83000031555, 1.12793058592, 1.22630411453, 1.26000078477, 1.14000073454, 2.00217874894, 1.94370925244, 0.951018568455, 3.04000025832, 1.08102850326, 1.03969393523, 1.00000069918, 1.00000013428, 1.03656928837, 3.87647823776, 0.931175570532, 1.00000057011, 112.395969613, 0.937068665961, 2.58158865845, 1.05411763747, 3.29000092397, 1.00000007776, 38.4655170185, 15.3880810313, 103.053578489
4.55292876093, 1.01048972916, 1.60131418745, 0.864961033526, 2.8300007168, 1.11453965349, 2.67670016428, 1.26000062564, 1.14000020279, 3.05952918721, 3.10764627845, 0.936718764699, 3.04000035295, 1.0266866604, 0.935892900633, 1.00000044377, 1.00000034555, 1.09937764029, 9.54046035218, 0.928103621854, 1.00000016124, 121.988590368, 0.898363572494, 2.89222494264, 1.01026052987, 3.29000049137, 1.000000974, 114.615214283, 21.1218161667, 547.493120265
4.55292876093, 1.01048972916, 1.60131418745, 0.864961033526, 2.8300007168, 1.11453965349, 2.67670016428, 1.26000062564, 1.14000020279, 3.05952918721, 3.10764627845, 0.936718764699, 3.04000035295, 1.0266866604, 0.935892900633, 1.00000044377, 1.00000034555, 1.09937764029, 9.54046035218, 0.928103621854, 1.00000016124, 121.988590368, 0.898363572494, 2.89222494264, 1.01026052987, 3.29000049137, 1.000000974, 114.615214283, 21.1218161667, 547.493120265
5.05770685774, 1.09843246076, 1.4028389596, 0.844199981008, 2.83000067904, 0.906437022073, 2.72112891088, 1.26000060478, 1.14000036041, 3.0206752287, 1.64854169727, 1.02324956604, 3.04000072176, 1.10047361452, 0.981742696682, 1.0000006321, 1.00000002727, 1.01578285179, 9.45960039602, 0.910292368285, 1.00000094942, 106.297970897, 1.02973966924, 3.13181671306, 0.956858433248, 3.2900008645, 1.00000096036, 285.4880424, 16.8949607745, 2427.48091989
5.05770685774, 1.09843246076, 1.4028389596, 0.844199981008, 2.83000067904, 0.906437022073, 2.72112891088, 1.26000060478, 1.14000036041, 3.0206752287, 1.64854169727, 1.02324956604, 3.04000072176, 1.10047361452, 0.981742696682, 1.0000006321, 1.00000002727, 1.01578285179, 9.45960039602, 0.910292368285, 1.00000094942, 106.297970897, 1.02973966924, 3.13181671306, 0.956858433248, 3.2900008645, 1.00000096036, 285.4880424, 16.8949607745, 2427.48091989
5.62191028142, 1.04419353481, 1.55075707278, 0.907674166867, 2.83000080076, 0.884019250671, 4.97720338874, 1.26000070348, 1.14000024068, 1.51810869782, 1.64633180845, 1.08686677328, 3.04000003783, 1.09029990122, 1.02748638808, 1.00000071629, 1.00000068287, 1.01144127608, 4.7235233781, 0.950520112839, 1.00000077176, 88.0960493042, 0.929395618908, 3.53022706082, 1.04256768459, 3.29000062909, 1.00000080618, 316.382623851, 17.2088563513, 1588.13749398
5.62191028142, 1.04419353481, 1.55075707278, 0.907674166867, 2.83000080076, 0.884019250671, 4.97720338874, 1.26000070348, 1.14000024068, 1.51810869782, 1.64633180845, 1.08686677328, 3.04000003783, 1.09029990122, 1.02748638808, 1.00000071629, 1.00000068287, 1.01144127608, 4.7235233781, 0.950520112839, 1.00000077176, 88.0960493042, 0.929395618908, 3.53022706082, 1.04256768459, 3.29000062909, 1.00000080618, 316.382623851, 17.2088563513, 1588.13749398
1.10165634165, 1.10124713616, 1.60157891829, 0.845872022104, 2.83000089516, 0.896804144451, 2.70309944603, 1.26000051145, 1.14000008365, 1.31677499984, 2.78814887888, 1.06336654983, 3.04000014049, 1.09631631993, 0.88269537913, 1.00000096797, 1.00000039575, 1.07435519485, 8.58556110973, 0.939178568239, 1.00000054138, 104.126178281, 1.05215103817, 4.43442319543, 1.06482289649, 3.29000012914, 1.00000067019, 184.469453342, 24.7083632403, 590.602124885
1.10165634165, 1.10124713616, 1.60157891829, 0.845872022104, 2.83000089516, 0.896804144451, 2.70309944603, 1.26000051145, 1.14000008365, 1.31677499984, 2.78814887888, 1.06336654983, 3.04000014049, 1.09631631993, 0.88269537913, 1.00000096797, 1.00000039575, 1.07435519485, 8.58556110973, 0.939178568239, 1.00000054138, 104.126178281, 1.05215103817, 4.43442319543, 1.06482289649, 3.29000012914, 1.00000067019, 184.469453342, 24.7083632403, 590.602124885
3.63491410633, 1.0421987376, 1.3725520188, 0.901976952377, 2.83000050372, 1.12428421504, 4.70895218565, 1.2600003037, 1.14000071816, 2.02507436023, 1.92200821174, 0.985982643158, 3.04000084687, 1.09769105676, 0.801265803834, 1.00000010718, 1.00000061026, 1.02022442813, 3.47973330943, 0.969073785786, 1.00000032506, 79.7035444251, 1.07978802429, 1.82197679902, 1.05745090917, 3.29000082124, 1.00000021689, 183.08869448, 24.5307841764, 866.290519755
3.63491410633, 1.0421987376, 1.3725520188, 0.901976952377, 2.83000050372, 1.12428421504, 4.70895218565, 1.2600003037, 1.14000071816, 2.02507436023, 1.92200821174, 0.985982643158, 3.04000084687, 1.09769105676, 0.801265803834, 1.00000010718, 1.00000061026, 1.02022442813, 3.47973330943, 0.969073785786, 1.00000032506, 79.7035444251, 1.07978802429, 1.82197679902, 1.05745090917, 3.29000082124, 1.00000021689, 183.08869448, 24.5307841764, 866.290519755
1.07160886998, 1.0418907714, 1.57930453551, 0.891204013155, 2.83000019288, 0.979214670349, 4.37067983124, 1.26000020927, 1.14000046376, 2.30868930686, 2.09528523079, 0.919234432394, 3.0400000217, 1.02784538039, 0.805799920233, 1.00000001055, 1.0000009591, 1.08985587458, 3.66397199961, 0.938752959545, 1.00000026454, 111.162590162, 0.977091115383, 5.33498269869, 0.974010014388, 3.29000083805, 1.00000049121, 612.002539034, 21.8377413745, 7785.85051423
1.07160886998, 1.0418907714, 1.57930453551, 0.891204013155, 2.83000019288, 0.979214670349, 4.37067983124, 1.26000020927, 1.14000046376, 2.30868930686, 2.09528523079, 0.919234432394, 3.0400000217, 1.02784538039, 0.805799920233, 1.00000001055, 1.0000009591, 1.08985587458, 3.66397199961, 0.938752959545, 1.00000026454, 111.162590162, 0.977091115383, 5.33498269869, 0.974010014388, 3.29000083805, 1.00000049121, 612.002539034, 21.8377413745, 7785.85051423
1.75267010903, 1.05768600436, 1.48928964014, 0.80846464662, 2.83000003208, 0.867919365292, 4.19063733557, 1.26000056293, 1.14000075801, 2.14004786264, 1.65363930961, 0.924090170294, 3.0400000003, 1.08364207476, 0.94201301729, 1.00000081907, 1.0000002009, 1.02598778559, 9.54330271339, 0.912789358035, 1.00000074554, 96.8202685361, 0.960962309711, 3.02024606112, 1.01472103757, 3.29000015638, 1.00000043252, 1248.70587903, 21.3687106245, 2178.77217794
1.75267010903, 1.05768600436, 1.48928964014, 0.80846464662, 2.83000003208, 0.867919365292, 4.19063733557, 1.26000056293, 1.14000075801, 2.14004786264, 1.65363930961, 0.924090170294, 3.0400000003, 1.08364207476, 0.94201301729, 1.00000081907, 1.0000002009, 1.02598778559, 9.54330271339, 0.912789358035, 1.00000074554, 96.8202685361, 0.960962309711, 3.02024606112, 1.01472103757, 3.29000015638, 1.00000043252, 1248.70587903, 21.3687106245, 2178.77217794
5.31634293768, 1.0662412151, 1.49260384704, 0.806408929938, 2.83000018744, 1.06329062519, 3.60621122835, 1.26000071132, 1.1400007272, 2.08309803162, 2.10548601744, 0.918386161584, 3.04000002819, 1.07980701611, 0.83468687581, 1.00000080101, 1.00000046346, 1.09723688675, 9.68440869324, 0.916875443395, 1.00000084012, 85.1225588072, 0.843360235436, 2.04576782694, 1.00293654904, 3.2900004015, 1.00000098955, 294.416861513, 29.2397756454, 4527.50788597
5.31634293768, 1.0662412151, 1.49260384704, 0.806408929938, 2.83000018744, 1.06329062519, 3.60621122835, 1.26000071132, 1.1400007272, 2.08309803162, 2.10548601744, 0.918386161584, 3.04000002819, 1.07980701611, 0.83468687581, 1.00000080101, 1.00000046346, 1.09723688675, 9.68440869324, 0.916875443395, 1.00000084012, 85.1225588072, 0.843360235436, 2.04576782694, 1.00293654904, 3.2900004015, 1.00000098955, 294.416861513, 29.2397756454, 4527.50788597
5.38288326888, 1.0494432435, 1.64243124253, 0.910384031363, 2.83000069699, 0.869856336832, 3.82745657315, 1.26000062386, 1.14000035934, 3.58122529296, 2.66148251391, 0.89693131129, 3.04000042526, 1.0024742337, 0.817765409851, 1.00000087814, 1.00000078594, 1.08029470718, 6.88832670187, 0.916037041923, 1.00000057011, 105.729961272, 0.982952868046, 2.05186688812, 1.00365109715, 3.29000060133, 1.00000010701, 1119.91896735, 30.1669396573, 3551.9621966
5.38288326888, 1.0494432435, 1.64243124253, 0.910384031363, 2.83000069699, 0.869856336832, 3.82745657315, 1.26000062386, 1.14000035934, 3.58122529296, 2.66148251391, 0.89693131129, 3.04000042526, 1.0024742337, 0.817765409851, 1.00000087814, 1.00000078594, 1.08029470718, 6.88832670187, 0.916037041923, 1.00000057011, 105.729961272, 0.982952868046, 2.05186688812, 1.00365109715, 3.29000060133, 1.00000010701, 1119.91896735, 30.1669396573, 3551.9621966
1.02455603676, 1.10774041703, 1.54073102817, 0.957629034142, 2.83000053155, 1.09801954617, 3.03854765777, 1.26000077697, 1.14000022585, 2.95591969036, 1.77299218551, 0.922109696946, 3.04000050512, 1.04818587532, 0.951248852602, 1.00000026504, 1.00000064513, 1.02686553816, 5.96459791224, 0.924511783082, 1.0000006681, 102.039608983, 1.00159580657, 4.438138137, 0.976255532471, 3.29000027535, 1.00000006726, 868.00077624, 24.9023960011, 5512.0401252
1.02455603676, 1.10774041703, 1.54073102817, 0.957629034142, 2.83000053155, 1.09801954617, 3.03854765777, 1.26000077697, 1.14000022585, 2.95591969036, 1.77299218551, 0.922109696946, 3.04000050512, 1.04818587532, 0.951248852602, 1.00000026504, 1.00000064513, 1.02686553816, 5.96459791224, 0.924511783082, 1.0000006681, 102.039608983, 1.00159580657, 4.438138137, 0.976255532471, 3.29000027535, 1.00000006726, 868.00077624, 24.9023960011, 5512.0401252
4.37266590546, 1.04807381178, 1.34586185456, 0.971837288877, 2.83000020931, 0.97310113376, 4.48934350757, 1.26000034809, 1.140000948, 3.15003002159, 1.7466089547, 0.913184013133, 3.0400006348, 1.09742102274, 1.06195567654, 1.00000092296, 1.00000016236, 1.09918246987, 3.5309744731, 0.975089100695, 1.00000057625, 109.341826836, 0.869565346237, 3.49270710635, 0.966393977591, 3.29000099908, 1.00000034221, 1083.80555735, 38.2008311568, 2379.15811801
4.37266590546, 1.04807381178, 1.34586185456, 0.971837288877, 2.83000020931, 0.97310113376, 4.48934350757, 1.26000034809, 1.140000948, 3.15003002159, 1.7466089547, 0.913184013133, 3.0400006348, 1.09742102274, 1.06195567654, 1.00000092296, 1.00000016236, 1.09918246987, 3.5309744731, 0.975089100695, 1.00000057625, 109.341826836, 0.869565346237, 3.49270710635, 0.966393977591, 3.29000099908, 1.00000034221, 1083.80555735, 38.2008311568, 2379.15811801
3.81370058563, 1.03403541209, 1.73328507932, 0.813448470803, 2.83000000031, 0.970290978137, 2.41862379443, 1.26000068962, 1.14000096467, 2.24860129478, 1.58189866192, 0.987479436577, 3.04000030342, 1.10204373725, 0.989177543242, 1.00000061489, 1.00000044473, 1.01236633032, 9.67947773727, 0.974222203833, 1.00000019642, 86.3780358194, 0.881558203557, 2.74280959014, 0.992881736699, 3.29000050454, 1.00000082374, 671.099537575, 26.5548647823, 4633.86141522
3.81370058563, 1.03403541209, 1.73328507932, 0.813448470803, 2.83000000031, 0.970290978137, 2.41862379443, 1.26000068962, 1.14000096467, 2.24860129478, 1.58189866192, 0.987479436577, 3.04000030342, 1.10204373725, 0.989177543242, 1.00000061489, 1.00000044473, 1.01236633032, 9.67947773727, 0.974222203833, 1.00000019642, 86.3780358194, 0.881558203557, 2.74280959014, 0.992881736699, 3.29000050454, 1.00000082374, 671.099537575, 26.5548647823, 4633.86141522
3.39434288987, 1.02050012786, 1.54774080071, 0.910384031363, 2.83000031555, 1.12793058592, 3.42684840434, 1.26000078477, 1.14000073454, 2.00217874894, 2.53401141185, 0.951018568455, 3.04000025832, 1.08102850326, 1.03969393523, 1.00000069918, 1.00000013428, 1.03656928837, 3.87647823776, 0.931175570532, 1.00000057011, 112.395969613, 0.937068665961, 2.58158865845, 1.01298765404, 3.29000092397, 1.00000005031, 1108.58421594, 41.6850960345, 2002.0706314
3.39434288987, 1.02050012786, 1.54774080071, 0.910384031363, 2.83000031555, 1.12793058592, 3.42684840434, 1.26000078477, 1.14000073454, 2.00217874894, 2.53401141185, 0.951018568455, 3.04000025832, 1.08102850326, 1.03969393523, 1.00000069918, 1.00000013428, 1.03656928837, 3.87647823776, 0.931175570532, 1.00000057011, 112.395969613, 0.937068665961, 2.58158865845, 1.01298765404, 3.29000092397, 1.00000005031, 1108.58421594, 41.6850960345, 2002.0706314
4.85258765251, 1.0219394649, 1.37050658189, 0.82648488671, 2.83000005894, 1.1294713381, 4.61348808447, 1.26000064301, 1.14000094278, 1.3536764244, 1.85197209382, 1.0491083765, 3.04000096472, 1.04218478791, 0.994719299529, 1.00000083943, 1.00000005139, 1.10083535478, 4.52047989685, 0.960220935795, 1.00000099305, 116.166830853, 0.983158259948, 5.12168538169, 0.957248502065, 3.29000022202, 1.00000030049, 433.459448684, 31.1747493454, 3978.3339744
4.85258765251, 1.0219394649, 1.37050658189, 0.82648488671, 2.83000005894, 1.1294713381, 4.61348808447, 1.26000064301, 1.14000094278, 1.3536764244, 1.85197209382, 1.0491083765, 3.04000096472, 1.04218478791, 0.994719299529, 1.00000083943, 1.00000005139, 1.10083535478, 4.52047989685, 0.960220935795, 1.00000099305, 116.166830853, 0.983158259948, 5.12168538169, 0.957248502065, 3.29000022202, 1.00000030049, 433.459448684, 31.1747493454, 3978.3339744
1.07160886998, 1.0418907714, 1.34067826746, 0.891204013155, 2.83000019288, 0.979214670349, 4.37067983124, 1.26000082912, 1.14000040045, 2.84518877423, 2.09528523079, 0.919234432394, 3.04000017259, 1.02784538039, 0.857673082043, 1.00000001055, 1.0000009591, 1.10987313693, 3.66397199961, 0.938752959545, 1.00000026454, 111.162590162, 0.889095948365, 5.73502010003, 0.974010014388, 3.29000083805, 1.00000056975, 1084.65740215, 30.9688932405, 3033.74316375
1.07160886998, 1.0418907714, 1.34067826746, 0.891204013155, 2.83000019288, 0.979214670349, 4.37067983124, 1.26000082912, 1.14000040045, 2.84518877423, 2.09528523079, 0.919234432394, 3.04000017259, 1.02784538039, 0.857673082043, 1.00000001055, 1.0000009591, 1.10987313693, 3.66397199961, 0.938752959545, 1.00000026454, 111.162590162, 0.889095948365, 5.73502010003, 0.974010014388, 3.29000083805, 1.00000056975, 1084.65740215, 30.9688932405, 3033.74316375
2.3504704792, 1.07968138473, 1.55996033207, 0.932691923654, 2.83000012231, 1.11995162593, 2.97578983057, 1.26000091808, 1.14000077599, 2.28764643937, 2.80545892167, 1.00341777053, 3.04000058996, 1.11906318449, 0.91026586931, 1.00000050088, 1.00000039254, 1.10483520892, 8.80046343055, 0.919096351534, 1.00000049317, 122.47952491, 0.871905222405, 2.498894403, 0.976649123684, 3.29000005948, 1.0000008043, 888.657186449, 24.3337236814, 10799.4983107
2.3504704792, 1.07968138473, 1.55996033207, 0.932691923654, 2.83000012231, 1.11995162593, 2.97578983057, 1.26000091808, 1.14000077599, 2.28764643937, 2.80545892167, 1.00341777053, 3.04000058996, 1.11906318449, 0.91026586931, 1.00000050088, 1.00000039254, 1.10483520892, 8.80046343055, 0.919096351534, 1.00000049317, 122.47952491, 0.871905222405, 2.498894403, 0.976649123684, 3.29000005948, 1.0000008043, 888.657186449, 24.3337236814, 10799.4983107
4.5809721132, 1.13981418732, 1.53438579257, 0.882794097699, 2.8300001454, 1.18583459065, 1.17821839748, 1.26000032104, 1.14000004647, 3.68639144451, 2.11999369935, 1.01430261041, 3.04000099968, 1.00686005547, 1.03795576363, 1.00000036969, 1.00000035366, 1.08201032279, 3.89197646719, 0.980653919425, 1.00000055191, 105.552884797, 0.961339769226, 1.46915101007, 1.02417496672, 3.29000026248, 1.00000070632, 1243.02001056, 22.9558657361, 8999.6661891
4.5809721132, 1.13981418732, 1.53438579257, 0.882794097699, 2.8300001454, 1.18583459065, 1.17821839748, 1.26000032104, 1.14000004647, 3.68639144451, 2.11999369935, 1.01430261041, 3.04000099968, 1.00686005547, 1.03795576363, 1.00000036969, 1.00000035366, 1.08201032279, 3.89197646719, 0.980653919425, 1.00000055191, 105.552884797, 0.961339769226, 1.46915101007, 1.02417496672, 3.29000026248, 1.00000070632, 1243.02001056, 22.9558657361, 8999.6661891
3.08279401608, 1.01800074247, 1.65028153905, 0.941467648851, 2.83000085166, 1.01737483912, 4.42219902388, 1.26000050412, 1.14000040067, 2.50346933659, 2.8850204983, 1.08492595017, 3.04000054246, 1.00038293173, 0.831698475083, 1.00000015689, 1.0000003537, 1.08552537789, 8.05443732757, 0.98385977384, 1.00000032578, 124.962859254, 0.84868652835, 5.71105529002, 0.958692481964, 3.29000011505, 1.0000009494, 1601.35767816, 23.5937789791, 3775.44167867
3.08279401608, 1.01800074247, 1.65028153905, 0.941467648851, 2.83000085166, 1.01737483912, 4.42219902388, 1.26000050412, 1.14000040067, 2.50346933659, 2.8850204983, 1.08492595017, 3.04000054246, 1.00038293173, 0.831698475083, 1.00000015689, 1.0000003537, 1.08552537789, 8.05443732757, 0.98385977384, 1.00000032578, 124.962859254, 0.84868652835, 5.71105529002, 0.958692481964, 3.29000011505, 1.0000009494, 1601.35767816, 23.5937789791, 3775.44167867
1.19534237477, 1.05580509132, 1.53767064823, 0.995716655167, 2.83000000032, 0.909671182778, 5.39874594518, 1.26000000315, 1.14000080441, 3.36674844169, 2.85799449254, 1.00259294561, 3.04000088901, 1.04976208006, 1.07669475373, 1.00000094767, 1.00000094813, 1.07551365713, 3.29428268591, 0.942576656021, 1.00000081952, 83.9318972485, 0.938056125331, 3.8807816955, 0.994183935396, 3.29000015505, 1.00000028349, 922.286928964, 24.9234355869, 9033.6515149
1.19534237477, 1.05580509132, 1.53767064823, 0.995716655167, 2.83000000032, 0.909671182778, 5.39874594518, 1.26000000315, 1.14000080441, 3.36674844169, 2.85799449254, 1.00259294561, 3.04000088901, 1.04976208006, 1.07669475373, 1.00000094767, 1.00000094813, 1.07551365713, 3.29428268591, 0.942576656021, 1.00000081952, 83.9318972485, 0.938056125331, 3.8807816955, 0.994183935396, 3.29000015505, 1.00000028349, 922.286928964, 24.9234355869, 9033.6515149
5.38288326888, 1.0494432435, 1.46809305499, 0.910384031363, 2.83000069699, 0.869856336832, 3.82745657315, 1.26000062386, 1.14000035934, 3.54071924741, 2.66148251391, 0.89693131129, 3.04000042526, 1.02782778796, 0.944603215523, 1.00000093839, 1.00000078594, 1.09689427014, 6.88832670187, 0.916037041923, 1.00000057011, 105.729961272, 0.982952868046, 3.13181671306, 1.00365109715, 3.29000060133, 1.00000010701, 1555.1715589, 27.5864601539, 5685.7907896
5.38288326888, 1.0494432435, 1.46809305499, 0.910384031363, 2.83000069699, 0.869856336832, 3.82745657315, 1.26000062386, 1.14000035934, 3.54071924741, 2.66148251391, 0.89693131129, 3.04000042526, 1.02782778796, 0.944603215523, 1.00000093839, 1.00000078594, 1.09689427014, 6.88832670187, 0.916037041923, 1.00000057011, 105.729961272, 0.982952868046, 3.13181671306, 1.00365109715, 3.29000060133, 1.00000010701, 1555.1715589, 27.5864601539, 5685.7907896
3.08279401608, 1.01800074247, 1.65028153905, 0.941467648851, 2.83000085166, 1.01737483912, 4.42219902388, 1.26000050412, 1.14000040067, 2.50346933659, 2.8850204983, 1.08492595017, 3.04000054246, 1.00038293173, 0.831698475083, 1.00000015689, 1.0000003537, 1.08552537789, 8.05443732757, 0.942167811386, 1.00000032578, 121.920217955, 0.847372094415, 5.71105529002, 0.958692481964, 3.29000011505, 1.0000009494, 1417.14104302, 28.0694705382, 6514.04631717
3.08279401608, 1.01800074247, 1.65028153905, 0.941467648851, 2.83000085166, 1.01737483912, 4.42219902388, 1.26000050412, 1.14000040067, 2.50346933659, 2.8850204983, 1.08492595017, 3.04000054246, 1.00038293173, 0.831698475083, 1.00000015689, 1.0000003537, 1.08552537789, 8.05443732757, 0.942167811386, 1.00000032578, 121.920217955, 0.847372094415, 5.71105529002, 0.958692481964, 3.29000011505, 1.0000009494, 1417.14104302, 28.0694705382, 6514.04631717
5.39472774748, 1.0421987376, 1.3725520188, 0.901976952377, 2.83000050372, 1.09039256264, 4.70895218565, 1.2600003037, 1.14000071816, 2.02507436023, 1.92200821174, 0.985982643158, 3.04000084687, 1.09769105676, 0.801265803834, 1.00000010718, 1.00000034929, 1.02022442813, 7.3389833789, 0.969073785786, 1.00000032506, 82.3646315114, 1.07978802429, 1.82197679902, 1.0404497642, 3.29000010625, 1.0000009, 763.75225919, 36.1742732779, 15098.3957488
5.39472774748, 1.0421987376, 1.3725520188, 0.901976952377, 2.83000050372, 1.09039256264, 4.70895218565, 1.2600003037, 1.14000071816, 2.02507436023, 1.92200821174, 0.985982643158, 3.04000084687, 1.09769105676, 0.801265803834, 1.00000010718, 1.00000034929, 1.02022442813, 7.3389833789, 0.969073785786, 1.00000032506, 82.3646315114, 1.07978802429, 1.82197679902, 1.0404497642, 3.29000010625, 1.0000009, 763.75225919, 36.1742732779, 15098.3957488
5.31634293768, 1.0662412151, 1.49260384704, 0.806408929938, 2.83000018744, 1.12141782018, 4.07301259779, 1.26000067986, 1.1400007272, 2.08309803162, 2.20376751598, 0.89499573176, 3.04000002819, 1.06079503249, 0.83468687581, 1.00000080101, 1.00000072029, 1.07340898854, 9.68440869324, 0.916875443395, 1.00000011012, 105.93620846, 0.843360235436, 2.04576782694, 1.00265113915, 3.29000093946, 1.00000046091, 651.294621823, 38.366456506, 8951.27998906
5.31634293768, 1.0662412151, 1.49260384704, 0.806408929938, 2.83000018744, 1.12141782018, 4.07301259779, 1.26000067986, 1.1400007272, 2.08309803162, 2.20376751598, 0.89499573176, 3.04000002819, 1.06079503249, 0.83468687581, 1.00000080101, 1.00000072029, 1.07340898854, 9.68440869324, 0.916875443395, 1.00000011012, 105.93620846, 0.843360235436, 2.04576782694, 1.00265113915, 3.29000093946, 1.00000046091, 651.294621823, 38.366456506, 8951.27998906
5.05770685774, 1.09843246076, 1.53259071613, 0.844199981008, 2.83000067904, 0.906437022073, 2.72112891088, 1.26000060478, 1.14000036041, 3.0206752287, 1.81208339303, 1.02324956604, 3.04000072176, 1.10047361452, 0.981742696682, 1.00000072629, 1.00000002727, 1.01578285179, 3.94358610321, 0.915279079066, 1.00000094942, 93.2754811425, 1.03830142603, 3.13181671306, 0.955384221033, 3.2900008645, 1.00000096036, 658.615624122, 37.4001722026, 6529.52048001
5.05770685774, 1.09843246076, 1.53259071613, 0.844199981008, 2.83000067904, 0.906437022073, 2.72112891088, 1.26000060478, 1.14000036041, 3.0206752287, 1.81208339303, 1.02324956604, 3.04000072176, 1.10047361452, 0.981742696682, 1.00000072629, 1.00000002727, 1.01578285179, 3.94358610321, 0.915279079066, 1.00000094942, 93.2754811425, 1.03830142603, 3.13181671306, 0.955384221033, 3.2900008645, 1.00000096036, 658.615624122, 37.4001722026, 6529.52048001
5.39472774748, 1.0421987376, 1.3725520188, 0.901976952377, 2.83000050372, 1.09039256264, 4.70895218565, 1.2600003037, 1.14000071816, 2.02507436023, 1.92200821174, 0.985982643158, 3.04000088433, 1.09769105676, 0.801265803834, 1.00000010718, 1.00000034102, 1.02022442813, 7.3389833789, 0.969073785786, 1.00000032506, 82.3646315114, 1.07978802429, 1.00469872416, 1.05626936647, 3.29000082124, 1.00000021689, 1199.02271053, 41.9477514484, 6232.40271908
5.39472774748, 1.0421987376, 1.3725520188, 0.901976952377, 2.83000050372, 1.09039256264, 4.70895218565, 1.2600003037, 1.14000071816, 2.02507436023, 1.92200821174, 0.985982643158, 3.04000088433, 1.09769105676, 0.801265803834, 1.00000010718, 1.00000034102, 1.02022442813, 7.3389833789, 0.969073785786, 1.00000032506, 82.3646315114, 1.07978802429, 1.00469872416, 1.05626936647, 3.29000082124, 1.00000021689, 1199.02271053, 41.9477514484, 6232.40271908
3.95992038763, 1.03533248602, 1.58218354108, 0.835739695084, 2.83000035619, 1.11505224818, 2.8184136214, 1.26000070348, 1.14000021354, 3.01279889682, 1.69835089089, 0.922382722318, 3.04000097279, 1.04843309944, 0.921117582082, 1.00000093396, 1.00000055926, 1.0794259419, 6.53152921284, 0.989352453503, 1.00000048433, 97.1110028637, 1.05778283693, 1.87921696722, 0.960967792643, 3.29000032397, 1.00000091314, 1581.13699191, 45.7768444365, 3332.08398512
3.95992038763, 1.03533248602, 1.58218354108, 0.835739695084, 2.83000035619, 1.11505224818, 2.8184136214, 1.26000070348, 1.14000021354, 3.01279889682, 1.69835089089, 0.922382722318, 3.04000097279, 1.04843309944, 0.921117582082, 1.00000093396, 1.00000055926, 1.0794259419, 6.53152921284, 0.989352453503, 1.00000048433, 97.1110028637, 1.05778283693, 1.87921696722, 0.960967792643, 3.29000032397, 1.00000091314, 1581.13699191, 45.7768444365, 3332.08398512
1.87023010423, 1.03926606895, 1.36357562448, 0.849707666869, 2.83000074276, 0.857745053469, 5.23453209751, 1.26000050412, 1.14000012015, 1.3520711988, 2.70355601643, 0.977950777035, 3.04000063745, 1.01999543862, 1.02482420481, 1.00000090755, 1.00000069076, 1.01578285179, 8.51049522051, 0.924670325943, 1.00000030317, 97.7245949058, 1.05008111767, 5.72683907894, 1.03846396507, 3.29000057726, 1.00000025187, 915.421797479, 24.3922023333, 12822.0341916
1.87023010423, 1.03926606895, 1.36357562448, 0.849707666869, 2.83000074276, 0.857745053469, 5.23453209751, 1.26000050412, 1.14000012015, 1.3520711988, 2.70355601643, 0.977950777035, 3.04000063745, 1.01999543862, 1.02482420481, 1.00000090755, 1.00000069076, 1.01578285179, 8.51049522051, 0.924670325943, 1.00000030317, 97.7245949058, 1.05008111767, 5.72683907894, 1.03846396507, 3.29000057726, 1.00000025187, 915.421797479, 24.3922023333, 12822.0341916
2.50207499713, 1.04426648653, 1.37734245937, 0.92208188861, 2.83000038487, 1.06282955594, 2.89892799988, 1.26000016447, 1.14000015771, 3.20799292415, 2.81822811179, 0.88140978762, 3.04000099186, 1.10592281409, 0.946888708475, 1.00000006311, 1.00000097708, 1.00147444216, 3.68391093023, 0.96343425899, 1.00000095889, 84.2285514025, 0.866129413377, 2.96706516628, 0.97658661718, 3.29000032635, 1.00000000136, 1626.96019442, 23.6264989723, 5981.18810882
2.50207499713, 1.04426648653, 1.37734245937, 0.92208188861, 2.83000038487, 1.06282955594, 2.89892799988, 1.26000016447, 1.14000015771, 3.20799292415, 2.81822811179, 0.88140978762, 3.04000099186, 1.10592281409, 0.946888708475, 1.00000006311, 1.00000097708, 1.00147444216, 3.68391093023, 0.96343425899, 1.00000095889, 84.2285514025, 0.866129413377, 2.96706516628, 0.97658661718, 3.29000032635, 1.00000000136, 1626.96019442, 23.6264989723, 5981.18810882
1.10165634165, 1.06547545454, 1.60826000961, 0.845872022104, 2.83000086056, 0.893991083356, 2.72437654671, 1.26000051145, 1.14000008365, 1.24761390788, 2.78814887888, 1.06336654983, 3.04000014049, 1.09631631993, 0.88269537913, 1.00000031735, 1.00000015131, 1.07435519485, 7.15452396043, 0.939178568239, 1.00000057872, 104.126178281, 1.05215103817, 4.43442319543, 1.06482289649, 3.29000054826, 1.00000067019, 2045.38165341, 32.0058326998, 4920.46606486
1.10165634165, 1.06547545454, 1.60826000961, 0.845872022104, 2.83000086056, 0.893991083356, 2.72437654671, 1.26000051145, 1.14000008365, 1.24761390788, 2.78814887888, 1.06336654983, 3.04000014049, 1.09631631993, 0.88269537913, 1.00000031735, 1.00000015131, 1.07435519485, 7.15452396043, 0.939178568239, 1.00000057872, 104.126178281, 1.05215103817, 4.43442319543, 1.06482289649, 3.29000054826, 1.00000067019, 2045.38165341, 32.0058326998, 4920.46606486
5.62191028142, 1.04419353481, 1.56762767448, 0.87727325733, 2.83000080076, 0.884019250671, 4.97720338874, 1.26000070348, 1.14000024068, 1.51810869782, 1.64633180845, 1.08686677328, 3.04000008116, 1.09029990122, 1.02748638808, 1.00000071629, 1.00000068287, 1.0020985361, 4.7235233781, 0.950520112839, 1.00000043956, 88.0960493042, 0.929395618908, 3.53022706082, 1.04256768459, 3.29000062909, 1.00000085691, 1089.58240201, 25.0473613982, 9870.99982301
5.62191028142, 1.04419353481, 1.56762767448, 0.87727325733, 2.83000080076, 0.884019250671, 4.97720338874, 1.26000070348, 1.14000024068, 1.51810869782, 1.64633180845, 1.08686677328, 3.04000008116, 1.09029990122, 1.02748638808, 1.00000071629, 1.00000068287, 1.0020985361, 4.7235233781, 0.950520112839, 1.00000043956, 88.0960493042, 0.929395618908, 3.53022706082, 1.04256768459, 3.29000062909, 1.00000085691, 1089.58240201, 25.0473613982, 9870.99982301
2.3504704792, 1.07968138473, 1.55996033207, 0.923333253559, 2.83000012231, 1.11995162593, 3.49088270709, 1.26000091808, 1.14000077599, 2.28764643937, 2.80545892167, 1.00341777053, 3.04000058996, 1.11906318449, 0.91026586931, 1.00000018253, 1.00000039254, 1.10483520892, 8.80046343055, 0.919096351534, 1.00000049317, 122.47952491, 0.840543197398, 2.498894403, 0.966442082821, 3.29000005948, 1.0000008043, 1899.77089749, 34.1323914312, 6543.69774325
2.3504704792, 1.07968138473, 1.55996033207, 0.923333253559, 2.83000012231, 1.11995162593, 3.49088270709, 1.26000091808, 1.14000077599, 2.28764643937, 2.80545892167, 1.00341777053, 3.04000058996, 1.11906318449, 0.91026586931, 1.00000018253, 1.00000039254, 1.10483520892, 8.80046343055, 0.919096351534, 1.00000049317, 122.47952491, 0.840543197398, 2.498894403, 0.966442082821, 3.29000005948, 1.0000008043, 1899.77089749, 34.1323914312, 6543.69774325
5.09972566433, 1.01048972916, 1.60131418745, 0.857369002083, 2.8300007168, 1.11453965349, 2.67670016428, 1.26000062564, 1.14000031354, 1.89812915832, 3.10764627845, 0.936718764699, 3.04000035295, 1.0266866604, 0.935892900633, 1.00000044377, 1.00000034555, 1.09937764029, 9.54046035218, 0.928103621854, 1.00000068943, 121.988590368, 0.898363572494, 2.89222494264, 1.0175560698, 3.2900006665, 1.000000974, 1945.56355096, 25.9211502531, 6513.76863583
5.09972566433, 1.01048972916, 1.60131418745, 0.857369002083, 2.8300007168, 1.11453965349, 2.67670016428, 1.26000062564, 1.14000031354, 1.89812915832, 3.10764627845, 0.936718764699, 3.04000035295, 1.0266866604, 0.935892900633, 1.00000044377, 1.00000034555, 1.09937764029, 9.54046035218, 0.928103621854, 1.00000068943, 121.988590368, 0.898363572494, 2.89222494264, 1.0175560698, 3.2900006665, 1.000000974, 1945.56355096, 25.9211502531, 6513.76863583
4.80486520962, 1.0662412151, 1.49260384704, 0.806408929938, 2.83000018744, 1.03663144504, 4.07301259779, 1.26000067986, 1.1400007272, 2.08309803162, 2.20376751598, 0.944504935066, 3.04000002819, 1.06079503249, 0.83468687581, 1.00000080101, 1.00000046346, 1.07340898854, 9.68440869324, 0.916875443395, 1.00000011012, 105.93620846, 0.843360235436, 2.04576782694, 1.00265113915, 3.29000049288, 1.00000046091, 1773.67181744, 26.8711058071, 8977.43224684
4.80486520962, 1.0662412151, 1.49260384704, 0.806408929938, 2.83000018744, 1.03663144504, 4.07301259779, 1.26000067986, 1.1400007272, 2.08309803162, 2.20376751598, 0.944504935066, 3.04000002819, 1.06079503249, 0.83468687581, 1.00000080101, 1.00000046346, 1.07340898854, 9.68440869324, 0.916875443395, 1.00000011012, 105.93620846, 0.843360235436, 2.04576782694, 1.00265113915, 3.29000049288, 1.00000046091, 1773.67181744, 26.8711058071, 8977.43224684
1.87023010423, 1.03926606895, 1.36357562448, 0.876803359719, 2.83000074276, 0.857745053469, 5.23453209751, 1.26000050412, 1.14000053724, 1.3520711988, 2.70355601643, 0.977950777035, 3.04000063745, 1.01999543862, 1.02482420481, 1.00000090755, 1.00000069076, 1.01578285179, 8.51049522051, 0.924670325943, 1.00000030317, 97.7245949058, 1.05008111767, 5.72683907894, 1.03846396507, 3.29000052647, 1.00000025187, 1680.83033342, 47.4407755829, 7883.79549206
1.87023010423, 1.03926606895, 1.36357562448, 0.876803359719, 2.83000074276, 0.857745053469, 5.23453209751, 1.26000050412, 1.14000053724, 1.3520711988, 2.70355601643, 0.977950777035, 3.04000063745, 1.01999543862, 1.02482420481, 1.00000090755, 1.00000069076, 1.01578285179, 8.51049522051, 0.924670325943, 1.00000030317, 97.7245949058, 1.05008111767, 5.72683907894, 1.03846396507, 3.29000052647, 1.00000025187, 1680.83033342, 47.4407755829, 7883.79549206
2.54815532295, 1.10947189958, 1.63451658008, 0.850259674213, 2.83000065832, 1.08430320038, 2.5636950836, 1.26000096823, 1.14000086217, 1.71997434954, 2.99509787872, 1.07720902379, 3.04000059717, 1.0675789268, 0.930261925716, 1.00000092098, 1.00000006773, 1.07198798447, 8.00751071419, 0.910982417145, 1.00000001702, 124.822738681, 1.01592286358, 3.50512540689, 0.99487203738, 3.29000088756, 1.00000033427, 2155.05834769, 37.8320206694, 5512.34736338
2.54815532295, 1.10947189958, 1.63451658008, 0.850259674213, 2.83000065832, 1.08430320038, 2.5636950836, 1.26000096823, 1.14000086217, 1.71997434954, 2.99509787872, 1.07720902379, 3.04000059717, 1.0675789268, 0.930261925716, 1.00000092098, 1.00000006773, 1.07198798447, 8.00751071419, 0.910982417145, 1.00000001702, 124.822738681, 1.01592286358, 3.50512540689, 0.99487203738, 3.29000088756, 1.00000033427, 2155.05834769, 37.8320206694, 5512.34736338
1.18259040461, 1.05551576777, 1.39294984227, 0.855427543867, 2.83000027513, 1.00722722841, 1.74945731587, 1.26000062019, 1.14000057491, 3.27897271383, 2.76865528348, 1.07147031276, 3.04000013522, 1.0636845298, 1.00100392898, 1.0000007796, 1.00000052807, 1.07936509729, 4.51627406126, 0.953427115241, 1.00000070422, 80.307748469, 0.9953127926, 5.88342517005, 0.953643897303, 3.29000092595, 1.00000034113, 1112.16511219, 28.1779114577, 24853.2820515
1.18259040461, 1.05551576777, 1.39294984227, 0.855427543867, 2.83000027513, 1.00722722841, 1.74945731587, 1.26000062019, 1.14000057491, 3.27897271383, 2.76865528348, 1.07147031276, 3.04000013522, 1.0636845298, 1.00100392898, 1.0000007796, 1.00000052807, 1.07936509729, 4.51627406126, 0.953427115241, 1.00000070422, 80.307748469, 0.9953127926, 5.88342517005, 0.953643897303, 3.29000092595, 1.00000034113, 1112.16511219, 28.1779114577, 24853.2820515
5.05770685774, 1.09843246076, 1.4028389596, 0.844199981008, 2.83000067904, 0.906437022073, 2.72112891088, 1.26000060478, 1.14000036041, 3.0206752287, 1.81208339303, 1.02324956604, 3.04000072176, 1.10047361452, 0.902260452695, 1.00000027719, 1.00000002727, 1.00995811337, 9.45960039602, 0.929486388008, 1.00000094942, 106.297970897, 1.02973966924, 2.05186688812, 0.956858433248, 3.29000010831, 1.00000096036, 1915.90287109, 25.9430726811, 10446.2773467
3.08863956391, 1.12470610715, 1.35470187096, 0.992839253189, 2.8300000533, 0.92290095601, 3.8130789907, 1.26000094985, 1.14000073986, 1.53755497476, 2.88057068769, 0.92308554853, 3.04000083255, 1.06969749188, 1.00130279454, 1.00000077006, 1.00000044342, 1.07862502752, 5.95320598122, 0.999490246354, 1.00000031633, 111.341634831, 0.93827394365, 5.65312663916, 1.06096807656, 3.29000012597, 1.00000004424, 1802.09386406, 53.6809692417, 10004.8832004
4.7660493248, 1.09017769569, 1.53132252783, 0.834306015452, 2.83000017165, 1.18844906183, 4.15881657303, 1.26000027806, 1.14000003895, 1.49601541874, 1.76700225261, 0.889522448785, 3.04000023088, 1.11002735771, 1.08765301294, 1.0000009092, 1.00000069928, 1.10559531759, 9.86354246131, 0.968146688513, 1.00000014784, 92.1177614699, 1.06929369291, 5.75726341404, 1.05726835745, 3.29000045386, 1.00000015034, 3403.02961213, 39.7439661253, 6693.75618553
4.7660493248, 1.09017769569, 1.53132252783, 0.834306015452, 2.83000017165, 1.18844906183, 4.15881657303, 1.26000027806, 1.14000003895, 1.49601541874, 1.76700225261, 0.889522448785, 3.04000023088, 1.11002735771, 1.08765301294, 1.0000009092, 1.00000069928, 1.10559531759, 9.86354246131, 0.968146688513, 1.00000014784, 92.1177614699, 1.06929369291, 5.75726341404, 1.05726835745, 3.29000045386, 1.00000015034, 3403.02961213, 39.7439661253, 6693.75618553
5.38288326888, 1.0494432435, 1.67579197808, 0.910384031363, 2.83000069699, 0.869856336832, 3.82745657315, 1.26000062386, 1.14000035934, 3.58122529296, 2.66148251391, 0.89693131129, 3.04000042526, 1.02782778796, 0.817765409851, 1.00000087814, 1.00000078594, 1.08029470718, 7.03616611208, 0.916037041923, 1.00000057011, 105.729961272, 0.982952868046, 2.05186688812, 1.00365109715, 3.29000060133, 1.00000010701, 3263.96008535, 45.2136982245, 8397.46839513
2.80640245221, 1.13190855538, 1.39145643182, 0.923290748329, 2.83000070158, 0.953098111419, 5.37800154555, 1.26000070318, 1.14000011198, 1.363153527, 2.14897294342, 0.96155678833, 3.04000061649, 1.01590074529, 0.848426890436, 1.00000095298, 1.00000097225, 1.07082229683, 5.22840279047, 0.953139792333, 1.00000068845, 90.8447002768, 0.947855444822, 1.06810544589, 1.04142741538, 3.29000085136, 1.00000001414, 1920.51513735, 36.3673290772, 9322.99956392
3.08863956391, 1.12470610715, 1.35470187096, 0.992839253189, 2.8300000533, 0.92290095601, 3.8130789907, 1.26000094985, 1.14000073986, 1.53755497476, 2.88057068769, 0.92308554853, 3.04000083255, 1.06969749188, 1.00130279454, 1.00000077006, 1.00000044342, 1.07862502752, 5.95320598122, 0.999490246354, 1.00000031633, 111.341634831, 0.93827394365, 5.65312663916, 1.06096807656, 3.29000012597, 1.00000004424, 1802.09386406, 53.6809692417, 10004.8832004
5.42351866649, 1.03533248602, 1.58218354108, 0.877089403512, 2.83000035619, 1.12548817439, 2.8184136214, 1.26000070348, 1.14000050151, 3.01279889682, 1.69835089089, 0.922382722318, 3.04000097279, 1.088107811, 0.921117582082, 1.00000093396, 1.00000055926, 1.0794259419, 8.48302803691, 0.989352453503, 1.00000048433, 90.8665710175, 1.05778283693, 1.87921696722, 0.960967792643, 3.29000032397, 1.00000091314, 1478.52626576, 45.2995003076, 12657.961595
3.08863956391, 1.12470610715, 1.35470187096, 0.992839253189, 2.8300000533, 1.0147638218, 3.8130789907, 1.26000094985, 1.14000073986, 2.1345915481, 2.88057068769, 0.92308554853, 3.04000083255, 1.06969749188, 1.00130279454, 1.00000077006, 1.00000044342, 1.07862502752, 5.95320598122, 0.999490246354, 1.00000031633, 111.341634831, 0.93827394365, 5.87682522807, 1.02822400449, 3.29000012597, 1.00000004424, 1534.27775609, 28.0706775789, 17156.1013123
4.5809721132, 1.13975984152, 1.53438579257, 0.882794097699, 2.8300001454, 1.18583459065, 1.17821839748, 1.26000032104, 1.14000004647, 3.68639144451, 2.11999369935, 1.01430261041, 3.04000099968, 1.05018133785, 1.03795576363, 1.00000036969, 1.00000035366, 1.08201032279, 3.89197646719, 0.980653919425, 1.00000055482, 109.293891261, 0.961339769226, 1.46915101007, 1.02417496672, 3.29000026248, 1.00000070632, 1278.57561161, 33.0540971141, 14591.281994
4.5809721132, 1.13975984152, 1.53438579257, 0.882794097699, 2.8300001454, 1.18583459065, 1.17821839748, 1.26000032104, 1.14000004647, 3.68639144451, 2.11999369935, 1.01430261041, 3.04000099968, 1.05018133785, 1.03795576363, 1.00000036969, 1.00000035366, 1.08201032279, 3.89197646719, 0.980653919425, 1.00000055482, 109.293891261, 0.961339769226, 1.46915101007, 1.02417496672, 3.29000026248, 1.00000070632, 1278.57561161, 33.0540971141, 14591.281994
5.79173317793, 1.03536368846, 1.45486240067, 0.80865399324, 2.83000099558, 1.09178133881, 1.14494428597, 1.2600003999, 1.14000015724, 3.71299139827, 2.74893497463, 1.07275728422, 3.04000079096, 1.09202090797, 1.04085987908, 1.00000005952, 1.00000095155, 1.10615471526, 8.59702867564, 0.915788286372, 1.00000093053, 122.126635584, 0.932408454387, 3.95882355109, 1.05663501055, 3.29000013547, 1.0000008703, 1538.6839247, 28.5370422457, 12522.126874
3.08863956391, 1.12470610715, 1.35470187096, 0.992839253189, 2.8300000533, 1.0147638218, 3.8130789907, 1.26000094985, 1.14000073986, 2.1345915481, 2.88057068769, 0.92308554853, 3.04000083255, 1.06969749188, 1.00130279454, 1.00000077006, 1.00000044342, 1.07862502752, 5.95320598122, 0.999490246354, 1.00000031633, 111.341634831, 0.93827394365, 5.87682522807, 1.02822400449, 3.29000012597, 1.00000004424, 1534.27775609, 28.0706775789, 17156.1013123
5.05770685774, 1.09843246076, 1.4028389596, 0.844199981008, 2.83000067904, 0.906437022073, 2.72112891088, 1.26000060478, 1.14000036041, 3.0206752287, 1.81208339303, 1.02324956604, 3.04000072176, 1.10047361452, 0.902260452695, 1.00000027719, 1.00000002727, 1.00995811337, 9.45960039602, 0.929486388008, 1.00000094942, 106.297970897, 1.02973966924, 2.05186688812, 0.956858433248, 3.29000010831, 1.00000096036, 1915.90287109, 25.9430726811, 10446.2773467
2.80640245221, 1.13190855538, 1.39145643182, 0.923290748329, 2.83000070158, 0.953098111419, 5.37800154555, 1.26000070318, 1.14000011198, 1.363153527, 2.14897294342, 0.96155678833, 3.04000061649, 1.01590074529, 0.848426890436, 1.00000095298, 1.00000097225, 1.07082229683, 5.22840279047, 0.953139792333, 1.00000068845, 90.8447002768, 0.947855444822, 1.06810544589, 1.04142741538, 3.29000085136, 1.00000001414, 1920.51513735, 36.3673290772, 9322.99956392
5.79173317793, 1.03536368846, 1.45486240067, 0.80865399324, 2.83000099558, 1.09178133881, 1.14494428597, 1.2600003999, 1.14000015724, 3.71299139827, 2.74893497463, 1.07275728422, 3.04000079096, 1.09202090797, 1.04085987908, 1.00000005952, 1.00000095155, 1.10615471526, 8.59702867564, 0.915788286372, 1.00000093053, 122.126635584, 0.932408454387, 3.95882355109, 1.05663501055, 3.29000013547, 1.0000008703, 1538.6839247, 28.5370422457, 12522.126874
