1.0, 0.0, 0.0, 0.0, 0.0, 0.0, 0.0, 0.0, 0.0, 0.0, 0.0, 0.0, 0.0, 0.0, 0.0, 0.0, 0.0, 2.14313189851e-16, 0.0, 0.0, 0.0, 0.0, 0.0, 0.0, 3.5
1.0, 0.0, 0.0, 0.0, 0.0, 0.0, 0.0, 0.0, 0.0, 0.0, 0.0, 0.0, 0.0, 0.0, 0.0, 0.0, 0.0, 2.14313189851e-16, 0.0, 0.0, 0.0, 0.0, 0.0, 0.0, 3.5
1.0, 1.0, 0.0, 0.0, 0.0, 0.0, 0.0, 0.0, 0.0, 0.0, 0.0, 0.0, 0.0, 1.0, 0.0, 0.0, 0.0, 1.31228980983e-32, 0.0, 0.0, 0.0, 0.0, 0.0, 2.14313189851e-16, 3.5
1.0, 1.0, 0.0, 0.0, 0.0, 0.0, 0.0, 0.0, 0.0, 0.0, 0.0, 0.0, 0.0, 1.0, 0.0, 0.0, 0.0, 1.31228980983e-32, 0.0, 0.0, 0.0, 0.0, 0.0, 2.14313189851e-16, 3.5
1.0, 1.0, 0.0, 0.0, 0.0, 0.0, 0.0, 0.0, 0.0, 0.0, 0.0, 0.0, 0.0, 1.0, 0.0, 0.0, 0.0, 1.31228980983e-32, 0.0, 0.0, 0.0, 0.0, 0.0, 2.14313189851e-16, 3.5
1.0, 1.0, 0.0, 0.0, 0.0, 0.0, 0.0, 0.0, 0.0, 0.0, 0.0, 0.0, 0.0, 1.0, 0.0, 0.0, 0.0, 1.31228980983e-32, 0.0, 0.0, 0.0, 0.0, 0.0, 2.14313189851e-16, 3.5
1.0, 1.0, 0.0, 0.0, 0.0, 0.0, 0.0, 0.0, 0.0, 0.0, 0.0, 0.0, 0.0, 1.0, 0.0, 0.0, 0.0, 1.31228980983e-32, 0.0, 0.0, 0.0, 0.0, 0.0, 2.14313189851e-16, 3.5
1.0, 1.0, 0.0, 0.0, 0.0, 0.0, 0.0, 0.0, 0.0, 0.0, 0.0, 0.0, 0.0, 1.0, 0.0, 0.0, 0.0, 1.31228980983e-32, 0.0, 0.0, 0.0, 0.0, 0.0, 2.14313189851e-16, 3.5
1.0, 0.0, 0.0, 0.0, 1.0, 1.0, 0.0, 0.0, 0.0, 0.0, 0.0, 1.0, 0.0, 0.0, 0.0, 1.0, 0.0, 8.0354575758e-49, 0.0, 1.31228980983e-32, 2.14313189851e-16, 0.0, 0.0, 0.0, 3.5
1.0, 0.0, 0.0, 0.0, 1.0, 1.0, 0.0, 0.0, 0.0, 0.0, 0.0, 1.0, 0.0, 0.0, 0.0, 1.0, 0.0, 8.0354575758e-49, 0.0, 1.31228980983e-32, 2.14313189851e-16, 0.0, 0.0, 0.0, 3.5
1.0, 0.0, 0.0, 0.0, 1.0, 1.0, 0.0, 0.0, 0.0, 0.0, 0.0, 1.0, 0.0, 0.0, 0.0, 1.0, 0.0, 8.0354575758e-49, 0.0, 1.31228980983e-32, 2.14313189851e-16, 0.0, 0.0, 0.0, 3.5
1.0, 0.0, 0.0, 0.0, 1.0, 1.0, 0.0, 0.0, 0.0, 0.0, 0.0, 1.0, 0.0, 0.0, 0.0, 1.0, 0.0, 8.0354575758e-49, 0.0, 1.31228980983e-32, 2.14313189851e-16, 0.0, 0.0, 0.0, 3.5
1.0, 0.0, 0.0, 0.0, 1.0, 0.0, 0.0, 0.0, 1.0, 0.0, 0.0, 1.0, 0.0, 0.0, 0.0, 0.0, 0.0, 1.31228980983e-32, 0.0, 0.0, 2.14313189851e-16, 0.0, 0.0, 0.0, 3.5
1.0, 0.0, 0.0, 0.0, 1.0, 0.0, 0.0, 0.0, 1.0, 0.0, 0.0, 1.0, 0.0, 0.0, 0.0, 0.0, 0.0, 1.31228980983e-32, 0.0, 0.0, 2.14313189851e-16, 0.0, 0.0, 0.0, 3.5
1.0, 0.0, 0.0, 0.0, 1.0, 0.0, 0.0, 0.0, 1.0, 0.0, 0.0, 1.0, 0.0, 0.0, 0.0, 0.0, 0.0, 1.31228980983e-32, 0.0, 0.0, 2.14313189851e-16, 0.0, 0.0, 0.0, 3.5
1.0, 1.0, 1.0, 1.0, 1.0, 0.0, 0.0, 0.0, 0.0, 1.0, 0.0, 1.0, 0.0, 1.0, 1.0, 0.0, 0.0, 3.01281402687e-81, 0.0, 0.0, 4.92029869995e-65, 8.0354575758e-49, 1.31228980983e-32, 2.14313189851e-16, 3.5
1.0, 1.0, 1.0, 1.0, 1.0, 0.0, 0.0, 0.0, 0.0, 1.0, 0.0, 1.0, 0.0, 1.0, 1.0, 0.0, 0.0, 3.01281402687e-81, 0.0, 0.0, 4.92029869995e-65, 8.0354575758e-49, 1.31228980983e-32, 2.14313189851e-16, 3.5
1.0, 1.0, 1.0, 1.0, 1.0, 0.0, 0.0, 0.0, 0.0, 1.0, 0.0, 1.0, 0.0, 1.0, 1.0, 0.0, 0.0, 3.01281402687e-81, 0.0, 0.0, 4.92029869995e-65, 8.0354575758e-49, 1.31228980983e-32, 2.14313189851e-16, 3.5
1.0, 1.0, 1.0, 1.0, 1.0, 0.0, 0.0, 0.0, 0.0, 1.0, 0.0, 1.0, 0.0, 1.0, 1.0, 0.0, 0.0, 3.01281402687e-81, 0.0, 0.0, 4.92029869995e-65, 8.0354575758e-49, 1.31228980983e-32, 2.14313189851e-16, 3.5
1.0, 1.0, 1.0, 1.0, 1.0, 0.0, 0.0, 0.0, 0.0, 1.0, 0.0, 1.0, 0.0, 1.0, 1.0, 0.0, 0.0, 3.01281402687e-81, 0.0, 0.0, 4.92029869995e-65, 8.0354575758e-49, 1.31228980983e-32, 2.14313189851e-16, 3.5
1.0, 1.0, 1.0, 1.0, 1.0, 0.0, 0.0, 0.0, 0.0, 1.0, 0.0, 1.0, 0.0, 1.0, 1.0, 0.0, 0.0, 3.01281402687e-81, 0.0, 0.0, 4.92029869995e-65, 8.0354575758e-49, 1.31228980983e-32, 2.14313189851e-16, 3.5
1.0, 1.0, 1.0, 1.0, 1.0, 0.0, 0.0, 0.0, 0.0, 1.0, 0.0, 1.0, 0.0, 1.0, 1.0, 0.0, 0.0, 3.01281402687e-81, 0.0, 0.0, 4.92029869995e-65, 8.0354575758e-49, 1.31228980983e-32, 2.14313189851e-16, 3.5
1.0, 0.872657592543, 0.0906102870163, 0.674061415545, 0.535088622166, 0.693162074453, 0.929585333239, 0.267339184268, 0.80463814287, 0.128847722529, 0.242506590555, 0.874041268882, 0.365789764142, 0.897504406187, 0.110668272238, 0.160994337804, 0.76743770421, 4.03769199577e-19, 3.63558301405e-18, 6.9924034663e-18, 8.81303341687e-18, 2.1050737776e-17, 3.46024645459e-18, 1.20319788508e-16, 2.0049482923
1.0, 0.0, 0.0, 0.0, 1.0, 1.0, 0.0, 0.0, 0.0, 0.0, 0.0, 1.0, 0.0, 0.0, 0.0, 1.0, 0.0, 8.0354575758e-49, 0.0, 1.31228980983e-32, 2.14313189851e-16, 0.0, 0.0, 0.0, 3.5
0.916941217947, 0.79332508413, 0.0823729881966, 0.612783105041, 0.486444201969, 0.630147340411, 0.845077575672, 0.243035622062, 0.731489220791, 0.117134293209, 0.220460536868, 0.794582971711, 0.33253614922, 0.815913096534, 0.100607520216, 0.146358488912, 0.697670640191, 0.00422682831095, 0.0170249954362, 0.0267183901718, 0.0306293149592, 0.0635774114594, 0.010080446288, 0.232132475436, 1.86662083503
1.0, 1.0, 0.10963844729, 0.815614312809, 0.647457232821, 0.838726110088, 1.0, 0.323480412964, 0.973612152873, 0.155905744261, 0.293432974571, 1.0, 0.442605614611, 1.0, 0.133908609408, 0.194803148742, 0.928599622095, 1.98447687283e-50, 3.24089668011e-34, 1.25184121439e-33, 2.0913718472e-33, 8.25085253126e-33, 1.49755074032e-33, 1.42714104802e-16, 2.3306982046
1.0, 1.0, 0.132662521221, 0.986893318499, 0.783423251713, 1.0, 1.0, 0.391411299687, 1.0, 0.188645950555, 0.355053899231, 1.0, 0.53555279368, 1.0, 0.162029417383, 0.235711809978, 1.0, 2.18723029093e-67, 3.57201814018e-51, 5.83354832212e-35, 1.64808297573e-34, 8.4905693756e-33, 1.79575808684e-33, 1.41757678964e-16, 2.31507858531
1.0, 1.0, 0.132662521221, 0.986893318499, 0.783423251713, 1.0, 1.0, 0.391411299687, 1.0, 0.188645950555, 0.355053899231, 1.0, 0.53555279368, 1.0, 0.162029417383, 0.235711809978, 1.0, 2.18723029093e-67, 3.57201814018e-51, 5.83354832212e-35, 1.64808297573e-34, 8.4905693756e-33, 1.79575808684e-33, 1.41757678964e-16, 2.31507858531
1.0, 1.0, 0.160521650677, 1.0, 0.947942134573, 1.0, 1.0, 0.473607672621, 1.0, 0.228261600172, 0.42961521807, 1.0, 0.648018880352, 1.0, 0.196055595034, 0.285211290074, 1.0, 1.52511985262e-82, 2.49070973555e-66, 4.06763768506e-50, 4.96325416047e-49, 8.13278480389e-33, 2.09524910319e-33, 1.3715543947e-16, 2.23991831058
1.0, 1.0, 0.160521650677, 1.0, 0.947942134573, 1.0, 1.0, 0.473607672621, 1.0, 0.228261600172, 0.42961521807, 1.0, 0.648018880352, 1.0, 0.196055595034, 0.285211290074, 1.0, 1.52511985262e-82, 2.49070973555e-66, 4.06763768506e-50, 4.96325416047e-49, 8.13278480389e-33, 2.09524910319e-33, 1.3715543947e-16, 2.23991831058
1.0, 1.0, 0.145928773343, 1.0, 0.861765576885, 1.0, 1.0, 0.430552429656, 1.0, 0.207510545611, 0.390559289154, 1.0, 0.589108073048, 1.0, 0.178232359122, 0.259282990976, 1.0, 4.10275359347e-82, 6.70030509422e-66, 1.09424286233e-49, 4.95993549774e-49, 8.29497192531e-33, 1.93542739393e-33, 1.39105771941e-16, 2.27176965698
0.0, 0.0, 0.0, 0.0, 0.0, 0.0, 0.0, 0.0, 0.0, 0.0, 1.0, 0.0, 0.0, 0.0, 0.0, 0.0, 0.0, 3.5, 0.0, 0.0, 0.0, 0.0, 0.0, 0.0, 0.0
0.0, 0.0, 0.0, 0.0, 0.0, 0.0, 0.0, 0.0, 0.0, 0.0, 1.0, 0.0, 0.0, 0.0, 0.0, 0.0, 0.0, 3.5, 0.0, 0.0, 0.0, 0.0, 0.0, 0.0, 0.0
0.0, 0.0, 0.0, 0.0, 0.0, 0.0, 0.0, 0.0, 0.0, 0.0, 1.0, 0.0, 0.0, 0.0, 0.0, 0.0, 0.0, 3.5, 0.0, 0.0, 0.0, 0.0, 0.0, 0.0, 0.0
1.0, 1.0, 0.299122415893, 1.0, 1.0, 1.0, 1.0, 0.882539337357, 1.0, 0.425351726767, 0.800562051234, 1.0, 1.0, 1.0, 0.365337778353, 0.531474039589, 1.0, 1.18027003174e-97, 1.92752723897e-81, 3.14789086995e-65, 5.14089592549e-49, 8.3957201849e-33, 4.26326509359e-33, 1.5377710967e-16, 2.51137078507
1.0, 1.0, 0.231821969559, 1.0, 1.0, 1.0, 1.0, 0.683974174214, 1.0, 0.32965057052, 0.6204412027, 1.0, 0.93585514802, 1.0, 0.283139339722, 0.411896107014, 1.0, 1.14371590935e-97, 1.86782982676e-81, 3.05039759718e-65, 4.9816773282e-49, 8.13569648272e-33, 3.10086088459e-33, 1.42189579736e-16, 2.3221320602
1.0, 1.0, 0.231821969559, 1.0, 1.0, 1.0, 1.0, 0.683974174214, 1.0, 0.32965057052, 0.6204412027, 1.0, 0.93585514802, 1.0, 0.283139339722, 0.411896107014, 1.0, 1.14371590935e-97, 1.86782982676e-81, 3.05039759718e-65, 4.9816773282e-49, 8.13569648272e-33, 3.10086088459e-33, 1.42189579736e-16, 2.3221320602
