0.701872606076, 0.860071968465, 0.72829980635, 0.727271110961, 0.388085539367, 0.306326973827, 0.396122437392, 0.0210364657107, 0.104442061311, 25.9598648395, 9.73502864414, 13.3163696973, 7.97380897341, 24.2049780927
0.726731600988, 0.957640455551, 0.981812047605, 0.00967560266497, 0.626867345462, 0.297090358516, 0.303304076365, 0.604609725674, 0.896041210034, 0.496297130918, 50.7973688145, 0.950209112467, 2.31091610102, 20.5139014433
0.904400058202, 0.987753805631, 0.872639963453, 0.973838029751, 0.411140270881, 0.885096479253, 0.401683307698, 0.434261416752, 0.91694116389, 116.40517881, 3.12720260638, 17.4455091486, 1.69825503334, 14.65881313
0.845246601437, 0.166770884234, 0.779042439702, 0.0558861333856, 0.907479962474, 0.010799392173, 0.902355638415, 0.386461498094, 0.70348080542, 0.410190042177, 6.92955628356, 2.08175108144, 47.072161246, 10.3432367063
0.573372630809, 0.152971626474, 0.0055068074949, 0.749832566266, 0.907479962474, 0.0114820581639, 0.896024784604, 0.603709120373, 0.601087281314, 0.0182979525123, 0.0061047652883, 4.40697023707, 24.5372211369, 21.5545605465
0.880731835382, 0.909163143965, 0.243845995333, 0.0498676261748, 0.582339796253, 0.00695147385708, 0.408065956375, 0.882448530634, 0.703481407847, 0.877925779156, 16.7271989581, 54.5925946191, 7.21346205327, 10.7538134496
0.797660451331, 0.615164045495, 0.810724184564, 0.232053171595, 0.502085528772, 0.0147137606694, 0.902753262733, 0.392056325239, 0.984684493287, 7.50474231167, 24.8358728158, 7.55040544798, 24.9551304108, 16.4492810213
0.77897293113, 0.631991192957, 0.0518311209548, 0.483583394089, 0.503030155198, 0.702203720328, 0.0952447724064, 0.50748271895, 0.020778020659, 0.840749196316, 0.897832414619, 31.8046175116, 19.5322226497, 15.0597080265
0.844451225555, 0.957844269892, 0.904127933458, 0.75084401555, 0.907479962474, 0.00421164298009, 0.902194665262, 0.603020671771, 0.895443403147, 26.4110520723, 8.7640995242, 3.72990851149, 1.71225246661, 7.48175027881
0.655589865902, 0.657448327598, 0.964430308345, 0.00769863307577, 0.410228208811, 0.297090358516, 0.0883661984307, 0.286388551098, 0.989370885973, 0.247091535723, 31.8484159773, 1.18373229861, 17.3395516807, 26.5922731154
0.974866421366, 0.899157367396, 0.069093034478, 0.997281566532, 0.931413148249, 0.0514731343491, 0.904686940297, 0.386461498094, 0.698967668223, 13.2487807036, 0.0361141026548, 178.990562577, 21.5641488474, 5.51311896736
0.842589926249, 0.909274026161, 0.00271695022564, 0.226649326784, 0.416942006703, 0.698471160765, 0.400765392672, 0.115952195519, 0.984684493287, 0.0438616410195, 0.149660403109, 71.0341516548, 7.10698851467, 14.6342420817
0.655025890762, 0.909758785568, 0.00896992295295, 0.510703697167, 0.416942006703, 0.706748536585, 0.0881098416377, 0.305439209362, 0.701507654604, 0.169253713233, 0.162159029952, 36.6156987229, 3.66487497711, 21.3885955429
0.701809196533, 0.634979006107, 0.000496320225388, 0.469145808152, 0.197045298751, 0.0147887257483, 0.302047302184, 0.11665615039, 0.114392405, 0.0102737543166, 0.0116250970385, 44.1005250091, 25.3640055114, 29.5239992676
0.701872606076, 0.860187096876, 0.945122235001, 0.921327457494, 0.414080470394, 0.306247548799, 0.399821129884, 0.0210364657107, 0.104442061311, 44.3091745006, 3.78357921058, 2.7924671948, 8.27077095997, 25.1270979054
0.925705738489, 0.899240929934, 0.601197463069, 0.536229177826, 0.208850455954, 0.99484331797, 0.509457059001, 0.0910203541879, 0.606003146202, 14.9962451173, 12.969866645, 18.5512364972, 5.2122235505, 4.15165443629
0.843280249345, 0.059140568831, 0.600144802354, 0.132446748081, 0.11258908815, 0.696556158021, 0.479971179589, 0.100057368671, 0.596526818096, 0.278485627262, 1.82413773871, 1.40090337911, 55.737140268, 11.0096051344
0.977403762144, 0.997096444953, 0.00709778293516, 0.472554697799, 0.939994258006, 0.0190389993575, 0.339222367376, 0.603933258735, 0.499513835865, 0.772204447062, 0.861901510743, 228.593554247, 0.670425301467, 5.33804785967
0.0682402159233, 0.869725277708, 0.881245026693, 0.468707549864, 0.208537753305, 0.586415374216, 0.299548832335, 0.897404647251, 0.502994802761, 0.998975891772, 1.13236569226, 0.287215706474, 0.362271728148, 37.9697603666
0.876681515105, 0.800954509185, 0.610389371725, 0.0930156073712, 0.108691768756, 0.508278188573, 0.883173864559, 0.412734707456, 0.482988349302, 3.84039152783, 37.4472120945, 26.3538159942, 16.8095933197, 11.8793094
0.837150551111, 0.623465035089, 0.839133825268, 0.945855584772, 0.700387832195, 0.692692444271, 0.484513336933, 0.887336021885, 0.781962067126, 35.9315984273, 2.05686303108, 7.28257912474, 27.3409553352, 14.1250859865
0.845246601437, 0.166770884234, 0.933260799122, 0.749832566266, 0.907479962474, 0.010799392173, 0.902355638415, 0.603709120373, 0.716155278951, 7.2753233575, 2.42727384194, 0.693850619398, 51.9432577396, 11.4135700566
0.974866421366, 0.0156574432545, 0.0208549065635, 0.721646851947, 0.993148681222, 0.027441638096, 0.881887257435, 0.425426675567, 0.703514816536, 0.0407190776716, 0.0157061357991, 2.64918333476, 170.094541787, 4.45505770967
0.92617556343, 0.802875097155, 0.603805414161, 0.945626992311, 0.110889499709, 0.70116086099, 0.486944249672, 0.0836775334121, 0.381892908288, 42.3893779464, 2.43736482962, 29.4136362016, 18.2277760825, 7.37053504487
0.848002170044, 0.878720708151, 0.798453000502, 0.276943581644, 0.00832021083375, 0.99699671196, 0.507703559733, 0.606360501586, 0.704598437568, 7.7313899717, 20.1854511617, 7.04682124352, 4.8256154364, 7.13192029076
0.389767359749, 0.58674498689, 0.947260687903, 0.949080075317, 0.0061012121204, 0.695032410213, 0.482679185422, 0.295074197789, 0.418201608251, 16.7678190767, 0.899624917534, 0.983645637012, 13.1362967938, 49.7673811305
0.890246058017, 0.792386809535, 0.0466970033324, 0.25029153625, 0.67409157948, 0.586184185252, 0.802859150967, 0.907427760784, 0.907882572538, 0.876332688569, 2.6249151031, 71.4767495487, 19.6449777498, 11.6655888838
0.701636512818, 0.791404785616, 0.839133825268, 0.946376004745, 0.700387832195, 0.698639739387, 0.484405845227, 0.887336021885, 0.793726654983, 25.3517473078, 1.43649244118, 5.13544029148, 8.4143121232, 17.1533034385
0.979821482879, 0.119357711355, 0.824809894407, 0.351204923638, 0.507103557957, 0.992494214839, 0.906884996339, 0.109563532659, 0.974411999356, 3.90779377593, 7.21902567595, 2.3633429811, 99.5328025673, 2.32760341981
0.957806961634, 0.886928085238, 0.909584597236, 0.853850009871, 0.109210894001, 0.999388792171, 0.107119465896, 0.0966826113517, 0.379106747205, 58.4614375528, 10.0066035281, 6.80592605635, 9.59646192019, 3.73868787008
0.925705738489, 0.626800384814, 0.609823725946, 0.536229177826, 0.905299079196, 0.994183259338, 0.50534603899, 0.0910203541879, 0.606003146202, 9.47888251169, 8.19804165369, 11.3100165083, 17.2589477718, 3.71155107624
0.703650635508, 0.612500848112, 0.807219018341, 0.414622881205, 0.613812914927, 0.598956235291, 0.406103337629, 0.117048924538, 0.113865296152, 11.8476256282, 16.7268360459, 6.82418605947, 22.3949828266, 24.3403541813
0.843616798175, 0.887009678476, 0.785082844783, 0.0110516254799, 0.192855645375, 0.380780153067, 0.490710348777, 0.887336021885, 0.101937857356, 0.533729061007, 47.7604392473, 13.2205732623, 7.83595782233, 12.8556999378
0.089570618779, 0.0104974920315, 0.0559158311743, 0.954542262412, 0.698387986942, 0.985957237554, 0.88493009733, 0.481541130098, 0.485194334743, 0.00557728307799, 0.000265604447908, 0.0986514462466, 9.84972458431, 101.178416468
0.95850922305, 0.798187109826, 0.876458194207, 0.933761766254, 0.415122647825, 0.902892444206, 0.115147641698, 0.0985927195861, 0.120972019762, 70.1466603947, 4.97599179541, 10.588968383, 21.6712468247, 4.64825845419
0.979784993538, 0.10014887332, 0.798774166536, 0.990834014888, 0.507103557957, 0.690325183935, 0.551823381203, 0.109563532659, 0.975068397016, 15.0215867334, 0.138961358099, 3.81921956578, 170.535770842, 3.91010054313
0.000529363958527, 0.569555564911, 0.0533234452358, 0.276727469357, 0.42913245328, 0.285129227184, 0.377790330884, 0.299757162319, 0.908044614967, 0.000644184230627, 0.00168368091454, 0.0413277001483, 0.0329929093822, 144.716878627
0.976294404794, 0.617498655579, 0.000906417113479, 0.226221321209, 0.502085528772, 0.712413808179, 0.483698499253, 0.387791299862, 0.491565049686, 0.00780775993616, 0.0267060511159, 38.0426700139, 23.586406016, 1.49726567367
0.938491196445, 0.181593633065, 9.36883006186e-05, 0.833104948364, 0.612346934955, 0.00116409310547, 0.398916413487, 0.392889732728, 0.505211407959, 0.000489225979296, 9.80061338448e-05, 6.26734706986, 28.2483325746, 2.26219946101
0.977403762144, 0.877016472144, 0.000558065165082, 0.472554697799, 0.939994258006, 0.0190389993575, 0.297827651057, 0.603933258735, 0.499513835865, 0.0335661789944, 0.0374651305043, 127.210357932, 17.8485978045, 3.35520675723
0.916759769454, 0.886733918656, 0.348158711846, 0.974998006597, 0.109210894001, 0.995907110686, 0.418240147007, 0.0963802837101, 0.379106747205, 29.6241920392, 0.759656787931, 56.8862604458, 11.1473612184, 8.93613922252
0.415046484117, 0.0445191788646, 0.144852611791, 0.922412659117, 0.908561520146, 0.280212793015, 0.490056984202, 0.0867057471681, 0.905490712451, 0.241570230584, 0.0203193133163, 1.5460829922, 38.8031209793, 57.2360033026
0.711660910594, 0.957786387787, 0.0344284196931, 0.0346538361818, 0.418060223535, 0.306238562039, 0.890815086978, 0.101799279288, 0.901249192889, 0.0549523378901, 1.53079815743, 44.4735955176, 2.03002610621, 19.4840626491
0.940171207152, 0.184632387937, 0.000109277759678, 0.922412659117, 0.61380390934, 0.209085255462, 0.402589274924, 0.40181233258, 0.902599573101, 0.000729179874211, 6.13338584486e-05, 7.23319501992, 31.9464941995, 2.4932914216
0.727930035701, 0.803240003729, 0.981812047605, 0.00552230684511, 0.618649749595, 0.697602801299, 0.299007071757, 0.218848159119, 0.381217279777, 0.327113256073, 58.9077799231, 1.09731941045, 14.7788529817, 28.0733915709
0.959438246704, 0.899240929934, 0.34710334721, 0.945626992311, 0.109210894001, 0.988028103106, 0.499389261966, 0.0963802837101, 0.375900704773, 28.0607929264, 1.61347943951, 55.816900809, 9.57920265997, 4.01924891322
0.976168745749, 0.0283321978314, 0.011480937747, 0.0599720977178, 0.109404089624, 0.0498634645549, 0.876433237512, 0.423878022127, 0.498815278247, 0.00430805912469, 0.067526332011, 6.18500566135, 214.581659301, 5.39134084082
0.994013307648, 0.0915663052105, 0.875024888921, 0.23155010409, 0.0455069179692, 0.996646079286, 0.952814838171, 0.298133862306, 0.975068397016, 5.44408631045, 18.0673965794, 3.35801898095, 266.573613574, 1.76733414085
0.703074821729, 0.636969546282, 0.00263911886018, 0.840083043141, 0.61423232293, 0.791970083083, 0.400770469226, 0.11665615039, 0.101408688313, 0.0708414936552, 0.0134852812198, 31.8682980755, 18.2108798837, 21.1852382216
0.975213674814, 0.984717766764, 0.0246301237009, 0.0635180045343, 0.212515593467, 0.506864051148, 0.885164248075, 0.421379973859, 0.901085912461, 0.148281718724, 2.18620154805, 92.4471465425, 1.47095444208, 2.44638474101
0.842776573761, 0.0117192746881, 0.00271695022564, 0.993830447684, 0.215697781975, 0.698807494523, 0.582259087344, 0.107011926209, 0.484125092433, 0.00247414962299, 1.53591546453e-05, 0.913798450473, 77.270117227, 14.5859945463
0.0685706299752, 0.00686523440113, 0.008758910516, 0.392295073034, 0.209057590604, 0.0163009666051, 0.304034920528, 0.360540249555, 0.222923619514, 0.000306651017815, 0.000475033583634, 0.0884628167576, 12.9102390042, 176.578525479
0.887761385229, 0.877016472144, 5.0197254435e-05, 0.477648125669, 0.110118227569, 0.0184221021745, 0.301775187676, 0.423916590813, 0.49836320601, 0.00203126028136, 0.0022213687403, 84.7141063633, 11.8800079519, 12.2128165015
0.869643908494, 0.845971018114, 0.0492060592596, 0.219234478942, 0.0177946939932, 0.19160031977, 0.894567025362, 0.112752552078, 0.908561977383, 0.79840337689, 2.84337496356, 70.3689917811, 13.4754067531, 13.1138227576
0.0459406910732, 0.997183623298, 0.879794313505, 0.0206823621622, 0.209057590604, 0.294891244628, 0.299646316073, 0.360896655187, 0.505217072776, 0.0930730876324, 4.40704575288, 0.614848114192, 0.0144463601555, 106.523528664
0.0412654320083, 0.623998401576, 0.798453000502, 0.278094224278, 0.211112416718, 0.1895224613, 0.508010621333, 0.611523275065, 0.503488917583, 0.298502304991, 0.774883184284, 0.270945972439, 0.810051399395, 50.0535489661
0.976294404794, 0.617498655579, 0.000906417113479, 0.937223519898, 0.499715452083, 0.712413808179, 0.483698499253, 0.387791299862, 0.615772526026, 0.0405385827115, 0.00271532828287, 47.6764000443, 29.5593061268, 1.87642552966
0.916759769454, 0.886733918656, 0.924568566427, 0.974998006597, 0.109210894001, 0.88227218573, 0.42239984185, 0.287961845876, 0.378245838984, 110.061040266, 2.82230874733, 9.20964994023, 15.59542864, 12.5018754512
0.847426578402, 0.798008131935, 0.785404934965, 0.945855584772, 0.512529244476, 0.518495838055, 0.803544022498, 0.887336021885, 0.216744908045, 51.7163799807, 2.9604446988, 14.939270465, 17.6212303395, 15.7064901897
0.393320455391, 0.0709365467885, 0.93507979683, 0.975823052915, 0.203123526544, 0.985080944264, 0.486574861707, 0.100138072916, 0.38361685339, 2.23300340182, 0.0553247895973, 0.158872784559, 32.051249918, 53.2123468057
0.95965200609, 0.916140891174, 0.935326194002, 0.0484293147302, 0.417737917404, 0.69706748366, 0.484389995542, 0.0982563188728, 0.329541531507, 5.08504702019, 99.9143123247, 7.26025662461, 10.2757026163, 5.15192408983
0.890246058017, 0.748383884987, 0.755068168134, 0.927246727155, 0.418882621821, 0.510238720467, 0.495816228064, 0.89402002531, 0.917867375418, 42.968004658, 3.37133890577, 15.0317293001, 20.6337298785, 10.1099581194
0.726018943666, 0.657360151563, 0.983301467125, 0.00769863307577, 0.618649749595, 0.297090358516, 0.407368822234, 0.771163014001, 0.989454604134, 0.464384911384, 59.8560520822, 1.02436824705, 31.975127668, 35.2165656535
0.0470787290078, 0.997183623298, 0.880411809577, 0.00377159405015, 0.207368357912, 0.633959834192, 0.496606298144, 0.360896655187, 0.505217072776, 0.0282347767063, 7.45793057696, 1.01686160739, 0.0240153633404, 172.595993579
0.668382331279, 0.644200641396, 0.944127887946, 0.0529348924374, 0.296976955561, 0.58638498076, 0.483960036155, 0.802025611282, 0.610212385732, 1.28865337111, 23.0554665803, 1.44064952973, 14.2412221498, 19.8588822769
0.844876712479, 0.734818415189, 0.0480761496292, 0.751774553382, 0.085037885135, 0.0112064755898, 0.894742364052, 0.112752552078, 0.908009450825, 2.2704568399, 0.749673104223, 59.7995835192, 22.6704051357, 15.6963827406
0.95495272564, 0.909844187381, 0.961558716456, 0.0484293147302, 0.74139086833, 0.69706748366, 0.484389995542, 0.111086412331, 0.97505265298, 8.15633081315, 160.260894551, 6.73299945501, 17.3555110511, 9.08092983746
0.92617556343, 0.887081640701, 0.603805414161, 0.947975612926, 0.109212538522, 0.988386615219, 0.486944249672, 0.0836775334121, 0.381951312245, 56.0232605215, 3.07452612785, 38.7777627634, 12.4587703636, 8.79462740481
0.977403762144, 0.899175853833, 0.000558065165082, 0.472554697799, 0.939994258006, 0.0190389993575, 0.297827651057, 0.38866875219, 0.500243884624, 0.0368916697758, 0.0411769007995, 139.813427011, 15.6859645839, 3.59673804322
0.980008684159, 0.0915663052105, 0.798774166536, 0.209738504472, 0.507100689273, 0.974309701278, 0.887837103527, 0.109563532659, 0.975068397016, 2.52098243977, 9.49866290918, 3.02796867327, 149.288098636, 3.35230410583
0.000529363958527, 0.569555564911, 0.901584433245, 0.276727469357, 0.42913245328, 0.285129227184, 0.40921051786, 0.299757162319, 0.905602830031, 0.00812680009299, 0.0212407220827, 0.00320571344461, 0.0246173839207, 107.979290935
0.390638577373, 0.0720055469402, 0.914587001894, 0.975823052915, 0.10875240857, 0.995761484448, 0.486574861707, 0.100138072916, 0.38361685339, 1.9894880184, 0.0492914636559, 0.190400987198, 28.7292743162, 48.292434857
0.847439376391, 0.0100028593291, 0.808853070417, 0.209362135322, 0.111347273237, 0.690953505124, 0.71639702354, 0.894522448381, 0.984139775407, 0.146134524514, 0.551864300774, 0.164950022675, 85.4072684542, 15.5308314873
0.77877115551, 0.900132657274, 0.00271695022564, 0.993830447684, 0.502625762515, 0.698510710481, 0.549909217263, 0.108323261763, 0.585121016426, 0.262178580664, 0.00162756582208, 96.8326161568, 10.7725918011, 30.6428110207
0.954068994629, 0.0156574432545, 0.0247328282276, 0.721646851947, 0.196357131306, 0.0500546678601, 0.88446543836, 0.0906210229852, 0.604504347597, 0.0440624902525, 0.016995754696, 2.40765436594, 155.20151303, 7.59059567135
0.71046298261, 0.797880263169, 0.931611070016, 0.0344684705806, 0.418060223535, 0.306238562039, 0.483960452713, 0.101799279288, 0.887765787208, 1.61164389147, 45.1454028915, 3.43240275007, 12.7140359269, 25.6352378791
0.959021761092, 0.817589815387, 0.872639963453, 0.962225986859, 0.415122647825, 0.902103152638, 0.401683307698, 0.434261416752, 0.120972019762, 101.013277947, 3.96546854964, 15.3214355868, 26.8398382781, 6.28717632066
0.923237441462, 0.899240929934, 0.349216805361, 0.945626992311, 0.909730805055, 0.0106915730233, 0.499389261966, 0.0963802837101, 0.375900704773, 26.9221794795, 1.54800982178, 53.0556389642, 9.13488962632, 7.53798356925
0.0271624538484, 0.684997716587, 0.0466970033324, 0.263799392989, 0.67409157948, 0.586184185252, 0.493488452095, 0.891882330529, 0.897057666124, 0.022881441491, 0.0638565954383, 1.77072669826, 0.854171654555, 97.1186810359
0.722237918676, 0.957786387787, 0.98721678056, 0.0360790257157, 0.418060223535, 0.389427806498, 0.890232213827, 0.107058585772, 0.901249192889, 1.93317610702, 51.6485398254, 0.693816035375, 2.3921474437, 21.7935560708
0.911668934314, 0.903277716053, 0.00816759261527, 0.468707549864, 0.208697310714, 0.0163009666051, 0.914397811749, 0.0983402412844, 0.613563209222, 0.319943859013, 0.362664857459, 82.8926561903, 8.94917516459, 8.96463846242
0.871866110027, 0.734818415189, 0.0480761496292, 0.21887775342, 0.0177946939932, 0.190629533829, 0.89554504628, 0.112752552078, 0.908009450825, 0.677251243991, 2.41694738245, 61.2661682146, 23.2263967874, 12.8721974679
0.92617556343, 0.899240929934, 0.600089318904, 0.945626992311, 0.109210894001, 0.988028103106, 0.48203272744, 0.0963802837101, 0.379106747205, 55.6344322957, 3.19894782993, 39.2076585536, 10.9854028624, 8.69037786769
0.875856415847, 0.0251790479766, 0.000426126893807, 0.0930156073712, 0.699342930066, 0.509762828369, 0.885321025171, 0.88637005205, 0.482988349302, 7.82671947327e-05, 0.000763174332606, 1.97378522383, 76.4487778732, 11.1157061189
0.842585494951, 0.909758785568, 0.00271695022564, 0.993830447684, 0.416942006703, 0.698471160765, 0.549909217263, 0.107011926209, 0.588711690894, 0.318483559793, 0.00197709879847, 117.628206773, 11.6996187983, 24.2213056475
0.833339296393, 0.015139838714, 0.878597168397, 0.0206823621622, 0.208901302266, 0.294891244628, 0.724093475999, 0.360896655187, 0.507695891276, 0.0371661413128, 1.75983078879, 0.248305507398, 133.048767991, 27.0176540674
0.973572602466, 0.0283321978314, 0.0347050834894, 0.0599720977178, 0.109412442251, 0.0498634645549, 0.876433237512, 0.095081903417, 0.498815278247, 0.0109104260455, 0.171014610108, 5.06010344676, 179.778156471, 5.02232906636
0.71046298261, 0.797880263169, 0.914315867594, 0.011135759624, 0.0989103055178, 0.981582329226, 0.486565668928, 0.101788654079, 0.887765787208, 0.558531959188, 49.5980786401, 4.70037305047, 13.8964198144, 28.0192717449
0.855108038594, 0.900190013488, 0.600089318904, 0.945626992311, 0.110148983092, 0.988028103106, 0.799642471482, 0.705664090436, 0.220643603926, 40.8245798163, 2.34738983795, 28.7706033833, 7.97674617244, 13.5417589263
0.0685706299752, 0.903277716053, 0.000558065165082, 0.468707549864, 0.209057590604, 0.0163009666051, 0.299646316073, 0.360896655187, 0.510709334408, 0.00244550686182, 0.00277204694659, 9.34414545048, 1.00112260842, 140.59585419
0.841103675786, 0.0649328944101, 0.600144802354, 0.0898196004636, 0.11258908815, 0.691437137918, 0.479971179589, 0.100057368671, 0.592433202514, 0.236609963272, 2.39766988268, 1.7551272365, 63.2097215616, 12.770426965
0.845246601437, 0.0798737737733, 0.933260799122, 0.749832566266, 0.085628815277, 0.010799392173, 0.796032755481, 0.603709120373, 0.716155278951, 4.01284810424, 1.33881076572, 0.382706995395, 66.0584842086, 13.1443149521
