0.653184882653, 0.874679060415, 3.0489664704, 0.630125935188, 72.8285597275, 9.39788193627, 0.97564619035, 0.729210970099, 33.2867674542, 174.272031561, 0.172161540498, 0.0
0.168584322271, 0.927951202299, 4.28529017821, 0.558532549509, 90.0367896362, 37.1949857379, 1.73920707913, 4.83306314144, 25.606053372, 425.414401609, 0.363182448469, 0.0
0.80834328655, 1.07557168771, 4.96692318636, 0.415756195281, 4.20199945311, 9.75387089052, 0.988701274061, 4.67335152165, 10.4672641849, 290.398910778, 0.181411611175, 0.0
0.393289939371, 0.861308492736, 2.0, 0.627003185987, 36.9909479739, 44.2532383267, 1.62264873987, 2.37508379945, 12.0006269347, 122.916001998, 0.468054097729, 0.102941176471
0.145478296411, 0.932024727069, 8.68564980574, 0.434619950382, 34.5146188186, 32.6171823745, 2.33854246245, 3.5972455176, 35.7412167263, 1124.01707782, 0.233209406762, 0.119205298013
0.161555065813, 0.938006203458, 5.49437779162, 0.4, 98.9787696125, 21.2687156805, 3.33243490045, 5.0, 9.85597940475, 739.293817528, 0.196598330786, 0.212371134021
0.588561443561, 1.15741309608, 2.28972019457, 0.591251548711, 40.6969584279, 26.5301873163, 3.51964672556, 2.98998293937, 1.0, 332.863746912, 0.279775898141, 0.0334928229665
0.1, 1.0850881999, 2.0, 0.598822869276, 29.5808210172, 42.6140491571, 3.06818350198, 5.0, 28.3898374933, 406.139495902, 0.177697901751, 0.0
0.51989315715, 0.82, 6.34822384645, 0.7, 2.91044286979, 7.8693920061, 2.17659812559, 3.01193519463, 1.0, 463.772668896, 0.119827322582, 0.047619047619
0.15174001238, 0.934832303469, 5.42284790515, 0.688661872042, 63.1896193533, 34.9297877214, 0.958649697512, 0.0, 1.0, 410.34777211, 0.0178055623436, 0.0
0.25569963112, 0.82, 4.89717024412, 0.635195564442, 100.0, 29.9386656118, 0.434751385361, 1.00474091811, 29.0572815748, 362.986359355, 0.0783287339106, 0.0
0.85554004941, 0.856372557676, 5.26136265368, 0.485552423433, 4.01008260645, 8.73060014716, 0.545379301886, 2.06734156494, 20.6678230965, 258.938218611, 0.202077492284, 0.0
0.371291545708, 1.12466440376, 5.19212705713, 0.599283578201, 5.41680536888, 40.4462041265, 0.30093775466, 2.36375849523, 30.3065994167, 462.006696735, 0.300441826709, 0.0
0.51217029979, 1.04868439209, 6.49454134766, 0.663936226828, 1.0, 34.9859124147, 0.0, 3.71088727042, 44.0, 545.45836466, 0.652834412391, 0.0
0.1, 0.9459258307, 3.70847052393, 0.4, 70.0468470523, 12.4873882359, 3.17775111852, 0.867795887745, 10.2996037763, 491.722769494, 0.0661968893988, 0.0243902439024
0.1, 0.872574670572, 3.47297421552, 0.636540657878, 46.2003359025, 41.4011369188, 1.77666906899, 0.0, 14.1279488031, 359.115427079, 0.256797938546, 0.0
0.1, 1.06706852711, 5.95474326207, 0.553580281532, 41.2031753043, 47.0082690987, 0.762904343945, 1.5874098428, 33.282006711, 425.110617376, 0.0686981277704, 0.0
0.9, 0.82, 3.4799905632, 0.573950152623, 70.8003535721, 50.0, 0.997276133032, 3.88142912928, 42.7175253985, 198.521701024, 0.377376282788, 0.0
0.277607588033, 0.957242382812, 9.6835699036, 0.459269290582, 71.4266168383, 21.4064585337, 0.117932811505, 3.57537438698, 1.0, 628.312442978, 0.101887330486, 0.333333333333
0.464305870497, 1.15395201043, 6.96511185329, 0.5687278196, 23.2733641677, 40.870326498, 3.22760447225, 0.0, 1.0, 1213.09959097, 0.396173611068, 0.0
0.301714742535, 0.840482422491, 3.97505518107, 0.415925037747, 90.1208194804, 17.9758137713, 2.58987649802, 4.17904104842, 15.0297091208, 442.602723296, 0.267458002306, 0.131147540984
0.752823929538, 1.07821164529, 3.18768820518, 0.7, 72.0184486266, 13.57208689, 0.0189347038336, 0.141360892341, 39.0769872777, 245.669156915, 0.401417139511, 0.0
0.715394113427, 1.01649848987, 2.0, 0.4, 18.4998217782, 50.0, 1.77022083382, 3.32698703598, 8.76766610625, 170.351767711, 0.611992230052, 0.0
0.363561814379, 1.01173500568, 7.21481087342, 0.665335714443, 46.3373126567, 29.5178227678, 2.35551506506, 0.387500943969, 35.0439242039, 1316.6858911, 0.388340867404, 0.0
0.1, 0.84207756794, 6.65226926468, 0.446943876649, 100.0, 4.89139467335, 0.011642347272, 2.04879646668, 36.13479084, 399.60039128, 0.0510789884605, 0.0
0.9, 0.932983275705, 2.5609204327, 0.666901847416, 91.8174603852, 6.00142301515, 3.81613659806, 0.278226325706, 5.00641681844, 309.725390141, 0.179276300141, 0.0
0.346529087187, 0.82, 9.64725853099, 0.649037136759, 63.9272247822, 22.8973523759, 1.85817747972, 0.26189493387, 1.0, 458.490725414, 0.316858919084, 0.254901960784
0.466736069831, 0.82, 2.2171527782, 0.405506865541, 82.2799273979, 10.7814838588, 0.0, 0.940120790608, 12.8836152444, 122.250338843, 0.157286010195, 0.2
0.308545525933, 0.82, 8.32370223827, 0.662134073925, 100.0, 40.6741707018, 0.713638464678, 2.96838799058, 1.0, 237.709249173, 0.0331786830743, 0.0
0.542275799245, 1.08806925924, 7.74892486912, 0.668863772015, 42.4829838362, 1.36111249765, 2.04313739261, 1.43742281211, 13.9933239702, 1053.26098433, 0.0333156159678, 0.0
0.581134194357, 0.945496110019, 2.0, 0.458793398784, 86.9539132224, 46.6003648916, 0.061201567338, 2.59989733343, 22.5710994641, 151.847018263, 0.220151411508, 0.0
0.352965186895, 1.2, 2.0, 0.551161790535, 42.5460902671, 19.9880509953, 2.91097050248, 1.96782039445, 44.0, 328.209174786, 0.356263536032, 0.339416058394
0.392555551374, 0.980839036515, 2.0, 0.569816716352, 1.0, 25.8769910908, 0.893958515604, 0.179484861987, 2.04561620062, 95.3993060605, 0.246439265441, 0.166666666667
0.1, 0.836386923268, 9.51640021344, 0.486563148659, 2.04529369167, 28.7390188296, 0.725533637419, 2.39888011971, 41.0207172983, 407.610166937, 0.197959623413, 0.0
0.371211748667, 1.0641100052, 3.37732880174, 0.67030530698, 100.0, 31.0529787372, 2.26222064847, 0.606860933546, 24.613836379, 428.432888793, 0.440020012745, 0.0
0.193527052206, 0.991275665896, 4.92143446541, 0.464344574308, 28.5439073674, 12.3516572007, 0.311969989612, 5.0, 16.8831057718, 246.715434966, 0.105709312527, 0.230769230769
0.778765411174, 1.08371921425, 5.43683112003, 0.616869343409, 74.0352683955, 13.7473437821, 2.22363046941, 3.90690917401, 42.3382153816, 924.939718892, 0.294742895479, 0.0
0.156346509418, 1.09791786649, 7.94395239197, 0.626281518473, 79.3456259139, 8.611145741, 2.13208000684, 3.85755230185, 15.7822769883, 975.497185237, 0.129584265448, 0.221757322176
0.146452824736, 0.907675671075, 2.0, 0.491026676289, 1.0, 38.2609377751, 1.85901064366, 0.0, 13.5658873388, 157.869252586, 0.235592391606, 0.0
0.66641581176, 1.04690760567, 5.64773335541, 0.420395267196, 98.3043212483, 30.9559267937, 0.0653522957495, 2.53429781679, 14.9200212762, 302.489274107, 0.242826195682, 0.0
0.1, 1.00571231846, 5.93440412451, 0.60880332343, 37.4094093396, 8.84083051678, 2.87321617435, 2.92775948888, 3.21041439576, 657.319796847, 0.0573373160306, 0.183486238532
0.1, 1.17725449909, 10.0, 0.497969636578, 38.7738408069, 36.3552672247, 0.0, 4.50869880257, 39.3807302047, 1142.46200312, 0.211778922395, 0.1
0.823879154404, 1.02773195648, 2.0, 0.449732433583, 93.4960788969, 44.3749625595, 0.221600526873, 5.0, 26.1254584502, 113.583460995, 0.490095602136, 0.444444444444
0.292614812684, 0.82, 5.9824032856, 0.60642114645, 46.3790735284, 15.1800327843, 0.804262601472, 2.8975223225, 27.3991973994, 299.253445344, 0.126349445132, 0.0
0.735076797501, 0.848143977103, 2.41288358138, 0.48357583786, 67.7494283634, 48.2279888631, 1.8094011089, 4.52033924816, 7.77149529205, 173.775398595, 0.648467320039, 0.0
0.198565863506, 0.935859695587, 6.69864109579, 0.559851264314, 47.0415071772, 42.9675937638, 2.34176463703, 0.817853471371, 1.0, 513.013210037, 0.304587511955, 0.0
0.274493694657, 0.931883036694, 8.75709296728, 0.606778223009, 65.1461080212, 16.6732607206, 1.73054710558, 2.93845583062, 35.0171439452, 833.898882406, 0.16017160417, 0.0816326530612
0.126687474327, 1.03734002932, 8.88620194806, 0.420264903722, 50.0750130271, 24.2669168556, 3.64767333677, 4.85726198831, 22.9451247545, 1607.86216015, 0.161447565495, 0.014598540146
0.786555243782, 0.98325764606, 4.39863398081, 0.407806197048, 45.6584641282, 4.1504296649, 3.558291002, 0.244663244678, 15.3535724343, 680.958608, 0.145458349977, 0.0154241645244
0.363554538889, 0.933038675804, 7.38994330161, 0.54242833735, 1.0, 1.0, 0.182065138564, 3.7224915462, 21.4231004137, 563.600764387, 0.0207852101776, 0.0
0.744695991223, 0.822289396718, 7.39933131687, 0.5759280028, 2.36722912446, 23.2152061706, 1.86540225795, 0.259696546898, 42.2064494353, 601.152827224, 0.532997470341, 0.0681818181818
0.160897489822, 1.12019109518, 3.60438721477, 0.514945089118, 92.1989578622, 42.6963882663, 2.705493134, 0.0, 2.2612307952, 481.423891519, 0.271338934956, 0.037037037037
0.597591316233, 1.17668986512, 2.27259286454, 0.606701933765, 49.1191699287, 25.7269894815, 1.52585567364, 2.47248831494, 16.0033695281, 247.664669121, 0.323121341884, 0.0
0.834433196498, 1.03590349875, 4.33665342313, 0.696024812961, 26.1516936622, 7.29867071142, 2.83977391883, 2.39031505325, 13.5392665784, 484.996617783, 0.265471587699, 0.0514705882353
0.426244192766, 0.926235385429, 7.32126366082, 0.562422485415, 87.5525020427, 26.4105473706, 1.07835827032, 4.40574592031, 25.5939391901, 639.070599998, 0.207010079891, 0.0
0.454187185618, 1.00764474634, 3.49951103013, 0.437140309237, 15.9511436559, 6.2965005666, 2.13333033354, 0.719381759158, 13.356796087, 440.042674421, 0.124990462688, 0.0
0.657979717472, 0.966488504067, 2.0, 0.522661336926, 95.4229222144, 7.38075038867, 2.04383539361, 2.01018017166, 26.4578636296, 309.935803014, 0.211739877351, 0.0
0.20460122629, 0.843091046992, 9.20702913271, 0.550728502911, 45.7054405884, 1.0, 0.0, 0.804075357544, 28.3929131825, 636.815967974, 0.00860993283113, 0.0
0.720543135466, 1.18675106316, 3.55778903176, 0.429537851388, 16.9806062177, 29.7315491503, 0.506364649998, 1.5362220458, 12.5035852372, 236.504642904, 0.413977762365, 0.0
0.395055185018, 1.00158271857, 6.99067033704, 0.7, 1.0, 34.5025667169, 0.358975349475, 0.910083465138, 10.8720415699, 393.254527857, 0.395465985571, 0.0
0.627602424385, 0.94504919565, 5.43285537499, 0.489833255768, 52.5383677687, 13.778849636, 2.57364342248, 4.77725623109, 1.85488692464, 430.733240358, 0.284199276378, 0.188405797101
0.619745618965, 1.12777862141, 7.58233386347, 0.462119393106, 36.1934249525, 37.9237227841, 1.75363808047, 1.83518728479, 24.8680957613, 940.336719356, 0.421178988676, 0.0
0.517150209948, 1.08167467212, 2.29219129628, 0.476654494101, 21.1052172165, 19.8720069122, 2.11035870615, 4.61818086511, 3.25208710729, 277.634718143, 0.282670808545, 0.0510204081633
0.614061395117, 1.17321972242, 4.36892974134, 0.546272265251, 1.0, 50.0, 3.84489632353, 2.32070354642, 31.3898565167, 1020.77217546, 0.525278020008, 0.0
0.9, 1.03572077719, 2.0, 0.507577621918, 100.0, 32.4610585819, 1.64669577234, 0.721620138664, 44.0, 251.998504086, 0.498813035049, 0.0
0.508993107251, 0.85208452963, 7.63852856467, 0.525350642308, 82.1580899661, 18.534856459, 1.88253515097, 3.46794494147, 42.7763339963, 645.474143779, 0.362350042665, 0.037037037037
0.9, 0.895504675605, 6.85393645875, 0.603594617122, 91.063210867, 1.0, 2.28277207273, 0.159063909297, 29.6581308628, 730.400566297, 0.0910554457299, 0.174157303371
0.1, 0.991989679071, 2.74063190206, 0.543553682124, 100.0, 21.0042675283, 2.77984383858, 5.0, 5.56659908634, 306.057264448, 0.0964754205673, 0.0113636363636
0.151954815811, 1.06985657933, 7.45176661738, 0.613609258621, 37.3218511863, 40.6279218581, 3.11839424775, 3.85102526747, 42.9420886753, 1827.20894674, 0.226786412672, 0.0
0.272729857956, 0.84133847894, 3.47045431443, 0.560921934446, 8.2821729249, 9.93778896435, 0.0, 4.00837817652, 36.4986261455, 190.43704791, 0.162168403686, 0.0
0.407454776436, 1.1292015116, 3.95068586749, 0.685186912555, 59.2592306288, 18.5894678103, 0.754012678452, 4.9339086885, 42.9488812059, 336.308324763, 0.148658692498, 0.0
0.201073004587, 1.05148484397, 5.20499816691, 0.411762552295, 51.0997790295, 38.5445288099, 0.906595369813, 1.67643419952, 23.7265416739, 225.559301143, 0.328424341354, 0.0
0.31083329979, 1.15131617246, 2.434743734, 0.482792844856, 39.7637325946, 32.8720723451, 0.238906743914, 4.89332232429, 13.244023174, 206.097714104, 0.200337198389, 0.0
0.627013982314, 1.15925240173, 3.62620385068, 0.44899991261, 62.9626683212, 14.9563432371, 0.893380429363, 2.32825365081, 21.1249765334, 266.441622344, 0.303606369985, 0.1875
0.1, 0.820718518427, 2.89229516143, 0.613081255847, 54.6610027292, 34.8424909149, 1.84033450907, 2.19401335998, 24.7573495279, 221.583815792, 0.187797614763, 0.0923076923077
0.559942004636, 0.929714573118, 2.0, 0.418516306606, 33.4612325038, 28.5027984852, 3.06862643491, 0.0405400793334, 2.99611856737, 241.485614541, 0.458202795666, 0.280977312391
0.232335919316, 1.05684165676, 2.0, 0.519033195122, 93.7874381357, 30.2013263561, 4.0, 2.04762721851, 44.0, 516.046090888, 0.268538414335, 0.00221729490022
0.1, 0.962302997817, 10.0, 0.439877096496, 11.5009399435, 3.38933481304, 0.0, 1.91889074188, 41.4493429809, 652.249227367, 0.0340305999479, 0.444444444444
0.521249923881, 1.14317353875, 8.88064400436, 0.4, 19.1739978823, 15.055940145, 1.67025057175, 3.52528574611, 14.1286139777, 990.784166277, 0.383198233425, 0.370967741935
0.365877556956, 1.18232930463, 7.89400173044, 0.7, 1.0, 18.4408016717, 0.0, 3.89596876071, 35.6634254497, 732.918972539, 0.150554965744, 0.0
0.9, 0.82, 4.57025694513, 0.691625014033, 83.2620805092, 27.9146146408, 0.0, 4.83594850949, 38.306934751, 322.184560934, 0.426233594693, 0.0
0.332385719129, 0.976430249137, 2.0, 0.565658791029, 98.6836874127, 20.3182238504, 2.96041886158, 4.45901181783, 1.0, 167.315274599, 0.243062331884, 0.239263803681
0.513011037937, 0.828953691445, 4.10136631253, 0.48681574914, 13.6592411138, 7.47158890994, 1.85030334376, 0.807903467885, 11.7319116513, 324.1241139, 0.177401741695, 0.163265306122
0.446537171923, 0.93034234374, 6.26187951443, 0.671625101953, 68.6734566464, 43.3578556337, 2.62924800308, 3.41495813285, 9.55106625864, 582.744432714, 0.475993580404, 0.179190751445
0.812667299927, 1.03327413085, 2.45070506053, 0.661632603199, 69.143154096, 15.5442146951, 2.4074633935, 3.70923633575, 29.8119080922, 344.165386354, 0.437223046161, 0.0413223140496
0.341674958213, 1.025686534, 2.0, 0.606390749814, 91.845808845, 50.0, 1.37676181574, 1.30968925642, 1.0, 151.170199059, 0.381483887873, 0.0454545454545
0.1, 1.01337360176, 9.5932740098, 0.409632154634, 15.3423304641, 38.2884675468, 3.68318069043, 0.368376422428, 1.0, 1165.65687393, 0.236328074583, 0.621435594887
0.189850589799, 1.11258909511, 5.65733620515, 0.4, 72.679890736, 23.1432901622, 0.572325848022, 1.82081540837, 28.4381342273, 310.963100964, 0.197871864573, 0.0
0.100645872146, 0.906750044105, 5.7254788522, 0.49980934569, 71.8150958233, 2.50827692923, 1.96049826402, 1.64828099061, 44.0, 537.93887165, 0.0194801237089, 0.0
0.652656833785, 0.862652130697, 4.93666396483, 0.68988095025, 10.7095638999, 17.2469629967, 0.073057121328, 1.65524799933, 31.8832178756, 275.707158939, 0.236729581188, 0.0
0.412974714001, 0.939086562552, 9.49483445004, 0.565619749469, 86.7249173135, 4.10803106641, 0.263706199049, 4.45525754741, 3.19914991152, 506.831084401, 0.0409426122231, 0.0
0.732177383394, 1.07344137629, 3.91032038422, 0.668056641107, 17.561533479, 38.7492132942, 0.683409034376, 4.73674240063, 5.12781184562, 119.165517002, 0.680153405103, 0.0
