0.000153229608578, 0.0301611774287, 0.0936305840314, 0.299724492734, 0.501744666466, 0.262517865627, 0.312968639881, 0.995181591337, 0.198148707937, 0.142610925697, 0.230364059348, 0.306140127632, 0.423492445998, 0.361407888625, 0.257826028944, 0.294376035383, 0.388720029382, 0.307142728374, 0.0868156982542, 0.0736775767668, 0.0683101524674, 0.0937793166578, 0.000153229608578, 0.0301611774287, 13.6858778483
0.00816377314609, 0.0289789657582, 0.107204218425, 0.656634546835, 0.501246070701, 0.262517865627, 0.0747324458363, 0.0230601370608, 0.189521683886, 0.822459130611, 0.0662868673587, 0.120976290812, 0.188904755791, 0.362893427567, 0.283089328801, 0.427078468824, 0.550777616278, 0.143787022179, 0.0868156982542, 0.0954492178361, 0.0723409618644, 0.0866016394346, 0.00816377314609, 0.0289789657582, 12.9071348262
0.0145272721691, 0.0220575293867, 0.109880327948, 0.286930626821, 0.509185676592, 0.265269642195, 0.0396859192094, 0.648715596266, 0.457414586648, 0.130072176744, 0.0275755272805, 0.30390557755, 0.167186642713, 0.0461912074359, 0.0752557555071, 0.429358582341, 0.552663076746, 0.143613920961, 0.00786361482862, 0.211974078966, 0.0683422686485, 7.7698327959e-05, 0.0145272721691, 0.0220575293867, 12.0423579687
0.000390216908419, 0.0215944565417, 0.110489113295, 0.575455042978, 0.476903138456, 0.233410468558, 0.429456571542, 0.08768182625, 0.823648052118, 0.123260814107, 0.0278106228743, 0.120843082259, 0.00144447000577, 0.603210549105, 0.124372086468, 0.877189726391, 0.549958681184, 0.294354592453, 0.0103204216191, 0.0970112015886, 0.0163581543313, 0.138924839243, 0.000390216908419, 0.0215944565417, 13.7199341196
0.0403862450222, 0.00607826326968, 0.0668865332493, 0.177870395535, 0.390897829721, 0.264923220001, 0.0571594000569, 0.0990830637929, 0.450733940527, 0.180231320784, 0.664384584161, 0.306366785135, 0.0676674773622, 0.415133306539, 0.322596193851, 0.0301557416708, 0.25626839474, 0.129871920717, 0.0924342206905, 0.0621502712191, 0.382182571095, 0.0892858741238, 0.0403862450222, 0.00607826326968, 12.0731197377
0.00527100668162, 0.412054326517, 0.242969268226, 0.290663104643, 0.5039538789, 0.263650392818, 0.03014615843, 0.0251599979319, 0.195238104448, 0.48671963242, 0.0205446208564, 0.376836587294, 0.202999011945, 0.0474591867091, 0.238536600099, 0.466497989313, 0.25900206066, 0.586994601342, 0.428869102553, 0.113228013489, 0.0680967062023, 0.125732816557, 0.00527100668162, 0.412054326517, 12.6896205091
0.00228111646936, 0.00651984948706, 0.751575547882, 0.173768437627, 0.530225015508, 0.251065084058, 0.111914712625, 0.10871863568, 0.581279986077, 0.178670982274, 0.0696436824876, 0.10756616708, 0.456285278259, 0.706076831336, 0.121642676664, 0.319896142815, 0.273525134427, 0.0950867672089, 0.158961499731, 0.0748431633, 0.0707313373471, 0.198738612019, 0.00228111646936, 0.00651984948706, 13.207622123
0.848230450653, 0.2881819106, 0.0522931298478, 0.129948550151, 0.379164343713, 0.53454231783, 0.312126236351, 0.0683103671217, 0.198995559424, 0.652835043752, 0.100236431022, 0.00487209520273, 0.0778283461578, 0.129423246347, 0.0613887445401, 0.768249775273, 0.193733224001, 0.562193879424, 0.00898810606881, 0.0728892185641, 0.0637646578749, 0.00684969255312, 0.848230450653, 0.2881819106, 11.5641014357
0.892909432628, 0.0229540353281, 0.105796856212, 0.958192247957, 0.132240162416, 0.264928763989, 0.0571594000569, 0.426584261939, 0.451236206077, 0.146657230586, 0.171341897211, 0.302313253791, 0.0659259679901, 0.414519297984, 0.291423517571, 0.0272319126072, 0.388177313822, 0.129871920717, 0.0924342206905, 0.0621502712191, 0.0680027533928, 0.0887289486063, 0.892909432628, 0.0229540353281, 11.9859709871
0.00691736862145, 0.110116782528, 0.111998469637, 0.571561886217, 0.0286957150769, 0.834566224252, 0.13323665742, 0.0902089000554, 0.59523916273, 0.814324977719, 0.0233357748737, 0.10805995195, 0.285614363603, 0.0704479413848, 0.063281851979, 0.146996428559, 0.644083180054, 0.29821578153, 0.0830834862197, 0.0684495057253, 0.199362370402, 0.0888984581993, 0.00691736862145, 0.110116782528, 13.0624904977
0.00368072815246, 0.00651318984046, 0.0625650606696, 0.12448070512, 0.527896021178, 0.254791327593, 0.320690863811, 0.0013153338687, 0.589418637215, 0.487961966802, 0.0643592890134, 0.107274843829, 0.00153166974485, 0.861115655749, 0.245796028768, 0.801664996882, 0.199860499186, 0.0951137491103, 0.0812502197491, 0.206467105008, 0.0715772252209, 0.199778206784, 0.00368072815246, 0.00651318984046, 13.1596989858
0.0092784947857, 0.0153404821687, 0.061338032224, 0.292787449717, 0.0629963846933, 0.266173532081, 0.108917479419, 0.00763106787309, 0.591337171808, 0.492370618844, 0.0960536613973, 0.30390557755, 0.45120035653, 0.605610798989, 0.0741684725908, 0.322462353494, 0.557107723975, 0.142040777639, 0.00609019216394, 0.0159739660581, 0.0662266406792, 0.0156019822494, 0.0092784947857, 0.0153404821687, 12.1243444421
0.00575996100263, 0.63135164311, 0.0654930086448, 0.160147362271, 0.108165300482, 0.56548700388, 0.312193315614, 0.0264078563211, 0.199951870983, 0.533810411461, 0.0980387278234, 0.00878291948621, 0.432864758661, 0.360393451446, 0.253549710901, 0.325913639059, 0.260849916814, 0.322989989391, 0.0868316327821, 0.0196603959292, 0.0591650440781, 0.0508297853165, 0.00575996100263, 0.63135164311, 11.6690069438
8.62261916325e-06, 0.00123557506759, 0.0567028941899, 0.11855802814, 0.535856244497, 0.373974793753, 0.0330036291414, 0.64653684078, 0.201654945759, 0.694714148278, 0.740365816983, 0.0964982176867, 0.0379547268658, 0.356619952506, 0.252981433423, 0.321534941647, 0.394279663616, 0.140469797741, 0.566458614928, 0.0971934387234, 0.00774701861594, 0.088728914281, 8.62261916325e-06, 0.00123557506759, 13.7782409362
0.462973954671, 0.00101100443559, 0.0942869135083, 0.389786362294, 0.593052011889, 0.254791408961, 0.0192040282456, 0.053004547337, 0.200211725931, 0.180521822917, 0.620229673497, 0.00983173312263, 0.456285278259, 0.704175274081, 0.340242109001, 0.319896142815, 0.199628745665, 0.0987039333939, 0.158961499731, 0.0730473720412, 0.384884350272, 0.198738612019, 0.462973954671, 0.00101100443559, 13.2165797457
0.0403862450222, 0.0230103745251, 0.0631673668603, 0.951029253253, 0.132405881778, 0.264926324795, 0.0449195270939, 0.0788485709355, 0.450733940527, 0.0813161658403, 0.151941434677, 0.110042609715, 0.587137497714, 0.400085599182, 0.291423517571, 0.0303036476057, 0.0658812603774, 0.126788560548, 0.0932114123617, 0.0723233812514, 0.0683487979304, 0.0887980726741, 0.0403862450222, 0.0230103745251, 11.5938932036
0.00021732727177, 0.0342057317253, 0.057153473998, 0.655462097639, 0.108977509338, 0.239589715884, 0.360782786914, 0.0261118638525, 0.459140426128, 0.824556536817, 0.0276202609212, 0.00959278595383, 0.212502671623, 0.0422166135423, 0.242262127863, 0.466507070306, 0.389778825967, 0.447332770649, 0.402673886535, 0.0778648941682, 0.0648534916095, 0.225313574169, 0.00021732727177, 0.0342057317253, 13.2012295274
0.00691203919853, 0.110116782528, 0.0732487743429, 0.564421775819, 0.0257251138472, 0.833059630533, 0.025714567268, 0.0902089000554, 0.59523916273, 0.814324977719, 0.0244615093919, 0.10805995195, 0.45198074462, 0.0704479413848, 0.063281851979, 0.13941136612, 0.645445269398, 0.297991638381, 0.0830834862197, 0.0736083023074, 0.201856012803, 0.0888984581993, 0.00691203919853, 0.110116782528, 13.0770480676
0.0540939404142, 0.407929274065, 0.242987651631, 0.290626149318, 0.503944299702, 0.068599595799, 0.00593563298018, 0.0796308721306, 0.195192356739, 0.48671963242, 0.0205446208564, 0.0520371418761, 0.193243084159, 0.0407589295986, 0.116513490715, 0.474552264314, 0.259029045785, 0.32175953596, 0.428869102553, 0.113228013489, 0.0680967062023, 0.125732816557, 0.0540939404142, 0.407929274065, 11.4826149098
0.001412639148, 0.741046427651, 0.11794962716, 0.246566648968, 0.134952679149, 0.815843768482, 0.0307111850366, 0.0256843835895, 0.196845169345, 0.487025444677, 0.741429637419, 0.0103723122531, 0.0640040826622, 0.0456189021842, 0.244790588345, 0.328442562212, 0.201910271633, 0.311610909811, 0.0106344996082, 0.663664232786, 0.0657363052111, 0.19403247521, 0.001412639148, 0.741046427651, 12.4533345832
0.00110695378543, 0.743587882112, 0.117451651886, 0.181216326684, 0.0700641666359, 0.250430014359, 0.359979736125, 0.0233543117105, 0.587669648331, 0.829502365544, 0.0275361228652, 0.187407543564, 0.227311098151, 0.0422166135423, 0.124703039299, 0.786787033333, 0.554285049042, 0.097375955787, 0.402673886535, 0.0733849880464, 0.0648534916095, 0.0505568340419, 0.00110695378543, 0.743587882112, 12.6112822462
0.00747460704368, 0.0220584424628, 0.0659378927582, 0.188195494949, 0.394973700492, 0.412826943595, 0.0365770892048, 0.363838460283, 0.466181887595, 0.79806803782, 0.0231573448894, 0.120617387245, 0.284519692065, 0.414491304138, 0.284512678233, 0.713331029878, 0.0256563585803, 0.300359062382, 0.220296004435, 0.067894898332, 0.0185575350828, 0.0895060943171, 0.00747460704368, 0.0220584424628, 13.1346049428
0.0376884376249, 0.0232024093239, 0.0724748895812, 0.292962710608, 0.501759741317, 0.262174904963, 0.0269509396921, 0.647016887417, 0.590733451948, 0.249657948764, 0.143140880419, 0.0571614573594, 0.0671201752861, 0.414987250258, 0.0762090065441, 0.301689790136, 0.250749496383, 0.149389505685, 0.0156575304538, 0.0616512921446, 0.0113775932669, 0.0824950348561, 0.0376884376249, 0.0232024093239, 11.758774162
6.72444673042e-06, 0.701798903346, 0.815887092954, 0.594028471514, 0.544219342658, 0.812920641758, 0.430530555792, 0.648872814834, 0.185629077255, 0.771326659419, 0.116853865354, 0.00944171076383, 0.0531283139428, 0.365999325081, 0.0677683761463, 0.759446929599, 0.183848554129, 0.145657972964, 0.0868316327821, 0.11116142568, 0.196885797271, 0.0900145660613, 6.72444673042e-06, 0.701798903346, 15.2468093252
0.850975146142, 0.00758987558498, 0.116606801426, 0.172545756128, 0.380710455132, 0.265358395526, 0.313165252534, 0.10888762282, 0.188368178994, 0.488510267486, 0.169169283784, 0.0093171874771, 0.454117097783, 0.605683110591, 0.242594719443, 0.324958045141, 0.199652680412, 0.143613920961, 0.0835329667211, 0.209933186906, 0.395346919485, 0.203614919246, 0.850975146142, 0.00758987558498, 12.5525642159
0.463450374411, 0.00613685730647, 0.0637843296205, 0.438833443763, 0.52827507683, 0.262202654132, 0.118068478754, 0.996197921896, 0.581431502495, 0.18382908479, 0.146088941765, 0.108064135136, 0.00153166974485, 0.413780057851, 0.121498443435, 0.0105498448139, 0.56861673852, 0.150159384282, 0.0959617207074, 0.0750179839048, 0.0337206680504, 0.128187585258, 0.463450374411, 0.00613685730647, 12.7789069839
0.460917124467, 0.0126350157416, 0.0730496698324, 0.107091293069, 0.37607796944, 0.267144850561, 0.308840937167, 0.65529016473, 0.592542471697, 0.483619755234, 0.168497908067, 0.010026810988, 0.578332636484, 0.131742377215, 0.023836810696, 0.330378003507, 0.54890168612, 0.54144788473, 0.0805180064955, 0.266485950365, 0.0682427408385, 0.0875888096305, 0.460917124467, 0.0126350157416, 13.6861645248
0.00941424054345, 0.0153391858509, 0.110004218669, 0.292673639353, 0.275867135705, 0.265340336157, 0.354201495888, 0.00763526881345, 0.591337171808, 0.142188894119, 0.172281896806, 0.107479244099, 0.992133025131, 0.603760645444, 0.245811234214, 0.322220659069, 0.553457078479, 0.143613920961, 0.083438338577, 0.207612098185, 0.0691816241948, 0.0940387098691, 0.00941424054345, 0.0153391858509, 13.6011350367
0.113504555737, 0.0101582735694, 0.0730561976115, 0.17178688272, 0.479066192542, 0.262174904963, 0.312193315614, 0.64861888836, 0.204175924347, 0.13494684289, 0.16928946112, 0.30390557755, 0.596530400601, 0.413602654668, 0.155639270675, 0.429140714796, 0.536828896633, 0.224782889025, 0.0156575304538, 0.265734130069, 0.0683198183955, 0.293387142472, 0.113504555737, 0.0101582735694, 13.732572869
0.00937620510324, 0.0260493928441, 0.683663315196, 0.129982785433, 0.381324499023, 0.267174681126, 0.310622547557, 0.00996611572704, 0.195043083446, 0.122230817079, 0.170060711611, 0.110015637031, 0.578332636484, 0.107775750577, 0.0325001198019, 0.324958045141, 0.199629491095, 0.588600499089, 0.0805183805826, 0.210049779862, 0.0581065555044, 0.0140694413761, 0.00937620510324, 0.0260493928441, 12.168559795
0.44611098594, 0.0154717239585, 0.0909381592389, 0.387677565231, 0.381101316826, 0.0625551330219, 0.0197728554965, 0.789203936903, 0.19741223248, 0.488510267486, 0.169065775049, 0.0093171874771, 0.0670078680007, 0.0867272519751, 0.343499862717, 0.326084983151, 0.199629491095, 0.588600499089, 0.0805183805826, 0.206587608009, 0.0670699457837, 0.0875888096305, 0.44611098594, 0.0154717239585, 12.2633991535
0.0403556816722, 0.0219297627241, 0.0658184049763, 0.251735323828, 0.664456494551, 0.26499835308, 0.0558678992367, 0.426536062872, 0.450733940527, 0.146657230586, 0.0093694273444, 0.0927651880197, 0.0884724083594, 0.413358231783, 0.293795004519, 0.418261154201, 0.256232364542, 0.318621121378, 0.10762909641, 0.531718881819, 0.0680028482433, 0.0896779997551, 0.0403556816722, 0.0219297627241, 12.7555062748
0.00937620510324, 0.0231252455321, 0.693510799548, 0.129982785433, 0.381324499023, 0.268192988022, 0.310622547557, 0.00889093716947, 0.195043083446, 0.804052250271, 0.170012332898, 0.108725429995, 0.578332636484, 0.107775750577, 0.030016502326, 0.324958045141, 0.199629491095, 0.588600499089, 0.0805183805826, 0.210049779862, 0.0581065555044, 0.0151508735149, 0.00937620510324, 0.0231252455321, 13.0988485058
0.016508444972, 0.0228667292919, 0.046200110141, 0.113446917488, 0.105890571482, 0.241806063436, 0.346177760329, 0.290138069447, 0.197822340984, 0.149206470741, 0.14114021563, 0.104947740546, 0.072674665437, 0.594226497705, 0.907004979125, 0.756378204432, 0.195316335816, 0.302307677273, 0.00954626810164, 0.115304274202, 0.0661604699203, 0.00517469249316, 0.016508444972, 0.0228667292919, 12.4191409045
0.00575996100263, 0.641299429634, 0.245546102091, 0.172328122631, 0.108198579771, 0.545566858808, 0.312193315614, 0.643248044451, 0.199951870983, 0.486662477552, 0.169169283784, 0.00876308244819, 0.600289003871, 0.362881463902, 0.253549710901, 0.325913639059, 0.196010308701, 0.139721020611, 0.0868316327821, 0.0972489821471, 0.0591650440781, 0.0887314663002, 0.00575996100263, 0.641299429634, 12.8000464029
0.00376816965034, 0.00708049430111, 0.769568257977, 0.607763660904, 0.524224287054, 0.241324090709, 0.121880978713, 0.00934243306836, 0.822870415494, 0.816466906565, 0.0653166937106, 0.120330849318, 0.00332668569084, 0.0418180870104, 0.451556021559, 0.428846557642, 0.553531567894, 0.0949971978063, 0.0674824831559, 0.0737122235031, 0.0168743575437, 0.195117601091, 0.00376816965034, 0.00708049430111, 14.1333902594
0.112992670747, 0.00478255733922, 0.0732776536284, 0.400812245196, 0.482869830652, 0.829944025741, 0.0269129366946, 0.648715596266, 0.590691104667, 0.430251639251, 0.143045904107, 0.302308593451, 0.452046944534, 0.0704570941928, 0.0423845084274, 0.429171925622, 0.535439456873, 0.140884177501, 0.0830512282587, 0.0966318570555, 0.0738361735826, 0.088094227534, 0.112992670747, 0.00478255733922, 13.979046627
0.00377261063731, 0.00651318984046, 0.763662656443, 0.608915667117, 0.103148772609, 0.254791327593, 0.120344922006, 0.431833442487, 0.451789071334, 0.488889935947, 0.0643592890134, 0.107375647795, 0.00171217665116, 0.863249819382, 0.245796028768, 0.801664996882, 0.256609636067, 0.130783413025, 0.157386964748, 0.0736268315742, 0.0715212780157, 0.0898444663538, 0.00377261063731, 0.00651318984046, 14.215790885
0.0038560696542, 0.010501170601, 0.768443958049, 0.296696257203, 0.00707193643324, 0.241738130365, 0.312968639881, 0.0772605520413, 0.199064527823, 0.264363374946, 0.0732632618933, 0.306140127632, 0.30285256398, 0.374278672076, 0.0469054667075, 0.368348431774, 0.554077409911, 0.943733816931, 0.441824968694, 0.0951963057722, 0.073478885438, 0.0978884600135, 0.0038560696542, 0.010501170601, 13.8886336977
0.00228111646936, 0.00332998094713, 0.754824120271, 0.173768437627, 0.38164230208, 0.265055500074, 0.112387107259, 0.10871863568, 0.581215251336, 0.180521822917, 0.66070173571, 0.107554789952, 0.456285278259, 0.706076831336, 0.121642676664, 0.319896142815, 0.273525134427, 0.0987039333939, 0.158961499731, 0.0748431633, 0.385544946375, 0.198738612019, 0.00228111646936, 0.00332998094713, 14.2617135468
6.55163733431e-05, 0.117423656246, 0.815887092954, 0.164813647189, 0.544219342658, 0.812920641758, 0.0536639793133, 0.648080964029, 0.196599735439, 0.61873787373, 0.116853865354, 0.00190473082516, 0.594076981998, 0.365999325081, 0.0677683761463, 0.283276822477, 0.256916825863, 0.322042533953, 0.0868316327821, 0.11290950991, 0.0682054347737, 0.0900221524783, 6.55163733431e-05, 0.117423656246, 14.3562760889
7.2833222067e-05, 0.0196991901567, 0.0455463351709, 0.176046856676, 0.541577151811, 0.376893914224, 0.0405194350952, 0.00319090610707, 0.457848769214, 0.694714148278, 0.105908045254, 0.708270509363, 0.062750939338, 0.0181572709874, 0.0636399221904, 0.142489153345, 0.394279663616, 0.590777856675, 0.572346650876, 0.673720291561, 0.0158725970919, 0.142250430862, 7.2833222067e-05, 0.0196991901567, 13.8617869016
2.84971951302e-05, 0.023242319748, 0.760180771342, 0.608915667117, 0.527896021178, 0.262205342247, 0.371748165522, 0.94151855195, 0.581408898601, 0.142475789503, 0.0241471247403, 0.107274843829, 0.00153166974485, 0.852271017615, 0.245796028768, 0.703925629903, 0.25840909202, 0.0930489917113, 0.154914645536, 0.0734225103334, 0.0138387246368, 0.293790306187, 2.84971951302e-05, 0.023242319748, 15.469464742
2.84971951302e-05, 0.0066885107222, 0.760180771342, 0.608915667117, 0.527896021178, 0.254791327593, 0.360211746114, 0.992098531483, 0.581408898601, 0.145683511016, 0.0241471247403, 0.107274843829, 0.00153166974485, 0.861115655749, 0.245796028768, 0.703925629903, 0.54652627035, 0.0930489917113, 0.154914645536, 0.0734225103334, 0.0138387246368, 0.198738612019, 2.84971951302e-05, 0.0066885107222, 15.7933931329
0.00983090253715, 0.00595265097102, 0.110004218669, 0.294897106411, 0.508406244589, 0.263452531642, 0.110761793561, 0.00777320435082, 0.114137277391, 0.868112675181, 0.155916342047, 0.301661290624, 0.233064759953, 0.364163752614, 0.037805740765, 0.431025234537, 0.388669399189, 0.456468455668, 0.0835329667211, 0.95992647654, 0.0683418411642, 0.0487383960903, 0.00983090253715, 0.00595265097102, 13.8360693519
0.0078201241888, 0.00585322763982, 0.317224120111, 0.336285681688, 0.508004626785, 0.266312345134, 0.0336644111966, 0.088381958764, 0.18999907409, 0.840688362761, 0.171061574073, 0.11968725204, 0.301618878848, 0.0407016532139, 0.335669877905, 0.153358299592, 0.547472955784, 0.144959810489, 0.446185155959, 0.990021560785, 0.067673550971, 0.0902615053729, 0.0078201241888, 0.00585322763982, 14.082693604
0.00394950156388, 0.00613685730647, 0.0710263529127, 0.611506924219, 0.528279995045, 0.262086258917, 0.0223190799567, 0.649544974255, 0.586097905897, 0.182128499833, 0.137361390237, 0.0553817936851, 0.0546504311881, 0.414754926058, 0.852761750852, 0.525836907646, 0.258739533961, 0.293418511291, 0.155362835733, 0.0610890830848, 0.0715772252209, 0.293898136191, 0.00394950156388, 0.00613685730647, 14.2165319642
6.55163733431e-05, 0.701798903346, 0.864455653514, 0.173480741403, 0.0823658747682, 0.812920641758, 0.312193315614, 0.648872814834, 0.196626637846, 0.617088127387, 0.169169283784, 0.00957539125886, 0.600289003871, 0.365999325081, 0.123002907485, 0.324958045141, 0.198830314729, 0.145868725171, 0.0868316327821, 0.111242096405, 0.196885797271, 0.0888703295498, 6.55163733431e-05, 0.701798903346, 14.0961213943
1.47976993314e-05, 0.0298314494999, 0.867234404069, 0.434192968206, 0.788638207618, 0.808016803185, 0.367916805923, 0.104173410369, 0.503717807482, 0.145844334163, 0.0237699860526, 0.207877229889, 0.314677421361, 0.0463570503788, 0.121460666614, 0.706242690598, 0.554285049042, 0.447489929642, 0.402673886535, 0.111377104781, 0.0648534916095, 0.140500961923, 1.47976993314e-05, 0.0298314494999, 15.6598614482
0.463482647468, 0.00101100443559, 0.764791713653, 0.175790699101, 0.525988442417, 0.254791408961, 0.112945723069, 0.053004547337, 0.200211725931, 0.180521822917, 0.620229673497, 0.107554789952, 0.456285278259, 0.704175274081, 0.0741387457783, 0.319896142815, 0.564335079867, 0.0987039333939, 0.158961499731, 0.0730473720412, 0.383281644597, 0.198738612019, 0.463482647468, 0.00101100443559, 14.1316045266
0.463450374411, 0.00306279005028, 0.764298304083, 0.610391495462, 0.116215010933, 0.254711959766, 0.121431476849, 0.996197921896, 0.586537475553, 0.661855546743, 0.616760777943, 0.109829893951, 0.0546504311881, 0.747820601266, 0.0765101339005, 0.768048239446, 0.568875616861, 0.134798526803, 0.158961499731, 0.0610890830848, 0.071589442917, 0.198738612019, 0.463450374411, 0.00306279005028, 16.3605608133
0.858379181762, 0.00325705403449, 0.763975644586, 0.173768437627, 0.527895913916, 0.254791408961, 0.101414062732, 0.10871863568, 0.581408898601, 0.180521822917, 0.171478164996, 0.00540732799596, 0.456285278259, 0.606281925875, 0.121642676664, 0.319896142815, 0.200026622457, 0.0987039333939, 0.16074810386, 0.213678335403, 0.383281644597, 0.203457497952, 0.858379181762, 0.00325705403449, 13.291522274
0.0403862450222, 0.0230103745251, 0.0631673668603, 0.945872425723, 0.132405881778, 0.264926324795, 0.0465938712934, 0.0788485709355, 0.450733940527, 0.146657230586, 0.168477517911, 0.116916799406, 0.587137497714, 0.399244316973, 0.291423517571, 0.0300690824389, 0.256215727262, 0.126788560548, 0.0932114123617, 0.0905314676525, 0.0680027533928, 0.0887976845278, 0.0403862450222, 0.0230103745251, 11.9882356511
0.00382991251069, 0.121216494084, 0.110004218669, 0.571638874105, 0.481404693287, 0.241241582653, 0.431703789875, 0.0658312831815, 0.196601582494, 0.489345300744, 0.214042697113, 0.306170202157, 0.451647738636, 0.375338595957, 0.0752215048873, 0.429171925622, 0.554103835885, 0.143613920961, 0.0835329667211, 0.0969743348257, 0.016500945693, 0.0887314663002, 0.00382991251069, 0.121216494084, 13.2780329498
0.00142564844587, 0.0474471267474, 0.122328568289, 0.120277589904, 0.130633198166, 0.808767853903, 0.0212546158685, 0.0216845009261, 0.586129686162, 0.487025444677, 0.745789612041, 0.0865816376818, 0.0639319082041, 0.138642965663, 0.846876565816, 0.530449313273, 0.258173025869, 0.293882250872, 0.399083504601, 0.0516113023985, 0.00861813965887, 0.0942651193166, 0.00142564844587, 0.0474471267474, 13.8385907985
0.00650419057012, 0.298471051015, 0.0658184049763, 0.426749206228, 0.138967094829, 0.80552492952, 0.0537860960033, 0.299890923162, 0.507036654449, 0.481813010103, 0.169097420885, 0.0509912781903, 0.0639319082041, 0.393635275865, 0.291423517571, 0.0300690824389, 0.256215727262, 0.32398910418, 0.0924342206905, 0.779011496798, 0.0145290519818, 0.188250407132, 0.00650419057012, 0.298471051015, 13.2617320305
0.00290261779233, 0.0629929278235, 0.247497118028, 0.246963281656, 0.113366712907, 0.0677723039265, 0.0536167233742, 0.43467809749, 0.197375915779, 0.487002908315, 0.0592404178592, 0.0507763091584, 0.0692089923657, 0.883418570677, 0.290966509748, 0.473771302571, 0.263483248256, 0.319433584367, 0.089745697783, 0.0629647477763, 0.0675118046378, 0.970445816165, 0.00290261779233, 0.0629929278235, 13.3380452546
0.00127270582367, 0.0829721896014, 0.315722006118, 0.579292730717, 0.00205022512748, 0.241608542443, 0.440125103911, 0.0908407424579, 0.196812590091, 0.256656243035, 0.739036920105, 0.119909817903, 0.301559129683, 0.0348539278595, 0.465285402309, 0.153851162651, 0.550020216992, 0.280926367426, 0.568052818928, 0.0932800615874, 0.0176494054124, 0.144988390068, 0.00127270582367, 0.0829721896014, 13.5236096063
0.8526637269, 0.663817141269, 0.0591438953696, 0.128716551229, 0.380087345046, 0.265281250877, 0.313165247054, 0.009978283976, 0.196111755627, 0.483516405975, 0.169190970963, 0.00930569015613, 0.534024236355, 0.373204687011, 0.0573877691312, 0.32967598444, 0.199017228091, 0.580853056185, 0.086842921948, 0.206587608009, 0.0682508904292, 0.0972812290439, 0.8526637269, 0.663817141269, 11.7459957407
0.460917124467, 0.665765335847, 0.0591438953696, 0.128505175326, 0.37607796944, 0.267144850561, 0.313165252534, 0.00996611572704, 0.1961087469, 0.483619755234, 0.169190970963, 0.010026810988, 0.578332636484, 0.131742377215, 0.0573877691312, 0.329869453723, 0.199629491095, 0.588600499089, 0.0805183805826, 0.206587608009, 0.0682427408385, 0.0875888096305, 0.460917124467, 0.665765335847, 11.7468997099
0.001412639148, 0.741372565956, 0.108211246761, 0.291667993268, 0.131590327759, 0.809641971445, 0.0212546158685, 0.0259114165494, 0.585069655066, 0.119280612794, 0.745789612041, 0.0865816376818, 0.0639319082041, 0.0424339460108, 0.0758838194071, 0.325846396678, 0.256688584249, 0.311610909811, 0.0191840953616, 0.753346266634, 0.0109334920977, 0.188249580401, 0.001412639148, 0.741372565956, 12.499907826
0.00138536148794, 0.753959019308, 0.117451651886, 0.181216326684, 0.0700641666359, 0.80876191305, 0.359979736125, 0.0233504405306, 0.459149386896, 0.824211508757, 0.0276202609212, 0.0873265281419, 0.0651196586057, 0.0421291811574, 0.256605869631, 0.327162067566, 0.554285049042, 0.591952504926, 0.402634324115, 0.113900034125, 0.0632582479338, 0.0505568340419, 0.00138536148794, 0.753959019308, 13.0883790514
0.00932881731294, 0.0262022065008, 0.704799413615, 0.128356522667, 0.0555775873148, 0.348994126945, 0.59410421036, 0.295811780691, 0.19511442307, 0.245212784967, 0.140354392085, 0.0114224762109, 0.715737909206, 0.0806875993108, 0.0350363159386, 0.377542804323, 0.228341655377, 0.312012591319, 0.0904931563138, 0.764362896006, 0.0496376900956, 0.226372534834, 0.00932881731294, 0.0262022065008, 13.5520819206
0.460917124467, 0.663918136144, 0.0591438953696, 0.128502375583, 0.37607796944, 0.267167858153, 0.313165252534, 0.00996611572704, 0.196108721795, 0.483619755234, 0.169190970963, 0.010026810988, 0.578332636484, 0.131742377215, 0.0573877691312, 0.329865667348, 0.199629491095, 0.588600499089, 0.0805693985293, 0.206587608009, 0.0682426255657, 0.0968446277705, 0.460917124467, 0.663918136144, 11.7615966019
0.817615598123, 0.0232024093239, 0.105933144021, 0.291645861901, 0.528285504644, 0.262174904963, 0.121527965568, 0.644060893501, 0.590733451948, 0.183842556188, 0.143045904107, 0.0552186974999, 0.0211383430958, 0.415001084401, 0.0762090065441, 0.00392405640724, 0.568916458842, 0.14949835794, 0.0800378201997, 0.0616160913628, 0.0113775932669, 0.198850145312, 0.817615598123, 0.0232024093239, 11.815078022
0.0376884376249, 0.0232024093239, 0.0730561976115, 0.291645861901, 0.501759741317, 0.263454638517, 0.0269509396921, 0.647016887417, 0.590733451948, 0.138629892825, 0.112380794795, 0.0522524186105, 0.0617620308531, 0.394031886114, 0.0762090065441, 0.306697025172, 0.652266148044, 0.149189540686, 0.0156575304538, 0.0979615589497, 0.0118662854585, 0.00794367453639, 0.0376884376249, 0.0232024093239, 12.0232731334
0.0403862450222, 0.304220995851, 0.0658184049763, 0.94441985685, 0.132405881778, 0.264926324795, 0.0571594000569, 0.426536062872, 0.450733940527, 0.146657230586, 0.171341897211, 0.302351496685, 0.0639319082041, 0.412920523303, 0.291423517571, 0.0300690824389, 0.256215727262, 0.129871920717, 0.0924342206905, 0.0621502712191, 0.0680027533928, 0.0892858741238, 0.0403862450222, 0.304220995851, 11.9454147069
0.0403862450222, 0.228208972157, 0.0660160504416, 0.291243766534, 0.132405881778, 0.264926324795, 0.0571594000569, 0.440405545045, 0.864478906305, 0.15197004532, 0.171341897211, 0.299669141328, 0.292775403653, 0.412920523303, 0.297403665074, 0.0300690824389, 0.256215727262, 0.129871920717, 0.0909343472495, 0.0621502712191, 0.0680027533928, 0.0925689442394, 0.0403862450222, 0.228208972157, 11.9586261079
0.398352457785, 0.00613685730647, 0.105811758512, 0.956187415794, 0.527896021178, 0.265015855129, 0.0572315190126, 0.402791983531, 0.583873397616, 0.185872212946, 0.015337734127, 0.305354109476, 0.0659797759334, 0.60856480958, 0.119122132123, 0.849077507187, 0.567699651463, 0.0987039333939, 0.314282939553, 0.0732859661669, 0.0715768550681, 0.198820319333, 0.398352457785, 0.00613685730647, 14.5684582407
0.0461819101058, 0.120454439826, 0.315722006118, 0.575455042978, 0.00205022512748, 0.241608542443, 0.429997097905, 0.0908407424579, 0.196812590091, 0.256656243035, 0.0755018497249, 0.11913476334, 0.301559129683, 0.0348850593585, 0.465285402309, 0.153851162651, 0.550020216992, 0.278576260131, 0.454968963807, 0.091418646527, 0.0176786056407, 0.00845882008356, 0.0461819101058, 0.120454439826, 12.241437399
0.00170752507514, 0.295613754783, 0.323520173516, 0.295140722309, 0.0571861320759, 0.348957218142, 0.0342580358728, 0.293727271424, 0.197381950718, 0.247308071921, 0.140354392085, 0.0119675044062, 0.715737909206, 0.548238826111, 0.286164456951, 0.321025077778, 0.261800471831, 0.309743309967, 0.00628183768227, 0.779385571522, 0.725077545274, 0.136360238421, 0.00170752507514, 0.295613754783, 14.0770899032
0.00290261779233, 0.0605434926272, 0.24976031771, 0.246637918888, 0.113366712907, 0.0676116044594, 0.0305409630343, 0.434434641917, 0.197375915779, 0.487002908315, 0.0592404178592, 0.136142627608, 0.0692089923657, 0.883418570677, 0.246320268512, 0.473771302571, 0.26327195522, 0.319433584367, 0.508475966902, 0.061634152003, 0.0675118046378, 0.970445816165, 0.00290261779233, 0.0605434926272, 13.927420879
0.463450374411, 0.0215855264482, 0.105924235848, 0.251583455547, 0.66476880751, 0.236114639894, 0.0395159777147, 0.425970540683, 0.451335802263, 0.146669572819, 0.00603851456519, 0.107554789952, 0.00153166974485, 0.602359161922, 0.121642676664, 0.802477611926, 0.567699651463, 0.10053173255, 0.116552958356, 0.0736268315742, 0.0680094819743, 0.0168132197658, 0.463450374411, 0.0215855264482, 12.6148309376
6.55163733431e-05, 0.701798903346, 0.804917618932, 0.159953097938, 0.544850226734, 0.812920641758, 0.31387585374, 0.648872814834, 0.19792664041, 0.616994023326, 0.116853865354, 0.0113273306295, 0.627966931316, 0.365999325081, 0.0762452747375, 0.30194998513, 0.250672647145, 0.145831560834, 0.0146306570187, 0.0613723738902, 0.196885797271, 0.0900145660613, 6.55163733431e-05, 0.701798903346, 14.4042082503
0.112992670747, 0.0076339997601, 0.0732776536284, 0.400812245196, 0.482869830652, 0.262301435672, 0.311988723649, 0.648715596266, 0.590733451948, 0.430251639251, 0.143045904107, 0.302308593451, 0.449184230773, 0.413602654668, 0.0422810154101, 0.429171925622, 0.536828896633, 0.140884177501, 0.0802953274915, 0.0967097156464, 0.0716545555593, 0.128362381871, 0.112992670747, 0.0076339997601, 14.1056480363
0.0403862450222, 0.0230103745251, 0.0631673668603, 0.995554595515, 0.542691798633, 0.254645721675, 0.0460636123969, 0.110507038929, 0.450733940527, 0.180803356001, 0.168477517911, 0.117499019997, 0.456197620216, 0.402020513694, 0.123496509402, 0.0300690824389, 0.255938820027, 0.126788560548, 0.159758071273, 0.0734623475106, 0.0680027533928, 0.0887976845278, 0.0403862450222, 0.0230103745251, 12.3505704135
0.463477619392, 0.0109823031173, 0.0586978318945, 0.617130227172, 0.379693350808, 0.262086258917, 0.121659784038, 0.649544974255, 0.581408898601, 0.182128499833, 0.145718261989, 0.0550739104798, 0.0516155478291, 0.414754926058, 0.0767632171276, 0.801664996882, 0.572755043996, 0.134798526803, 0.0911433824733, 0.0610890830848, 0.0716078744366, 0.293898136191, 0.463477619392, 0.0109823031173, 13.5841051882
0.0540939404142, 0.407929274065, 0.242987651631, 0.290663104643, 0.5039538789, 0.068599595799, 0.03014615843, 0.0226942304395, 0.195192356739, 0.48671963242, 0.0205446208564, 0.376836587294, 0.202999011945, 0.0407589295986, 0.289492799589, 0.474552264314, 0.25900206066, 0.32175953596, 0.428869102553, 0.113228013489, 0.0680967062023, 0.125732816557, 0.0540939404142, 0.407929274065, 12.1219584483
0.818630221546, 0.669736983367, 0.061338032224, 0.291843303156, 0.378909389269, 0.266173532081, 0.108917479419, 0.00763106787309, 0.171849701582, 0.488464794121, 0.171826902017, 0.30390557755, 0.45120035653, 0.766270225386, 0.0741684725908, 0.324968831319, 0.557107723975, 0.142040777639, 0.00662119167875, 0.0159739660581, 0.0662130787092, 0.0156019822494, 0.818630221546, 0.669736983367, 11.9112906998
0.0322495805864, 0.361318156588, 0.0654242386977, 0.635183155891, 0.0667770204297, 0.565412300869, 0.0939390161994, 0.0201247121855, 0.445162782384, 0.4855478413, 0.0975073811206, 0.0118359659592, 0.433520631695, 0.360522991311, 0.151854755531, 0.463594341387, 0.260827977949, 0.318759369959, 0.0894578291044, 0.0192268133493, 0.0680576926062, 0.191832113236, 0.0322495805864, 0.361318156588, 12.4867466615
0.0376870882007, 0.0232048898632, 0.0730561976115, 0.23047623945, 0.501759741317, 0.262174904963, 0.00637403224728, 0.102542659987, 0.590733451948, 0.138629892825, 0.14554214129, 0.0552550558232, 0.452335377589, 0.415001084401, 0.119242110213, 0.306697025172, 0.257861197702, 0.149389505685, 0.401820221399, 0.667543446765, 0.011360723851, 0.295634793919, 0.0376870882007, 0.0232048898632, 12.9835579712
0.00306684093915, 0.12214577509, 0.0634021978553, 0.575455042978, 0.0249387058029, 0.241324090709, 0.0376504682961, 0.00934243306836, 0.822870415494, 0.816466906565, 0.0265036621915, 0.120622603663, 0.599667539107, 0.0348850593585, 0.45380199148, 0.428846557642, 0.552654331032, 0.294354592453, 0.0695565056922, 0.202693476738, 0.0168743575437, 0.140313457743, 0.00306684093915, 0.12214577509, 13.4250825539
0.45288445379, 0.00613685730647, 0.0637843296205, 0.581113551915, 0.529699683052, 0.262202654132, 0.118068478754, 0.988591547383, 0.456717075592, 0.816358508898, 0.146088941765, 0.107554789952, 0.00153166974485, 0.0326786150203, 0.121498443435, 0.806919494975, 0.568076505713, 0.101580630087, 0.0959617207074, 0.0752636480048, 0.0715772252209, 0.0504483706846, 0.45288445379, 0.00613685730647, 14.0846267976
0.113638431641, 0.0076339997601, 0.0733049453812, 0.400812245196, 0.482869830652, 0.262301435672, 0.311988723649, 0.00382616356358, 0.590733451948, 0.430251639251, 0.143045904107, 0.302308593451, 0.448437256514, 0.413602654668, 0.0422810154101, 0.429171925622, 0.64497999845, 0.140919872816, 0.00349308340051, 0.679876527821, 0.0716545555593, 0.128362381871, 0.113638431641, 0.0076339997601, 14.0635269229
0.850975146142, 0.666138820173, 0.113177749342, 0.172545756128, 0.380054995775, 0.2652842409, 0.313165252534, 0.00996611572704, 0.195043083446, 0.488510267486, 0.169169283784, 0.0093171874771, 0.578332636484, 0.605683110591, 0.242594719443, 0.324958045141, 0.199030958213, 0.143613920961, 0.0835329667211, 0.206587608009, 0.0625935335427, 0.0887314663002, 0.850975146142, 0.666138820173, 11.8802846416
0.00941424054345, 0.033796434734, 0.0564701865639, 0.293463496508, 0.304037586199, 0.265270471721, 0.0396859192094, 0.0260969083525, 0.455655305045, 0.822840185165, 0.172281896806, 0.011367148454, 0.203586908482, 0.603760645444, 0.0752557555071, 0.458767970403, 0.551667652012, 0.140912652868, 0.08675526953, 0.207612098185, 0.0616805249706, 0.0921252055044, 0.00941424054345, 0.033796434734, 12.6450316959
0.00679205424401, 0.66393027037, 0.0591438953696, 0.128716551229, 0.510298368133, 0.267167980634, 0.313165887157, 0.0127081144023, 0.582298510056, 0.808593373523, 0.171073527569, 0.010026810988, 0.451510753536, 0.373204687011, 0.0573877691312, 0.430675925713, 0.559455066551, 0.148849222684, 0.0868978142084, 0.206587608009, 0.0682319264129, 0.0971587736968, 0.00679205424401, 0.66393027037, 13.0952179816
0.460917124467, 0.66393027037, 0.0591438953696, 0.128716551229, 0.37607796944, 0.267167980634, 0.313165887157, 0.0120538644021, 0.196111755627, 0.483619755234, 0.169190970963, 0.010026810988, 0.578332636484, 0.373204687011, 0.0573877691312, 0.329582365509, 0.201389203911, 0.580853056185, 0.086842921948, 0.206587608009, 0.0682319264129, 0.0971587736968, 0.460917124467, 0.66393027037, 12.0885000801
0.001412639148, 0.741046427651, 0.118029216971, 0.246566648968, 0.131590327759, 0.808767853903, 0.0212546158685, 0.0259114165494, 0.196849304463, 0.487025444677, 0.745789612041, 0.0865816376818, 0.0639319082041, 0.0424339460108, 0.244790588345, 0.325846396678, 0.557397314071, 0.311610909811, 0.402326946119, 0.671731892999, 0.0659884478869, 0.188249580401, 0.001412639148, 0.741046427651, 13.5250338392
0.00941775226544, 0.665765335847, 0.0591438953696, 0.121018741588, 0.403100934037, 0.267174681126, 0.305291374694, 0.00996611572704, 0.195083327859, 0.491239888238, 0.146585845582, 0.110106231253, 0.578332636484, 0.136320770943, 0.538863218878, 0.325842509688, 0.199629491095, 0.600696459823, 0.0804647178291, 0.212287440214, 0.0662268539577, 0.0875888096305, 0.00941775226544, 0.665765335847, 12.5453831765
0.463450374411, 0.00613685730647, 0.0637843296205, 0.439981157345, 0.529699683052, 0.262202654132, 0.118068478754, 0.996197921896, 0.581431502495, 0.182743842258, 0.146088941765, 0.107554789952, 0.00153166974485, 0.413780057851, 0.121498443435, 0.806919494975, 0.56861673852, 0.100268919366, 0.0959617207074, 0.0752636480048, 0.0715772252209, 0.127483595117, 0.463450374411, 0.00613685730647, 13.838062619
0.000204161131879, 0.680564312348, 0.672377157051, 0.41379298207, 0.403866199653, 0.268069472568, 0.195484976232, 0.0075584788029, 0.310051589502, 0.491239888238, 0.146412490786, 0.110106231253, 0.578332636484, 0.141080120273, 0.5389203923, 0.313014932455, 0.199629491095, 0.31987755363, 0.0836712364977, 0.756995652071, 0.0662268539577, 0.0144653626356, 0.000204161131879, 0.680564312348, 13.9952779842
