0.583751376519, 0.365045104848, 0.999145654199, 0.862441209713, 0.0157468196622, 0.286021963777, 0.621963238639, 0.0513462388428, 0.460843349563, 0.181762252343, 0.425482934539, 0.0281814616439, 0.87577304879, 0.189355240089, 0.265008769548, 1.55714885222e-07, 2.04805830646, 5.56827550829e-44, 1.36100454956e-23
0.622423850679, 0.634903479291, 0.564506714847, 0.380343439832, 0.390443981102, 0.375224383932, 0.756288594704, 0.679820352704, 0.941745556289, 0.224304953989, 0.130107408657, 0.150000187678, 0.344063341187, 0.924899894421, 1.86091413316, 3.04396185107e-42, 4.29296588051e-25, 5.45276666934e-20, 7.48977576655e-21
0.948845599229, 0.788430887284, 0.0306576257318, 0.47663445554, 0.321620829, 0.459881620323, 0.6364191071, 0.513649734696, 0.52278375161, 0.833086645628, 0.101220157703, 0.616971901172, 0.535798182604, 0.0268846956296, 1.56146535355, 1.61508589933e-32, 1.10536073758e-151, 1.16416677336e-10, 0.0128592847702
0.0377324996829, 0.98456467235, 0.404246874317, 0.0334453149848, 0.623146572434, 0.296135946006, 0.534015919565, 0.943060210489, 0.178908453621, 0.732795834429, 0.449783841221, 0.726607459014, 0.477672863242, 0.28392758551, 1.430164378, 6.09585851942e-148, 1.03794153498e-39, 0.492339765998, 1.11527927193e-142
0.98764851454, 0.552371113231, 0.404246874317, 0.0282243294749, 0.623146572434, 0.287625468461, 0.534015919565, 0.943060210489, 0.178908453621, 0.732795834429, 0.449833001047, 0.726607459014, 0.477672863242, 0.28392758551, 1.36297826816, 2.47156551723e-155, 9.89181228089e-40, 3.57853009917e-26, 0.663906928302
0.946898117822, 0.234882899444, 0.503864782653, 0.211481122974, 0.643380371668, 0.741030686939, 0.648688264302, 0.723292069678, 0.950234966878, 0.607563995583, 0.411855602624, 0.726866100923, 0.209114190528, 0.766082769498, 1.5795195533, 8.35229201485e-68, 4.22712750837e-30, 3.01845574378e-63, 0.0105919695228
0.990106735457, 0.551634452738, 0.404246874317, 0.0281478104202, 0.62118775818, 0.788832010956, 0.534015919565, 0.0654465292234, 0.178908453621, 0.732795834429, 0.449783841221, 0.726607459014, 0.476350345116, 0.502206015426, 1.25357310724, 1.7327315221e-155, 9.09780452621e-40, 2.88010152497e-26, 0.823443063957
0.0115052192372, 0.241777341046, 0.404246874317, 0.0177302076826, 0.591266482825, 0.788832010956, 0.534015919565, 0.765975180638, 0.218990216328, 0.718300936047, 0.411160025893, 0.726607459014, 0.480823220975, 0.502206015426, 1.34989127498, 1.57688833621e-175, 9.79683345185e-40, 4.65562913898e-62, 2.60560478762e-194
0.0115052192372, 0.241777341046, 0.404246874317, 0.0177302076826, 0.591266482825, 0.788832010956, 0.534015919565, 0.765975180638, 0.218990216328, 0.718300936047, 0.411160025893, 0.726607459014, 0.480823220975, 0.502206015426, 1.34989127498, 1.57688833621e-175, 9.79683345185e-40, 4.65562913898e-62, 2.60560478762e-194
0.0115052192372, 0.241777341046, 0.404246874317, 0.0177302076826, 0.591266482825, 0.788832010956, 0.534015919565, 0.765975180638, 0.218990216328, 0.718300936047, 0.411160025893, 0.726607459014, 0.480823220975, 0.502206015426, 1.34989127498, 1.57688833621e-175, 9.79683345185e-40, 4.65562913898e-62, 2.60560478762e-194
0.0115052192372, 0.241777341046, 0.404246874317, 0.0177302076826, 0.591266482825, 0.788832010956, 0.534015919565, 0.765975180638, 0.218990216328, 0.718300936047, 0.411160025893, 0.726607459014, 0.480823220975, 0.502206015426, 1.34989127498, 1.57688833621e-175, 9.79683345185e-40, 4.65562913898e-62, 2.60560478762e-194
0.0136961054631, 0.552761334567, 0.404246874317, 0.0274203052453, 0.591618529882, 0.868373051841, 0.534658165048, 0.0654465292234, 0.916183493163, 0.717927046107, 0.41125135653, 0.727985475396, 0.47642143389, 0.761196095055, 1.68346451268, 1.69649409164e-156, 1.22177406126e-39, 4.74339742389e-26, 1.2079055981e-186
0.0136961054631, 0.552761334567, 0.404246874317, 0.0274203052453, 0.591618529882, 0.868373051841, 0.534658165048, 0.0654465292234, 0.916183493163, 0.717927046107, 0.41125135653, 0.727985475396, 0.47642143389, 0.761196095055, 1.68346451268, 1.69649409164e-156, 1.22177406126e-39, 4.74339742389e-26, 1.2079055981e-186
0.990106735457, 0.551634452738, 0.50700756755, 0.0290226090194, 0.591266482825, 0.788832010956, 0.534015919565, 0.0654465292234, 0.192959228053, 0.738880627184, 0.446983253613, 0.731540950843, 0.476350345116, 0.502206015426, 1.24541294311, 3.67348588613e-154, 6.20693809812e-30, 2.86135343519e-26, 0.818082841633
0.0215184852288, 0.551634452738, 0.542033061589, 0.0290226090194, 0.590889572683, 0.788832010956, 0.586952665126, 0.0654465292234, 0.194379879238, 0.733273465043, 0.445650301579, 0.731540950843, 0.476290806195, 0.502206015426, 1.49303459163, 4.40387385582e-154, 5.92607963616e-27, 3.43026759217e-26, 4.48083945308e-167
0.0215184852288, 0.551634452738, 0.542033061589, 0.0290226090194, 0.590889572683, 0.788832010956, 0.586952665126, 0.0654465292234, 0.194379879238, 0.733273465043, 0.445650301579, 0.731540950843, 0.476290806195, 0.502206015426, 1.49303459163, 4.40387385582e-154, 5.92607963616e-27, 3.43026759217e-26, 4.48083945308e-167
0.0117610890375, 0.995352412693, 0.404246874317, 0.0338952558234, 0.626659491691, 0.297669868487, 0.534015919565, 0.0722035284904, 0.328199225621, 0.718415608041, 0.452237789262, 0.726607459014, 0.480758448545, 0.505351344064, 0.757785820228, 1.22901719682e-147, 5.4996292002e-40, 1.14422004069, 2.38975859718e-193
0.0117610890375, 0.995352412693, 0.404246874317, 0.0338952558234, 0.626659491691, 0.297669868487, 0.534015919565, 0.0722035284904, 0.328199225621, 0.718415608041, 0.452237789262, 0.726607459014, 0.480758448545, 0.505351344064, 0.757785820228, 1.22901719682e-147, 5.4996292002e-40, 1.14422004069, 2.38975859718e-193
0.0117610890375, 0.995352412693, 0.404246874317, 0.0338952558234, 0.626659491691, 0.297669868487, 0.534015919565, 0.0722035284904, 0.328199225621, 0.718415608041, 0.452237789262, 0.726607459014, 0.480758448545, 0.505351344064, 0.757785820228, 1.22901719682e-147, 5.4996292002e-40, 1.14422004069, 2.38975859718e-193
0.0117610890375, 0.995352412693, 0.404246874317, 0.0338952558234, 0.626659491691, 0.297669868487, 0.534015919565, 0.0722035284904, 0.328199225621, 0.718415608041, 0.452237789262, 0.726607459014, 0.480758448545, 0.505351344064, 0.757785820228, 1.22901719682e-147, 5.4996292002e-40, 1.14422004069, 2.38975859718e-193
0.0117610890375, 0.995352412693, 0.404246874317, 0.0338952558234, 0.626659491691, 0.297669868487, 0.534015919565, 0.0722035284904, 0.328199225621, 0.718415608041, 0.452237789262, 0.726607459014, 0.480758448545, 0.505351344064, 0.757785820228, 1.22901719682e-147, 5.4996292002e-40, 1.14422004069, 2.38975859718e-193
0.990106735457, 0.988052940086, 0.510415263093, 0.0290226090194, 0.591266482825, 0.788832010956, 0.534015919565, 0.0654465292234, 0.192959228053, 0.732841956135, 0.446983253613, 0.731540950843, 0.476350345116, 0.502206015426, 1.10699735694, 3.26521350947e-154, 1.07803220441e-29, 0.565407468172, 0.816518908322
0.990106735457, 0.988052940086, 0.510415263093, 0.0290226090194, 0.591266482825, 0.788832010956, 0.534015919565, 0.0654465292234, 0.192959228053, 0.732841956135, 0.446983253613, 0.731540950843, 0.476350345116, 0.502206015426, 1.10699735694, 3.26521350947e-154, 1.07803220441e-29, 0.565407468172, 0.816518908322
0.990106735457, 0.988052940086, 0.510415263093, 0.0290226090194, 0.591266482825, 0.788832010956, 0.534015919565, 0.0654465292234, 0.192959228053, 0.732841956135, 0.446983253613, 0.731540950843, 0.476350345116, 0.502206015426, 1.10699735694, 3.26521350947e-154, 1.07803220441e-29, 0.565407468172, 0.816518908322
0.990106735457, 0.988052940086, 0.510415263093, 0.0290226090194, 0.591266482825, 0.788832010956, 0.534015919565, 0.0654465292234, 0.192959228053, 0.732841956135, 0.446983253613, 0.731540950843, 0.476350345116, 0.502206015426, 1.10699735694, 3.26521350947e-154, 1.07803220441e-29, 0.565407468172, 0.816518908322
0.990106735457, 0.988052940086, 0.510415263093, 0.0290226090194, 0.591266482825, 0.788832010956, 0.534015919565, 0.0654465292234, 0.192959228053, 0.732841956135, 0.446983253613, 0.731540950843, 0.476350345116, 0.502206015426, 1.10699735694, 3.26521350947e-154, 1.07803220441e-29, 0.565407468172, 0.816518908322
0.975516908186, 0.90750340617, 0.404246874317, 0.0339378993021, 0.619033621257, 0.303069774803, 0.534015919565, 0.0722035284904, 0.328199225621, 0.732904611633, 0.446937165143, 0.726607459014, 0.480758448545, 0.502197205773, 1.36350735341, 2.5076853012e-147, 9.89565211609e-40, 0.000130497965052, 0.180625388182
0.975516908186, 0.90750340617, 0.404246874317, 0.0339378993021, 0.619033621257, 0.303069774803, 0.534015919565, 0.0722035284904, 0.328199225621, 0.732904611633, 0.446937165143, 0.726607459014, 0.480758448545, 0.502197205773, 1.36350735341, 2.5076853012e-147, 9.89565211609e-40, 0.000130497965052, 0.180625388182
0.975516908186, 0.90750340617, 0.404246874317, 0.0339378993021, 0.619033621257, 0.303069774803, 0.534015919565, 0.0722035284904, 0.328199225621, 0.732904611633, 0.446937165143, 0.726607459014, 0.480758448545, 0.502197205773, 1.36350735341, 2.5076853012e-147, 9.89565211609e-40, 0.000130497965052, 0.180625388182
0.990106735457, 0.551634452738, 0.514106793186, 0.0290226090194, 0.591640408204, 0.788832010956, 0.534015919565, 0.0654465292234, 0.193114422698, 0.732847549879, 0.446983253613, 0.731460028265, 0.476350345116, 0.502206015426, 1.2429804721, 3.66631103865e-154, 2.48838990783e-29, 2.85576479946e-26, 0.816485007914
0.0117610890375, 0.987904694414, 0.405164320091, 0.0290457003706, 0.626826881442, 0.280368988196, 0.534015919565, 0.0722035284904, 0.328199225621, 0.732486100772, 0.452441175977, 0.726605748273, 0.480758448545, 0.502243187642, 1.23876011058, 3.95632886663e-154, 1.12778524168e-39, 0.621760950647, 2.41351580424e-193
0.0117610890375, 0.987904694414, 0.405164320091, 0.0290457003706, 0.626826881442, 0.280368988196, 0.534015919565, 0.0722035284904, 0.328199225621, 0.732486100772, 0.452441175977, 0.726605748273, 0.480758448545, 0.502243187642, 1.23876011058, 3.95632886663e-154, 1.12778524168e-39, 0.621760950647, 2.41351580424e-193
0.0117610890375, 0.987904694414, 0.405164320091, 0.0290457003706, 0.626826881442, 0.280368988196, 0.534015919565, 0.0722035284904, 0.328199225621, 0.732486100772, 0.452441175977, 0.726605748273, 0.480758448545, 0.502243187642, 1.23876011058, 3.95632886663e-154, 1.12778524168e-39, 0.621760950647, 2.41351580424e-193
0.990106735457, 0.242778525344, 0.514962485841, 0.017837578928, 0.591640408204, 0.788832010956, 0.534015919565, 0.0654465292234, 0.193114422698, 0.732847549879, 0.446983253613, 0.731460028265, 0.476350345116, 0.502206015426, 1.2429804721, 2.65567522985e-175, 2.93862006145e-29, 6.48053854536e-62, 0.816485007914
0.990106735457, 0.242778525344, 0.514962485841, 0.017837578928, 0.591640408204, 0.788832010956, 0.534015919565, 0.0654465292234, 0.193114422698, 0.732847549879, 0.446983253613, 0.731460028265, 0.476350345116, 0.502206015426, 1.2429804721, 2.65567522985e-175, 2.93862006145e-29, 6.48053854536e-62, 0.816485007914
0.990106735457, 0.242778525344, 0.514962485841, 0.017837578928, 0.591640408204, 0.788832010956, 0.534015919565, 0.0654465292234, 0.193114422698, 0.732847549879, 0.446983253613, 0.731460028265, 0.476350345116, 0.502206015426, 1.2429804721, 2.65567522985e-175, 2.93862006145e-29, 6.48053854536e-62, 0.816485007914
0.990106735457, 0.242778525344, 0.514962485841, 0.017837578928, 0.591640408204, 0.788832010956, 0.534015919565, 0.0654465292234, 0.193114422698, 0.732847549879, 0.446983253613, 0.731460028265, 0.476350345116, 0.502206015426, 1.2429804721, 2.65567522985e-175, 2.93862006145e-29, 6.48053854536e-62, 0.816485007914
0.990106735457, 0.995177732055, 0.514539712516, 0.0290226090194, 0.625727663777, 0.788832010956, 0.534015919565, 0.144901949939, 0.192959228053, 0.732599318569, 0.446888582869, 0.731540950843, 0.476350345116, 0.505404456429, 0.677829592219, 1.99933480216e-154, 1.47614953787e-29, 0.986316517615, 0.786134482473
0.990106735457, 0.995177732055, 0.514539712516, 0.0290226090194, 0.625727663777, 0.788832010956, 0.534015919565, 0.144901949939, 0.192959228053, 0.732599318569, 0.446888582869, 0.731540950843, 0.476350345116, 0.505404456429, 0.677829592219, 1.99933480216e-154, 1.47614953787e-29, 0.986316517615, 0.786134482473
0.990106735457, 0.995177732055, 0.514539712516, 0.0290226090194, 0.625727663777, 0.788832010956, 0.534015919565, 0.144901949939, 0.192959228053, 0.732599318569, 0.446888582869, 0.731540950843, 0.476350345116, 0.505404456429, 0.677829592219, 1.99933480216e-154, 1.47614953787e-29, 0.986316517615, 0.786134482473
0.990106735457, 0.995177732055, 0.514539712516, 0.0290226090194, 0.625727663777, 0.788832010956, 0.534015919565, 0.144901949939, 0.192959228053, 0.732599318569, 0.446888582869, 0.731540950843, 0.476350345116, 0.505404456429, 0.677829592219, 1.99933480216e-154, 1.47614953787e-29, 0.986316517615, 0.786134482473
0.990106735457, 0.995177732055, 0.514539712516, 0.0290226090194, 0.625727663777, 0.788832010956, 0.534015919565, 0.144901949939, 0.192959228053, 0.732599318569, 0.446888582869, 0.731540950843, 0.476350345116, 0.505404456429, 0.677829592219, 1.99933480216e-154, 1.47614953787e-29, 0.986316517615, 0.786134482473
0.990106735457, 0.995177732055, 0.514539712516, 0.0290226090194, 0.625727663777, 0.788832010956, 0.534015919565, 0.144901949939, 0.192959228053, 0.732599318569, 0.446888582869, 0.731540950843, 0.476350345116, 0.505404456429, 0.677829592219, 1.99933480216e-154, 1.47614953787e-29, 0.986316517615, 0.786134482473
0.990106735457, 0.995177732055, 0.514539712516, 0.0290226090194, 0.625727663777, 0.788832010956, 0.534015919565, 0.144901949939, 0.192959228053, 0.732599318569, 0.446888582869, 0.731540950843, 0.476350345116, 0.505404456429, 0.677829592219, 1.99933480216e-154, 1.47614953787e-29, 0.986316517615, 0.786134482473
0.990106735457, 0.995177732055, 0.514539712516, 0.0290226090194, 0.625727663777, 0.788832010956, 0.534015919565, 0.144901949939, 0.192959228053, 0.732599318569, 0.446888582869, 0.731540950843, 0.476350345116, 0.505404456429, 0.677829592219, 1.99933480216e-154, 1.47614953787e-29, 0.986316517615, 0.786134482473
0.990106735457, 0.995177732055, 0.514539712516, 0.0290226090194, 0.625727663777, 0.788832010956, 0.534015919565, 0.144901949939, 0.192959228053, 0.732599318569, 0.446888582869, 0.731540950843, 0.476350345116, 0.505404456429, 0.677829592219, 1.99933480216e-154, 1.47614953787e-29, 0.986316517615, 0.786134482473
0.990106735457, 0.995177732055, 0.514539712516, 0.0290226090194, 0.625727663777, 0.788832010956, 0.534015919565, 0.144901949939, 0.192959228053, 0.732599318569, 0.446888582869, 0.731540950843, 0.476350345116, 0.505404456429, 0.677829592219, 1.99933480216e-154, 1.47614953787e-29, 0.986316517615, 0.786134482473
0.990106735457, 0.995177732055, 0.514539712516, 0.0290226090194, 0.625727663777, 0.788832010956, 0.534015919565, 0.144901949939, 0.192959228053, 0.732599318569, 0.446888582869, 0.731540950843, 0.476350345116, 0.505404456429, 0.677829592219, 1.99933480216e-154, 1.47614953787e-29, 0.986316517615, 0.786134482473
0.990106735457, 0.995177732055, 0.514539712516, 0.0290226090194, 0.625727663777, 0.788832010956, 0.534015919565, 0.144901949939, 0.192959228053, 0.732599318569, 0.446888582869, 0.731540950843, 0.476350345116, 0.505404456429, 0.677829592219, 1.99933480216e-154, 1.47614953787e-29, 0.986316517615, 0.786134482473
0.990106735457, 0.995177732055, 0.514539712516, 0.0290226090194, 0.625727663777, 0.788832010956, 0.534015919565, 0.144901949939, 0.192959228053, 0.732599318569, 0.446888582869, 0.731540950843, 0.476350345116, 0.505404456429, 0.677829592219, 1.99933480216e-154, 1.47614953787e-29, 0.986316517615, 0.786134482473
0.990106735457, 0.995177732055, 0.514539712516, 0.0290226090194, 0.625727663777, 0.788832010956, 0.534015919565, 0.144901949939, 0.192959228053, 0.732599318569, 0.446888582869, 0.731540950843, 0.476350345116, 0.505404456429, 0.677829592219, 1.99933480216e-154, 1.47614953787e-29, 0.986316517615, 0.786134482473
0.990106735457, 0.995177732055, 0.514539712516, 0.0290226090194, 0.625727663777, 0.788832010956, 0.534015919565, 0.144901949939, 0.192959228053, 0.732599318569, 0.446888582869, 0.731540950843, 0.476350345116, 0.505404456429, 0.677829592219, 1.99933480216e-154, 1.47614953787e-29, 0.986316517615, 0.786134482473
0.990106735457, 0.995177732055, 0.514539712516, 0.0290226090194, 0.625727663777, 0.788832010956, 0.534015919565, 0.144901949939, 0.192959228053, 0.732599318569, 0.446888582869, 0.731540950843, 0.476350345116, 0.505404456429, 0.677829592219, 1.99933480216e-154, 1.47614953787e-29, 0.986316517615, 0.786134482473
0.990106735457, 0.551634452738, 0.485948466095, 0.0290226090194, 0.591640408204, 0.788832010956, 0.556017572279, 0.0654465292234, 0.193114422698, 0.732847549879, 0.446983253613, 0.731460028265, 0.476350345116, 0.502206015426, 1.24463611122, 3.6711945329e-154, 8.91628280194e-32, 2.8595686532e-26, 0.817572558806
0.0117610890375, 0.987904694414, 0.405164320091, 0.0173898542319, 0.626826881442, 0.280368988196, 0.534015919565, 0.072146974046, 0.328199225621, 0.732486100772, 0.447016513218, 0.726605748273, 0.480758448545, 0.502243356144, 1.23929081252, 2.08394986876e-176, 1.12826840046e-39, 0.622027321624, 2.41454978774e-193
0.990106735457, 0.988052940086, 0.510415263093, 0.0290226090194, 0.591266482825, 0.788832010956, 0.534015919565, 0.0654465292234, 0.192959228053, 0.732841956135, 0.446983253613, 0.731540950843, 0.476350345116, 0.502206015426, 1.10699735694, 3.26521350947e-154, 1.07803220441e-29, 0.565407468172, 0.816518908322
0.990106735457, 0.988052940086, 0.510415263093, 0.0290226090194, 0.591266482825, 0.788832010956, 0.534015919565, 0.0654465292234, 0.192959228053, 0.732841956135, 0.446983253613, 0.731540950843, 0.476350345116, 0.502206015426, 1.10699735694, 3.26521350947e-154, 1.07803220441e-29, 0.565407468172, 0.816518908322
0.990106735457, 0.988052940086, 0.510415263093, 0.0290226090194, 0.591266482825, 0.788832010956, 0.534015919565, 0.0654465292234, 0.192959228053, 0.732841956135, 0.446983253613, 0.731540950843, 0.476350345116, 0.502206015426, 1.10699735694, 3.26521350947e-154, 1.07803220441e-29, 0.565407468172, 0.816518908322
0.990106735457, 0.988052940086, 0.510415263093, 0.0290226090194, 0.591266482825, 0.788832010956, 0.534015919565, 0.0654465292234, 0.192959228053, 0.732841956135, 0.446983253613, 0.731540950843, 0.476350345116, 0.502206015426, 1.10699735694, 3.26521350947e-154, 1.07803220441e-29, 0.565407468172, 0.816518908322
0.990106735457, 0.988052940086, 0.510415263093, 0.0290226090194, 0.591266482825, 0.788832010956, 0.534015919565, 0.0654465292234, 0.192959228053, 0.732841956135, 0.446983253613, 0.731540950843, 0.476350345116, 0.502206015426, 1.10699735694, 3.26521350947e-154, 1.07803220441e-29, 0.565407468172, 0.816518908322
0.990106735457, 0.988052940086, 0.510415263093, 0.0290226090194, 0.591266482825, 0.788832010956, 0.534015919565, 0.0654465292234, 0.192959228053, 0.732841956135, 0.446983253613, 0.731540950843, 0.476350345116, 0.502206015426, 1.10699735694, 3.26521350947e-154, 1.07803220441e-29, 0.565407468172, 0.816518908322
0.990106735457, 0.988052940086, 0.510415263093, 0.0290226090194, 0.591266482825, 0.788832010956, 0.534015919565, 0.0654465292234, 0.192959228053, 0.732841956135, 0.446983253613, 0.731540950843, 0.476350345116, 0.502206015426, 1.10699735694, 3.26521350947e-154, 1.07803220441e-29, 0.565407468172, 0.816518908322
0.990106735457, 0.988052940086, 0.510415263093, 0.0290226090194, 0.591266482825, 0.788832010956, 0.534015919565, 0.0654465292234, 0.192959228053, 0.732841956135, 0.446983253613, 0.731540950843, 0.476350345116, 0.502206015426, 1.10699735694, 3.26521350947e-154, 1.07803220441e-29, 0.565407468172, 0.816518908322
0.990106735457, 0.988052940086, 0.510415263093, 0.0290226090194, 0.591266482825, 0.788832010956, 0.534015919565, 0.0654465292234, 0.192959228053, 0.732841956135, 0.446983253613, 0.731540950843, 0.476350345116, 0.502206015426, 1.10699735694, 3.26521350947e-154, 1.07803220441e-29, 0.565407468172, 0.816518908322
0.990106735457, 0.988052940086, 0.510415263093, 0.0290226090194, 0.591266482825, 0.788832010956, 0.534015919565, 0.0654465292234, 0.192959228053, 0.732841956135, 0.446983253613, 0.731540950843, 0.476350345116, 0.502206015426, 1.10699735694, 3.26521350947e-154, 1.07803220441e-29, 0.565407468172, 0.816518908322
0.990106735457, 0.988052940086, 0.510415263093, 0.0290226090194, 0.591266482825, 0.788832010956, 0.534015919565, 0.0654465292234, 0.192959228053, 0.732841956135, 0.446983253613, 0.731540950843, 0.476350345116, 0.502206015426, 1.10699735694, 3.26521350947e-154, 1.07803220441e-29, 0.565407468172, 0.816518908322
0.0115052192372, 0.241777341046, 0.40559068683, 0.0214592078833, 0.591266482825, 0.786937791369, 0.53642358719, 0.765975180638, 0.218990216328, 0.718300936047, 0.126032704221, 0.726607459014, 0.480823220975, 0.285518843642, 1.5269265327, 3.4778169063e-167, 1.54431338658e-39, 5.26620461256e-62, 2.94732409766e-194
0.990106735457, 0.988052940086, 0.510415263093, 0.0290226090194, 0.582732868827, 0.788832010956, 0.534015919565, 0.0654465292234, 0.192959228053, 0.732841956135, 0.446983253613, 0.731540950843, 0.476350345116, 0.502206015426, 1.10589213079, 3.26195352033e-154, 1.07695589707e-29, 0.564842965362, 0.815703695852
0.990106735457, 0.987847749866, 0.510403634318, 0.0345508268092, 0.591266482825, 0.788832010956, 0.534015919565, 0.0654465292234, 0.192959228053, 0.685218919822, 0.446988961148, 0.643571577059, 0.476350345116, 0.502206015426, 1.07285811951, 1.18169835078e-146, 1.04240858676e-29, 0.534904658566, 0.787471031941
0.990106735457, 0.987847749866, 0.510403634318, 0.0345508268092, 0.591266482825, 0.788832010956, 0.534015919565, 0.0654465292234, 0.192959228053, 0.685218919822, 0.446988961148, 0.643571577059, 0.476350345116, 0.502206015426, 1.07285811951, 1.18169835078e-146, 1.04240858676e-29, 0.534904658566, 0.787471031941
0.990106735457, 0.987847749866, 0.510403634318, 0.0345508268092, 0.591266482825, 0.788832010956, 0.534015919565, 0.0654465292234, 0.192959228053, 0.685218919822, 0.446988961148, 0.643571577059, 0.476350345116, 0.502206015426, 1.07285811951, 1.18169835078e-146, 1.04240858676e-29, 0.534904658566, 0.787471031941
0.975516908186, 0.90750340617, 0.361487369995, 0.0339378993021, 0.619033621257, 0.303069774803, 0.534015919565, 0.146087134445, 0.328255539896, 0.732595720324, 0.446938328002, 0.726607459014, 0.480758448545, 0.502197205773, 1.30609019462, 2.40208692304e-147, 1.3225309808e-44, 0.000125002708747, 0.173019271083
0.975516908186, 0.90750340617, 0.361487369995, 0.0339378993021, 0.619033621257, 0.303069774803, 0.534015919565, 0.146087134445, 0.328255539896, 0.732595720324, 0.446938328002, 0.726607459014, 0.480758448545, 0.502197205773, 1.30609019462, 2.40208692304e-147, 1.3225309808e-44, 0.000125002708747, 0.173019271083
0.975516908186, 0.90750340617, 0.361487369995, 0.0339378993021, 0.619033621257, 0.303069774803, 0.534015919565, 0.146087134445, 0.328255539896, 0.732595720324, 0.446938328002, 0.726607459014, 0.480758448545, 0.502197205773, 1.30609019462, 2.40208692304e-147, 1.3225309808e-44, 0.000125002708747, 0.173019271083
0.975516908186, 0.90750340617, 0.361487369995, 0.0339378993021, 0.619033621257, 0.303069774803, 0.534015919565, 0.146087134445, 0.328255539896, 0.732595720324, 0.446938328002, 0.726607459014, 0.480758448545, 0.502197205773, 1.30609019462, 2.40208692304e-147, 1.3225309808e-44, 0.000125002708747, 0.173019271083
0.0117610890375, 0.995227234399, 0.405164320091, 0.0175191900916, 0.626812519384, 0.280368988196, 0.534015919565, 0.072146974046, 0.261027501872, 0.732599544157, 0.447016513218, 0.733840045895, 0.480758448545, 0.502165617176, 0.797251634493, 2.81266358814e-176, 7.25829496454e-40, 1.1721787183, 2.46848155813e-193
0.0117610890375, 0.995227234399, 0.405164320091, 0.0175191900916, 0.626812519384, 0.280368988196, 0.534015919565, 0.072146974046, 0.261027501872, 0.732599544157, 0.447016513218, 0.733840045895, 0.480758448545, 0.502165617176, 0.797251634493, 2.81266358814e-176, 7.25829496454e-40, 1.1721787183, 2.46848155813e-193
0.0117610890375, 0.995227234399, 0.405164320091, 0.0175191900916, 0.626812519384, 0.280368988196, 0.534015919565, 0.072146974046, 0.261027501872, 0.732599544157, 0.447016513218, 0.733840045895, 0.480758448545, 0.502165617176, 0.797251634493, 2.81266358814e-176, 7.25829496454e-40, 1.1721787183, 2.46848155813e-193
0.0117610890375, 0.995227234399, 0.405164320091, 0.0175191900916, 0.626812519384, 0.280368988196, 0.534015919565, 0.072146974046, 0.261027501872, 0.732599544157, 0.447016513218, 0.733840045895, 0.480758448545, 0.502165617176, 0.797251634493, 2.81266358814e-176, 7.25829496454e-40, 1.1721787183, 2.46848155813e-193
0.0117610890375, 0.995227234399, 0.405164320091, 0.0175191900916, 0.626812519384, 0.280368988196, 0.534015919565, 0.072146974046, 0.261027501872, 0.732599544157, 0.447016513218, 0.733840045895, 0.480758448545, 0.502165617176, 0.797251634493, 2.81266358814e-176, 7.25829496454e-40, 1.1721787183, 2.46848155813e-193
0.0117610890375, 0.995227234399, 0.405164320091, 0.0175191900916, 0.626812519384, 0.280368988196, 0.534015919565, 0.072146974046, 0.261027501872, 0.732599544157, 0.447016513218, 0.733840045895, 0.480758448545, 0.502165617176, 0.797251634493, 2.81266358814e-176, 7.25829496454e-40, 1.1721787183, 2.46848155813e-193
0.0223851193005, 0.995352412693, 0.404334711445, 0.0338952558234, 0.626659491691, 0.30308670217, 0.534015919565, 0.0653745211123, 0.323756182463, 0.665152342334, 0.264913887469, 0.644396906538, 0.480758934671, 0.498188347187, 0.761817454971, 1.23555591567e-147, 5.65032506459e-40, 1.15030761471, 2.14706910881e-165
0.0223851193005, 0.995352412693, 0.404334711445, 0.0338952558234, 0.626659491691, 0.30308670217, 0.534015919565, 0.0653745211123, 0.323756182463, 0.665152342334, 0.264913887469, 0.644396906538, 0.480758934671, 0.498188347187, 0.761817454971, 1.23555591567e-147, 5.65032506459e-40, 1.15030761471, 2.14706910881e-165
0.0223851193005, 0.995352412693, 0.404334711445, 0.0338952558234, 0.626659491691, 0.30308670217, 0.534015919565, 0.0653745211123, 0.323756182463, 0.665152342334, 0.264913887469, 0.644396906538, 0.480758934671, 0.498188347187, 0.761817454971, 1.23555591567e-147, 5.65032506459e-40, 1.15030761471, 2.14706910881e-165
0.0223851193005, 0.995352412693, 0.404334711445, 0.0338952558234, 0.626659491691, 0.30308670217, 0.534015919565, 0.0653745211123, 0.323756182463, 0.665152342334, 0.264913887469, 0.644396906538, 0.480758934671, 0.498188347187, 0.761817454971, 1.23555591567e-147, 5.65032506459e-40, 1.15030761471, 2.14706910881e-165
0.0223851193005, 0.995352412693, 0.404334711445, 0.0338952558234, 0.626659491691, 0.30308670217, 0.534015919565, 0.0653745211123, 0.323756182463, 0.665152342334, 0.264913887469, 0.644396906538, 0.480758934671, 0.498188347187, 0.761817454971, 1.23555591567e-147, 5.65032506459e-40, 1.15030761471, 2.14706910881e-165
0.0223851193005, 0.995352412693, 0.404334711445, 0.0338952558234, 0.626659491691, 0.30308670217, 0.534015919565, 0.0653745211123, 0.323756182463, 0.665152342334, 0.264913887469, 0.644396906538, 0.480758934671, 0.498188347187, 0.761817454971, 1.23555591567e-147, 5.65032506459e-40, 1.15030761471, 2.14706910881e-165
0.0223851193005, 0.995352412693, 0.404334711445, 0.0338952558234, 0.626659491691, 0.30308670217, 0.534015919565, 0.0653745211123, 0.323756182463, 0.665152342334, 0.264913887469, 0.644396906538, 0.480758934671, 0.498188347187, 0.761817454971, 1.23555591567e-147, 5.65032506459e-40, 1.15030761471, 2.14706910881e-165
0.0223851193005, 0.995352412693, 0.404334711445, 0.0338952558234, 0.626659491691, 0.30308670217, 0.534015919565, 0.0653745211123, 0.323756182463, 0.665152342334, 0.264913887469, 0.644396906538, 0.480758934671, 0.498188347187, 0.761817454971, 1.23555591567e-147, 5.65032506459e-40, 1.15030761471, 2.14706910881e-165
0.841903194414, 0.970804793112, 0.404219886359, 0.0280946020716, 0.589212927784, 0.294316161361, 0.534015692765, 0.763233527937, 0.977370033434, 0.732843609635, 0.476165282158, 0.694830944991, 0.46698183999, 0.502197128399, 1.43768692399, 1.64464707874e-155, 1.03645813315e-39, 0.116931165511, 7.61082333478e-08
0.841903194414, 0.970804793112, 0.404219886359, 0.0280946020716, 0.589212927784, 0.294316161361, 0.534015692765, 0.763233527937, 0.977370033434, 0.732843609635, 0.476165282158, 0.694830944991, 0.46698183999, 0.502197128399, 1.43768692399, 1.64464707874e-155, 1.03645813315e-39, 0.116931165511, 7.61082333478e-08
0.841903194414, 0.970804793112, 0.404219886359, 0.0280946020716, 0.589212927784, 0.294316161361, 0.534015692765, 0.763233527937, 0.977370033434, 0.732843609635, 0.476165282158, 0.694830944991, 0.46698183999, 0.502197128399, 1.43768692399, 1.64464707874e-155, 1.03645813315e-39, 0.116931165511, 7.61082333478e-08
