0.583751376519, 0.365045104848, 0.999145654199, 0.862441209713, 0.0157468196622, 0.286021963777, 0.621963238639, 0.0513462388428, 0.460843349563, 0.181762252343, 0.425482934539, 0.0281814616439, 0.87577304879, 0.189355240089, 0.265008769548, 1.55714885222e-07, 2.04805830646, 5.56827550829e-44, 1.36100454956e-23
0.930405537646, 0.965311931328, 0.362072069205, 0.0339772201085, 0.626885981366, 0.30308670217, 0.534015919565, 0.146092490189, 0.32351527345, 0.664288605519, 0.267845873622, 0.644403856197, 0.480758919838, 0.498177421096, 1.31314941711, 2.71155478063e-147, 1.56291881313e-44, 0.0604655618018, 0.00152097751877
0.0267564761241, 0.242778525344, 0.514962485841, 0.017837578928, 0.591906993838, 0.788832010956, 0.534015919565, 0.0654465292234, 0.324850058425, 0.732847549879, 0.446983253613, 0.731460028265, 0.476350345116, 0.540937880097, 1.42537984762, 3.0453784588e-175, 3.36984362137e-29, 7.43151582153e-62, 1.23863127406e-157
0.0106520069006, 0.987904694414, 0.398925122329, 0.0173898542319, 0.626652007851, 0.280617603691, 0.534015919565, 0.147533090091, 0.328199225621, 0.736538142546, 0.451617503107, 0.664911784061, 0.480758448545, 0.502328217923, 1.16627365634, 1.96116666768e-176, 2.24936033063e-40, 0.585378404654, 1.13462808836e-197
0.992496752104, 0.98801542864, 0.514413093011, 0.008526072854, 0.555638978059, 0.788832010956, 0.535281193063, 0.688692013488, 0.332543291627, 0.6845612735, 0.447676815843, 0.665166714291, 0.498092259537, 0.502206015426, 0.800357355574, 1.49385260371e-207, 1.70061186164e-29, 0.406984582523, 0.819287351415
0.921066180371, 0.988016522073, 0.514413093011, 0.00562823773218, 0.555638978059, 0.789906130391, 0.535281193063, 0.688692013488, 0.206167559064, 0.68453926978, 0.447676815843, 0.660912170308, 0.498092259537, 0.502206015426, 1.13470934209, 1.9419938357e-225, 2.41104820646e-29, 0.577078122187, 0.00053708046646
0.580022036904, 0.365045104848, 0.999145654199, 0.862441209713, 0.0157468196622, 0.697410872571, 0.621963238639, 0.0644338758871, 0.460843349563, 0.181762252343, 0.425482934539, 0.0281814616439, 0.87577304879, 0.189355240089, 0.262649137107, 1.543284032e-07, 2.02982243891, 5.51869570175e-44, 7.10612684037e-24
0.580022036904, 0.365045104848, 0.999145654199, 0.862441209713, 0.0157468196622, 0.697410872571, 0.621963238639, 0.0644338758871, 0.460843349563, 0.181762252343, 0.425482934539, 0.0281814616439, 0.87577304879, 0.189355240089, 0.262649137107, 1.543284032e-07, 2.02982243891, 5.51869570175e-44, 7.10612684037e-24
0.580022036904, 0.365045104848, 0.999145654199, 0.862441209713, 0.0157468196622, 0.697410872571, 0.621963238639, 0.0644338758871, 0.460843349563, 0.181762252343, 0.425482934539, 0.0281814616439, 0.87577304879, 0.189355240089, 0.262649137107, 1.543284032e-07, 2.02982243891, 5.51869570175e-44, 7.10612684037e-24
0.948286016946, 0.989480603505, 0.507344325528, 0.247722366978, 0.556587710574, 0.690168416628, 0.535773062934, 0.7170253607, 0.321471437203, 0.683560968251, 0.44768363604, 0.727320069205, 0.476350345116, 0.498138810477, 1.03285263497, 4.04278216712e-61, 5.50096610739e-30, 0.626965187805, 0.0093803781909
0.920643663544, 0.976689889397, 0.514413093011, 0.00562823773218, 0.555638978059, 0.789906130391, 0.535287125468, 0.708013151742, 0.328054025298, 0.68453926978, 0.447676815843, 0.660912170308, 0.498092259537, 0.502206015426, 1.21044078652, 2.07160411807e-225, 2.57196356731e-29, 0.181110017381, 0.000493205568896
0.948663046302, 0.965953945656, 0.371210486638, 0.0353644035576, 0.619101391704, 0.671826076281, 0.58774397595, 0.149623077683, 0.323769274368, 0.671568316752, 0.447660773994, 0.645140974136, 0.476403288032, 0.49817640656, 1.25746758859, 1.41987613768e-145, 1.80984058979e-43, 0.0618883708509, 0.0101706765721
0.948663046302, 0.965953945656, 0.371210486638, 0.0353644035576, 0.619101391704, 0.671826076281, 0.58774397595, 0.149623077683, 0.323769274368, 0.671568316752, 0.447660773994, 0.645140974136, 0.476403288032, 0.49817640656, 1.25746758859, 1.41987613768e-145, 1.80984058979e-43, 0.0618883708509, 0.0101706765721
0.948663046302, 0.965953945656, 0.371210486638, 0.0353644035576, 0.619101391704, 0.671826076281, 0.58774397595, 0.149623077683, 0.323769274368, 0.671568316752, 0.447660773994, 0.645140974136, 0.476403288032, 0.49817640656, 1.25746758859, 1.41987613768e-145, 1.80984058979e-43, 0.0618883708509, 0.0101706765721
0.948671254224, 0.966169681489, 0.371210486638, 0.0353644035576, 0.619101391704, 0.289350675762, 0.585719873032, 0.157192105276, 0.323769274368, 0.671331651525, 0.447668841164, 0.645140974136, 0.476404677553, 0.497043471096, 1.26656056141, 1.43014351574e-145, 1.82292787048e-43, 0.0637459585596, 0.0102536568955
0.948671254224, 0.966169681489, 0.371210486638, 0.0353644035576, 0.619101391704, 0.289350675762, 0.585719873032, 0.157192105276, 0.323769274368, 0.671331651525, 0.447668841164, 0.645140974136, 0.476404677553, 0.497043471096, 1.26656056141, 1.43014351574e-145, 1.82292787048e-43, 0.0637459585596, 0.0102536568955
0.948671254224, 0.966169681489, 0.371210486638, 0.0353644035576, 0.619101391704, 0.289350675762, 0.585719873032, 0.157192105276, 0.323769274368, 0.671331651525, 0.447668841164, 0.645140974136, 0.476404677553, 0.497043471096, 1.26656056141, 1.43014351574e-145, 1.82292787048e-43, 0.0637459585596, 0.0102536568955
0.987226972232, 0.999088587386, 0.399908496372, 0.0290930149633, 0.627018004654, 0.285419302891, 0.534015919565, 0.145635966103, 0.188141467786, 0.684485040539, 0.261382873672, 0.614058713666, 0.476350168011, 0.498244373964, 0.172164007443, 6.47046172622e-155, 4.24742145269e-41, 1.24978216318, 0.585216055756
0.992496752104, 0.98801542864, 0.514413093011, 0.008526072854, 0.555638978059, 0.788832010956, 0.535281193063, 0.694386397582, 0.332543291627, 0.6845612735, 0.318333029702, 0.665166714291, 0.498092259537, 0.502206015426, 0.821722103141, 1.53372952064e-207, 1.74600801235e-29, 0.417848633198, 0.841157416488
0.920538930339, 0.976781432951, 0.368015662512, 0.00598190610912, 0.619101391704, 0.673310166752, 0.58774397595, 0.149623077683, 0.323769274368, 0.671568316752, 0.447660773994, 0.644076776377, 0.476403288032, 0.49817640656, 1.24511025259, 9.44684741328e-223, 7.55019072686e-44, 0.188078074313, 0.000501698372141
0.987241091992, 0.987970411049, 0.514413093011, 0.008526072854, 0.555696643901, 0.788837699128, 0.535384253232, 0.146204093631, 0.321097824438, 0.684538458454, 0.447676815843, 0.665166714291, 0.498092259537, 0.502206015426, 1.0593480827, 1.97725413598e-207, 2.25091942055e-29, 0.535834041723, 0.551587019011
0.992500826854, 0.995188502285, 0.514307320755, 0.000338822937397, 0.555638978059, 0.305703196491, 0.535269753275, 0.659997011866, 0.332526599542, 0.683590470616, 0.447676815843, 0.666125796564, 0.498092293555, 0.502215981619, 0.484362424336, 0.0, 1.00823307749e-29, 0.706386745355, 0.781995016102
0.992500826854, 0.976856426973, 0.514310293789, 0.000338822937397, 0.555638978059, 0.297900491435, 0.535631402198, 0.693781802716, 0.332543072579, 0.683590470616, 0.447676815843, 0.665164326595, 0.498089622323, 0.502215873433, 0.857509028185, 0.0, 1.78599503921e-29, 0.130543179075, 0.791938235086
0.992500826854, 0.995188502285, 0.51430876249, 0.000338822937397, 0.555638978059, 0.305358759024, 0.535637862039, 0.693781802716, 0.332542968798, 0.683590470616, 0.447676815843, 0.581722106351, 0.527389821419, 0.502215874384, 0.480993904705, 0.0, 1.00150198342e-29, 0.701474147888, 0.776556597615
0.94664171973, 0.999364664094, 0.508455271133, 0.223808756617, 0.557491546864, 0.29779238662, 0.569124965547, 0.728550691182, 0.323098480677, 0.684066654415, 0.448307574773, 0.729357703035, 0.476350352911, 0.497027137853, 0.118031788454, 1.80229680899e-66, 7.82337711425e-31, 1.21648803025, 0.0079768721382
0.94664171973, 0.999364664094, 0.508455271133, 0.223808756617, 0.557491546864, 0.29779238662, 0.569124965547, 0.728550691182, 0.323098480677, 0.684066654415, 0.448307574773, 0.729357703035, 0.476350352911, 0.497027137853, 0.118031788454, 1.80229680899e-66, 7.82337711425e-31, 1.21648803025, 0.0079768721382
0.94664171973, 0.999364664094, 0.508455271133, 0.223808756617, 0.557491546864, 0.29779238662, 0.569124965547, 0.728550691182, 0.323098480677, 0.684066654415, 0.448307574773, 0.729357703035, 0.476350352911, 0.497027137853, 0.118031788454, 1.80229680899e-66, 7.82337711425e-31, 1.21648803025, 0.0079768721382
0.94664171973, 0.999364664094, 0.508455271133, 0.223808756617, 0.557491546864, 0.29779238662, 0.569124965547, 0.728550691182, 0.323098480677, 0.684066654415, 0.448307574773, 0.729357703035, 0.476350352911, 0.497027137853, 0.118031788454, 1.80229680899e-66, 7.82337711425e-31, 1.21648803025, 0.0079768721382
0.94664171973, 0.999364664094, 0.508455271133, 0.223808756617, 0.557491546864, 0.29779238662, 0.569124965547, 0.728550691182, 0.323098480677, 0.684066654415, 0.448307574773, 0.729357703035, 0.476350352911, 0.497027137853, 0.118031788454, 1.80229680899e-66, 7.82337711425e-31, 1.21648803025, 0.0079768721382
0.920643663544, 0.976689889397, 0.514413093011, 0.00562823773218, 0.555638978059, 0.789906130391, 0.535281197768, 0.693217341221, 0.352612221225, 0.68453926978, 0.447676815843, 0.660912170308, 0.498092259537, 0.502206015426, 1.19681327403, 2.04828136549e-225, 2.54300761505e-29, 0.179071025428, 0.000487652909796
0.920643663544, 0.976689889397, 0.514413093011, 0.00562823773218, 0.555638978059, 0.789906130391, 0.535281197768, 0.693217341221, 0.352612221225, 0.68453926978, 0.447676815843, 0.660912170308, 0.498092259537, 0.502206015426, 1.19681327403, 2.04828136549e-225, 2.54300761505e-29, 0.179071025428, 0.000487652909796
0.920643663544, 0.976689889397, 0.514413093011, 0.00562823773218, 0.555638978059, 0.789906130391, 0.535281197768, 0.693217341221, 0.352612221225, 0.68453926978, 0.447676815843, 0.660912170308, 0.498092259537, 0.502206015426, 1.19681327403, 2.04828136549e-225, 2.54300761505e-29, 0.179071025428, 0.000487652909796
0.992606330152, 0.995188502285, 0.514307320755, 0.00915991102339, 0.555638978059, 0.311227678387, 0.535237094291, 0.658832357413, 0.332526599542, 0.683590470616, 0.447676815843, 0.665166982656, 0.498092283287, 0.502450955742, 0.479686905023, 1.16467096334e-204, 9.98500668474e-30, 0.699568039558, 0.786834521145
0.992606330152, 0.995188502285, 0.514307320755, 0.00915991102339, 0.555638978059, 0.311227678387, 0.535237094291, 0.658832357413, 0.332526599542, 0.683590470616, 0.447676815843, 0.665166982656, 0.498092283287, 0.502450955742, 0.479686905023, 1.16467096334e-204, 9.98500668474e-30, 0.699568039558, 0.786834521145
0.992606330152, 0.995188502285, 0.514307320755, 0.00915991102339, 0.555638978059, 0.311227678387, 0.535237094291, 0.658832357413, 0.332526599542, 0.683590470616, 0.447676815843, 0.665166982656, 0.498092283287, 0.502450955742, 0.479686905023, 1.16467096334e-204, 9.98500668474e-30, 0.699568039558, 0.786834521145
0.98732566633, 0.995194965828, 0.619379255017, 0.00918784679052, 0.555696643901, 0.793701944892, 0.535233035956, 0.235353724672, 0.321097824438, 0.683590616175, 0.447676815843, 0.665166714291, 0.498092259575, 0.502206015426, 0.642630557684, 2.11570792103e-204, 1.5839693941e-21, 0.938469731307, 0.533657724113
0.991919059674, 0.995188502285, 0.508303344082, 0.0124595312037, 0.555638978059, 0.311227678387, 0.535237094291, 0.658832357413, 0.323193588295, 0.683596541218, 0.447683031445, 0.665166982656, 0.498092283287, 0.502450955742, 0.502738947103, 2.8030614311e-191, 3.23414210086e-30, 0.733186784862, 0.745481959921
0.993015115074, 0.987838519125, 0.668840227615, 0.008526072854, 0.447638590207, 0.671671803195, 0.535244201179, 0.701039664785, 0.333626972374, 0.748088925559, 0.447660647068, 0.64516553253, 0.498092259537, 0.502601115582, 0.755829947974, 1.41074299859e-207, 4.0437339375e-18, 0.376433449876, 0.834149317824
0.993015115074, 0.987838519125, 0.668840227615, 0.008526072854, 0.447638590207, 0.671671803195, 0.535244201179, 0.701039664785, 0.333626972374, 0.748088925559, 0.447660647068, 0.64516553253, 0.498092259537, 0.502601115582, 0.755829947974, 1.41074299859e-207, 4.0437339375e-18, 0.376433449876, 0.834149317824
0.993015115074, 0.987838519125, 0.668840227615, 0.008526072854, 0.447638590207, 0.671671803195, 0.535244201179, 0.701039664785, 0.333626972374, 0.748088925559, 0.447660647068, 0.64516553253, 0.498092259537, 0.502601115582, 0.755829947974, 1.41074299859e-207, 4.0437339375e-18, 0.376433449876, 0.834149317824
0.992606330152, 0.995188502285, 0.514307320755, 0.00915991102339, 0.555638978059, 0.305372025448, 0.535646710486, 0.658832357413, 0.332543596915, 0.683590470616, 0.447676815843, 0.665166982656, 0.497918341648, 0.502450955742, 0.480627677492, 1.16695514156e-204, 1.00045894986e-29, 0.700940047726, 0.78837767825
0.992606330152, 0.995188502285, 0.514307320755, 0.00915991102339, 0.555638978059, 0.305372025448, 0.535646710486, 0.658832357413, 0.332543596915, 0.683590470616, 0.447676815843, 0.665166982656, 0.497918341648, 0.502450955742, 0.480627677492, 1.16695514156e-204, 1.00045894986e-29, 0.700940047726, 0.78837767825
0.987224791291, 0.999067204203, 0.401704650385, 0.000383611621723, 0.524288594988, 0.310276209292, 0.534015919565, 0.659768969659, 0.321226863069, 0.752206691197, 0.262247773846, 0.644709286251, 0.497948993655, 0.498244373964, 0.156462331434, 0.0, 6.04248550032e-41, 1.11060391884, 0.520136632959
0.992424319611, 0.987723939219, 0.514416540337, 0.008526072854, 0.555696643901, 0.788837699128, 0.535384253232, 0.661887836842, 0.332780803167, 0.684538458454, 0.447676815843, 0.665166714291, 0.498092283094, 0.502206015426, 0.803484524628, 1.49968940848e-207, 1.70840101258e-29, 0.394837575548, 0.808102180365
0.987158539624, 0.999067204203, 0.401704650385, 0.00033910872558, 0.524288594988, 0.310276209292, 0.532340750266, 0.659767286242, 0.321226863069, 0.752206691197, 0.183083963293, 0.649812832427, 0.497948993655, 0.498244373964, 0.16241323263, 0.0, 6.27230589132e-41, 1.15284471972, 0.535816372262
0.982259537621, 0.987801771237, 0.514534019273, 0.0786545803461, 0.555664818226, 0.291304278897, 0.624190352411, 0.657673454897, 0.333917418276, 0.683549983636, 0.450279081928, 0.665442552544, 0.476167357063, 0.436493342555, 1.02329945984, 6.00515813588e-111, 2.22603524831e-29, 0.507454534146, 0.30662897946
0.982259537621, 0.987801771237, 0.514534019273, 0.0786545803461, 0.555664818226, 0.291304278897, 0.624190352411, 0.657673454897, 0.333917418276, 0.683549983636, 0.450279081928, 0.665442552544, 0.476167357063, 0.436493342555, 1.02329945984, 6.00515813588e-111, 2.22603524831e-29, 0.507454534146, 0.30662897946
0.982259537621, 0.987801771237, 0.514534019273, 0.0786545803461, 0.555664818226, 0.291304278897, 0.624190352411, 0.657673454897, 0.333917418276, 0.683549983636, 0.450279081928, 0.665442552544, 0.476167357063, 0.436493342555, 1.02329945984, 6.00515813588e-111, 2.22603524831e-29, 0.507454534146, 0.30662897946
0.983489103589, 0.363328202574, 0.99774354983, 0.0532247361472, 0.0157468196622, 0.695662897337, 0.621963238639, 0.0648650208509, 0.332888925866, 0.636546866918, 0.425482934539, 0.652716545357, 0.87577304879, 0.189804843404, 0.534478008794, 3.43084766439e-128, 1.62579724057, 2.87993014765e-44, 0.524185278736
0.983489103589, 0.363328202574, 0.99774354983, 0.0532247361472, 0.0157468196622, 0.695662897337, 0.621963238639, 0.0648650208509, 0.332888925866, 0.636546866918, 0.425482934539, 0.652716545357, 0.87577304879, 0.189804843404, 0.534478008794, 3.43084766439e-128, 1.62579724057, 2.87993014765e-44, 0.524185278736
0.992982954454, 0.987835575902, 0.514921982389, 0.008526072854, 0.557010774212, 0.671659854344, 0.535386539168, 0.17280386538, 0.321097824438, 0.74545719969, 0.447676815843, 0.664956153865, 0.498092259537, 0.502206015426, 0.806482932763, 1.50528588332e-207, 1.89172635653e-29, 0.401522113106, 0.885515452449
0.992982954454, 0.987835575902, 0.514921982389, 0.008526072854, 0.557010774212, 0.671659854344, 0.535386539168, 0.17280386538, 0.321097824438, 0.74545719969, 0.447676815843, 0.664956153865, 0.498092259537, 0.502206015426, 0.806482932763, 1.50528588332e-207, 1.89172635653e-29, 0.401522113106, 0.885515452449
0.0223851193005, 0.975604378707, 0.402911535788, 0.0005960278744, 0.6210267475, 0.315519096633, 0.534029947993, 0.788068375707, 0.33225811371, 0.664288605519, 0.449091096373, 0.650077033063, 0.480569386596, 0.502206133412, 1.20274852482, 6.42285339594e-323, 6.26996184699e-40, 0.160781439342, 1.88834861465e-165
0.0223851193005, 0.975604378707, 0.402911535788, 0.0005960278744, 0.6210267475, 0.315519096633, 0.534029947993, 0.788068375707, 0.33225811371, 0.664288605519, 0.449091096373, 0.650077033063, 0.480569386596, 0.502206133412, 1.20274852482, 6.42285339594e-323, 6.26996184699e-40, 0.160781439342, 1.88834861465e-165
0.999712775292, 0.995188502285, 0.514307320755, 0.000338822937397, 0.555638978059, 0.305596950379, 0.535237094291, 0.658832357413, 0.332526599542, 0.651127717338, 0.447676815843, 0.665164326595, 0.498092283577, 0.502215873433, 0.0288752583583, 0.0, 6.01057991603e-31, 0.0421112347866, 1.14713425167
0.999712775292, 0.995188502285, 0.514307320755, 0.000338822937397, 0.555638978059, 0.305596950379, 0.535237094291, 0.658832357413, 0.332526599542, 0.651127717338, 0.447676815843, 0.665164326595, 0.498092283577, 0.502215873433, 0.0288752583583, 0.0, 6.01057991603e-31, 0.0421112347866, 1.14713425167
0.999712775292, 0.995188502285, 0.514307320755, 0.000338822937397, 0.555638978059, 0.305596950379, 0.535237094291, 0.658832357413, 0.332526599542, 0.651127717338, 0.447676815843, 0.665164326595, 0.498092283577, 0.502215873433, 0.0288752583583, 0.0, 6.01057991603e-31, 0.0421112347866, 1.14713425167
0.999712775292, 0.995188502285, 0.514307320755, 0.000338822937397, 0.555638978059, 0.305596950379, 0.535237094291, 0.658832357413, 0.332526599542, 0.651127717338, 0.447676815843, 0.665164326595, 0.498092283577, 0.502215873433, 0.0288752583583, 0.0, 6.01057991603e-31, 0.0421112347866, 1.14713425167
0.999712775292, 0.995188502285, 0.514307320755, 0.000338822937397, 0.555638978059, 0.305596950379, 0.535237094291, 0.658832357413, 0.332526599542, 0.651127717338, 0.447676815843, 0.665164326595, 0.498092283577, 0.502215873433, 0.0288752583583, 0.0, 6.01057991603e-31, 0.0421112347866, 1.14713425167
0.999712775292, 0.995188502285, 0.514307320755, 0.000338822937397, 0.555638978059, 0.305596950379, 0.535237094291, 0.658832357413, 0.332526599542, 0.651127717338, 0.447676815843, 0.665164326595, 0.498092283577, 0.502215873433, 0.0288752583583, 0.0, 6.01057991603e-31, 0.0421112347866, 1.14713425167
0.999712775292, 0.995188502285, 0.514307320755, 0.000338822937397, 0.555638978059, 0.305596950379, 0.535237094291, 0.658832357413, 0.332526599542, 0.651127717338, 0.447676815843, 0.665164326595, 0.498092283577, 0.502215873433, 0.0288752583583, 0.0, 6.01057991603e-31, 0.0421112347866, 1.14713425167
0.999712775292, 0.995188502285, 0.514307320755, 0.000338822937397, 0.555638978059, 0.305596950379, 0.535237094291, 0.658832357413, 0.332526599542, 0.651127717338, 0.447676815843, 0.665164326595, 0.498092283577, 0.502215873433, 0.0288752583583, 0.0, 6.01057991603e-31, 0.0421112347866, 1.14713425167
0.999712775292, 0.995188502285, 0.514307320755, 0.000338822937397, 0.555638978059, 0.305596950379, 0.535237094291, 0.658832357413, 0.332526599542, 0.651127717338, 0.447676815843, 0.665164326595, 0.498092283577, 0.502215873433, 0.0288752583583, 0.0, 6.01057991603e-31, 0.0421112347866, 1.14713425167
0.999712775292, 0.995188502285, 0.514307320755, 0.000338822937397, 0.555638978059, 0.305596950379, 0.535237094291, 0.658832357413, 0.332526599542, 0.651127717338, 0.447676815843, 0.665164326595, 0.498092283577, 0.502215873433, 0.0288752583583, 0.0, 6.01057991603e-31, 0.0421112347866, 1.14713425167
0.999712775292, 0.995188502285, 0.514307320755, 0.000338822937397, 0.555638978059, 0.305596950379, 0.535628678312, 0.659179141379, 0.332526599542, 0.651127717338, 0.447676815843, 0.665164326595, 0.498092283577, 0.502215873433, 0.028878729394, 0.0, 6.01130243554e-31, 0.0421162968919, 1.14727214633
0.999712775292, 0.995188502285, 0.514307320755, 0.000338822937397, 0.555638978059, 0.305596950379, 0.535628678312, 0.659179141379, 0.332526599542, 0.651127717338, 0.447676815843, 0.665164326595, 0.498092283577, 0.502215873433, 0.028878729394, 0.0, 6.01130243554e-31, 0.0421162968919, 1.14727214633
0.999712775292, 0.995188502285, 0.514307320755, 0.000338822937397, 0.555638978059, 0.305596950379, 0.535628678312, 0.659179141379, 0.332526599542, 0.651127717338, 0.447676815843, 0.665164326595, 0.498092283577, 0.502215873433, 0.028878729394, 0.0, 6.01130243554e-31, 0.0421162968919, 1.14727214633
0.999712775292, 0.995188502285, 0.514307320755, 0.000338822937397, 0.555638978059, 0.305596950379, 0.535628678312, 0.659179141379, 0.332526599542, 0.651127717338, 0.447676815843, 0.665164326595, 0.498092283577, 0.502215873433, 0.028878729394, 0.0, 6.01130243554e-31, 0.0421162968919, 1.14727214633
0.94664171973, 0.999364664094, 0.508455271133, 0.223808756617, 0.557491546864, 0.29779238662, 0.569124965547, 0.728550691182, 0.323098480677, 0.684066654415, 0.448307574773, 0.729357703035, 0.476350352911, 0.497027137853, 0.118031788454, 1.80229680899e-66, 7.82337711425e-31, 1.21648803025, 0.0079768721382
0.987158539624, 0.999067204203, 0.401704650385, 0.000339113402913, 0.523209089789, 0.258875179601, 0.532340750266, 0.659717215343, 0.332681570192, 0.752206691197, 0.441230030223, 0.649812832427, 0.497948993655, 0.497972841891, 0.15241882304, 0.0, 5.88632752531e-41, 1.08190221008, 0.502843884722
0.987158539624, 0.999067204203, 0.401704650385, 0.000339113402913, 0.523209089789, 0.258875179601, 0.532340750266, 0.659717215343, 0.332681570192, 0.752206691197, 0.441230030223, 0.649812832427, 0.497948993655, 0.497972841891, 0.15241882304, 0.0, 5.88632752531e-41, 1.08190221008, 0.502843884722
0.987158539624, 0.999067204203, 0.401704650385, 0.000339113402913, 0.523209089789, 0.258875179601, 0.532340750266, 0.659717215343, 0.332681570192, 0.752206691197, 0.441230030223, 0.649812832427, 0.497948993655, 0.497972841891, 0.15241882304, 0.0, 5.88632752531e-41, 1.08190221008, 0.502843884722
0.987158539624, 0.999067204203, 0.401704650385, 0.000339113402913, 0.523209089789, 0.258875179601, 0.532340750266, 0.659717215343, 0.332681570192, 0.752206691197, 0.441230030223, 0.649812832427, 0.497948993655, 0.497972841891, 0.15241882304, 0.0, 5.88632752531e-41, 1.08190221008, 0.502843884722
0.991919059674, 0.995188502285, 0.510158466874, 0.0124595312037, 0.555436346263, 0.312599352596, 0.535366539636, 0.658833969257, 0.323259592454, 0.683596541218, 0.447683031445, 0.665166982656, 0.498092283287, 0.502450955742, 0.502499675644, 2.80172735384e-191, 4.65334815526e-30, 0.732837835029, 0.745127158374
0.999712775292, 0.995188502285, 0.514307320755, 0.000338822937397, 0.555638978059, 0.305596950379, 0.535628678312, 0.671483818176, 0.332526599542, 0.651127717338, 0.447676815843, 0.665164326595, 0.498092283577, 0.502215873433, 0.0289810439908, 0.0, 6.03259990942e-31, 0.0422655109337, 1.15133682263
0.991919059674, 0.995188373253, 0.44691888493, 0.0124595312037, 0.555436346263, 0.312599352596, 0.535366539636, 0.658833969257, 0.280549952082, 0.683597337192, 0.449125091412, 0.665166982656, 0.498348796253, 0.502442655288, 0.509776574417, 2.84230028818e-191, 8.44054333596e-36, 0.743430311479, 0.755903782246
0.973992879111, 0.995254976956, 0.514307320755, 0.000338822937397, 0.555638978059, 0.305686417814, 0.535628678312, 0.659179141379, 0.332526599542, 0.651127717338, 0.450149194107, 0.665442320434, 0.498092283577, 0.505492862638, 0.63910135062, 0.0, 1.3303325964e-29, 0.945167544595, 0.129065787178
0.991931669716, 0.995188502285, 0.508883023569, 0.0124595312037, 0.555638978059, 0.311227678387, 0.535237094291, 0.649206941637, 0.322843701647, 0.677372164369, 0.447659300955, 0.665166982656, 0.498092259314, 0.502450955742, 0.500162505972, 2.78869627637e-191, 3.6060131527e-30, 0.729429342555, 0.742999681364
0.991919059674, 0.995188502285, 0.510158466874, 0.0124595312037, 0.555436346263, 0.312599352596, 0.535369026433, 0.65883234428, 0.323256076325, 0.683596541218, 0.447683031445, 0.665166982656, 0.498092283287, 0.502450955742, 0.502500066762, 2.80172953455e-191, 4.65335177716e-30, 0.732838405429, 0.745127738339
0.991919059674, 0.995188502285, 0.510158466874, 0.0124595312037, 0.555436346263, 0.312599352596, 0.535369026433, 0.65883234428, 0.323256076325, 0.683596541218, 0.447683031445, 0.665166982656, 0.498092283287, 0.502450955742, 0.502500066762, 2.80172953455e-191, 4.65335177716e-30, 0.732838405429, 0.745127738339
0.0241816409416, 0.995188372444, 0.514264679895, 0.000107196602837, 0.556241246767, 0.318926843564, 0.534020372525, 0.660228458492, 0.332526557089, 0.682889376403, 0.449111398443, 0.660491398801, 0.487470706697, 0.502219513859, 0.651929604078, 0.0, 1.34583043534e-29, 0.950738364682, 4.04059586608e-162
0.0241816409416, 0.995188372444, 0.514264679895, 0.000107196602837, 0.556241246767, 0.318926843564, 0.534020372525, 0.660228458492, 0.332526557089, 0.682889376403, 0.449111398443, 0.660491398801, 0.487470706697, 0.502219513859, 0.651929604078, 0.0, 1.34583043534e-29, 0.950738364682, 4.04059586608e-162
0.0241816409416, 0.995188372444, 0.514264679895, 0.000107196602837, 0.556241246767, 0.318926843564, 0.534020372525, 0.660228458492, 0.332526557089, 0.682889376403, 0.449111398443, 0.660491398801, 0.487470706697, 0.502219513859, 0.651929604078, 0.0, 1.34583043534e-29, 0.950738364682, 4.04059586608e-162
0.890296933074, 0.998522601579, 0.672878717224, 0.00858985602634, 0.447638590207, 0.260205057179, 0.535170578424, 0.701039664785, 0.333626972374, 0.741392370446, 0.441219529697, 0.649485884342, 0.498092259537, 0.502663546982, 0.259984212521, 1.02248118759e-207, 2.53948736471e-18, 1.18548613986, 1.71279125679e-05
0.890296933074, 0.998522601579, 0.672878717224, 0.00858985602634, 0.447638590207, 0.260205057179, 0.535170578424, 0.701039664785, 0.333626972374, 0.741392370446, 0.441219529697, 0.649485884342, 0.498092259537, 0.502663546982, 0.259984212521, 1.02248118759e-207, 2.53948736471e-18, 1.18548613986, 1.71279125679e-05
0.999712775292, 0.995188502285, 0.514307320755, 0.000338822937397, 0.555638978059, 0.305596950379, 0.535237094291, 0.658832357413, 0.332526599542, 0.651127717338, 0.447676815843, 0.665164326595, 0.498092283577, 0.502215873433, 0.0288752583583, 0.0, 6.01057991603e-31, 0.0421112347866, 1.14713425167
0.999712775292, 0.995188502285, 0.514307320755, 0.000338822937397, 0.555638978059, 0.305596950379, 0.535237094291, 0.658832357413, 0.332526599542, 0.651127717338, 0.447676815843, 0.665164326595, 0.498092283577, 0.502215873433, 0.0288752583583, 0.0, 6.01057991603e-31, 0.0421112347866, 1.14713425167
0.0262086348811, 0.999067204203, 0.401704650385, 0.000106765626575, 0.556917904515, 0.309518050035, 0.532340750266, 0.659767286242, 0.321357590832, 0.752206691197, 0.445951912229, 0.660469785911, 0.487433956321, 0.498289068531, 0.166070927853, 0.0, 6.41356398297e-41, 1.17880784204, 1.30698477063e-158
0.0262086348811, 0.999067204203, 0.401704650385, 0.000106765626575, 0.556917904515, 0.309518050035, 0.532340750266, 0.659767286242, 0.321357590832, 0.752206691197, 0.445951912229, 0.660469785911, 0.487433956321, 0.498289068531, 0.166070927853, 0.0, 6.41356398297e-41, 1.17880784204, 1.30698477063e-158
0.0262086348811, 0.999067204203, 0.401704650385, 0.000106765626575, 0.556917904515, 0.309518050035, 0.532340750266, 0.659767286242, 0.321357590832, 0.752206691197, 0.445951912229, 0.660469785911, 0.487433956321, 0.498289068531, 0.166070927853, 0.0, 6.41356398297e-41, 1.17880784204, 1.30698477063e-158
0.999712775292, 0.995188502285, 0.514307320755, 6.06698105188e-05, 0.484997987678, 0.305596950379, 0.534035901426, 0.65884619389, 0.332526557156, 0.651127717338, 0.447676815843, 0.665234766693, 0.498092283577, 0.502219505265, 0.0288016752875, 0.0, 5.9952631032e-31, 0.0420039223624, 1.14421099952
0.00811915142728, 0.995188372444, 0.51427165096, 0.000107196602837, 0.557001501709, 0.318926843564, 0.534003716026, 0.667819668947, 0.321059244733, 0.680799412637, 0.449111398443, 0.660491398801, 0.487470706697, 0.50222007703, 0.655202631538, 0.0, 1.35442192506e-29, 0.955511568347, 1.62595173347e-209
