0.115365431052, 0.459219304175, 0.054073626877, 0.215941579651, 0.273781424967, 0.127080446483, 0.0668167817977, 0.0383211856201, 0.584627305776, 0.346688222082, 0.542033041602, 0.0189209505882, 0.437626270932, 0.914402821068, 0.324522946833, 0.683866466497, 0.831574193697, 0.749815103773, 0.54787598324, 0.555246025908, 0.148633182656, 0.484622616548, 0.53022748828, 0.479616118333, 0.890898226206, 0.146989989449, 0.702681703017, 0.115365431052, 0.459219304175, 0.054073626877, 0.215941579651, 0.273781424967, 0.127080446483, 0.0668167817977, 51.5418729724
0.100535547251, 0.368851226778, 0.304792633942, 0.761352792126, 0.0474838481147, 0.524025632901, 0.3265739723, 0.792942055602, 0.00368458842678, 0.585895930957, 0.532928429343, 0.48775216953, 0.754084172773, 0.841121772283, 0.326116976691, 0.698105445332, 0.985399764983, 0.130434564164, 0.54762286384, 0.555856308561, 0.416401868807, 0.165273788743, 0.067181638433, 0.617843661179, 0.407711568161, 0.60604328773, 0.290461304906, 0.100535547251, 0.368851226778, 0.304792633942, 0.761352792126, 0.0474838481147, 0.524025632901, 0.3265739723, 50.7956270716
0.111865375765, 0.0237647984809, 0.145011326014, 0.900840049741, 0.3187703021, 0.500957944508, 0.771782703933, 0.543204385847, 0.224938987769, 0.894343230815, 0.0451288713644, 0.430362472766, 0.0780601313192, 0.864254602595, 0.546124774091, 0.591432478929, 0.467616816354, 0.444102089106, 0.00572382491542, 0.180025583942, 0.338302980795, 0.240756069355, 0.238754080305, 0.00368382699414, 0.0233329321224, 0.0967130100077, 0.377484615097, 0.111865375765, 0.0237647984809, 0.145011326014, 0.900840049741, 0.3187703021, 0.500957944508, 0.771782703933, 39.2301787598
0.305938192389, 0.13653118011, 0.943270215806, 0.348633880684, 0.181894929661, 0.0497893094153, 0.501034972155, 0.308744708554, 0.82138501146, 0.356161581434, 0.502330664995, 0.591921099553, 0.117019406121, 0.967176801604, 0.691808780348, 0.541979851658, 0.962851489339, 0.359303141172, 0.151282022646, 0.751866481393, 0.963376978728, 0.984673110164, 0.832996816741, 0.146709260238, 0.19479991754, 0.589279889234, 0.743078382038, 0.305938192389, 0.13653118011, 0.943270215806, 0.348633880684, 0.181894929661, 0.0497893094153, 0.501034972155, 57.0548239309
0.760483144777, 0.240362033579, 0.0823817773325, 0.130273859676, 0.404373353118, 0.691879412972, 0.135185508412, 0.540531623508, 0.315085280873, 0.690370132787, 0.584949343373, 0.408274947772, 0.853793268672, 0.444515393088, 0.0676382849512, 0.727264996499, 0.928107720361, 0.84221547233, 0.541896589371, 0.17182938504, 0.340493581805, 0.819148653139, 0.967182844717, 0.692230322492, 0.987976533216, 0.495000793898, 0.0604999537129, 0.760483144777, 0.240362033579, 0.0823817773325, 0.130273859676, 0.404373353118, 0.691879412972, 0.135185508412, 56.5582254981
0.356638980093, 0.355570918888, 0.719090610529, 0.433100225174, 0.30076012593, 0.0629434187039, 0.27352533476, 0.0560355165548, 0.00986442661948, 0.581017170824, 0.730710040798, 0.142349069501, 0.929555754216, 0.498490012004, 0.0720728129278, 0.694627983962, 0.991876229137, 0.135100094618, 0.184051407611, 0.191950494992, 0.30699390783, 0.0287810637255, 0.070247069248, 0.390772245621, 0.407779870531, 0.994889677668, 0.292857649796, 0.356638980093, 0.355570918888, 0.719090610529, 0.433100225174, 0.30076012593, 0.0629434187039, 0.27352533476, 43.2869645955
0.854778565259, 0.920662783793, 0.955718523821, 0.315326635385, 0.224565057463, 0.0479242663141, 0.485515394051, 0.491568272115, 0.627451248799, 0.584673874917, 0.512258645485, 0.488493879821, 0.0874295575616, 0.455237067605, 0.041174090166, 0.496395027047, 0.489657051589, 0.26154229001, 0.0361267714365, 0.386831783112, 0.3893213801, 0.249799141333, 0.124409869216, 0.615030203901, 0.849639152075, 0.863638222945, 0.290890699105, 0.854778565259, 0.920662783793, 0.955718523821, 0.315326635385, 0.224565057463, 0.0479242663141, 0.485515394051, 45.0117991393
0.761829460475, 0.736414739117, 0.334419472226, 0.123990020058, 0.104859670043, 0.107311225401, 0.128573713524, 0.711774074204, 0.344706538833, 0.690267936865, 0.371670781846, 0.407990487943, 0.852592148107, 0.870188870066, 0.0672886203285, 0.325094381527, 0.924445884498, 0.403212884954, 0.907248834066, 0.855313827, 0.279819668747, 0.524800954425, 0.506372125061, 0.00128043034404, 0.303329963933, 0.494351060533, 0.970067703571, 0.761829460475, 0.736414739117, 0.334419472226, 0.123990020058, 0.104859670043, 0.107311225401, 0.128573713524, 54.114133282
0.164567550603, 0.32158860974, 0.0583555558777, 0.41334140818, 0.892735063385, 0.966667467312, 0.535894361116, 0.00720310441107, 0.667667537912, 0.571034606588, 0.574266158012, 0.118168688838, 0.443007363141, 0.848749675299, 0.235252562924, 0.291717650474, 0.432334674957, 0.399870419972, 0.688276418428, 0.989460798233, 0.270638291556, 0.659319090109, 0.449797898868, 0.205384792138, 0.537706303494, 0.609386650312, 0.162426610328, 0.164567550603, 0.32158860974, 0.0583555558777, 0.41334140818, 0.892735063385, 0.966667467312, 0.535894361116, 48.2245292441
0.276580458398, 0.619550718299, 0.246302302184, 0.194185378413, 0.00740019457029, 0.267702705121, 0.604861450123, 0.0777967053393, 0.372120017598, 0.0611890185998, 0.592323302333, 0.504429476906, 0.435468715687, 0.251540994973, 0.472309731121, 0.898831201586, 0.956587658181, 0.65464252481, 0.950657943088, 0.73374179902, 0.421613385826, 0.638139289965, 0.868279657977, 0.337479162588, 0.183699788879, 0.820704291849, 0.292376698671, 0.276580458398, 0.619550718299, 0.246302302184, 0.194185378413, 0.00740019457029, 0.267702705121, 0.604861450123, 53.4017618682
0.874993505206, 0.0864831787868, 0.244796715039, 0.607907833833, 0.789538631947, 0.0235128198313, 0.107882828077, 0.551343311052, 0.134953162409, 0.0149035153864, 0.943263147848, 0.144347436948, 0.193626195717, 0.538735670519, 0.272117275239, 0.506827916323, 0.89795208415, 0.30113400298, 0.973748014051, 0.257846431055, 0.214277493714, 0.79323931325, 0.253435273151, 0.0605889985117, 0.248024079889, 0.0578102032588, 0.410115942878, 0.874993505206, 0.0864831787868, 0.244796715039, 0.607907833833, 0.789538631947, 0.0235128198313, 0.107882828077, 43.19303807
0.111865375765, 0.3015715787, 0.145011326014, 0.696445966817, 0.635979207799, 0.2119189673, 0.029461585735, 0.543204385847, 0.259766342767, 0.894343230815, 0.0502403873638, 0.446555880089, 0.0780601313192, 0.862355512128, 0.546124774091, 0.591432478929, 0.467616816354, 0.663674562202, 0.417079545685, 0.180076431481, 0.338302980795, 0.237928637273, 0.237192738013, 0.00367761006807, 0.0242566530067, 0.0967130100077, 0.0736725395583, 0.111865375765, 0.3015715787, 0.145011326014, 0.696445966817, 0.635979207799, 0.2119189673, 0.029461585735, 40.7872010137
0.493972029225, 0.169621598891, 0.0943219442463, 0.141280766141, 0.43708008368, 0.0177531159863, 0.617728631928, 0.320678116568, 0.708960328656, 0.311852592735, 0.0143565656038, 0.668459614873, 0.436561449132, 0.458294344609, 0.594551053469, 0.901637149789, 0.110541296069, 0.551479906295, 0.90945278341, 0.0169196984039, 0.487336909184, 0.727699626603, 0.724790142578, 0.0319555493051, 0.751996920355, 0.806763470607, 0.954382213214, 0.493972029225, 0.169621598891, 0.0943219442463, 0.141280766141, 0.43708008368, 0.0177531159863, 0.617728631928, 53.499860571
0.115365431052, 0.459219304175, 0.059480394191, 0.431902357171, 0.273781424967, 0.122421283045, 0.0668167817977, 0.35495470587, 0.584627305776, 0.346688222082, 0.650078843216, 0.0189209505882, 0.433329251368, 0.914402821068, 0.26330507211, 0.686041686283, 0.258791107891, 0.749815103773, 0.805664974504, 0.550189748761, 0.150404443204, 0.484622616548, 0.418374493838, 0.479616118333, 0.890898226206, 0.142636604976, 0.702681703017, 0.115365431052, 0.459219304175, 0.059480394191, 0.431902357171, 0.273781424967, 0.122421283045, 0.0668167817977, 51.346136712
0.246332325711, 0.133977206549, 0.908385851736, 0.349711427319, 0.898260157688, 0.0473487044798, 0.07278412925, 0.169274853768, 0.144534695065, 0.245061307447, 0.502463837772, 0.908676486385, 0.437455336937, 0.966851653102, 0.0792771403405, 0.466833116434, 0.80056974294, 0.228378726031, 0.701913158407, 0.491699089411, 0.614567572611, 0.582117752995, 0.820112423618, 0.325685063113, 0.205423536739, 0.971436622342, 0.128036294754, 0.246332325711, 0.133977206549, 0.908385851736, 0.349711427319, 0.898260157688, 0.0473487044798, 0.07278412925, 50.3472556625
0.326521809112, 0.0273151360549, 0.0224595154685, 0.183708752256, 0.132985922837, 0.528014648389, 0.289670944941, 0.875580812316, 0.201872415877, 0.430903265062, 0.427499676169, 0.249359424222, 0.977197948594, 0.132584795825, 0.999966723263, 0.521734433842, 0.667499698968, 0.57937073168, 0.195451897979, 0.511267577885, 0.362503862791, 0.0500403983661, 0.452979778985, 0.980065225823, 0.92949883075, 0.428680823571, 0.418464453716, 0.326521809112, 0.0273151360549, 0.0224595154685, 0.183708752256, 0.132985922837, 0.528014648389, 0.289670944941, 53.1059551472
0.386759133056, 0.11184155399, 0.233849833148, 0.177601871591, 0.3187703021, 0.500957944508, 0.0691434641306, 0.443218245299, 0.0344756141178, 0.423870455726, 0.0407037218523, 0.431054060055, 0.280142705242, 0.120561639336, 0.546124774091, 0.699694622259, 0.467394493693, 0.443339588135, 0.00572382491542, 0.180025583942, 0.332773573138, 0.240756069355, 0.238754080305, 0.00368382699414, 0.0233329321224, 0.425411068391, 0.376611405482, 0.386759133056, 0.11184155399, 0.233849833148, 0.177601871591, 0.3187703021, 0.500957944508, 0.0691434641306, 36.4701072543
0.360064239779, 0.796674948902, 0.810161183129, 0.565113378348, 0.149322221577, 0.0240500342773, 0.803330776234, 0.356702163058, 0.390344618044, 0.663892631182, 0.78628275961, 0.416755191364, 0.149953455627, 0.401513082078, 0.10601446821, 0.129910094008, 0.324484848548, 0.579308082566, 0.696450914811, 0.787118271085, 0.297469960864, 0.211636931734, 0.837284946597, 0.614627650103, 0.104987111185, 0.840750381106, 0.16147882559, 0.360064239779, 0.796674948902, 0.810161183129, 0.565113378348, 0.149322221577, 0.0240500342773, 0.803330776234, 46.8377562354
0.358494500331, 0.582951192388, 0.620772578253, 0.194185378413, 0.00740019457029, 0.267702705121, 0.0134353209545, 0.0873646106067, 0.371702228575, 0.249778240564, 0.490047499718, 0.504429476906, 0.482685078033, 0.246638953143, 0.475653187822, 0.177860949346, 0.962693259333, 0.0817900789314, 0.950657943088, 0.436035807278, 0.422215371816, 0.638139289965, 0.878660208073, 0.337479162588, 0.961603915131, 0.994074878794, 0.433884079991, 0.358494500331, 0.582951192388, 0.620772578253, 0.194185378413, 0.00740019457029, 0.267702705121, 0.0134353209545, 52.3200830731
0.111865375765, 0.11184155399, 0.233849833148, 0.894762225893, 0.3187703021, 0.500957944508, 0.0712635487431, 0.443218245299, 0.0335373089046, 0.894343230815, 0.0407037218523, 0.431054060055, 0.280142705242, 0.864254602595, 0.546124774091, 0.679839867694, 0.467394493693, 0.444202835694, 0.00572382491542, 0.180025583942, 0.332443287058, 0.240756069355, 0.238754080305, 0.00368382699414, 0.0233329321224, 0.0967130100077, 0.376611405482, 0.111865375765, 0.11184155399, 0.233849833148, 0.894762225893, 0.3187703021, 0.500957944508, 0.0712635487431, 39.3501999706
0.821708092846, 0.320965762307, 0.434027098605, 0.162842590448, 0.930823220373, 0.362633548415, 0.528534633179, 0.388222943206, 0.102281012543, 0.563623306571, 0.10776493945, 0.435476625099, 0.407049235147, 0.0462343110326, 0.952292539887, 0.490484994594, 0.998160510815, 0.304914028746, 0.479978778805, 0.185458103421, 0.93142348315, 0.523459622893, 0.297322779367, 0.755747280454, 0.158125052644, 0.329373937584, 0.258952081922, 0.821708092846, 0.320965762307, 0.434027098605, 0.162842590448, 0.930823220373, 0.362633548415, 0.528534633179, 46.5779007557
0.357542884643, 0.613718066215, 0.240281356165, 0.194185378413, 0.00740019457029, 0.267702705121, 0.758970199033, 0.0873646106067, 0.370829939326, 0.063929647226, 0.490047499718, 0.504429476906, 0.0147832167088, 0.251540994973, 0.473902017193, 0.24829779321, 0.956587658181, 0.0832269478409, 0.950657943088, 0.731632736031, 0.421613385826, 0.638139289965, 0.878660208073, 0.337479162588, 0.189936185928, 0.994074878794, 0.292376698671, 0.357542884643, 0.613718066215, 0.240281356165, 0.194185378413, 0.00740019457029, 0.267702705121, 0.758970199033, 47.708656727
0.391760812069, 0.537623781002, 0.0161110114006, 0.18504402221, 0.133473870071, 0.529908192716, 0.289278460052, 0.103647169574, 0.198919304374, 0.433741085273, 0.0436271696275, 0.771287441435, 0.233583376727, 0.130466577734, 0.233895355265, 0.699229875652, 0.536194847947, 0.581446261714, 0.195694892401, 0.458598415588, 0.363769684822, 0.0500403983661, 0.449468428739, 0.98743386468, 0.92932074055, 0.429289138419, 0.423549325942, 0.391760812069, 0.537623781002, 0.0161110114006, 0.18504402221, 0.133473870071, 0.529908192716, 0.289278460052, 45.4709048586
0.694483216888, 0.082296426457, 0.013057199185, 0.666215323085, 0.149303249472, 0.714010616551, 0.175753867117, 0.554100314786, 0.115916370522, 0.0236048983745, 0.903394138925, 0.774146225019, 0.451083847332, 0.944093907293, 0.230398449294, 0.0852886391963, 0.416708045299, 0.0686155290768, 0.259344320864, 0.260084665744, 0.155687664415, 0.527393077843, 0.69154361855, 0.798091621359, 0.248098223541, 0.408182689711, 0.788273217794, 0.694483216888, 0.082296426457, 0.013057199185, 0.666215323085, 0.149303249472, 0.714010616551, 0.175753867117, 46.6911537627
0.285905786105, 0.0484363937494, 0.334835578121, 0.555331225942, 0.992007703806, 0.0767007476612, 0.294686035525, 0.877839647905, 0.937582244573, 0.0649323227957, 0.89817891519, 0.729625871625, 0.75383418411, 0.189223746434, 0.273913459837, 0.907501911787, 0.660645826305, 0.484926120425, 0.216637388008, 0.991039280701, 0.420834305709, 0.946759032689, 0.0703947450985, 0.617603591272, 0.375256121654, 0.596326679158, 0.295772814272, 0.285905786105, 0.0484363937494, 0.334835578121, 0.555331225942, 0.992007703806, 0.0767007476612, 0.294686035525, 56.1645819561
0.799919623252, 0.368851226778, 0.304792633942, 0.750060984093, 0.0474838481147, 0.528292301347, 0.3265739723, 0.792942055602, 0.0163845012809, 0.585895930957, 0.0264695915303, 0.48775216953, 0.754084172773, 0.841121772283, 0.517488584233, 0.698064956052, 0.985399764983, 0.135100094618, 0.5829228814, 0.736266459519, 0.421870736553, 0.165273788743, 0.067181638433, 0.617373906497, 0.407711568161, 0.589518773975, 0.290461304906, 0.799919623252, 0.368851226778, 0.304792633942, 0.750060984093, 0.0474838481147, 0.528292301347, 0.3265739723, 50.1953433599
0.394388787055, 0.285462835874, 0.395967070804, 0.503140806934, 0.312810992372, 0.738808503808, 0.688918311095, 0.0383992430792, 0.782831689163, 0.62670031015, 0.526408096333, 0.291176787016, 0.858193063545, 0.303825213494, 0.241929441947, 0.510336978319, 0.336543820356, 0.97933702739, 0.0332611723319, 0.320109697979, 0.225774264447, 0.493156449478, 0.209436602831, 0.016427552299, 0.471240139404, 0.276426728901, 0.613561148775, 0.394388787055, 0.285462835874, 0.395967070804, 0.503140806934, 0.312810992372, 0.738808503808, 0.688918311095, 44.7714945875
0.213531009216, 0.323850779274, 0.748014185706, 0.337961481299, 0.269559483009, 0.761849484044, 0.0945030562663, 0.595810488827, 0.561451501245, 0.0619723097726, 0.492761071402, 0.708463897673, 0.0133812275574, 0.690482931655, 0.665016007202, 0.248593745995, 0.33255359373, 0.262774580162, 0.699031441399, 0.421265828481, 0.568734103744, 0.55879565375, 0.113896022587, 0.240045282241, 0.191527791268, 0.954294059652, 0.290954010872, 0.213531009216, 0.323850779274, 0.748014185706, 0.337961481299, 0.269559483009, 0.761849484044, 0.0945030562663, 46.3978313905
0.877404867693, 0.0297145566481, 0.103217229804, 0.319482668573, 0.213322084951, 0.152582730711, 0.189574187951, 0.586517190901, 0.092922226046, 0.963553932873, 0.384033519074, 0.026355305663, 0.216583582888, 0.83329983846, 0.664552347074, 0.0144869560563, 0.859272861635, 0.900873268078, 0.389398846745, 0.606464102041, 0.685265072973, 0.221584875214, 0.298323171093, 0.616971347618, 0.0249344782295, 0.859997039602, 0.745440264025, 0.877404867693, 0.0297145566481, 0.103217229804, 0.319482668573, 0.213322084951, 0.152582730711, 0.189574187951, 51.2755217522
0.465139133524, 0.800290188029, 0.182254027292, 0.799864884966, 0.333145685886, 0.427108455601, 0.105816532589, 0.00372656756362, 0.390344618044, 0.663968987021, 0.361265426439, 0.420153537496, 0.0749014457715, 0.397964775186, 0.243088257748, 0.293717480325, 0.336526175943, 0.98120030587, 0.688238311598, 0.787479269207, 0.297469960864, 0.492853610051, 0.477078336601, 0.0157959536443, 0.0526617540133, 0.277213402284, 0.386511271084, 0.465139133524, 0.800290188029, 0.182254027292, 0.799864884966, 0.333145685886, 0.427108455601, 0.105816532589, 42.7728958709
0.0821454860556, 0.0229646018137, 0.144169672209, 0.0303011396918, 0.202941350448, 0.836560426351, 0.790718675464, 0.544547344966, 0.222829055471, 0.689753964332, 0.834482896348, 0.0664089442014, 0.0773683754982, 0.939609028186, 0.398832952766, 0.590817813016, 0.244921213761, 0.452486293246, 0.786194710432, 0.905592082142, 0.166569385325, 0.268732694601, 0.815988692565, 0.778100979117, 0.386270322978, 0.650198061236, 0.499346874555, 0.0821454860556, 0.0229646018137, 0.144169672209, 0.0303011396918, 0.202941350448, 0.836560426351, 0.790718675464, 52.2926595604
0.306161130935, 0.379616866838, 0.943257825653, 0.170249168584, 0.181205132926, 0.951868092807, 0.502978666786, 0.308744708554, 0.862263146722, 0.35542293312, 0.486283950664, 0.596278336885, 0.117019406121, 0.611486297277, 0.691808780348, 0.541979851658, 0.962851489339, 0.351387386659, 0.151282022646, 0.747765476999, 0.964051719441, 0.984673110164, 0.832996816741, 0.146709260238, 0.95974958613, 0.589279889234, 0.724503117218, 0.306161130935, 0.379616866838, 0.943257825653, 0.170249168584, 0.181205132926, 0.951868092807, 0.502978666786, 58.2163337307
0.513562409594, 0.278694660588, 0.930884431748, 0.228096568825, 0.421726913677, 0.378278809711, 0.805510079582, 0.756327156668, 0.664717519331, 0.264385161868, 0.111541425747, 0.125013500148, 0.769459096796, 0.0371787597481, 0.197919700681, 0.671500332998, 0.064287647962, 0.600091331754, 0.784568829551, 0.516909038888, 0.0680341955903, 0.143060994869, 0.865899807622, 0.86091501705, 0.979951544073, 0.499437353305, 0.332528750596, 0.513562409594, 0.278694660588, 0.930884431748, 0.228096568825, 0.421726913677, 0.378278809711, 0.805510079582, 48.6857590577
0.174138350362, 0.323471596095, 0.434390096338, 0.415253416551, 0.900465409249, 0.244986859766, 0.539907270433, 0.387912174125, 0.134086234495, 0.571034606588, 0.1091858076, 0.124897818064, 0.440439023273, 0.849901416814, 0.718772602969, 0.0352097939949, 0.968076888492, 0.399852760804, 0.521605497919, 0.989460798233, 0.822575842696, 0.135539113485, 0.246407268473, 0.435866674701, 0.537706303494, 0.609386650312, 0.259240036937, 0.174138350362, 0.323471596095, 0.434390096338, 0.415253416551, 0.900465409249, 0.244986859766, 0.539907270433, 48.8752813798
0.117478780553, 0.458401392924, 0.632806774108, 0.432603839197, 0.273781424967, 0.122421283045, 0.0668167817977, 0.516315240752, 0.599699240464, 0.0965616432261, 0.650078843216, 0.0189209505882, 0.433329251368, 0.205064963678, 0.26330507211, 0.833414449374, 0.258791107891, 0.752327579885, 0.824492794278, 0.550189748761, 0.150404443204, 0.484622616548, 0.418374493838, 0.394544752065, 0.187735468426, 0.334844429858, 0.721390243111, 0.117478780553, 0.458401392924, 0.632806774108, 0.432603839197, 0.273781424967, 0.122421283045, 0.0668167817977, 47.006080544
0.409487726249, 0.0478423803043, 0.908844425491, 0.388615717808, 0.848065637713, 0.0722511092123, 0.104276874429, 0.877677513277, 0.648979226934, 0.974222139751, 0.530398487714, 0.244350126657, 0.339515856625, 0.778512513731, 0.458403210912, 0.521606872883, 0.664080277056, 0.288896182849, 0.956046199695, 0.98699110369, 0.644602099029, 0.373330320531, 0.738009792821, 0.27728056758, 0.451548824733, 0.601427234532, 0.978622829569, 0.409487726249, 0.0478423803043, 0.908844425491, 0.388615717808, 0.848065637713, 0.0722511092123, 0.104276874429, 59.4768460982
0.72107309039, 0.702770634302, 0.413020037466, 0.242761942176, 0.380831793831, 0.198351336589, 0.31686017022, 0.0588369945809, 0.730915663305, 0.991706283688, 0.987485445361, 0.122255917401, 0.434533960558, 0.849969910336, 0.64492874549, 0.196756381183, 0.0492937468759, 0.800865423866, 0.676202045659, 0.417449777789, 0.185743474599, 0.221727509196, 0.688969438315, 0.492664180563, 0.477757915146, 0.0755978154031, 0.759517680831, 0.72107309039, 0.702770634302, 0.413020037466, 0.242761942176, 0.380831793831, 0.198351336589, 0.31686017022, 50.7827119579
0.871894836749, 0.401233097774, 0.336507539919, 0.516897566043, 0.30924158105, 0.39102345968, 0.823512869479, 0.0118017359806, 0.393600711232, 0.555955445013, 0.278913099787, 0.250199655938, 0.509284170346, 0.238421507536, 0.525174842923, 0.920638926411, 0.230228587558, 0.955845618067, 0.861280203834, 0.0291943342846, 0.660018127026, 0.511125171564, 0.286411594525, 0.7759823693, 0.0618519666532, 0.0112068236907, 0.285623503281, 0.871894836749, 0.401233097774, 0.336507539919, 0.516897566043, 0.30924158105, 0.39102345968, 0.823512869479, 45.2475430942
0.854097660697, 0.252629160647, 0.899543339318, 0.340353235475, 0.516559308777, 0.159419276076, 0.485515394051, 0.479387799804, 0.61284983733, 0.691917720924, 0.58370442214, 0.204294291383, 0.087917401969, 0.451295167591, 0.348980727246, 0.496395027047, 0.489657051589, 0.25259786175, 0.0332499622902, 0.476537895992, 0.890602915065, 0.0962978780315, 0.121115972829, 0.532730314949, 0.851551679305, 0.863638222945, 0.393099482505, 0.854097660697, 0.252629160647, 0.899543339318, 0.340353235475, 0.516559308777, 0.159419276076, 0.485515394051, 47.3939020053
0.849505596625, 0.781102019306, 0.546692329588, 0.216561658072, 0.0782181748112, 0.678579044638, 0.237359962653, 0.00412175915752, 0.548380125384, 0.865360640218, 0.443705710476, 0.0738251017042, 0.975815631789, 0.861563989319, 0.707645545159, 0.944902626076, 0.165509453247, 0.317064156804, 0.0696357282707, 0.85917221506, 0.56611911849, 0.199300387891, 0.581687833962, 0.496223826981, 0.718158682862, 0.546988788185, 0.623869702734, 0.849505596625, 0.781102019306, 0.546692329588, 0.216561658072, 0.0782181748112, 0.678579044638, 0.237359962653, 52.9997987324
0.829935773087, 0.0667400538587, 0.454504991318, 0.163567338702, 0.930823220373, 0.362635602234, 0.772894325831, 0.546166157056, 0.21057118056, 0.564582001779, 0.404639398968, 0.43467585328, 0.404585360579, 0.886328454843, 0.952292539887, 0.490484994594, 0.992425215599, 0.445127628819, 0.00696869473861, 0.185458103421, 0.93142348315, 0.241491814269, 0.298575824087, 0.000542145856279, 0.160778982761, 0.327911883621, 0.184877781451, 0.829935773087, 0.0667400538587, 0.454504991318, 0.163567338702, 0.930823220373, 0.362635602234, 0.772894325831, 46.1962865282
0.565054858216, 0.775237860182, 0.730166659283, 0.039408656275, 0.660046687986, 0.367979443944, 0.808400251341, 0.483072649476, 0.230976599186, 0.322194486567, 0.347784072559, 0.665388595805, 0.480422933131, 0.20984402193, 0.278851432706, 0.692365142788, 0.214332017421, 0.59541710431, 0.541560286505, 0.649600532865, 0.689364924291, 0.968989093004, 0.926778379041, 0.341559791121, 0.285228999955, 0.107643604424, 0.465987112458, 0.565054858216, 0.775237860182, 0.730166659283, 0.039408656275, 0.660046687986, 0.367979443944, 0.808400251341, 49.1475898729
0.478825485647, 0.169621598891, 0.097631429659, 0.822186647023, 0.47738454485, 0.0177531159863, 0.617728631928, 0.92818610425, 0.708960328656, 0.931909237561, 0.0216006119898, 0.668459614873, 0.436561449132, 0.264849276777, 0.889620304671, 0.885149295485, 0.108534030071, 0.418817336023, 0.803281112753, 0.0169196984039, 0.260440599588, 0.727699626603, 0.724790142578, 0.939011580266, 0.314054751073, 0.817179511265, 0.953697557953, 0.478825485647, 0.169621598891, 0.097631429659, 0.822186647023, 0.47738454485, 0.0177531159863, 0.617728631928, 57.9762129076
0.407876510171, 0.279686103916, 0.641849498087, 0.846148300471, 0.127842505483, 0.874204875322, 0.861424807409, 0.187802741839, 0.820476517633, 0.299737209272, 0.40477402908, 0.127989249287, 0.848296142072, 0.724791658523, 0.191916071969, 0.803157877809, 0.0627484937155, 0.305359442708, 0.574432998608, 0.705940344015, 0.231105725415, 0.138469394218, 0.0516165911988, 0.964021378143, 0.303533018462, 0.29789891326, 0.44246501817, 0.407876510171, 0.279686103916, 0.641849498087, 0.846148300471, 0.127842505483, 0.874204875322, 0.861424807409, 45.350098654
0.496765894158, 0.306564296947, 0.0970802748698, 0.81502740306, 0.922468753718, 0.361913558379, 0.608909140858, 0.919151496479, 0.708960328656, 0.664338916953, 0.400404288813, 0.693179079159, 0.406565442988, 0.0452950046095, 0.686632627888, 0.479408707321, 0.986980005268, 0.308024355481, 0.79888853556, 0.186871559792, 0.260440599588, 0.525539785266, 0.300092624329, 0.0318013842623, 0.314070665581, 0.838012901095, 0.954382213214, 0.496765894158, 0.306564296947, 0.0970802748698, 0.81502740306, 0.922468753718, 0.361913558379, 0.608909140858, 52.9264169359
0.973445587077, 0.277670912549, 0.147895926182, 0.0764231050459, 0.717983119709, 0.8782981939, 0.826226338116, 0.416526611861, 0.472396688393, 0.51207844806, 0.919979816164, 0.462580279668, 0.264178437871, 0.0891834760891, 0.0020814291164, 0.147058127058, 0.68543489665, 0.0772964784488, 0.00692152658763, 0.86789529946, 0.497458867117, 0.0131666250062, 0.807862057336, 0.991408084337, 0.201301095123, 0.98094371819, 0.740575916124, 0.973445587077, 0.277670912549, 0.147895926182, 0.0764231050459, 0.717983119709, 0.8782981939, 0.826226338116, 47.6976307159
0.713826246301, 0.252489422621, 0.557935533887, 0.215245377186, 0.085143989362, 0.692920420045, 0.23821106188, 0.89029899722, 0.548339806205, 0.908958107113, 0.443705710476, 0.589749699797, 0.989610297749, 0.866718111603, 0.697817869238, 0.943523804101, 0.165669573048, 0.317064156804, 0.966743089854, 0.586826817361, 0.56611911849, 0.200535257514, 0.185939997425, 0.495805460925, 0.718158682862, 0.637397265979, 0.620424954053, 0.713826246301, 0.252489422621, 0.557935533887, 0.215245377186, 0.085143989362, 0.692920420045, 0.23821106188, 59.639907246
0.502801008438, 0.765382804194, 0.434051559581, 0.323364631294, 0.361455182984, 0.242952532156, 0.475902799924, 0.156403817016, 0.112241561267, 0.635766510802, 0.184985757787, 0.889907142026, 0.56047414591, 0.533121759413, 0.418034443277, 0.138183775646, 0.259104097671, 0.430829597251, 0.46540531455, 0.989959586408, 0.286096309923, 0.592792635346, 0.832025890087, 0.432103670097, 0.798545495659, 0.658474680613, 0.608853937043, 0.502801008438, 0.765382804194, 0.434051559581, 0.323364631294, 0.361455182984, 0.242952532156, 0.475902799924, 51.4206166038
0.40926765088, 0.16391456679, 0.554410228817, 0.468812291695, 0.221858267879, 0.16288275049, 0.585078721721, 0.931091843299, 0.480706370847, 0.512073489448, 0.512619837943, 0.393186845871, 0.578704467771, 0.503445400672, 0.279925700794, 0.0518678900188, 0.526831317942, 0.557932094495, 0.934989337735, 0.408168370963, 0.00228544341287, 0.449053571029, 0.113637560633, 0.512280189739, 0.853584752473, 0.863182347982, 0.161524723922, 0.40926765088, 0.16391456679, 0.554410228817, 0.468812291695, 0.221858267879, 0.16288275049, 0.585078721721, 50.358788608
0.115365431052, 0.459219304175, 0.0566375068929, 0.431902357171, 0.273781424967, 0.122421283045, 0.0676846318679, 0.184738394375, 0.584627305776, 0.346688222082, 0.639623565088, 0.0189209505882, 0.435847073381, 0.91632110144, 0.26330507211, 0.686041686283, 0.25863371203, 0.74681530979, 0.805664974504, 0.642300159473, 0.419578654013, 0.484622616548, 0.418374493838, 0.479616118333, 0.890868862573, 0.831940363465, 0.702681703017, 0.115365431052, 0.459219304175, 0.0566375068929, 0.431902357171, 0.273781424967, 0.122421283045, 0.0676846318679, 54.4715291574
0.447366299881, 0.355570918888, 0.438859584901, 0.433100225174, 0.992376824782, 0.0499219574891, 0.298501672817, 0.0560355165548, 0.00749005980652, 0.581017170824, 0.381793146525, 0.148928228399, 0.929555754216, 0.504272041888, 0.0766660616467, 0.697403039104, 0.991876229137, 0.135100094618, 0.5829228814, 0.191950494992, 0.30699390783, 0.0260422192368, 0.070247069248, 0.617373906497, 0.407711568161, 0.973193060855, 0.290461304906, 0.447366299881, 0.355570918888, 0.438859584901, 0.433100225174, 0.992376824782, 0.0499219574891, 0.298501672817, 44.3481017289
0.432805304636, 0.287194468084, 0.0179136384124, 0.506178625186, 0.498050935267, 0.740006260422, 0.894638007229, 0.0132513074723, 0.0352311332732, 0.0648838064803, 0.0400706210366, 0.290655064946, 0.853012090637, 0.259823571966, 0.546131042252, 0.677800393471, 0.416626394339, 0.861930840166, 0.857794695825, 0.913520876544, 0.157632964357, 0.240585183655, 0.431212731726, 0.657221701181, 0.239378461517, 0.103573327183, 0.788166428936, 0.432805304636, 0.287194468084, 0.0179136384124, 0.506178625186, 0.498050935267, 0.740006260422, 0.894638007229, 45.7798805623
0.768391725824, 0.353293546077, 0.44015860582, 0.433099261811, 0.994627973864, 0.0501901263046, 0.299499382897, 0.0624852712093, 0.920103954651, 0.730261872917, 0.400321384418, 0.742489876659, 0.879353023856, 0.82565652444, 0.605769074427, 0.553138529077, 0.994555767237, 0.145553060452, 0.370592101778, 0.192412208211, 0.912575986202, 0.558853707823, 0.805469527392, 0.747527945372, 0.738033109116, 0.129702982853, 0.290308792142, 0.768391725824, 0.353293546077, 0.44015860582, 0.433099261811, 0.994627973864, 0.0501901263046, 0.299499382897, 57.0283107715
0.0821454860556, 0.645510413414, 0.144169672209, 0.030018050295, 0.202141277278, 0.836560426351, 0.790718675464, 0.544547344966, 0.898324368544, 0.683311826689, 0.834482896348, 0.0664089442014, 0.33952774065, 0.939609028186, 0.398832952766, 0.590817813016, 0.244921213761, 0.452486293246, 0.786194710432, 0.203852607071, 0.166680128774, 0.268732694601, 0.815988692565, 0.851182649394, 0.386270322978, 0.667029458271, 0.499346874555, 0.0821454860556, 0.645510413414, 0.144169672209, 0.030018050295, 0.202141277278, 0.836560426351, 0.790718675464, 53.3240238021
0.694415075185, 0.728370653669, 0.742727159645, 0.666215323085, 0.105345451177, 0.712803686275, 0.336481095021, 0.0438918072721, 0.115916370522, 0.0236048983745, 0.903394138925, 0.145635578281, 0.982124098486, 0.948039528391, 0.272668193938, 0.0830745566155, 0.430174689626, 0.408285028408, 0.54070340017, 0.139593916304, 0.549704495442, 0.529564511199, 0.694396658673, 0.584828847862, 0.242107287055, 0.455038993157, 0.0997935056433, 0.694415075185, 0.728370653669, 0.742727159645, 0.666215323085, 0.105345451177, 0.712803686275, 0.336481095021, 44.4869528679
0.874993505206, 0.0197219954617, 0.132881124067, 0.607907833833, 0.78795366835, 0.0235128198313, 0.107728074633, 0.290789532399, 0.134953162409, 0.811879563337, 0.943205149521, 0.96235308112, 0.213782365315, 0.538735670519, 0.0991831005924, 0.506827916323, 0.89795208415, 0.29672589665, 0.973748014051, 0.3722394651, 0.214277493714, 0.79323931325, 0.250872746716, 0.0621338527394, 0.0693099246278, 0.0559345111008, 0.410115942878, 0.874993505206, 0.0197219954617, 0.132881124067, 0.607907833833, 0.78795366835, 0.0235128198313, 0.107728074633, 47.2616315586
0.389156952871, 0.262244269723, 0.147813115695, 0.0762195361305, 0.703942331461, 0.522187950093, 0.826226338116, 0.0877653824651, 0.467210105591, 0.51207844806, 0.409937123126, 0.461010723131, 0.97099207254, 0.0896115519581, 0.992634583881, 0.147058127058, 0.68543489665, 0.0772964784488, 0.00692152658763, 0.86789529946, 0.497458867117, 0.0131666250062, 0.807862057336, 0.991408084337, 0.194253874004, 0.98094371819, 0.758716241702, 0.389156952871, 0.262244269723, 0.147813115695, 0.0762195361305, 0.703942331461, 0.522187950093, 0.826226338116, 51.3174606472
0.455942883606, 0.800290188029, 0.182254027292, 0.799864884966, 0.438837427795, 0.427108455601, 0.105816532589, 0.309828274979, 0.670665338361, 0.663968987021, 0.361265426439, 0.422376275191, 0.424690925887, 0.444053452486, 0.20074694106, 0.293717480325, 0.336526175943, 0.98120030587, 0.805273443751, 0.788311041587, 0.795842873662, 0.856047912155, 0.513107922649, 0.0440918265299, 0.438552729739, 0.270449549071, 0.380369661888, 0.455942883606, 0.800290188029, 0.182254027292, 0.799864884966, 0.438837427795, 0.427108455601, 0.105816532589, 51.2019614193
0.930863048624, 0.920643261516, 0.911740171213, 0.315326635385, 0.019922097569, 0.737017696951, 0.485515394051, 0.475311832073, 0.619931583952, 0.691917720924, 0.556876847416, 0.406437320557, 0.0874295575616, 0.00994620544344, 0.351525700491, 0.496395027047, 0.489657051589, 0.248280416356, 0.0361267714365, 0.399839554451, 0.906470744433, 0.249799141333, 0.511053684361, 0.476251733606, 0.984897292257, 0.863638222945, 0.385508998317, 0.930863048624, 0.920643261516, 0.911740171213, 0.315326635385, 0.019922097569, 0.737017696951, 0.485515394051, 48.0613686903
0.432805304636, 0.0906902234609, 0.0179136384124, 0.892062359282, 0.498050935267, 0.483845992167, 0.893696837374, 0.966302618724, 0.0352311332732, 0.802032811297, 0.0400706210366, 0.430094051052, 0.283658890573, 0.259823571966, 0.546131042252, 0.677800393471, 0.416626394339, 0.442569521374, 0.857794695825, 0.91192115113, 0.157632964357, 0.240585183655, 0.431212731726, 0.657221701181, 0.239378461517, 0.103573327183, 0.790365144553, 0.432805304636, 0.0906902234609, 0.0179136384124, 0.892062359282, 0.498050935267, 0.483845992167, 0.893696837374, 48.7370164672
0.362585816593, 0.679755132138, 0.71940013024, 0.238202671477, 0.296455936406, 0.929191191203, 0.273672530184, 0.516140647687, 0.261404335181, 0.39630690954, 0.740197981815, 0.344862879723, 0.968141333908, 0.231222092059, 0.257241039198, 0.834562606004, 0.410409274193, 0.999654611482, 0.181834462601, 0.789759088489, 0.642443848612, 0.27748040896, 0.403379001379, 0.395595710479, 0.422689066902, 0.335722121407, 0.59199530681, 0.362585816593, 0.679755132138, 0.71940013024, 0.238202671477, 0.296455936406, 0.929191191203, 0.273672530184, 51.0059462097
0.114210354014, 0.251303479652, 0.547306893349, 0.223181371849, 0.085143989362, 0.692920420045, 0.236658980154, 0.89029899722, 0.548380125384, 0.865360640218, 0.443705710476, 0.589820528717, 0.990758870849, 0.914423772837, 0.697561415236, 0.938523277796, 0.262291249225, 0.758133036549, 0.0696357282707, 0.5869902371, 0.56611911849, 0.201559090299, 0.185892963567, 0.495805460925, 0.717121744739, 0.573649841168, 0.620424954053, 0.114210354014, 0.251303479652, 0.547306893349, 0.223181371849, 0.085143989362, 0.692920420045, 0.236658980154, 58.3206776514
0.694483216888, 0.0834279438503, 0.244457338829, 0.666215323085, 0.105345451177, 0.714010616551, 0.264968697569, 0.554100314786, 0.115916370522, 0.0236048983745, 0.903394138925, 0.145635578281, 0.982124098486, 0.948039528391, 0.272683760782, 0.0860205971604, 0.430198048088, 0.0686155290768, 0.259344320864, 0.260084665744, 0.549688496042, 0.529564511199, 0.694396658673, 0.584828847862, 0.248098223541, 0.455038993157, 0.100320499638, 0.694483216888, 0.0834279438503, 0.244457338829, 0.666215323085, 0.105345451177, 0.714010616551, 0.264968697569, 44.8670208149
0.663675876214, 0.97952621539, 0.687318227841, 0.170293851609, 0.0256587588516, 0.914525337555, 0.00362956247084, 0.065852582045, 0.43939526289, 0.583748619678, 0.167037331574, 0.177869005869, 0.580457606866, 0.182009569782, 0.250065467516, 0.419765209694, 0.681750919236, 0.38016770414, 0.912728393154, 0.48831807404, 0.83674711734, 0.0721536105868, 0.731187942357, 0.709800894686, 0.177051326623, 0.395261998234, 0.519675528329, 0.663675876214, 0.97952621539, 0.687318227841, 0.170293851609, 0.0256587588516, 0.914525337555, 0.00362956247084, 46.6951090917
0.506689265144, 0.378724408126, 0.814169835662, 0.352648463439, 0.100680809996, 0.472574213124, 0.326676646096, 0.253140543086, 0.313124518795, 0.577972127473, 0.201929576583, 0.530538952689, 0.739506644583, 0.468578643846, 0.980751293372, 0.523672663906, 0.34217622124, 0.00529900310146, 0.667213302867, 0.214419447337, 0.869899632685, 0.561809704256, 0.289959193021, 0.577345518428, 0.92522959221, 0.74301710506, 0.772599339592, 0.506689265144, 0.378724408126, 0.814169835662, 0.352648463439, 0.100680809996, 0.472574213124, 0.326676646096, 53.4413429385
0.871894836749, 0.401233097774, 0.336507539919, 0.51050320847, 0.30924158105, 0.499371428781, 0.823512869479, 0.0120772506297, 0.592747048211, 0.555955445013, 0.279551450782, 0.250199655938, 0.577639232554, 0.238421507536, 0.525174842923, 0.920638926411, 0.751261240892, 0.955845618067, 0.861280203834, 0.0291943342846, 0.353378852086, 0.766495616994, 0.286411594525, 0.7759823693, 0.17583184544, 0.0112068236907, 0.285623503281, 0.871894836749, 0.401233097774, 0.336507539919, 0.51050320847, 0.30924158105, 0.499371428781, 0.823512869479, 48.3093745595
0.490833784594, 0.224615138521, 0.5515763952, 0.782007758794, 0.0995275644404, 0.292327444371, 0.260673183803, 0.452266162943, 0.678186157998, 0.0527397639963, 0.0442532119394, 0.124314262821, 0.227880337805, 0.915509238481, 0.335076430448, 0.15263592238, 0.381044909033, 0.31551840325, 0.824470764939, 0.463600595441, 0.631336678319, 0.639194862929, 0.531139779815, 0.0121757349591, 0.0734314309744, 0.928798445172, 0.723181377682, 0.490833784594, 0.224615138521, 0.5515763952, 0.782007758794, 0.0995275644404, 0.292327444371, 0.260673183803, 46.0638919474
0.327050475046, 0.414027253434, 0.793951211665, 0.666965458845, 0.154335066257, 0.53394414701, 0.743543417132, 0.552721884313, 0.588034527558, 0.0247854741954, 0.0235327734384, 0.93236407026, 0.893566919973, 0.945387904826, 0.517395695214, 0.860065156868, 0.217853676945, 0.0637007320254, 0.259464034911, 0.884423272331, 0.080765931107, 0.263532046985, 0.744402715186, 0.68541633926, 0.299047130003, 0.590159195839, 0.597589892203, 0.327050475046, 0.414027253434, 0.793951211665, 0.666965458845, 0.154335066257, 0.53394414701, 0.743543417132, 51.2092501166
0.174138350362, 0.441788885246, 0.0583555558777, 0.471106272535, 0.907836655416, 0.929430531531, 0.539907270433, 0.715548609433, 0.665333117989, 0.637450584407, 0.588590415477, 0.118168688838, 0.552839810693, 0.527096586614, 0.38623944135, 0.0379367306433, 0.432334674957, 0.399852760804, 0.906086609849, 0.764852125767, 0.284775719953, 0.659319090109, 0.248217383967, 0.557296893684, 0.53560275459, 0.609386650312, 0.244392497771, 0.174138350362, 0.441788885246, 0.0583555558777, 0.471106272535, 0.907836655416, 0.929430531531, 0.539907270433, 50.7867506706
0.362585816593, 0.271215459405, 0.716086437368, 0.554870845901, 0.296455936406, 0.951584162571, 0.275632251897, 0.515309007576, 0.261404335181, 0.0956318431715, 0.740197981815, 0.344862879723, 0.694720431838, 0.230750941795, 0.257241039198, 0.834562606004, 0.339414706289, 0.999654611482, 0.181834462601, 0.789759088489, 0.661312395693, 0.27748040896, 0.403379001379, 0.395595710479, 0.184779669113, 0.335722121407, 0.148399960173, 0.362585816593, 0.271215459405, 0.716086437368, 0.554870845901, 0.296455936406, 0.951584162571, 0.275632251897, 46.529784286
0.663386406059, 0.896146257895, 0.0977768097628, 0.815298325342, 0.0246520883873, 0.498374321003, 0.210947284111, 0.0660515114301, 0.593484043541, 0.125329422983, 0.199432151399, 0.464407210209, 0.577705290342, 0.177104546784, 0.00609729968848, 0.817094451435, 0.737385763235, 0.972298404611, 0.146001671472, 0.537704809476, 0.363106347547, 0.764248484337, 0.396311832648, 0.577802090879, 0.175771534076, 0.980921478334, 0.517766107349, 0.663386406059, 0.896146257895, 0.0977768097628, 0.815298325342, 0.0246520883873, 0.498374321003, 0.210947284111, 48.2163738334
0.506689265144, 0.378724408126, 0.815135280947, 0.747159382503, 0.0988893027437, 0.530352695974, 0.728909573066, 0.242327656272, 0.313124518795, 0.578671686207, 0.202440812209, 0.530538952689, 0.739506644583, 0.468578643846, 0.968278709383, 0.523672663906, 0.34572201061, 0.00529900310146, 0.667213302867, 0.875115497959, 0.869899632685, 0.561809704256, 0.289959193021, 0.577345518428, 0.303018428363, 0.742243570836, 0.416962040979, 0.506689265144, 0.378724408126, 0.815135280947, 0.747159382503, 0.0988893027437, 0.530352695974, 0.728909573066, 51.8720945222
0.814592236994, 0.337297168278, 0.353794613014, 0.694517561317, 0.74886398133, 0.434742199226, 0.420621743233, 0.425594508728, 0.87956054782, 0.107095176231, 0.511667263155, 0.0184804521803, 0.855334988562, 0.647829309597, 0.766820635268, 0.640324711244, 0.233308421853, 0.210990293877, 0.485426702023, 0.262133597957, 0.33008720679, 0.0409837678761, 0.848067231064, 0.00877140276181, 0.614459240108, 0.777428211587, 0.184805869474, 0.814592236994, 0.337297168278, 0.353794613014, 0.694517561317, 0.74886398133, 0.434742199226, 0.420621743233, 46.9752747373
0.174138350362, 0.32158860974, 0.0583555558777, 0.412873603183, 0.900465409249, 0.966667467312, 0.539907270433, 0.715548609433, 0.665333117989, 0.571034606588, 0.574266158012, 0.118168688838, 0.440439023273, 0.848749675299, 0.718772602969, 0.0379367306433, 0.432334674957, 0.399852760804, 0.904045570123, 0.989460798233, 0.822575842696, 0.659319090109, 0.246407268473, 0.408493779787, 0.537706303494, 0.609386650312, 0.259240036937, 0.174138350362, 0.32158860974, 0.0583555558777, 0.412873603183, 0.900465409249, 0.966667467312, 0.539907270433, 54.6158069864
0.238609527044, 0.583516215039, 0.183123011988, 0.34754551281, 0.920490265097, 0.0479613419176, 0.111969898267, 0.956703107304, 0.0244289753642, 0.636594861296, 0.393066271353, 0.935043395446, 0.0750279199108, 0.690130913553, 0.0832227571966, 0.469064554307, 0.845049201036, 0.981842080962, 0.303120412723, 0.988446621486, 0.614295549318, 0.727146415716, 0.872538592843, 0.0180237055944, 0.0724933599257, 0.971925779264, 0.130630946543, 0.238609527044, 0.583516215039, 0.183123011988, 0.34754551281, 0.920490265097, 0.0479613419176, 0.111969898267, 54.1753548564
0.816960210172, 0.337613312763, 0.842358192029, 0.0204724169792, 0.74886398133, 0.441941855324, 0.412576844054, 0.425594508728, 0.87956054782, 0.107095176231, 0.511117291702, 0.0160519865761, 0.855334988562, 0.647829309597, 0.766790974427, 0.640324711244, 0.233308421853, 0.210990293877, 0.485143462755, 0.262133597957, 0.331279182953, 0.0409837678761, 0.869343161269, 0.751824218486, 0.614459240108, 0.327556073189, 0.184805869474, 0.816960210172, 0.337613312763, 0.842358192029, 0.0204724169792, 0.74886398133, 0.441941855324, 0.412576844054, 47.9735046272
0.821708092846, 0.0669447049845, 0.483744735944, 0.163567338702, 0.930823220373, 0.362635602234, 0.901943717514, 0.489548762656, 0.882024841229, 0.563570538356, 0.404639398968, 0.434587980968, 0.407049235147, 0.0462343110326, 0.952292539887, 0.490484994594, 0.998281533369, 0.305856439724, 0.479612427452, 0.185458103421, 0.93142348315, 0.523459622893, 0.297322779367, 0.753159014586, 0.159082493496, 0.327911883621, 0.184877781451, 0.821708092846, 0.0669447049845, 0.483744735944, 0.163567338702, 0.930823220373, 0.362635602234, 0.901943717514, 50.2257023148
0.496031046211, 0.932668497304, 0.489875128268, 0.0142179029851, 0.380502639339, 0.475422609033, 0.65130393171, 0.54211627394, 0.400304602259, 0.589911594848, 0.998709011268, 0.105288248101, 0.289348285606, 0.467326064567, 0.46552338895, 0.42928612342, 0.289040576847, 0.0126174427697, 0.0623211688308, 0.289981687609, 0.430981823195, 0.807802118402, 0.819006061378, 0.577865378744, 0.425492666643, 0.518176731273, 0.772881985784, 0.496031046211, 0.932668497304, 0.489875128268, 0.0142179029851, 0.380502639339, 0.475422609033, 0.65130393171, 49.0040766583
0.690416376253, 0.082296426457, 0.00991100306894, 0.667260760983, 0.149303249472, 0.714010616551, 0.478059499004, 0.554100314786, 0.624321979394, 0.0288180133094, 0.514799508522, 0.774146225019, 0.451083847332, 0.944093907293, 0.260252428734, 0.0842916598861, 0.488192081861, 0.0686155290768, 0.0326789543568, 0.3984208154, 0.155687664415, 0.251360896503, 0.696272723676, 0.788937070679, 0.248098223541, 0.856027769206, 0.788273217794, 0.690416376253, 0.082296426457, 0.00991100306894, 0.667260760983, 0.149303249472, 0.714010616551, 0.478059499004, 47.846765193
0.67248317757, 0.321982664957, 0.0141650132723, 0.732327800889, 0.346826443975, 0.68786448039, 0.631623306444, 0.930102061566, 0.632599842955, 0.726222391734, 0.285056142288, 0.294828775539, 0.774331568004, 0.4251525838, 0.321100378158, 0.760956348556, 0.0990737785056, 0.0653165193045, 0.861629131466, 0.876400942134, 0.813973457933, 0.442604531701, 0.443008347381, 0.906317358196, 0.435998470256, 0.255963617044, 0.544228096685, 0.67248317757, 0.321982664957, 0.0141650132723, 0.732327800889, 0.346826443975, 0.68786448039, 0.631623306444, 54.400855609
0.410819158373, 0.166513856312, 0.554410228817, 0.541071582832, 0.221858267879, 0.155774696403, 0.586070771697, 0.931140665744, 0.480706370847, 0.0741645499844, 0.8896165156, 0.392356909652, 0.819135189792, 0.191695642731, 0.279925700794, 0.567774409514, 0.663303337041, 0.480953720337, 0.934989337735, 0.987466514049, 0.720546654229, 0.449323170021, 0.0446420532837, 0.639936638992, 0.854433947148, 0.839935881854, 0.0598379155338, 0.410819158373, 0.166513856312, 0.554410228817, 0.541071582832, 0.221858267879, 0.155774696403, 0.586070771697, 56.358015201
0.391760812069, 0.543643160888, 0.00593468334907, 0.184974507341, 0.0202761862764, 0.508379949274, 0.289278460052, 0.100605279623, 0.198919304374, 0.433686069246, 0.428034777318, 0.781169482512, 0.977181598719, 0.129128763447, 0.356578979773, 0.497599020897, 0.536194847947, 0.250825868382, 0.196033026465, 0.059277694785, 0.677209725987, 0.0509910844743, 0.511182043461, 0.479941554414, 0.92862823587, 0.412235293651, 0.478379953822, 0.391760812069, 0.543643160888, 0.00593468334907, 0.184974507341, 0.0202761862764, 0.508379949274, 0.289278460052, 46.3458767404
0.502801008438, 0.751093972859, 0.506745886372, 0.323364631294, 0.361455182984, 0.0619412681805, 0.618938443839, 0.156403817016, 0.112241561267, 0.635983913144, 0.184763974223, 0.889907142026, 0.56047414591, 0.533121759413, 0.418034443277, 0.138183775646, 0.259104097671, 0.430829597251, 0.46540531455, 0.773780545258, 0.280932763719, 0.592792635346, 0.832025890087, 0.55571641465, 0.798545495659, 0.658474680613, 0.610059850845, 0.502801008438, 0.751093972859, 0.506745886372, 0.323364631294, 0.361455182984, 0.0619412681805, 0.618938443839, 51.1094455644
0.943911156079, 0.939794276312, 0.489875128268, 0.0199933569095, 0.380502639339, 0.870973998607, 0.649241017534, 0.54211627394, 0.398917028814, 0.197587016285, 0.998709011268, 0.105288248101, 0.289348285606, 0.665444843558, 0.46552338895, 0.431102180568, 0.289331360812, 0.818249287039, 0.0580760345993, 0.29015170555, 0.451006965247, 0.817728217167, 0.819006061378, 0.702743738511, 0.425492666643, 0.519800031496, 0.827294444664, 0.943911156079, 0.939794276312, 0.489875128268, 0.0199933569095, 0.380502639339, 0.870973998607, 0.649241017534, 51.2980805248
0.670951525253, 0.800290188029, 0.801222575999, 0.586226431975, 0.327396591475, 0.171089532581, 0.803330776234, 0.00372656756362, 0.390344618044, 0.663892631182, 0.361265426439, 0.420153537496, 0.149953455627, 0.398781629066, 0.243088257748, 0.293717480325, 0.336892176368, 0.579253663195, 0.696162598075, 0.787479269207, 0.297469960864, 0.487625231746, 0.472974690963, 0.206045147358, 0.0526617540133, 0.277213402284, 0.16147882559, 0.670951525253, 0.800290188029, 0.801222575999, 0.586226431975, 0.327396591475, 0.171089532581, 0.803330776234, 41.1156881501
0.92308826431, 0.484416666115, 0.0853846967639, 0.36632931325, 0.345156495958, 0.929123658218, 0.0883155192268, 0.0871361146766, 0.814706161721, 0.761394203398, 0.460625654979, 0.268057619746, 0.413812615751, 0.60129935603, 0.230044439874, 0.909824280374, 0.322079917371, 0.457919347842, 0.704722228358, 0.450755221959, 0.690797245854, 0.787961115764, 0.0341986197641, 0.521635631439, 0.40188661653, 0.300495301234, 0.682757412283, 0.92308826431, 0.484416666115, 0.0853846967639, 0.36632931325, 0.345156495958, 0.929123658218, 0.0883155192268, 50.8458235206
0.35168665693, 0.781443032409, 0.573248413311, 0.852402187821, 0.0850188478892, 0.98047299711, 0.864679098638, 0.0260861507625, 0.995173267685, 0.959102041127, 0.406081113625, 0.553338649333, 0.848397060808, 0.417876070142, 0.193407850562, 0.944100396606, 0.0579036633158, 0.16859568268, 0.708925836579, 0.705461511881, 0.234110129144, 0.131705841989, 0.179828677472, 0.0945785832989, 4.22759654759e-05, 0.245416581839, 0.447978053308, 0.35168665693, 0.781443032409, 0.573248413311, 0.852402187821, 0.0850188478892, 0.98047299711, 0.864679098638, 44.7154830646
0.117478780553, 0.457895634247, 0.593920789067, 0.433813636885, 0.360160108372, 0.300887427465, 0.632878096413, 0.262329912493, 0.876390797875, 0.0965616432261, 0.650078843216, 0.0671199212986, 0.0178642008517, 0.205628208618, 0.26330507211, 0.832044600643, 0.264666427448, 0.752327579885, 0.720108053246, 0.257189216504, 0.150404443204, 0.47336455222, 0.426770442391, 0.394544752065, 0.492441288509, 0.618252394361, 0.720300153842, 0.117478780553, 0.457895634247, 0.593920789067, 0.433813636885, 0.360160108372, 0.300887427465, 0.632878096413, 46.4367236366
0.488810553402, 0.417198300551, 0.793951211665, 0.738643206091, 0.033581241987, 0.528407698791, 0.73925678945, 0.794762079916, 0.788393159871, 0.32754719896, 0.0306228490636, 0.9548426746, 0.879005014643, 0.530091808227, 0.525196717604, 0.92180415468, 0.388875403074, 0.95301789963, 0.862554351258, 0.87812237121, 0.0692670982427, 0.245347896717, 0.281030067794, 0.0244278473798, 0.297746377352, 0.793273630887, 0.415599084043, 0.488810553402, 0.417198300551, 0.793951211665, 0.738643206091, 0.033581241987, 0.528407698791, 0.73925678945, 54.5651319358
0.50254006243, 0.401310683872, 0.13374076702, 0.516897566043, 0.30924158105, 0.0116589190295, 0.813256984751, 0.296340587427, 0.0810308457136, 0.81558645822, 0.352295226284, 0.246051021335, 0.746200693135, 0.21075280121, 0.0947868005837, 0.920638926411, 0.893996383915, 0.957522773037, 0.659123250905, 0.378114086182, 0.217965769045, 0.511125171564, 0.286411594525, 0.792736379469, 0.0776516075219, 0.0103863411777, 0.285623503281, 0.50254006243, 0.401310683872, 0.13374076702, 0.516897566043, 0.30924158105, 0.0116589190295, 0.813256984751, 47.3342755243
0.115365431052, 0.459219304175, 0.059480394191, 0.92067084442, 0.763444632852, 0.122421283045, 0.0668167817977, 0.357661527514, 0.584627305776, 0.346688222082, 0.487438053897, 0.0189209505882, 0.433329251368, 0.752685148552, 0.26330507211, 0.686041686283, 0.266406134303, 0.749815103773, 0.805664974504, 0.550196318438, 0.142063442682, 0.484622616548, 0.418374493838, 0.228421472152, 0.890898226206, 0.142636604976, 0.368178201221, 0.115365431052, 0.459219304175, 0.059480394191, 0.92067084442, 0.763444632852, 0.122421283045, 0.0668167817977, 47.6208731016
0.120563042906, 0.251474734939, 0.0863765589305, 0.461952759889, 0.515519736637, 0.691879412972, 0.988495987611, 0.000627567857998, 0.935601907096, 0.714490015812, 0.443048841246, 0.199532495728, 0.155828524307, 0.443204581644, 0.294689017607, 0.747591968525, 0.410286270844, 0.842029080539, 0.811542907241, 0.172054138182, 0.341571751332, 0.0947051840778, 0.974161802625, 0.165905464801, 0.987976533216, 0.633177927911, 0.0712894284761, 0.120563042906, 0.251474734939, 0.0863765589305, 0.461952759889, 0.515519736637, 0.691879412972, 0.988495987611, 49.423499922
