0.180231287266, 0.936352545862, 2.06777420204, 0.63692665951, 72.7125196004, 40.7176425596, 0.799272269349, 1.78459605483, 1.79421764674, 39.1117646343, 0.0310885954758, 0.0
0.180231287266, 0.936352545862, 2.06777420204, 0.63692665951, 72.7125196004, 40.7176425596, 0.799272269349, 1.78459605483, 1.79421764674, 39.1117646343, 0.0310885954758, 0.0
0.180231287266, 0.936352545862, 2.06777420204, 0.63692665951, 72.7125196004, 40.7176425596, 0.799272269349, 1.78459605483, 1.79421764674, 39.1117646343, 0.0310885954758, 0.0
0.180231287266, 0.936352545862, 2.06777420204, 0.63692665951, 72.7125196004, 40.7176425596, 0.799272269349, 1.78459605483, 1.79421764674, 39.1117646343, 0.0310885954758, 0.0
0.180231287266, 0.936352545862, 2.06777420204, 0.63692665951, 72.7125196004, 40.7176425596, 0.799272269349, 1.78459605483, 1.79421764674, 39.1117646343, 0.0310885954758, 0.0
0.180208692878, 0.936391479734, 2.06777420204, 0.63692665951, 72.7125196004, 38.3495049042, 0.799272269349, 1.82787647898, 1.79421764674, 47.8830249453, 0.344891838199, 0.0
0.180208692878, 0.936391479734, 2.06777420204, 0.63692665951, 72.7125196004, 38.3495049042, 0.799272269349, 1.82787647898, 1.79421764674, 47.8830249453, 0.344891838199, 0.0
0.180208692878, 0.936391479734, 2.06777420204, 0.63692665951, 72.7125196004, 38.3495049042, 0.799272269349, 1.82839343434, 1.79421764674, 16.1290189289, 0.29790430975, 0.0
0.180208692878, 0.936391479734, 2.06777420204, 0.63692665951, 72.7125196004, 38.3495049042, 0.799272269349, 1.82839343434, 1.79421764674, 16.1290189289, 0.29790430975, 0.0
0.180208692878, 0.936391479734, 2.06777420204, 0.63692665951, 72.7125196004, 38.3495049042, 0.799272269349, 1.82839343434, 1.79421764674, 16.1290189289, 0.29790430975, 0.0
0.180208692878, 0.936391479734, 2.06777420204, 0.63692665951, 72.7125196004, 38.3495049042, 0.799272269349, 1.82839343434, 1.79421764674, 16.1290189289, 0.29790430975, 0.0
0.180208692878, 0.936391479734, 2.06777420204, 0.63692665951, 72.7125196004, 38.3495049042, 0.799272269349, 1.82839343434, 1.79421764674, 16.1290189289, 0.29790430975, 0.0
0.180208692878, 0.936391479734, 2.06777420204, 0.63692665951, 72.7125196004, 38.3495049042, 0.799272269349, 1.82839343434, 1.79421764674, 16.1290189289, 0.29790430975, 0.0
0.180208692878, 0.936391479734, 2.06777420204, 0.63692665951, 72.7125196004, 38.3495049042, 0.799272269349, 1.82839343434, 1.79421764674, 16.1290189289, 0.29790430975, 0.0
0.180208692878, 0.936391479734, 2.06777420204, 0.63692665951, 72.7125196004, 38.3495049042, 0.799272269349, 1.82839343434, 1.79421764674, 16.1290189289, 0.29790430975, 0.0
0.180208692878, 0.936391479734, 2.06777420204, 0.63692665951, 72.7125196004, 38.3495049042, 0.799272269349, 1.82839343434, 1.79421764674, 16.1290189289, 0.29790430975, 0.0
0.180208692878, 0.936391479734, 2.06777420204, 0.63692665951, 72.7125196004, 38.3495049042, 0.799272269349, 1.82839343434, 1.79421764674, 16.1290189289, 0.29790430975, 0.0
0.180208692878, 0.936391479734, 2.06777420204, 0.63692665951, 72.7125196004, 38.3495049042, 0.799272269349, 1.82839343434, 1.79421764674, 16.1290189289, 0.29790430975, 0.0
0.180208692878, 0.936391479734, 2.06777420204, 0.63692665951, 72.7125196004, 38.3495049042, 0.799272269349, 1.82839343434, 1.79421764674, 16.1290189289, 0.29790430975, 0.0
0.180208692878, 0.936391479734, 2.06777420204, 0.63692665951, 72.7125196004, 38.3495049042, 0.799272269349, 1.82839343434, 1.79421764674, 16.1290189289, 0.29790430975, 0.0
0.180208692878, 0.936391479734, 2.06777420204, 0.63692665951, 72.7125196004, 38.3495049042, 0.799272269349, 1.82839343434, 1.79421764674, 16.1290189289, 0.29790430975, 0.0
0.180208692878, 0.936391479734, 2.06777420204, 0.63692665951, 72.7125196004, 38.3495049042, 0.799272269349, 1.82839343434, 1.79421764674, 16.1290189289, 0.29790430975, 0.0
0.180208692878, 0.936391479734, 2.06777420204, 0.63692665951, 72.7125196004, 38.3495049042, 0.799272269349, 1.82839343434, 1.79421764674, 16.1290189289, 0.29790430975, 0.0
0.180208692878, 0.936391479734, 2.06777420204, 0.63692665951, 72.7125196004, 38.3495049042, 0.799272269349, 1.82839343434, 1.79421764674, 16.1290189289, 0.29790430975, 0.0
0.180208692878, 0.936391479734, 2.06777420204, 0.63692665951, 72.7125196004, 38.3495049042, 0.799272269349, 1.82839343434, 1.79421764674, 16.1290189289, 0.29790430975, 0.0
0.180208692878, 0.936391479734, 2.06777420204, 0.63692665951, 72.7125196004, 38.3495049042, 0.799272269349, 1.82839343434, 1.79421764674, 16.1290189289, 0.29790430975, 0.0
0.180208692878, 0.936391479734, 2.06777420204, 0.63692665951, 72.7125196004, 38.3495049042, 0.799272269349, 1.82839343434, 1.79421764674, 16.1290189289, 0.29790430975, 0.0
0.180208692878, 0.947883200627, 2.06777420204, 0.63692665951, 72.7125196004, 38.3565300845, 0.799272269349, 1.82787717413, 1.79421764674, 57.738032198, 0.527344370322, 0.166666666667
0.180208692878, 0.947883200627, 2.06777420204, 0.63692665951, 72.7125196004, 38.3565300845, 0.799272269349, 1.82787717413, 1.79421764674, 57.738032198, 0.527344370322, 0.166666666667
0.180208692878, 0.947883200627, 2.06777420204, 0.63692665951, 72.7125196004, 38.3565300845, 0.799272269349, 1.82787717413, 1.79421764674, 57.738032198, 0.527344370322, 0.166666666667
0.180208692878, 0.947883200627, 2.06777420204, 0.63692665951, 72.7125196004, 38.3565300845, 0.799272269349, 1.82787717413, 1.79421764674, 57.738032198, 0.527344370322, 0.166666666667
0.180208692878, 0.947883200627, 2.06777420204, 0.63692665951, 72.7125196004, 38.3565300845, 0.799272269349, 1.82787717413, 1.79421764674, 57.738032198, 0.527344370322, 0.166666666667
0.180208692878, 0.947953527453, 2.06777420204, 0.63692665951, 78.7296863825, 37.9503310692, 0.799272269349, 1.82787647898, 1.78272608361, 51.4992123196, 0.202268831907, 0.5
0.180208692878, 0.947953527453, 2.06777420204, 0.63692665951, 78.7296863825, 37.9503310692, 0.799272269349, 1.82787647898, 1.78272608361, 51.4992123196, 0.202268831907, 0.5
0.180208692878, 0.947953527453, 2.06777420204, 0.63692665951, 78.7296863825, 37.9503310692, 0.799272269349, 1.82787647898, 1.78272608361, 51.4992123196, 0.202268831907, 0.5
0.180208692878, 0.947953527453, 2.06777420204, 0.63692665951, 78.7296863825, 37.9503310692, 0.799272269349, 1.82787647898, 1.78272608361, 51.4992123196, 0.202268831907, 0.5
0.180208692878, 0.947953527453, 2.06777420204, 0.63692665951, 78.7296863825, 37.9503310692, 0.799272269349, 1.82787647898, 1.78272608361, 51.4992123196, 0.202268831907, 0.5
0.180208692878, 0.947953527453, 2.06777420204, 0.63692665951, 78.7296863825, 37.9503310692, 0.799272269349, 1.82787647898, 1.78272608361, 51.4992123196, 0.202268831907, 0.5
0.180208692878, 0.947953527453, 2.06777420204, 0.63692665951, 78.7296863825, 37.9503310692, 0.799272269349, 1.82787647898, 1.78272608361, 51.4992123196, 0.202268831907, 0.5
0.180208692878, 0.947953527453, 2.06777420204, 0.63692665951, 78.7296863825, 37.9503310692, 0.799272269349, 1.82787647898, 1.78272608361, 51.4992123196, 0.202268831907, 0.5
0.180208692878, 0.947953527453, 2.06777420204, 0.63692665951, 78.7296863825, 37.9503310692, 0.799272269349, 1.82787647898, 1.78272608361, 51.4992123196, 0.202268831907, 0.5
0.180208692878, 0.947953527453, 2.06777420204, 0.63692665951, 78.7296863825, 37.9503310692, 0.799272269349, 1.82787647898, 1.78272608361, 51.4992123196, 0.202268831907, 0.5
0.180208692878, 0.936455469994, 2.06777420204, 0.63692665951, 72.7125196004, 40.77347078, 0.799272269349, 1.82943377802, 1.79421764674, 55.1100431915, 0.303249291764, 0.0
0.180208692878, 0.936455469994, 2.06777420204, 0.63692665951, 72.7125196004, 40.77347078, 0.799272269349, 1.82943377802, 1.79421764674, 55.1100431915, 0.303249291764, 0.0
0.180208692878, 0.936391479734, 2.06720610094, 0.63692665951, 72.7125196004, 38.3495049042, 0.799272269349, 1.82839343434, 1.79421764674, 55.7651735756, 0.213945378091, 0.0
0.180208756544, 0.936465865542, 2.06777420204, 0.63692665951, 72.7125196004, 38.3197989408, 0.799272269349, 1.78516110509, 1.79421764674, 59.8150107999, 0.13055602001, 0.4
0.180208756544, 0.936465865542, 2.06777420204, 0.63692665951, 72.7125196004, 38.3197989408, 0.799272269349, 1.78516110509, 1.79421764674, 59.8150107999, 0.13055602001, 0.4
0.180208692878, 0.936391479734, 2.06777420204, 0.63692665951, 75.6807195522, 38.3495049042, 0.799272269349, 2.20138176978, 5.03868487886, 36.0799009736, 0.264849648034, 0.0
0.180208692878, 0.936391479734, 2.06777420204, 0.63692665951, 75.6807195522, 38.3495049042, 0.799272269349, 2.20138176978, 5.03868487886, 36.0799009736, 0.264849648034, 0.0
0.180208692878, 0.936391479734, 2.06777420204, 0.63692665951, 75.6807195522, 38.3495049042, 0.799272269349, 2.20138176978, 5.03868487886, 36.0799009736, 0.264849648034, 0.0
0.180208692878, 0.936391479734, 2.06777420204, 0.63692665951, 75.6807195522, 38.3495049042, 0.799272269349, 2.20138176978, 5.03868487886, 36.0799009736, 0.264849648034, 0.0
0.180208692878, 0.936391479734, 2.06777420204, 0.63692665951, 75.6807195522, 38.3495049042, 0.799272269349, 2.20138176978, 5.03868487886, 36.0799009736, 0.264849648034, 0.0
0.180208692878, 0.936391479734, 2.06777420204, 0.63692665951, 75.6807195522, 38.3495049042, 0.799272269349, 2.20138176978, 5.03868487886, 36.0799009736, 0.264849648034, 0.0
0.180208692878, 0.936391479734, 2.06777420204, 0.63692665951, 75.6807195522, 38.3495049042, 0.799272269349, 2.20138176978, 5.03868487886, 36.0799009736, 0.264849648034, 0.0
0.180208692878, 0.936391479734, 2.06777420204, 0.63692665951, 75.6807195522, 38.3495049042, 0.799272269349, 2.20138176978, 5.03868487886, 36.0799009736, 0.264849648034, 0.0
0.180208692878, 0.936391479734, 2.06777420204, 0.63692665951, 75.6807195522, 38.3495049042, 0.799272269349, 2.20138176978, 5.03868487886, 36.0799009736, 0.264849648034, 0.0
0.180208692878, 0.936391479734, 2.06777420204, 0.63692665951, 75.6807195522, 38.3495049042, 0.799272269349, 2.20138176978, 5.03868487886, 36.0799009736, 0.264849648034, 0.0
0.180208692878, 0.936391479734, 2.06777420204, 0.63692665951, 75.6807195522, 38.3495049042, 0.799272269349, 2.20138176978, 5.03868487886, 36.0799009736, 0.264849648034, 0.0
0.180208692878, 0.936391479734, 2.06777420204, 0.63692665951, 75.6807195522, 38.3495049042, 0.799272269349, 2.20138176978, 5.03868487886, 36.0799009736, 0.264849648034, 0.0
0.180208692878, 0.936391479734, 2.06777420204, 0.63692665951, 75.6807195522, 38.3495049042, 0.799272269349, 2.20138176978, 5.03868487886, 36.0799009736, 0.264849648034, 0.0
0.180208692878, 0.936391479734, 2.06777420204, 0.63692665951, 75.6807195522, 38.3495049042, 0.799272269349, 2.20138176978, 5.03868487886, 36.0799009736, 0.264849648034, 0.0
0.180208692878, 0.936391479734, 2.06777420204, 0.63692665951, 75.6807195522, 38.3495049042, 0.799272269349, 2.20138176978, 5.03868487886, 36.0799009736, 0.264849648034, 0.0
0.180208692878, 0.936391479734, 2.06777420204, 0.63692665951, 75.6807195522, 38.3495049042, 0.799272269349, 2.20138176978, 5.03868487886, 36.0799009736, 0.264849648034, 0.0
0.180208692878, 0.936391479734, 2.06777420204, 0.63692665951, 75.6807195522, 38.3495049042, 0.799272269349, 2.20138176978, 5.03868487886, 36.0799009736, 0.264849648034, 0.0
0.180208692878, 0.936391479734, 2.06777420204, 0.63692665951, 75.6807195522, 38.3495049042, 0.799272269349, 2.20138176978, 5.03868487886, 36.0799009736, 0.264849648034, 0.0
0.180208692878, 0.936391479734, 2.06777420204, 0.63692665951, 75.6807195522, 38.3495049042, 0.799272269349, 2.20138176978, 5.03868487886, 36.0799009736, 0.264849648034, 0.0
0.180208692878, 0.936391479734, 2.06777420204, 0.63692665951, 75.6807195522, 38.3495049042, 0.799272269349, 2.20138176978, 5.03868487886, 36.0799009736, 0.264849648034, 0.0
0.170414184359, 0.936391479734, 2.06777420204, 0.63692665951, 75.6807195522, 38.3495049042, 0.799272269349, 1.82002420469, 5.03868487886, 108.762600036, 0.0880218596416, 0.0
0.180231287266, 0.936352545862, 2.06777420204, 0.632745706949, 72.7125196004, 40.7176425596, 0.799272269349, 1.78459605483, 1.72040227799, 57.4090765634, 0.153452759976, 0.2
0.180231287266, 0.936352545862, 2.06777420204, 0.632745706949, 72.7125196004, 40.7176425596, 0.799272269349, 1.78459605483, 1.72040227799, 57.4090765634, 0.153452759976, 0.2
0.180231287266, 0.936352545862, 2.06777420204, 0.632745706949, 72.7125196004, 40.7176425596, 0.799272269349, 1.78459605483, 1.72040227799, 57.4090765634, 0.153452759976, 0.2
0.180231287266, 0.936352545862, 2.06777420204, 0.632745706949, 72.7125196004, 40.7176425596, 0.799272269349, 1.78459605483, 1.72040227799, 57.4090765634, 0.153452759976, 0.2
0.180231287266, 0.936352545862, 2.06777420204, 0.632745706949, 72.7125196004, 40.7176425596, 0.799272269349, 1.78459605483, 1.72040227799, 57.4090765634, 0.153452759976, 0.2
0.180231287266, 0.936352545862, 2.06777420204, 0.632745706949, 72.7125196004, 40.7176425596, 0.799272269349, 1.78459605483, 1.72040227799, 57.4090765634, 0.153452759976, 0.2
0.180231287266, 0.936352545862, 2.06777420204, 0.632745706949, 72.7125196004, 40.7176425596, 0.799272269349, 1.78459605483, 1.72040227799, 57.4090765634, 0.153452759976, 0.2
0.180231287266, 0.936352545862, 2.06777420204, 0.632745706949, 72.7125196004, 40.7176425596, 0.799272269349, 1.78459605483, 1.72040227799, 57.4090765634, 0.153452759976, 0.2
0.180231287266, 0.936352545862, 2.06777420204, 0.632745706949, 72.7125196004, 40.7176425596, 0.799272269349, 1.78459605483, 1.72040227799, 57.4090765634, 0.153452759976, 0.2
0.180231287266, 0.936352545862, 2.06777420204, 0.63692665951, 72.7125196004, 41.2733715873, 0.799272269349, 1.78459605483, 1.79421764674, 74.5946026531, 0.200860006793, 0.2
0.131712863758, 0.936391479734, 2.02462284552, 0.63692665951, 75.6807195522, 38.3495049042, 0.799272269349, 2.20138176978, 5.03868487886, 61.5206763946, 0.188930028882, 0.0
0.18020875969, 0.947728217435, 2.06777420204, 0.63692665951, 78.7296863825, 38.333618677, 0.799272269349, 1.82787647898, 1.78237240958, 59.1972217488, 0.311257580475, 0.5
0.18020875969, 0.947728217435, 2.06777420204, 0.63692665951, 78.7296863825, 38.333618677, 0.799272269349, 1.82787647898, 1.78237240958, 59.1972217488, 0.311257580475, 0.5
0.267595599241, 0.936391479734, 2.06777420204, 0.626602184024, 79.6194965011, 38.3495049042, 0.799272269349, 1.82788475812, 1.78275270604, 59.1319141604, 0.312835277259, 0.0
0.180231287266, 0.936352545862, 2.06777420204, 0.632795946136, 72.7125196004, 40.7176425596, 0.799272269349, 1.78459605483, 1.79289875282, 37.2967338485, 0.182340819127, 0.333333333333
0.180231287266, 0.936352545862, 2.06777420204, 0.632795946136, 72.7125196004, 40.7176425596, 0.799272269349, 1.78459605483, 1.79289875282, 37.2967338485, 0.182340819127, 0.333333333333
0.180231287266, 0.936352545862, 2.06777420204, 0.632795946136, 72.7125196004, 40.7176425596, 0.799272269349, 1.78459605483, 1.79289875282, 37.2967338485, 0.182340819127, 0.333333333333
0.180231287266, 0.936352545862, 2.06777420204, 0.632795946136, 72.7125196004, 40.7176425596, 0.799272269349, 1.78459605483, 1.79289875282, 37.2967338485, 0.182340819127, 0.333333333333
0.180231287266, 0.936352545862, 2.06777420204, 0.632795946136, 72.7125196004, 40.7176425596, 0.799272269349, 1.78459605483, 1.79289875282, 37.2967338485, 0.182340819127, 0.333333333333
0.180231287266, 0.936352545862, 2.06777420204, 0.632795946136, 72.7125196004, 40.7176425596, 0.799272269349, 1.78459605483, 1.79289875282, 37.2967338485, 0.182340819127, 0.333333333333
0.180231287266, 0.936352545862, 2.06777420204, 0.632795946136, 72.7125196004, 40.7176425596, 0.799272269349, 1.78459605483, 1.79289875282, 37.2967338485, 0.182340819127, 0.333333333333
0.180231287266, 0.936352545862, 2.06777420204, 0.632795946136, 72.7125196004, 40.7176425596, 0.799272269349, 1.78459605483, 1.79289875282, 37.2967338485, 0.182340819127, 0.333333333333
0.180231287266, 0.936352545862, 2.06777420204, 0.632795946136, 72.7125196004, 40.7176425596, 0.799272269349, 1.78459605483, 1.79289875282, 37.2967338485, 0.182340819127, 0.333333333333
0.180231287266, 0.936352545862, 2.06777420204, 0.632795946136, 72.7125196004, 40.7176425596, 0.799272269349, 1.78459605483, 1.79289875282, 37.2967338485, 0.182340819127, 0.333333333333
