0.437508096106, 0.0922760120677, 0.137229555604, 0.487450784299, 0.0075644867404, 0.342302151767, 0.620084012427, 0.0543834662917, 0.393258598986, 0.181095794989, 0.479569327564, 0.37590917078, 0.273036926058, 0.0552577687673, 0.234328583818, 0.600769892618, 0.694543979963, 0.0575833534773, 0.741703381878, 0.423330600546, 0.697885418343, 0.515548257303, 0.437508096106, 0.0922760120677, 15.9036529647
0.0375208286642, 0.176338376009, 0.39596378859, 0.873708071436, 0.822552740395, 0.711753678679, 0.026761624656, 0.590860268655, 0.759838790949, 0.325510423576, 0.530469240553, 0.215146450531, 0.115626096798, 0.0179513226873, 0.75909347348, 0.111456134644, 0.575406472184, 0.0319272151315, 0.262638117602, 0.0531112068556, 0.358167902277, 0.0256929329711, 0.0375208286642, 0.176338376009, 16.1253010273
0.811129409704, 0.112988757757, 0.526506778105, 0.00519819450713, 0.254815114739, 0.343337835533, 0.399295053292, 0.156337462891, 0.378275094889, 0.722329898591, 0.106252809793, 0.227501757307, 0.117396290611, 0.627992193478, 0.746412444077, 0.301564730431, 0.0676609937379, 0.00169912336265, 0.787069292315, 0.0539883604272, 0.779885959436, 0.438466898821, 0.811129409704, 0.112988757757, 15.1336531049
0.039939107643, 0.107586309206, 0.526506778105, 0.00535380322257, 0.256567980765, 0.339510365274, 0.83342971717, 0.0300640553978, 0.384186208839, 0.724869143381, 0.450925699461, 0.193679805615, 0.388954756798, 0.627992193478, 0.385969254468, 0.29139356406, 0.385097740431, 0.000855311957247, 0.791198992608, 0.704607642471, 0.10124484153, 0.438466898821, 0.039939107643, 0.107586309206, 16.5572044185
0.819495318707, 0.112988757757, 0.526506778105, 0.00519819450713, 0.254815114739, 0.339510365274, 0.385333768409, 0.156337462891, 0.382249520573, 0.722329898591, 0.106252809793, 0.193679805615, 0.388954756798, 0.627992193478, 0.383168916301, 0.29139356406, 0.0674812050502, 0.00169912336265, 0.787069292315, 0.266752982103, 0.10124484153, 0.438466898821, 0.819495318707, 0.112988757757, 14.3133257238
0.206376810307, 0.0024895714767, 0.39650790936, 0.542363607066, 0.472457061627, 0.640127820208, 0.444518058948, 0.427420133599, 0.0738597592732, 0.0627893476451, 0.722028318226, 0.6026970476, 0.487111716801, 0.240803261967, 0.814127759385, 0.150957682813, 0.106924640978, 0.187454949296, 0.297312864971, 0.992639566011, 0.27735631681, 0.238529244155, 0.206376810307, 0.0024895714767, 16.9515831686
0.819181111699, 0.0382839186651, 0.526506778105, 0.0110286916893, 0.260879509841, 0.751417386571, 0.385333768409, 0.156337462891, 0.48081006857, 0.722329898591, 0.106102784005, 0.193679805615, 0.43591111323, 0.62768834098, 0.379936226061, 0.29139356406, 0.232783564217, 0.00169912336265, 0.775518888743, 0.266752982103, 0.10124484153, 0.763658341827, 0.819181111699, 0.0382839186651, 15.7300765927
0.00805833413007, 0.0922760120677, 0.127364801789, 0.0501806913432, 0.453411823529, 0.0657129604395, 0.93512820582, 0.0543834662917, 0.395395092595, 0.181095794989, 0.147837419713, 0.386248556809, 0.382576555965, 0.0552577687673, 0.273988127419, 0.600159322034, 0.420643890561, 0.934203363226, 0.726619516323, 0.42153776564, 0.573798604449, 0.785441165967, 0.00805833413007, 0.0922760120677, 16.7233919579
0.0193236525174, 0.0381564882802, 0.390229309217, 0.0376244043718, 0.43151129769, 0.0738393354113, 0.0619960638514, 0.332261024981, 0.569063950256, 0.371521654598, 0.939734088606, 0.201150554585, 0.435708760754, 0.550995628365, 0.124787476101, 0.552288484576, 0.231533393392, 0.986785075127, 0.0980070133098, 0.255494518074, 0.718698953082, 0.760645117859, 0.0193236525174, 0.0381564882802, 16.9508297255
0.02752640681, 0.673214164549, 0.305933173847, 0.179431607082, 0.273703378291, 0.622898579991, 0.806124999451, 0.0256294117648, 0.331854735913, 0.0183521078823, 0.639202483926, 0.371588985786, 0.323074826526, 0.387212661225, 0.0174812825222, 0.216075615776, 0.577664924112, 0.646385019998, 0.238473983198, 0.131219790632, 0.468669984496, 0.517191816158, 0.02752640681, 0.673214164549, 15.4280447886
0.826927907086, 0.00434624773632, 0.526506778105, 0.0110286916893, 0.212515686201, 0.751417386571, 0.656936935287, 0.156337462891, 0.443540425217, 0.268211106121, 0.106102784005, 0.181032119894, 0.399026785396, 0.62768834098, 0.379936226061, 0.29139356406, 0.232783564217, 0.00169912336265, 0.775518888743, 0.266752982103, 0.118397149108, 0.767161297678, 0.826927907086, 0.00434624773632, 15.3415135047
0.626303120417, 0.490197498502, 0.78595716115, 0.610329838257, 0.155487698706, 0.0626199823687, 0.534244851306, 0.0514853377238, 0.0727678632061, 0.341435557501, 0.293327781502, 0.174205334141, 0.274850349993, 0.364482282842, 0.0697190686713, 0.10807102854, 0.515596967299, 0.534578094849, 0.0331802873824, 0.356478349002, 0.54506382029, 0.0764577607781, 0.626303120417, 0.490197498502, 13.9713677779
0.471689613621, 0.938406421338, 0.422667712865, 0.977758098395, 0.334268785026, 0.266155273852, 0.0142556006527, 0.19934118795, 0.0227207824687, 0.823783832554, 0.00128648261347, 0.170976907381, 0.679633386153, 0.00824022456203, 0.833892900186, 0.563502689475, 0.201265144513, 0.195431888091, 0.323200573617, 0.0950655216988, 0.368632097922, 0.0144679731518, 0.471689613621, 0.938406421338, 14.5065716539
0.42111939046, 0.141400636319, 0.337504807306, 0.0351112040062, 0.770840284428, 0.241481231912, 0.301890801547, 0.545757492962, 0.513492809062, 0.317008933013, 0.022359986917, 0.000310572783796, 0.450372118426, 0.400032133403, 0.928840031079, 0.010480645912, 0.469347909247, 0.312029960603, 0.683956518199, 0.410745317338, 0.0861467617844, 0.912984715045, 0.42111939046, 0.141400636319, 16.3794822937
0.553682585694, 0.259105956277, 0.4509049456, 0.290269401722, 0.0537581312873, 0.174891899713, 0.0224388816615, 0.646668147723, 0.492582997927, 0.485453700473, 0.0754245889813, 0.0651849144426, 0.588293276014, 0.603932813963, 0.301094942905, 0.0336357250437, 0.27137287659, 0.548851626069, 0.910600589796, 0.419277940866, 0.451303727322, 0.124854461472, 0.553682585694, 0.259105956277, 15.3630726421
0.363869600908, 0.259611876261, 0.4509049456, 0.290269401722, 0.0534213189887, 0.738714170708, 0.0224388816615, 0.648162512118, 0.492464314714, 0.485453700473, 0.0754245889813, 0.0651849144426, 0.588293276014, 0.603932813963, 0.301094942905, 0.0336357250437, 0.27137287659, 0.548851626069, 0.933424943349, 0.420352963493, 0.593545756925, 0.124854461472, 0.363869600908, 0.259611876261, 16.30371949
0.0407282189753, 0.176338376009, 0.39596378859, 0.869461632531, 0.0187016448369, 0.0766020072188, 0.0309872997986, 0.672457307181, 0.760798270023, 0.404095430439, 0.0450469083438, 0.21828527527, 0.116696742165, 0.670193944738, 0.753321109509, 0.984103698824, 0.575406472184, 0.0200550449366, 0.259776834358, 0.0474394099466, 0.78166974396, 0.0221956032344, 0.0407282189753, 0.176338376009, 16.3387227148
0.369214096005, 0.0266865979087, 0.815167244651, 0.248039516576, 0.226990052887, 0.946504645579, 0.187350684804, 0.0545568033995, 0.769627884419, 0.314879960892, 0.837144397445, 0.614251680202, 0.851041391273, 0.00832388219738, 0.719012578229, 0.993932000427, 0.707864647713, 0.207466442603, 0.22833748562, 0.453714282852, 0.299708129281, 0.513706310608, 0.369214096005, 0.0266865979087, 19.4281035938
0.263172381093, 0.0110343385306, 0.433863337881, 0.540218116225, 0.807777347462, 0.639116801124, 0.636751453781, 0.926829221986, 0.0462041370104, 0.0647197354974, 0.950661523562, 0.00414519131049, 0.779951336668, 0.813860800731, 0.122911254596, 0.816314463696, 0.560345842488, 0.567414147097, 0.167365997709, 0.997901888715, 0.199771502231, 0.172829586188, 0.263172381093, 0.0110343385306, 19.7275184222
0.463446554565, 0.0052802301583, 0.0267556207213, 0.617400158625, 0.748490801021, 0.358382260267, 0.656646152948, 0.706790384612, 0.584537737748, 0.264384843175, 0.351722504189, 0.393592350594, 0.398777253347, 0.237349757058, 0.129575510059, 0.872430732601, 0.201408124232, 0.188024178257, 0.748877327018, 0.607199875207, 0.232493829083, 0.767627075343, 0.463446554565, 0.0052802301583, 18.267177942
0.463446554565, 0.00342773413741, 0.645837374464, 0.621125670661, 0.216426721258, 0.357761668083, 0.652313935042, 0.706790384612, 0.584537737748, 0.259165038353, 0.349350175817, 0.393592350594, 0.766035690633, 0.694863066704, 0.169882368723, 0.870683722131, 0.132795353262, 0.969837647853, 0.748877327018, 0.569650530733, 0.201753761199, 0.761018409592, 0.463446554565, 0.00342773413741, 20.3997941316
0.824673121727, 0.0922760120677, 0.137229555604, 0.0730954440795, 0.0487791926932, 0.342302151767, 0.93512820582, 0.0543834662917, 0.393611886686, 0.181095794989, 0.147837419713, 0.37590917078, 0.273244164648, 0.0552577687673, 0.273988127419, 0.600159322034, 0.420864008739, 0.934203363226, 0.726619516323, 0.42153776564, 0.696371592303, 0.515548257303, 0.824673121727, 0.0922760120677, 15.8836999818
0.819495318707, 0.112988757757, 0.190285990209, 0.43574610859, 0.254815114739, 0.211533741402, 0.373976367089, 0.156337462891, 0.382249520573, 0.722329898591, 0.106252809793, 0.193679805615, 0.388954756798, 0.632554400822, 0.383168916301, 0.29139356406, 0.0674812050502, 0.669439113931, 0.771022653976, 0.266752982103, 0.824556188484, 0.438466898821, 0.819495318707, 0.112988757757, 16.0800807333
0.0268271201364, 0.380770217977, 0.305933173847, 0.179431607082, 0.273799526016, 0.621497954765, 0.564835709831, 0.62810008401, 0.331854735913, 0.480648052581, 0.0928586801779, 0.371588985786, 0.648891556114, 0.400537736796, 0.0143243121527, 0.545627312593, 0.577664924112, 0.646385019998, 0.237952081343, 0.131219790632, 0.836523891654, 0.244177106716, 0.0268271201364, 0.380770217977, 16.9256234972
0.290028564248, 0.130565380178, 0.0322208582015, 0.932804578602, 0.500508770942, 0.23764861554, 0.958433948916, 0.42689758749, 0.206310456902, 0.289179920116, 0.0064409869629, 0.035783636447, 0.895285955776, 0.0200164164648, 0.927033489226, 0.212187643031, 0.10370843069, 0.313756853742, 0.0205348911875, 0.413301320406, 0.926112697062, 0.870500404638, 0.290028564248, 0.130565380178, 17.0966350464
0.802875548445, 0.0382839186651, 0.526506778105, 0.0120372900111, 0.261638554764, 0.816119189386, 0.151254954214, 0.156337462891, 0.477617285638, 0.722329898591, 0.552405318156, 0.193679805615, 0.43591111323, 0.62768834098, 0.379936226061, 0.29139356406, 0.232783564217, 0.670911421907, 0.775518888743, 0.680766291553, 0.10124484153, 0.763658341827, 0.802875548445, 0.0382839186651, 17.5464982975
0.02752640681, 0.37911833251, 0.0819528612396, 0.179431607082, 0.27345829225, 0.975499582414, 0.564835709831, 0.0240720292343, 0.331206698864, 0.905123210183, 0.64041839486, 0.371588985786, 0.648891556114, 0.0235014061707, 0.0174812825222, 0.538225928538, 0.576755795661, 0.336733956664, 0.188571793609, 0.131943923129, 0.581878099365, 0.92727625929, 0.02752640681, 0.37911833251, 17.1735208192
0.0407282189753, 0.161597315884, 0.399406582107, 0.455852121858, 0.123708182015, 0.848571250545, 0.990292364775, 0.671384596428, 0.521730498958, 0.650038637774, 0.0101531973831, 0.275987578596, 0.112298779615, 0.333954015624, 0.700937636061, 0.114677956979, 0.226113402533, 0.168665336901, 0.259776834358, 0.22768041411, 0.821416666009, 0.482591891324, 0.0407282189753, 0.161597315884, 17.2486240499
0.048559019483, 0.150197625728, 0.820686549938, 0.526731637786, 0.464554137574, 0.935223536898, 0.691359059849, 0.948435482355, 0.777718376823, 0.486674978894, 0.881032158253, 0.15914243015, 0.606991765976, 0.811105243846, 0.140437783773, 0.59113189879, 0.476507936399, 0.329746156321, 0.929318382059, 0.379500849371, 0.387927582224, 0.925314835942, 0.048559019483, 0.150197625728, 22.463144196
0.0255179924788, 0.945359559429, 0.789105669463, 0.714215536108, 0.622767460544, 0.850768681345, 0.999575380078, 0.674405880275, 0.518671029894, 0.652804578658, 0.0110380455672, 0.370792801983, 0.430731137967, 0.554045316801, 0.629805251897, 0.83224836169, 0.0219245204599, 0.176779333498, 0.549319438778, 0.0909229494373, 0.681020950613, 0.480407331802, 0.0255179924788, 0.945359559429, 20.0135770992
0.0256545990042, 0.383220553776, 0.305933173847, 0.701790179565, 0.273703378291, 0.621374467358, 0.564835709831, 0.778000969592, 0.331854735913, 0.893376100391, 0.639202483926, 0.764830172305, 0.227288126296, 0.40129689103, 0.0174812825222, 0.456772847799, 0.577459672289, 0.646385019998, 0.238473983198, 0.131219790632, 0.835822830676, 0.517191816158, 0.0256545990042, 0.383220553776, 19.3388190076
0.0490280032524, 0.0381564882802, 0.390229309217, 0.756636654513, 0.99164509343, 0.749482557382, 0.0619960638514, 0.434672189124, 0.479765512559, 0.371521654598, 0.418423111482, 0.201905812256, 0.435708760754, 0.663958563204, 0.125569506714, 0.398207046945, 0.231533393392, 0.982829699782, 0.0638901311358, 0.247888995114, 0.0452044861824, 0.759193087868, 0.0490280032524, 0.0381564882802, 17.8657193906
0.349412594892, 0.70546690842, 0.181512741699, 0.111127852068, 0.360265600196, 0.0414938687703, 0.677617815796, 0.981140543068, 0.499948547594, 0.438595190324, 0.5292320801, 0.0358325481224, 0.358694566219, 0.87006346806, 0.165641683666, 0.27631266769, 0.112315702781, 0.0317373015836, 0.606680942888, 0.802394704618, 0.102071167223, 0.477854500061, 0.349412594892, 0.70546690842, 16.073203774
0.0407282189753, 0.743026775703, 0.316080030272, 0.869461632531, 0.0192826057368, 0.0773616349663, 0.0309872997986, 0.672457307181, 0.806091644997, 0.403527251414, 0.0450469083438, 0.21828527527, 0.116696742165, 0.699192925758, 0.499589298931, 0.723601490116, 0.578207434275, 0.0200550449366, 0.259776834358, 0.0478685291869, 0.777875032187, 0.0248383666002, 0.0407282189753, 0.743026775703, 15.4608109028
0.349412594892, 0.737225255461, 0.422417581019, 0.115020039824, 0.366955918471, 0.0352751703955, 0.377091462832, 0.98339779619, 0.499948547594, 0.438595190324, 0.528645995024, 0.0358325481224, 0.837008072194, 0.0218919306256, 0.16083502507, 0.276401517869, 0.205469702258, 0.0317373015836, 0.606680942888, 0.487165208164, 0.354905723149, 0.477800548284, 0.349412594892, 0.737225255461, 15.4947424263
0.880514742732, 0.0605303592865, 0.0885826143272, 0.202344836448, 0.00976162508251, 0.740644131427, 0.735058227958, 0.646881092449, 0.034718695537, 0.702644890281, 0.325344995011, 0.635948091897, 0.0575714088559, 0.00521010642863, 0.361182546819, 0.0499690985057, 0.617108074895, 0.9329428736, 0.468591647815, 0.412177123136, 0.374624590187, 0.649562224857, 0.880514742732, 0.0605303592865, 16.4805531121
0.626383934653, 0.158818479947, 0.0198034623548, 0.042972019013, 0.14563162416, 0.653385646776, 0.046176879336, 0.405124624661, 0.896347067719, 0.593646753061, 0.2950399842, 0.373876766065, 0.321868159997, 0.0708172691618, 0.278352530123, 0.891479314871, 0.939133790423, 0.404777572135, 0.0360893084848, 0.148555796382, 0.929206071824, 0.44104376111, 0.626383934653, 0.158818479947, 16.5550162029
0.43354986606, 0.170029776221, 0.044425759929, 0.752464487602, 0.977771513832, 0.227961031988, 0.0622003773031, 0.433560133449, 0.332019831287, 0.248138526769, 0.548012085081, 0.15777906024, 0.274927787343, 0.831793316877, 0.130126257959, 0.398165008642, 0.51410939602, 0.089323314967, 0.923342965208, 0.16695826746, 0.609144096601, 0.472419322345, 0.43354986606, 0.170029776221, 16.9692742009
0.435211933644, 0.169390079276, 0.136808836478, 0.208604232502, 0.299201926101, 0.227961031988, 0.47373047463, 0.320070841099, 0.335838613874, 0.481787768522, 0.508045195794, 0.063521332379, 0.274536413545, 0.830613889038, 0.363366170983, 0.555029556434, 0.705739511643, 0.089323314967, 0.460921290339, 0.157802905436, 0.609144096601, 0.653801630532, 0.435211933644, 0.169390079276, 16.3805022346
0.857197067152, 0.84686224765, 0.188910603053, 0.223127067359, 0.881133235792, 0.342386480098, 0.93629938403, 0.566840132716, 0.392559798351, 0.2118185771, 0.500636554901, 0.766558544472, 0.273748915186, 0.0571519845169, 0.267006861365, 0.16733695927, 0.104048297307, 0.131546041618, 0.12595719001, 0.799531988125, 0.107575507774, 0.483187209266, 0.857197067152, 0.84686224765, 15.4447584894
0.626303120417, 0.490197498502, 0.781159415602, 0.610329838257, 0.155487698706, 0.0626199823687, 0.534244851306, 0.248781160996, 0.974423094257, 0.341435557501, 0.293327781502, 0.174205334141, 0.390059417828, 0.364482282842, 0.0689698208182, 0.102691234974, 0.563371471358, 0.534587215651, 0.0331802873824, 0.356478349002, 0.544002667543, 0.440287351556, 0.626303120417, 0.490197498502, 16.1408105688
0.600648283345, 0.560137892792, 0.005155489275, 0.0184699218116, 0.380972473431, 0.316223341489, 0.172151647208, 0.716569366847, 0.144762240146, 0.0132839320252, 0.301051407744, 0.235079951428, 0.239179732327, 0.00633234439126, 0.201856146732, 0.69971980713, 0.753414941455, 0.848899695798, 0.551793180938, 0.829461434464, 0.740656850035, 0.496275827161, 0.600648283345, 0.560137892792, 16.2838309276
0.0407282189753, 0.176338376009, 0.39596378859, 0.866279070421, 0.822552740395, 0.711753678679, 0.0309872997986, 0.671384596428, 0.760798270023, 0.325510423576, 0.0450469083438, 0.227627349473, 0.115626096798, 0.333954015624, 0.75909347348, 0.111456134644, 0.575406472184, 0.0198210492656, 0.259776834358, 0.0531112068556, 0.78166974396, 0.0256929329711, 0.0407282189753, 0.176338376009, 16.567605281
0.842723549641, 0.0114136264294, 0.0837678339373, 0.985904914063, 0.434944347384, 0.601636228953, 0.326466279476, 0.0383820762448, 0.429391437875, 0.54027266602, 0.505903821027, 0.719770306801, 0.717255252881, 0.778708759966, 0.967891373954, 0.0918501170013, 0.744003150389, 0.105486182076, 0.415057066115, 0.164818529603, 0.893511613138, 0.179484938, 0.842723549641, 0.0114136264294, 18.7183935077
0.468383554004, 0.00808729865265, 0.153700298715, 0.105312232792, 0.994249754116, 0.358382260267, 0.656646152948, 0.706790384612, 0.584537737748, 0.264384843175, 0.351722504189, 0.0590623804791, 0.398777253347, 0.8765142572, 0.645864676291, 0.872430732601, 0.193538649874, 0.188024178257, 0.74935026673, 0.589078672344, 0.57892182814, 0.767627075343, 0.468383554004, 0.00808729865265, 19.6209036116
0.843396323736, 0.00644134881767, 0.759798596673, 0.00180972120944, 0.898640022514, 0.474939349519, 0.32313047098, 0.844895560137, 0.503481515701, 0.530887420171, 0.120239210154, 0.870397847017, 0.588623427392, 0.177786488019, 0.9317300938, 0.0335419319305, 0.273858583503, 0.779924199184, 0.0648884699377, 0.390154885456, 0.73342868863, 0.985669008717, 0.843396323736, 0.00644134881767, 19.4678736324
0.463446554565, 0.0052802301583, 0.645837374464, 0.617400158625, 0.215190892175, 0.357761668083, 0.656646152948, 0.706790384612, 0.584537737748, 0.261871428065, 0.349350175817, 0.393592350594, 0.766035690633, 0.694863066704, 0.181152940068, 0.872430732601, 0.132795353262, 0.969837647853, 0.748877327018, 0.874154460879, 0.201386150727, 0.767627075343, 0.463446554565, 0.0052802301583, 20.8390361126
0.870044112549, 0.146910475631, 0.0811528631546, 0.891302070111, 0.465931436983, 0.978979570297, 0.39093897341, 0.0119992813839, 0.304025320754, 0.202252429978, 0.908937738236, 0.154461739106, 0.190463281603, 0.0219169279305, 0.134706953736, 0.136347709087, 0.479406393134, 0.514160791824, 0.703517262565, 0.206538415655, 0.590996494977, 0.925187753331, 0.870044112549, 0.146910475631, 16.7548365175
0.373828710526, 0.147781295987, 0.649961004204, 0.82246235489, 0.465931436983, 0.994333346807, 0.974452200324, 0.026152121455, 0.819072497799, 0.013102336286, 0.0502412641116, 0.154461739106, 0.190463281603, 0.023920946304, 0.134706953736, 0.116730302289, 0.980824028792, 0.343306326853, 0.698567398666, 0.488100846915, 0.120858525657, 0.475160458995, 0.373828710526, 0.147781295987, 17.4134347073
0.42111939046, 0.141400636319, 0.0232042927114, 0.0351112040062, 0.710477027101, 0.235364094161, 0.10545856893, 0.545465756223, 0.513492809062, 0.317008933013, 0.022359986917, 0.789723654724, 0.465340150635, 0.931720165828, 0.928840031079, 0.00868281354564, 0.463027440802, 0.313838697794, 0.683956518199, 0.410931468397, 0.0851319011984, 0.911489121701, 0.42111939046, 0.141400636319, 17.3878901276
0.0295782756694, 0.691692444474, 0.430402463448, 0.0503560994714, 0.429200517133, 0.0664284861369, 0.77676341168, 0.151988211259, 0.555076919161, 0.749378205286, 0.443552994884, 0.0188849403551, 0.380459402171, 0.517217588553, 0.261847114248, 0.639905978698, 0.386439177768, 0.768249670401, 0.0978991932268, 0.701511283876, 0.574012904412, 0.792614152333, 0.0295782756694, 0.691692444474, 17.6649779308
0.02752640681, 0.380770217977, 0.305933173847, 0.0025804691866, 0.329170658201, 0.34383868028, 0.564835709831, 0.832979834894, 0.331854735913, 0.890570660544, 0.428522324084, 0.374895223865, 0.648891556114, 0.402505713595, 0.305743767274, 0.201838669063, 0.577664924112, 0.646385019998, 0.238473983198, 0.131219790632, 0.836523891654, 0.517191816158, 0.02752640681, 0.380770217977, 17.9727495304
0.116875923549, 0.0969118218328, 0.32473892918, 0.192965698274, 0.768299085418, 0.255216854362, 0.148805315999, 0.283482849758, 0.848003136145, 0.526799468846, 0.547810926906, 0.554483990664, 0.853487501564, 0.00379886997168, 0.638166954152, 0.719074330225, 0.565958690938, 0.67572508446, 0.711776853363, 0.0901321362256, 0.374134579299, 0.210276536215, 0.116875923549, 0.0969118218328, 18.4525320142
0.0490280032524, 0.0381564882802, 0.390229309217, 0.756636654513, 0.419252118494, 0.749503082593, 0.179385262607, 0.426899874143, 0.474848628095, 0.552593946607, 0.418423111482, 0.205183220144, 0.435708760754, 0.663958563204, 0.2550394138, 0.398207046945, 0.236389524518, 0.982829699782, 0.0638901311358, 0.888934818311, 0.0452044861824, 0.759193087868, 0.0490280032524, 0.0381564882802, 18.5291880133
0.0555017132222, 0.146910475631, 0.0815676521892, 0.430817006731, 0.465931436983, 0.978979570297, 0.974539563498, 0.0247106932473, 0.819072497799, 0.315774920186, 0.914648222438, 0.154461739106, 0.190463281603, 0.023920946304, 0.134706953736, 0.136347709087, 0.479406393134, 0.338829056957, 0.698567398666, 0.231394720556, 0.57974188592, 0.925187753331, 0.0555017132222, 0.146910475631, 17.9272675991
0.495428413932, 0.0990332465844, 0.200063423119, 0.00743808380001, 0.0775671532516, 0.682281922912, 0.716898691412, 0.882298529818, 0.330083558802, 0.822079761797, 0.399643173971, 0.666911185248, 0.899250745688, 0.138595864437, 0.285329218133, 0.76741723105, 0.220980527485, 0.685782629389, 0.152233330606, 0.327985942774, 0.6654045558, 0.0786066285012, 0.495428413932, 0.0990332465844, 18.1176438355
0.907612182712, 0.0385308230101, 0.506539212446, 0.932804578602, 0.500508770942, 0.23764861554, 0.951017922206, 0.427060558165, 0.209246198286, 0.722108817869, 0.0064409869629, 0.035783636447, 0.895285955776, 0.0200164164648, 0.927033489226, 0.212187643031, 0.10370843069, 0.313756853742, 0.0205348911875, 0.411870858844, 0.929550161632, 0.764712192644, 0.907612182712, 0.0385308230101, 17.9356260028
0.35006091962, 0.71760540622, 0.438331104129, 0.0351112040062, 0.368157568224, 0.235364094161, 0.10545856893, 0.545465756223, 0.513490261953, 0.315692931774, 0.022359986917, 0.0383435935472, 0.832017442158, 0.924270271045, 0.928840031079, 0.0105707979972, 0.455969129519, 0.313838697794, 0.683956518199, 0.411685045962, 0.0871037524158, 0.452387922861, 0.35006091962, 0.71760540622, 16.1310535918
0.471749947547, 0.820813180078, 0.0219308884028, 0.477740281871, 0.741955387706, 0.838903086832, 0.0567726586467, 0.423706650019, 0.250870628407, 0.933425047593, 0.2447705506, 0.169018867049, 0.983528293751, 0.230745142805, 0.198575675155, 0.0849723140262, 0.201281549063, 0.192558606184, 0.325775803021, 0.102044883622, 0.0248014019676, 0.934598746325, 0.471749947547, 0.820813180078, 15.6926568215
0.471749947547, 0.859344267498, 0.0219308884028, 0.477711145512, 0.741231357356, 0.209012127278, 0.498490879824, 0.423706650019, 0.250870628407, 0.942953864629, 0.2447705506, 0.169018867049, 0.983528293751, 0.230745142805, 0.385526696958, 0.601787868945, 0.201281549063, 0.192045473455, 0.325775803021, 0.110373752836, 0.0248014019676, 0.332375982092, 0.471749947547, 0.859344267498, 15.58774489
0.467273490413, 0.938406421338, 0.422667712865, 0.977758098395, 0.334268785026, 0.266155273852, 0.0142556006527, 0.19934118795, 0.0221080842259, 0.823783832554, 0.00128648261347, 0.554736645116, 0.679633386153, 0.00862019525749, 0.816942934958, 0.902276363856, 0.199325976881, 0.807770258574, 0.0652911779624, 0.0950197050394, 0.368632097922, 0.0195302874955, 0.467273490413, 0.938406421338, 15.9180959293
0.880514742732, 0.0605303592865, 0.0913301067017, 0.202344836448, 0.130748910998, 0.742567744334, 0.346248937899, 0.32075251108, 0.0545668451504, 0.703030429885, 0.325344995011, 0.63812716289, 0.892617556298, 0.00521010642863, 0.361182546819, 0.0498771132582, 0.708761969389, 0.926454145732, 0.468591647815, 0.412112191852, 0.383129429917, 0.6544109751, 0.880514742732, 0.0605303592865, 16.9665539035
0.496902698985, 0.691692444474, 0.438802705787, 0.0503560994714, 0.430024409768, 0.171412716145, 0.77732334883, 0.155270795822, 0.329074530843, 0.749378205286, 0.443552994884, 0.0188849403551, 0.380384892517, 0.174458314336, 0.261793778708, 0.613508514168, 0.274590775135, 0.768249670401, 0.0976564318503, 0.448094651561, 0.552439214389, 0.792614152333, 0.496902698985, 0.691692444474, 16.5167607193
0.819495318707, 0.710610319618, 0.270517932712, 0.00519819450713, 0.327052258553, 0.342617722349, 0.385333768409, 0.262260843241, 0.38511501705, 0.722329898591, 0.431088433563, 0.193679805615, 0.386693068792, 0.627992193478, 0.306995994011, 0.200952546863, 0.0674812050502, 0.461979418741, 0.787190118535, 0.266752982103, 0.906972803434, 0.781720857442, 0.819495318707, 0.710610319618, 16.3825714304
0.128407689838, 0.791260623514, 0.671216439165, 0.0728788382456, 0.976146092525, 0.486347983437, 0.301904744987, 0.440566742088, 0.948078395223, 0.523589203638, 0.0494666218746, 0.0909399771739, 0.758670438795, 0.165684363535, 0.863723312076, 0.465811873706, 0.120143855918, 0.0590039357726, 0.524158563012, 0.194316754982, 0.40415323993, 0.00291969259886, 0.128407689838, 0.791260623514, 16.5716016824
0.0407282189753, 0.176338376009, 0.39596378859, 0.869461632531, 0.822552740395, 0.711753678679, 0.0309872997986, 0.671384596428, 0.760798270023, 0.406557802019, 0.0450469083438, 0.227627349473, 0.115626096798, 0.333954015624, 0.75909347348, 0.111456134644, 0.575406472184, 0.0200550449366, 0.259776834358, 0.0455397582249, 0.78166974396, 0.0256929329711, 0.0407282189753, 0.176338376009, 16.6709783547
0.472539049265, 0.176338376009, 0.397844817982, 0.618365948412, 0.206437519107, 0.740431043594, 0.0309872997986, 0.671384596428, 0.760798270023, 0.261620894912, 0.0446793317383, 0.229045102163, 0.115626096798, 0.333954015624, 0.75909347348, 0.861521460619, 0.575406472184, 0.0198210492656, 0.259776834358, 0.851631667789, 0.203622042851, 0.0179473135145, 0.472539049265, 0.176338376009, 16.6657650993
0.842723549641, 0.0114136264294, 0.08610834456, 0.985904914063, 0.437409743947, 0.601636228953, 0.326466279476, 0.681237837022, 0.429391437875, 0.530761539967, 0.509275836633, 0.719770306801, 0.717255252881, 0.778471758275, 0.965262446484, 0.758851301713, 0.744003150389, 0.105486182076, 0.415057066115, 0.101008357752, 0.962221336706, 0.180364054572, 0.842723549641, 0.0114136264294, 20.4607088009
0.843396323736, 0.00644134881767, 0.769083136421, 0.00180972120944, 0.898569660667, 0.750565628717, 0.315900502154, 0.427646067612, 0.498568592377, 0.37207877436, 0.120239210154, 0.865174739322, 0.583833841368, 0.177786488019, 0.920246327087, 0.770731916152, 0.273858583503, 0.779924199184, 0.0648884699377, 0.46891195894, 0.730990059106, 0.985669008717, 0.843396323736, 0.00644134881767, 20.1171588968
0.965936364977, 0.0155724163814, 0.759798596673, 0.992158773956, 0.899556955785, 0.600022137717, 0.0337460556693, 0.839151597353, 0.503481515701, 0.530415406349, 0.118435612144, 0.872263504635, 0.589630771897, 0.179483139753, 0.0637157192835, 0.0265916081069, 0.273877895691, 0.779924199184, 0.41846732032, 0.39094854668, 0.749729532657, 0.972799623266, 0.965936364977, 0.0155724163814, 19.9763831701
0.842615242811, 0.0114136264294, 0.0832384346952, 0.985904914063, 0.437476280257, 0.601636228953, 0.327271834444, 0.566616244692, 0.429391437875, 0.531846913322, 0.509275836633, 0.719770306801, 0.717255252881, 0.778471758275, 0.965262446484, 0.758851301713, 0.744003150389, 0.767505730077, 0.556578117883, 0.101008357752, 0.962221336706, 0.180364054572, 0.842615242811, 0.0114136264294, 21.3752874654
0.431610250556, 0.17008666002, 0.0722464390913, 0.684413901772, 0.409313617543, 0.662012760403, 0.0160992832042, 0.487730150846, 0.875880377663, 0.966330306542, 0.331709682518, 0.284170516648, 0.607921624583, 0.804874482593, 0.0452916860834, 0.257392794339, 0.0940101362936, 0.0898565013081, 0.730389474009, 0.0913960485115, 0.609119848809, 0.626349616761, 0.431610250556, 0.17008666002, 17.7101334572
0.456095881156, 0.157274060916, 0.534038297053, 0.245077858911, 0.0807589260444, 0.684955818098, 0.945625131225, 0.626159281083, 0.24834876381, 0.838054326812, 0.399511423297, 0.666722173039, 0.904232987004, 0.138164410208, 0.418908410234, 0.764675752889, 0.0993762959732, 0.11343598688, 0.151523758278, 0.478494222654, 0.251069958373, 0.0707864704771, 0.456095881156, 0.157274060916, 17.6106422015
0.02752640681, 0.380770217977, 0.305933173847, 0.179431607082, 0.273703378291, 0.621497954765, 0.564835709831, 0.832979834894, 0.331854735913, 0.89505039183, 0.639202483926, 0.371588985786, 0.648891556114, 0.402505713595, 0.0174812825222, 0.545793610481, 0.577664924112, 0.646385019998, 0.238473983198, 0.131219790632, 0.836523891654, 0.517191816158, 0.02752640681, 0.380770217977, 18.8704468876
0.114452521491, 0.0969118218328, 0.32473892918, 0.192965698274, 0.780481570891, 0.818211205099, 0.148805315999, 0.283482849758, 0.848003136145, 0.524409082067, 0.547810926906, 0.545711013972, 0.853487501564, 0.489476191091, 0.638166954152, 0.719074330225, 0.565958690938, 0.67572508446, 0.711776853363, 0.689090941729, 0.0858701869048, 0.211554610186, 0.114452521491, 0.0969118218328, 20.2853509254
0.435613476983, 0.0582323725357, 0.100449198648, 0.714703243402, 0.673343382748, 0.00763102585502, 0.466100732854, 0.537728367038, 0.566707320955, 0.0493264809918, 0.678661574163, 0.396525723717, 0.932465185459, 0.441016459834, 0.730287200702, 0.32840778293, 0.77128629414, 0.43540309439, 0.345406846917, 0.476227237401, 0.727816216637, 0.87290979876, 0.435613476983, 0.0582323725357, 19.7993967897
0.161255695562, 0.106009693832, 0.426432037164, 0.713669626935, 0.838714423539, 0.668093439753, 0.464472739199, 0.778781083394, 0.00437818671958, 0.398053526226, 0.949896299232, 0.385083513719, 0.92574254642, 0.298364194545, 0.360126908331, 0.0256523873669, 0.0702810400338, 0.735287198149, 0.318220618475, 0.101265949388, 0.886537408602, 0.499453745414, 0.161255695562, 0.106009693832, 19.1695661748
0.166473586672, 0.106009693832, 0.444255958731, 0.697243909115, 0.838714423539, 0.666845558956, 0.61604240522, 0.547478227904, 0.00437818671958, 0.81889946557, 0.949896299232, 0.767242810377, 0.227571401229, 0.795185406987, 0.366916215001, 0.0294866332799, 0.0679543863964, 0.735287198149, 0.32125690496, 0.101265949388, 0.284762014555, 0.501568683078, 0.166473586672, 0.106009693832, 19.0779830482
0.262896444153, 0.129904569664, 0.335822626925, 0.51253653586, 0.687070027906, 0.900536340012, 0.301155036667, 0.581055945804, 0.566594843614, 0.14403063356, 0.950578806373, 0.00813029249997, 0.45051702747, 0.396015674133, 0.546545248523, 0.356488969482, 0.285410094105, 0.174730002291, 0.43576289935, 0.686386108484, 0.727145944693, 0.697721725261, 0.262896444153, 0.129904569664, 18.9908961339
0.119045210488, 0.123548367714, 0.423888322702, 0.965006736284, 0.331052833624, 0.0292123522542, 0.5339005019, 0.569507617574, 0.492179740691, 0.437355060006, 0.599394597086, 0.789143957509, 0.936492578676, 0.525376491164, 0.817249746621, 0.10152355141, 0.102826428339, 0.0275854759656, 0.621351673102, 0.569798703384, 0.642503547244, 0.47763004667, 0.119045210488, 0.123548367714, 19.3769164984
0.435613476983, 0.0577735891702, 0.100449198648, 0.714703243402, 0.673259020936, 0.00763102585502, 0.466100732854, 0.537728367038, 0.838772761238, 0.0493264809918, 0.678661574163, 0.394983258314, 0.932465185459, 0.441016459834, 0.730287200702, 0.32835418179, 0.769504945974, 0.43540309439, 0.345406846917, 0.476734332647, 0.799289253164, 0.875586202465, 0.435613476983, 0.0577735891702, 20.2623069877
0.403939155298, 0.0577735891702, 0.100449198648, 0.714703243402, 0.673259020936, 0.898885915038, 0.466100732854, 0.793580679326, 0.850820199154, 0.0493264809918, 0.678661574163, 0.394983258314, 0.932465185459, 0.293147643247, 0.730287200702, 0.32835418179, 0.769504945974, 0.43540309439, 0.345406846917, 0.741464032321, 0.799289253164, 0.875586202465, 0.403939155298, 0.0577735891702, 21.9617164867
0.454272491756, 0.157274060916, 0.534038297053, 0.241069851373, 0.0807589260444, 0.687192448761, 0.945625131225, 0.626501122232, 0.252504287832, 0.474199953334, 0.399511423297, 0.666722173039, 0.904232987004, 0.31200673054, 0.418908410234, 0.763221534895, 0.0993762959732, 0.11343598688, 0.697552359304, 0.478494222654, 0.251069958373, 0.0707864704771, 0.454272491756, 0.157274060916, 18.0905938971
0.0569871725267, 0.150197625728, 0.541290943646, 0.526545747963, 0.464554137574, 0.935181730038, 0.691359059849, 0.948435482355, 0.777718376823, 0.479633799525, 0.881032158253, 0.154638166937, 0.189580054871, 0.309657739333, 0.138527215016, 0.591663102462, 0.476507936399, 0.336660618999, 0.696874844876, 0.224744258615, 0.239411093487, 0.925314835942, 0.0569871725267, 0.150197625728, 20.1176418999
0.43073116229, 0.169390079276, 0.0255421534213, 0.964141323027, 0.299201926101, 0.227961031988, 0.47373047463, 0.668273114095, 0.335838613874, 0.47932635037, 0.511504826826, 0.063521332379, 0.274536413545, 0.830613889038, 0.776018412939, 0.555029556434, 0.514126041809, 0.089323314967, 0.923342965208, 0.159342856899, 0.609144096601, 0.472419322345, 0.43073116229, 0.169390079276, 18.390800554
0.43354986606, 0.170029776221, 0.044425759929, 0.958517725687, 0.299016313861, 0.227961031988, 0.47373047463, 0.668273114095, 0.335838613874, 0.248138526769, 0.508481508659, 0.15777906024, 0.273784724602, 0.831793316877, 0.776018412939, 0.486873319204, 0.514126041809, 0.089323314967, 0.923342965208, 0.16695826746, 0.609144096601, 0.472419322345, 0.43354986606, 0.170029776221, 18.1405910811
0.495428413932, 0.0990332465844, 0.200063423119, 0.00743808380001, 0.616376098055, 0.173801637894, 0.716898691412, 0.881004848199, 0.330083558802, 0.822305460432, 0.554225153897, 0.721128151349, 0.0915617881114, 0.195696678593, 0.285329218133, 0.767558584298, 0.277241887161, 0.685782629389, 0.393920154974, 0.327985942774, 0.6654045558, 0.889201593759, 0.495428413932, 0.0990332465844, 18.9210532776
0.355312507939, 0.737225255461, 0.429919450046, 0.116691434324, 0.332216477774, 0.0351845052933, 0.609651452551, 0.296456426484, 0.491666615082, 0.438595190324, 0.528645995024, 0.0356345798918, 0.936507052045, 0.175700259387, 0.46526368934, 0.641092426231, 0.205469702258, 0.0353064654098, 0.613462327672, 0.487165208164, 0.536968190305, 0.477800548284, 0.355312507939, 0.737225255461, 16.3304123028
0.355542233436, 0.71760540622, 0.438331104129, 0.0373660833802, 0.367655973313, 0.241640944344, 0.10545856893, 0.545465756223, 0.513490261953, 0.315692931774, 0.0153771370537, 0.0383435935472, 0.832017442158, 0.924270271045, 0.928840031079, 0.152054155222, 0.116800793972, 0.312331518812, 0.683956518199, 0.763854376253, 0.0885882892637, 0.452387922861, 0.355542233436, 0.71760540622, 16.3410153997
0.213937423195, 0.199637499699, 0.817235061246, 0.74251455484, 0.606247276591, 0.67612327931, 0.720661478207, 0.0497854110482, 0.319080780264, 0.0185027281753, 0.439151881007, 0.675886792945, 0.00387335500256, 0.0821217119655, 0.439128507984, 0.411039825517, 0.103267904653, 0.629357608793, 0.000868042503411, 0.41562374204, 0.664611307006, 0.600485667368, 0.213937423195, 0.199637499699, 17.1822221734
0.101004959757, 0.199287860161, 0.502289702501, 0.873113441533, 0.811657309071, 0.637271621354, 0.720634792571, 0.139890271643, 0.512780825602, 0.405856424654, 0.439149361305, 0.819537236802, 0.0445360557767, 0.571061465615, 0.377731738672, 0.48975536761, 0.157492643315, 0.633648859701, 0.292956829615, 0.0508879836656, 0.0344392746827, 0.151040704306, 0.101004959757, 0.199287860161, 17.5683280888
0.0855203761002, 0.516779019835, 0.187069653793, 0.452360758625, 0.346149173706, 0.485912990051, 0.617733314912, 0.412192051928, 0.314089126353, 0.83201502473, 0.395330085594, 0.214827217251, 0.891825813464, 0.149496571888, 0.266104959711, 0.0100999415508, 0.225970158529, 0.641874602131, 0.517174057161, 0.872993373711, 0.396052753337, 0.114943311081, 0.0855203761002, 0.516779019835, 17.2303518656
