1.0, 0.551670449238, 0.251133960659, 0.64182302937, 0.702454445561, 0.226319688186, 1.0, 0.62548855341, 1.0, 0.744906769672, 0.451424911788, 1.0, 0.914778482403, 1.0, 1.53207128296e-14, 2.4295080661e-14, 1.19571829267e-14, 3.66214832369e-14, 784.763623168
0.056027877597, 0.0, 0.888886059219, 0.556191610292, 0.0714078635836, 0.0, 0.321086466541, 0.0, 0.0308034938807, 0.0, 0.908522674017, 1.0, 0.761912905997, 0.0, 79.3060522812, 94.7052736237, 700.529476431, 0.0, 62.7657390545
1.0, 0.0, 0.280016487975, 0.0038777725482, 0.435772815914, 0.868399194968, 0.518950249846, 0.677954436068, 1.0, 0.257275918315, 0.856673502945, 0.82318874378, 0.397914247715, 0.318543420263, 5.84532952051e-14, 3.56054581887e-16, 2.75083922999e-14, 0.0, 1055.05698223
0.882185505842, 0.713497420643, 0.509885410601, 0.289824771609, 0.593465982349, 0.581084112397, 0.390964197099, 0.760215911318, 0.451544756217, 0.0, 1.0, 0.817637058702, 0.342909328962, 0.0987597584039, 40.1120259437, 19.6369900807, 46.0697624338, 132.816802686, 787.927188565
0.438102471062, 0.710024792386, 1.0, 0.953121612676, 0.618296628141, 0.89133833496, 0.634225017914, 0.0, 1.0, 1.0, 0.539951988177, 0.560358361801, 0.409382872794, 0.697197738816, 1.08187788318e-15, 1.46655970038e-14, 240.158187947, 490.272180331, 448.900869358
0.0, 0.0, 0.827272910028, 0.0155722838939, 0.533966582154, 0.0, 0.599840155473, 0.989327204501, 0.0, 1.0, 1.0, 0.257426792396, 1.0, 0.392385796376, 142.989978154, 3.49835936151, 514.175713142, 0.0, 0.0
0.028736005926, 0.696359628193, 0.958390374745, 0.961516042463, 0.909231145115, 0.139148197856, 0.571731771048, 0.00715213800739, 0.0884015662979, 0.3465189055, 0.897734415428, 1.0, 0.497800467719, 0.845045578117, 1.57812975663, 26.0743592826, 399.093737291, 773.968388532, 39.3512055681
1.0, 0.345660132503, 0.798266322147, 0.366361077438, 0.319227454238, 0.298621944724, 0.900762988475, 0.570312750846, 0.0, 1.0, 0.0, 0.275439616168, 0.753904606223, 0.228550693702, 9.99289767962e-15, 6.48264603572e-15, 3.6322809932e-14, 2.30679796495e-14, 729.141995832
1.0, 0.149470063588, 0.378052608622, 0.653762728768, 0.217193075652, 0.308284063753, 0.248709388739, 0.799534758775, 0.545737984982, 0.512863922545, 0.610515672362, 0.428994758014, 0.597124695718, 0.196995743146, 1.7431595744e-14, 2.88268482161e-14, 2.27436718615e-14, 9.7225371649e-15, 682.530548047
0.920133855129, 0.539420483756, 0.93666389352, 1.0, 0.810035481042, 0.00393735530486, 0.606233517732, 0.444505029586, 0.940084572985, 0.0, 0.682855447258, 1.0, 0.00980006246799, 1.0, 3.19664539289e-16, 5.22051810385, 52.3005411798, 59.508831789, 629.557373289
0.962514676733, 0.539219932314, 0.816932376276, 0.713358040454, 0.564015133284, 0.0, 0.39484342179, 0.713973738047, 0.0, 0.697018758966, 1.0, 0.652376943086, 1.0, 0.296599671676, 2.52697007405, 5.22780643539, 19.6325297351, 23.1650001574, 524.436626898
1.0, 0.0384023556514, 1.0, 1.0, 1.0, 0.899831686541, 0.414003516343, 0.67563959073, 0.49661218536, 0.565863733277, 0.387518959291, 0.403090923337, 0.31837778441, 0.673384224784, 1.24753863561e-46, 2.03738520605e-30, 3.32730254547e-14, 2.00954274893e-15, 544.379881004
1.0, 0.0152171298175, 0.850504400452, 0.674880197013, 1.0, 0.392095178982, 0.510546048751, 1.0, 0.61545664472, 0.729420730578, 0.0338047348516, 0.566991839009, 0.607229992298, 0.709499710473, 4.30883584683e-15, 7.69058489055e-15, 3.68473450003e-14, 9.05790089234e-16, 618.921319258
0.523191182069, 1.0, 0.587504466895, 0.971728763046, 0.0, 0.243654714509, 0.758757354978, 0.920882012208, 0.966840814048, 0.0, 0.438485348854, 0.531279604025, 0.353581898456, 0.782250506447, 1.43221879528e-15, 3.22299074666e-14, 4.26195885368e-14, 872.957449886, 938.993544177
1.0, 0.150174004504, 0.654291083646, 0.230060343579, 0.368477216585, 0.0, 0.00767433883335, 0.480305633894, 1.0, 0.114030768375, 0.527496428833, 1.0, 0.902729402959, 0.101053144997, 1.50034420151e-14, 5.67095356179e-15, 2.65743738688e-14, 7.46093595564e-15, 521.354423887
1.0, 0.0, 0.656357828205, 0.17509170901, 1.0, 0.0276042393425, 0.045603154151, 0.0, 1.0, 1.0, 0.864961750704, 0.902077687817, 0.538820809714, 0.195685770472, 2.52954469133e-14, 7.13798782266e-15, 4.3867842103e-14, 0.0, 835.163369754
0.0, 0.0, 0.76095989844, 0.0, 0.951377934971, 0.0177418266154, 0.979262888218, 0.403637862153, 0.166134360628, 0.958703744696, 0.772185863596, 1.0, 1.0, 0.419676352835, 371.686022884, 0.0, 942.923081622, 0.0, 0.0
0.798339601782, 0.0, 0.383598263683, 1.0, 0.490604581881, 0.894896964696, 0.897929407612, 0.0, 0.909118778633, 0.335655922364, 0.570738777239, 0.106709583797, 0.419052059067, 0.791584396789, 8.09709195018e-15, 132.235546703, 90.9640202411, 0.0, 489.623597698
0.937377526647, 0.806358939648, 0.34536149889, 0.0326512584256, 0.746574087175, 0.0251739908183, 0.652949045436, 0.683827957778, 0.856076916464, 0.799113425488, 1.0, 0.882411164069, 0.428552769112, 1.0, 26.0807923026, 1.33881824083, 15.7427999708, 97.1393814271, 1031.69039303
0.0542614010785, 0.350548760266, 1.0, 0.0, 0.589191259498, 0.0, 0.641689255725, 0.0932615255391, 0.919262393213, 0.208149442768, 1.0, 1.0, 0.00633374125911, 0.908520401668, 2.49328390294e-14, 0.0, 407.184161943, 250.005824609, 40.8243302895
0.857952100063, 0.938081198557, 0.0588883603599, 0.0335999493531, 0.00146784496311, 0.0, 1.0, 0.0, 0.0, 0.584860090585, 0.0, 0.57279320309, 0.0652132430847, 0.422774355077, 12.2118105816, 0.64512233301, 1.13442484419, 125.872542833, 557.367354253
1.0, 0.596946938697, 1.0, 1.0, 0.867444025543, 0.0326979482281, 0.549974813006, 0.759000505241, 0.0, 0.3807058856, 0.36375360946, 0.367500247576, 0.0, 0.626488820533, 1.71309900806e-46, 2.79770299364e-30, 4.56899572283e-14, 6.2256766833e-14, 1261.15633516
1.0, 0.884782816291, 0.609746875788, 0.895302874246, 0.497528093822, 0.315819101507, 0.144365265431, 0.0976609410342, 0.719818298168, 0.542664792004, 0.0482185695804, 1.0, 0.390591260578, 0.422920722122, 9.21749541314e-16, 5.55415543686e-15, 8.00408539922e-15, 5.34791992039e-14, 887.883149314
1.0, 0.419376144724, 0.116799203003, 0.192786057828, 0.0, 0.15765745897, 0.896308920008, 0.0, 0.514362834837, 0.237462236806, 0.0, 0.369444346645, 0.79118685506, 0.0, 3.15617402271e-14, 9.86106094528e-15, 6.13560778613e-15, 2.60339647109e-14, 694.56685526
1.0, 0.130254962461, 0.0, 0.718832138161, 1.0, 1.0, 0.353577303906, 0.029316007779, 0.997345971143, 0.778679855122, 0.674778328049, 0.405403412673, 1.0, 0.292301367957, 1.69749000128e-14, 3.59023947411e-14, 0.0, 8.24077302259e-15, 662.380153783
0.559799505334, 1.0, 1.0, 0.779480827965, 0.0, 0.0, 0.493963461054, 0.310228854164, 0.590696511264, 0.0968092613183, 0.0, 0.344670600834, 1.0, 0.652028766909, 4.59191954652e-31, 1.2721984891e-30, 2.20885445681e-14, 360.733308306, 435.772160376
1.0, 1.0, 0.793375201205, 0.674432204761, 0.296254503296, 0.592615837518, 0.397120267855, 1.0, 0.701159560055, 0.0, 0.179606671939, 1.0, 0.331861174739, 0.0, 2.06372608411e-31, 3.67735096498e-31, 1.25328608863e-30, 2.15952145318e-14, 352.676617402
1.0, 0.580281998497, 0.0, 0.888853279047, 1.0, 1.0, 0.233478158853, 0.0469039964425, 0.045962299493, 1.0, 0.620256419649, 0.848992208944, 1.0, 0.0450774279221, 7.78552079859e-15, 4.41394448158e-14, 0.0, 5.78355205116e-14, 1194.95716911
0.622453011624, 0.143473164765, 0.0, 0.575249234083, 0.780553236982, 0.428712226942, 1.0, 0.595897711791, 0.997779600626, 0.0999193977508, 0.498286651672, 0.0738607707635, 0.0, 0.640370908552, 203.735545214, 258.645514744, 0.0, 75.4844715936, 501.189380681
1.0, 0.940612291256, 0.985804895842, 0.288390139923, 1.0, 0.0, 0.485769169939, 0.401811068055, 0.104291209288, 0.0, 1.0, 0.388266803368, 0.390413896492, 1.0, 2.63331945382e-17, 1.28180289938e-17, 1.31324917124e-15, 1.40402975448e-14, 230.296786519
0.733228746729, 0.953997451776, 0.0, 1.0, 0.0122046427008, 0.763915531776, 0.690355723353, 0.902153415004, 1.0, 0.901292061351, 0.493827690788, 0.698323664249, 0.178257711088, 1.0, 7.74897476573e-16, 12.6550361641, 0.0, 174.825507666, 393.517922966
1.0, 0.726947033985, 0.56149156331, 0.918272057001, 0.415599441983, 1.0, 0.671227689644, 0.207522208965, 0.763759322186, 0.519668850785, 1.0, 0.986905395997, 0.455194421895, 0.692483765513, 1.54638107119e-15, 1.19792880378e-14, 1.46704707577e-14, 4.15546849006e-14, 746.23385205
0.619098102738, 0.403038496111, 0.0, 0.0, 0.813585093154, 0.902101684927, 0.401675702983, 0.0, 0.792258098921, 0.411087070883, 0.261732364908, 0.989557253562, 0.729568977287, 0.706372650838, 228.453618845, 0.0, 0.0, 167.653027102, 415.698370026
0.663613744723, 1.0, 0.566748126794, 0.728588152632, 0.810035481042, 0.9846128719, 0.465818574658, 0.167538127631, 1.0, 0.0, 0.0, 0.917604686128, 0.519653527509, 1.0, 5.19811549426e-15, 1.14448079287e-14, 1.55266765323e-14, 326.2496543, 558.87433737
1.0, 0.748603677799, 0.197483083402, 1.0, 1.0, 0.0, 0.233553518678, 0.630126902273, 0.332365213501, 0.441394538226, 0.0, 0.228438392272, 0.215504282423, 0.389589824023, 1.24137969348e-30, 2.02732689024e-14, 6.49868411093e-15, 5.10799721591e-14, 903.754006281
1.0, 0.149470063588, 0.430615191661, 0.629801030342, 0.0773818955174, 0.684035595362, 0.414722330449, 0.563834782011, 0.178977164342, 0.821179225708, 0.489775320524, 0.682048267149, 0.382250609838, 0.118442018395, 1.89654533868e-14, 2.88524880065e-14, 2.77166391094e-14, 1.05907607411e-14, 743.480596709
0.821132396823, 0.0, 0.56484159309, 0.567782102243, 0.282270427545, 0.205879091396, 0.525581687218, 0.629648385879, 0.0, 0.0, 0.58531729378, 0.392200858427, 1.0, 0.405981079296, 49.1945797215, 60.9683584133, 96.1774868852, 0.0, 429.820636051
1.0, 0.731866545972, 0.342166818949, 0.797320573617, 1.0, 0.0500587895904, 0.367678698315, 0.665243732249, 0.432132862033, 0.234723687449, 1.0, 0.900656279908, 0.92787710852, 0.35941725982, 8.23403849797e-15, 2.49834844435e-14, 1.56780608576e-14, 6.83563575494e-14, 1223.24875749
0.220282891319, 0.273976339653, 0.871757047383, 0.842146501456, 0.516410188483, 0.673213987145, 0.723325813861, 0.0, 0.0, 0.398548620989, 0.674715958579, 1.0, 0.0, 0.187076630751, 21.22602942, 83.8425163594, 423.516085844, 198.430992296, 171.474966334
1.0, 0.778794121377, 0.195628786084, 0.572006355988, 0.951599024248, 1.0, 1.0, 0.379803195173, 0.37575395736, 0.390125338401, 0.731164663032, 0.199753288466, 0.314255728169, 0.972257901263, 9.80034772701e-15, 1.23121540827e-14, 4.99388933737e-15, 4.55867312097e-14, 791.808304026
0.957728157478, 0.710550507509, 0.124977263161, 1.0, 0.759458845498, 0.408280717764, 0.30581538761, 0.93511249984, 0.532311616808, 0.988075425548, 0.213263963653, 0.897431908236, 0.616009208712, 0.695162196243, 1.22961868805e-15, 20.0811971077, 3.9936528862, 41.8852225501, 701.095843482
0.259217323106, 0.42915595841, 0.903032357504, 0.122729896934, 1.0, 0.472802369434, 0.585598486241, 0.33732397648, 0.0, 1.0, 0.611523919557, 0.908506304983, 1.0, 0.286990761657, 55.4937840141, 10.8328318073, 368.333843689, 297.737243251, 205.713756085
0.0180488416072, 0.191510848536, 0.755160543182, 0.563254758291, 1.0, 0.00471790158038, 0.0, 0.48550590169, 0.854291209288, 0.0836548322113, 0.683116593163, 0.558642446327, 0.376527701215, 1.0, 170.306394527, 208.021365286, 664.225627363, 222.308676849, 21.2764367729
0.45309782868, 0.368604291761, 0.767943336422, 0.0, 1.0, 0.901918374975, 0.180325114037, 0.491693647896, 1.0, 0.185970544538, 1.0, 0.20828930152, 0.883379497485, 0.969284017176, 106.92667723, 0.0, 280.231941164, 196.082972247, 309.084629034
0.303918574026, 0.682072638988, 0.898987403365, 0.218985234792, 0.0954054195245, 0.123079803829, 0.517055043989, 0.587815551091, 1.0, 0.19457736358, 0.0, 0.277689981936, 0.0, 1.0, 25.7960721141, 9.24073572247, 171.241402176, 317.896768696, 187.327209345
0.785512070573, 0.783036986357, 0.295557396257, 0.309719263381, 0.483294784527, 0.501324583219, 0.916388004259, 0.226523404407, 0.680718541087, 0.0, 1.0, 0.0, 1.0, 0.732087371963, 48.1230667855, 25.4526880937, 27.2615125009, 171.677037274, 520.03460704
0.680058377425, 0.0, 0.304111244607, 1.0, 0.0, 0.0, 0.714435800782, 0.878628946015, 0.831544201424, 0.952647028462, 0.910473929677, 0.47503419842, 0.0, 1.0, 1.9470640417e-14, 317.97968901, 164.613928579, 0.0, 651.45495472
0.51363935774, 0.221265146184, 0.760865933921, 0.535932769827, 1.0, 0.0, 0.805161953195, 0.3100518405, 1.0, 0.0273124517621, 0.387518959291, 0.176803499213, 0.284473924097, 1.0, 72.0678470668, 80.6996827944, 274.359750441, 106.841297261, 327.416403576
1.0, 0.894907845744, 0.315335995206, 0.563525048927, 0.947673212843, 0.383284688997, 0.958432344496, 0.770262782695, 0.0, 0.0, 1.0, 0.488157986009, 0.679970646864, 0.0, 4.56540431238e-15, 5.58126246217e-15, 3.89556814834e-15, 4.91952947154e-14, 814.492771415
0.698386530253, 0.714966505124, 0.681426186761, 0.41329129731, 1.0, 0.561790454837, 0.0, 0.0, 0.311513648905, 0.55902850043, 0.445670963113, 0.0, 1.0, 0.0389124203476, 68.5464699169, 52.022469064, 157.362133062, 373.453155816, 808.018025022
0.996964077438, 0.0937108291435, 0.570723691409, 0.943697877953, 0.587132026047, 0.34594258564, 0.92438982497, 0.251852152537, 0.0, 0.839979696474, 0.082483896248, 0.695607925101, 1.0, 0.179099820441, 0.249323251565, 2.81179590537, 3.5316854927, 0.670370906609, 958.431678864
0.848346803529, 0.0646753629254, 1.0, 0.09833540795, 0.312477925188, 0.00182268639317, 0.493841734601, 0.117255933939, 0.440307526153, 0.720493617784, 0.631038122869, 1.0, 0.298205312874, 0.0, 8.34060968273e-15, 1.2986764357e-15, 137.853780399, 14.0531972973, 570.645957721
0.480172097736, 0.811242448401, 0.963168341239, 0.973063740906, 0.704364611185, 0.597266950723, 0.449923372691, 0.0824485058473, 1.0, 0.40336009982, 0.910220758663, 0.873331527358, 0.196070106549, 0.223854468562, 0.305141508094, 7.20750341057, 124.55111775, 408.372412243, 401.2014228
1.0, 0.782359050804, 0.988067197393, 0.958639316135, 0.461702820658, 0.799807541472, 0.648463790247, 0.627542323878, 0.0, 0.0, 0.065402318778, 0.512454351294, 0.497064527155, 0.0, 1.9608518441e-17, 3.01387709852e-16, 1.61112621062e-14, 4.52844266644e-14, 784.977848174
0.0, 1.0, 0.5642794842, 0.295568259363, 0.842491001517, 0.632325634875, 0.402757174131, 0.778632231671, 1.0, 0.731201307479, 0.597081151428, 0.290763979539, 1.0, 0.970655604797, 2.77393338146e-14, 1.38915159903e-14, 3.80182007606e-14, 801.367848827, 0.0
0.501164645281, 0.229411099111, 0.0, 0.172145821801, 1.0, 0.751835477163, 0.16674912311, 1.0, 0.239882403756, 0.0178383246396, 0.486056001483, 0.0, 0.385938965736, 0.0, 514.388418659, 142.586056687, 0.0, 201.136393256, 572.513631812
0.00227694192131, 0.0, 0.772329054993, 0.168481653665, 0.0, 0.684695567699, 0.384208237636, 0.800438090099, 0.0, 1.0, 0.907635337857, 0.469576465894, 1.0, 0.890585275914, 133.9887553, 36.3119177377, 371.486281579, 0.0, 1.4184093812
1.0, 0.922456984919, 0.66589264826, 0.874690698656, 0.785814270853, 0.857895585968, 1.0, 0.0, 1.0, 0.868276539364, 0.410629446432, 0.0, 0.0, 0.118670001911, 4.55455855532e-16, 2.28393135527e-15, 4.02247347244e-15, 3.79708257964e-14, 624.739322399
0.638282971096, 0.305177661995, 0.449448195194, 0.0, 0.667663101981, 0.0, 1.0, 1.0, 1.0, 0.892796944214, 1.0, 0.180500723573, 0.125971918161, 0.776615650983, 215.353809396, 0.0, 183.606943079, 147.106822677, 499.601464544
0.948938908381, 0.68087988898, 0.447398188012, 0.0658059510546, 1.0, 0.510258453045, 0.777473930874, 1.0, 0.614171836543, 0.705833682599, 1.0, 1.0, 0.770558362541, 1.0, 12.3442877542, 1.28056535612, 10.512180446, 29.6817406653, 421.07662678
1.0, 0.875715209366, 0.670904655274, 0.688734609643, 0.390193619419, 0.0, 0.322492549814, 0.411348460985, 0.0, 0.0717809733584, 0.28730634947, 0.189560990751, 0.497262263525, 0.789835990461, 1.14782199337e-15, 2.15747770566e-15, 4.29863638277e-15, 2.50056863664e-14, 416.281603138
0.921745312584, 0.24561743221, 0.180850721753, 0.75373450432, 0.902113703885, 0.0, 0.461919224888, 0.701395363754, 0.864914802664, 0.0, 0.239711461906, 0.718021725206, 0.427836699857, 1.0, 33.3450608416, 81.8569898507, 25.807256178, 37.399680658, 804.436549319
1.0, 0.601730609958, 0.57574714269, 0.544426305352, 0.0, 0.0, 1.0, 0.579679209408, 0.313897591416, 0.302862710424, 0.299497738669, 1.0, 0.872064308627, 0.701000353708, 5.20435191898e-15, 5.98657751751e-15, 1.00866407238e-14, 1.77633204452e-14, 357.874159462
0.0298822749916, 1.0, 0.622915086673, 0.987196715306, 0.653581263996, 1.0, 0.715242633928, 0.373422706552, 0.333938055102, 0.559693834589, 0.880650703636, 0.866439311268, 0.375290880732, 0.423623616541, 7.95811777282e-16, 3.95649411766e-14, 5.88072592993e-14, 1157.5970951, 54.3763538346
1.0, 0.0307337279032, 1.0, 0.472911217926, 0.0, 0.386892931451, 0.0, 0.635205721673, 0.646413558438, 0.596347466093, 0.088508458498, 0.301731036887, 0.314357614776, 0.854243563541, 2.05776804403e-30, 1.8896981243e-30, 4.5626362304e-14, 2.20439053795e-15, 746.004198466
1.0, 0.203997451776, 0.748655417747, 0.455861896748, 0.408461168236, 0.0, 0.362102557025, 0.0360253266988, 0.746089504972, 0.70848770298, 0.115174355271, 0.500433934982, 0.996970830973, 0.296351004855, 1.20048210787e-14, 1.04457779433e-14, 3.81895311582e-14, 1.37304888757e-14, 711.899052085
0.828060143289, 0.318745809585, 0.967174569239, 0.288175542074, 0.306787372763, 0.02420002583, 0.324200184363, 0.117649189395, 0.0, 0.0898128260802, 0.945606046191, 0.0, 0.933922594151, 0.567386236704, 9.98708524434, 4.85718165394, 215.192004092, 117.908031177, 887.234794771
0.907119294054, 0.525513602251, 0.730556945272, 0.944199429086, 0.300759424424, 1.0, 0.514380935672, 0.0839336592983, 0.719818298168, 0.0941222222884, 0.628646936301, 0.714514916255, 0.255719373413, 0.498507861955, 2.11329578944, 24.0484769939, 53.5916846781, 63.6887848238, 589.807484874
1.0, 1.0, 0.904722850505, 0.633513842176, 0.16653799509, 0.478816627659, 0.209431213107, 0.207434713219, 0.0, 0.639569008618, 0.205842812223, 0.20746812511, 0.555534099934, 1.0, 2.26467241902e-31, 3.48945540059e-31, 2.75878665807e-30, 4.55637311509e-14, 744.11219925
1.0, 0.63614550043, 0.505520354024, 0.83997698743, 0.439430254847, 0.612502660232, 0.810498690824, 0.950616373854, 0.33033344116, 1.0, 0.425669671482, 0.614812617795, 1.0, 0.840302277076, 5.70092592781e-15, 2.22003089225e-14, 2.33216005452e-14, 5.08429607378e-14, 987.230913312
0.0, 0.174797171211, 0.888886059219, 0.0513158540448, 0.235992935847, 1.0, 0.469002081401, 0.985626291749, 0.136430670042, 0.0, 1.0, 0.594236837965, 0.0993544921835, 0.0, 112.087073822, 9.05459439086, 637.731554655, 182.41094836, 0.0
0.0, 0.446615471552, 1.0, 0.79802379216, 0.0, 0.757992288783, 0.0, 1.0, 0.466484012752, 0.445682535209, 0.450000628699, 1.0, 0.859212685834, 0.427058585486, 1.6828925903e-14, 5.1252212037e-14, 880.979467385, 744.363940183, 0.0
0.700663472174, 0.272014178954, 0.652130330677, 0.11383761786, 0.596005791453, 0.511732488197, 0.630035869382, 0.0824690308948, 0.0, 0.439762828941, 0.608431344929, 0.068923693033, 1.0, 0.0, 139.612479396, 25.2344375274, 233.266978076, 124.316301432, 590.291556286
1.0, 0.0, 0.717960787046, 0.774757686531, 0.477186559681, 0.331810395686, 0.734674364857, 0.699300857484, 0.0, 0.474458601945, 0.132421199658, 0.635807571458, 0.994671235078, 1.0, 8.2303472163e-15, 2.22832094032e-14, 5.00641658983e-14, 0.0, 904.97772783
1.0, 0.432784662382, 0.676777930331, 0.17792576309, 1.0, 0.125543027871, 0.702917560128, 0.377611938824, 0.0757641825408, 0.512863922545, 0.768229379268, 0.308529708695, 1.0, 0.0797391847876, 1.46427938018e-14, 4.20243745973e-15, 2.7381187321e-14, 2.53288548187e-14, 657.999434581
0.947958414056, 0.47902561872, 1.0, 0.109634714632, 0.0594985493767, 1.0, 0.224554142405, 0.0183030423145, 1.0, 0.0, 1.0, 0.572381668901, 1.0, 0.85801709045, 2.99392750331e-15, 5.20753964298e-16, 49.6286630277, 46.4616784389, 829.776597547
0.139943306745, 0.709260090608, 0.00713872861334, 0.341604842881, 0.223987189898, 0.0, 0.0, 0.613880743015, 0.0, 0.0, 0.0, 0.0, 0.351550724983, 0.405981079296, 184.498018142, 109.740528825, 2.40728206236, 436.934066792, 108.773012715
0.73760746385, 0.259085033014, 1.0, 0.645312073399, 0.490116114906, 0.0976237621347, 0.189118316288, 0.0, 0.0, 0.0, 0.346241094097, 0.0, 0.427474189021, 0.0319634675977, 7.73013501409e-15, 1.24084004407e-14, 238.750983816, 102.909633, 594.649455505
1.0, 0.705212179216, 1.0, 0.577747154351, 0.519009054995, 1.0, 0.420219336312, 0.0, 0.403843788293, 0.384175592684, 0.600820706181, 0.15591108158, 1.0, 0.204015229402, 4.94009250189e-31, 6.32240316037e-31, 1.31034455515e-14, 2.62459848555e-14, 479.079629133
0.959832600041, 0.109538437021, 0.414162985771, 1.0, 0.0, 0.65449104007, 1.0, 0.238151309917, 0.551516021682, 0.808254632904, 0.479902943039, 0.09528245256, 0.0, 0.204024189907, 2.36006337044e-15, 38.5427597913, 29.3347943516, 8.41730395418, 778.146190899
0.122947457681, 0.0467113265012, 0.761134442521, 0.836769304361, 0.961687819372, 0.414340183694, 0.211500855665, 1.0, 0.394491260193, 0.0980888966887, 0.0, 0.100673762638, 0.849795737342, 0.960213584304, 70.2216303438, 267.844858336, 703.019528084, 55.5399714024, 148.162946189
1.0, 0.0, 0.47191768399, 0.0, 0.814712380245, 0.279438217756, 0.364814540292, 0.0, 0.814755774683, 0.0, 0.0, 0.301692769775, 0.730382476124, 0.843365793158, 3.43552860207e-14, 0.0, 3.14505989646e-14, 0.0, 760.661699823
0.441944553236, 1.0, 0.456764770667, 1.0, 0.483294784527, 0.0, 1.0, 0.0, 0.564486909536, 0.580747392449, 0.00934166950832, 0.0, 1.0, 0.201313397931, 9.84432885507e-31, 1.60770090804e-14, 1.40292323711e-14, 348.46807826, 290.07525662
0.716839758718, 0.289184820519, 0.850504400452, 0.624850162153, 1.0, 1.0, 0.420471689962, 0.0, 1.0, 0.610429320213, 0.0, 0.899683436212, 0.586924444269, 0.0, 14.7058419345, 21.9976379182, 110.601873323, 55.5318921181, 265.518438966
1.0, 0.0, 0.809346803392, 0.631270605077, 0.685181538969, 0.0, 0.859620106781, 0.736573361085, 0.693952986004, 0.0, 0.704903776643, 0.925170979596, 0.0852757373291, 0.0, 6.75339246064e-15, 1.03259106887e-14, 3.99602171e-14, 0.0, 682.999626846
0.903174965858, 1.0, 0.00415124560486, 1.0, 0.0, 0.135409284931, 0.0, 0.174976545828, 0.0, 0.0680856648862, 0.0, 1.0, 0.183878192818, 0.805114971024, 3.65297819694e-31, 5.96576612863e-15, 3.89018885565e-17, 97.4304259514, 635.65308312
0.386689387718, 0.579095679465, 0.585957901111, 0.380321459909, 0.414184695355, 0.672421112813, 0.0, 0.250012217051, 0.736342402166, 0.0286798551215, 0.0, 0.708645426711, 0.314946611001, 0.391392730325, 204.178028426, 138.910012825, 324.594523732, 524.264938316, 461.686248293
0.0280006351823, 0.462615338519, 1.0, 0.854062893178, 0.20688073654, 0.4269567773, 0.740147377853, 0.0, 0.397871773782, 0.113514240239, 1.0, 0.679286251675, 0.0992510083583, 0.408534176259, 5.47779215189e-15, 2.34756645587e-14, 393.685529502, 349.965339683, 23.1830882067
0.625916822886, 0.809910685055, 0.921599524624, 0.455053446597, 0.950315691965, 0.0, 0.320628433869, 0.0, 0.984669235775, 0.0, 0.615294996046, 0.909560293824, 1.0, 1.0, 8.57990448095, 7.44652465438, 91.783192097, 300.472700881, 471.97837001
0.456754009013, 0.640062214016, 0.801346432536, 0.106754535791, 0.38579899107, 0.0, 0.297929548236, 0.103885579292, 0.101325893255, 0.210380441908, 1.0, 0.189708760932, 0.084418721731, 1.0, 33.5509812365, 5.67948715795, 105.486932677, 174.69300226, 180.530778895
1.0, 0.8920978533, 0.0, 0.0, 0.856745855988, 0.369489709007, 0.265159682898, 0.614466565626, 0.686999562537, 0.219596961711, 0.785440471847, 0.0766851797505, 0.387577586165, 0.404364763412, 8.70531070035e-15, 0.0, 0.0, 5.08683274983e-14, 842.819991877
0.621230849172, 0.00119807637322, 0.604211881648, 1.0, 1.0, 0.866118082982, 0.723502124323, 0.0902137524341, 1.0, 1.0, 1.0, 0.434635649055, 0.0, 0.51683737038, 1.26199836295e-14, 206.099973286, 287.655328019, 0.665957594078, 522.874058665
