$x1,$x2,$x3,$x4,$x5,$x6,$x7,$x8,$x9,$x10,$x11,$x12,$x13,$x14,$x15,$x16,$x17,$x18,$x19,$x20,$x21,$x22,>>f1,>>f2,>>f3
0.9553782689599165, 0.6471150314829044, 0.18718726969033195, 0.40597641043113075, 0.562605629198788, 0.9530873079498715, 0.795009897591771, 0.7886988888990732, 0.982929290306393, 0.6406335374209072, 0.7225537685973402, 0.76300619910377, 0.44474551954902775, 0.12188462297227254, 0.7045076973483345, 0.5637122590201835, 0.11806004867219833, 0.11238445123335605, 0.6260398696568797, 0.9118645629535997, 0.5224686756353637, 0.2095096920718852
0.1681540211106779, 0.6469609702444831, 0.4380539304049864, 0.45544415596921106, 0.7449423387007466, 0.669050127954782, 0.5593071805914182, 0.562775521815297, 0.054381237632465274, 0.3112298855602067, 0.4350707190938363, 0.7405632505484769, 0.6660395750870357, 0.16459805091040747, 0.610938399096894, 0.2703264256454506, 0.5394787589574771, 0.35697694419196413, 0.8420859698229499, 0.56653485281232, 0.6453036606267148, 0.8034432019075117
0.6665672194988909, 0.3094605999183536, 0.3009420183907475, 0.16976154292709167, 0.1393501129577731, 0.8023126339667831, 0.3238831497914262, 0.501021943624237, 0.6945199129755782, 0.24521837583004658, 0.28906443146721117, 0.2342165736041144, 0.3555059545247523, 0.6664401320001062, 0.48973552824590927, 0.1397389887213898, 0.6382433148213718, 0.6535997799114288, 0.04650995597151841, 0.35114167236144034, 0.516451236754936, 0.8505826195773902
0.91457639718304, 0.1504190084020507, 0.41449089544182216, 0.35005767412792665, 0.42610431716023467, 0.028463277932381348, 0.02340404685747799, 0.055739491583381096, 0.9801791714594807, 0.44706111453225283, 0.20372520715174958, 0.7705672653922172, 0.8452807317548777, 0.6519439174036697, 0.6385532066748082, 0.37339097834398927, 0.9060232611464755, 0.8363805936117432, 0.3966788120661928, 0.4989401329621149, 0.31350303650615663, 0.6813570934128819
0.19281680487459207, 0.7226413396095588, 0.3188072056880077, 0.040323575430745495, 0.46081432275638634, 0.6535255321649249, 0.431004675877672, 0.1577837908546985, 0.9991637705833984, 0.46120357073281526, 0.2712942429453796, 0.4172173872646936, 0.8997503221671784, 0.45799766229297834, 0.7013388424838546, 0.1875650529339249, 0.4437629121071651, 0.5032162222268507, 0.12149925052541011, 0.9697901165356807, 0.9424127924876265, 0.9493698043509928
0.24614387541957494, 0.45567056102989933, 0.4135060192764156, 0.9795078938089554, 0.6998654496116177, 0.6719705751941174, 0.3506487450855825, 0.42516152751856584, 0.9202192969347854, 0.13321503076765162, 0.4045365727427447, 0.4670644502637836, 0.8035311873677329, 0.1227581955024113, 0.10700460310295201, 0.46697509597849307, 0.8945320251103667, 0.9350988604534574, 0.4676049285479097, 0.470848768169037, 0.7302132400823579, 0.4604210591403317
0.5627154235783746, 0.02354954826161426, 0.09139896807307302, 0.2906666240084175, 0.05588264784557295, 0.13467238313566998, 0.40390058337056267, 0.6096293559096573, 0.9401396247595887, 0.8084687975228999, 0.5781745066949149, 0.02638198376252965, 0.6868978837134646, 0.297180674384282, 0.5954942335303135, 0.9173419146001105, 0.0934280689384922, 0.308536874491562, 0.35562956628250275, 0.9742513839599772, 0.730870192007954, 0.955900091837562
0.7179222181572898, 0.5857259102704647, 0.11320371807283336, 0.21651699124938173, 0.781841210742999, 0.34442335492159526, 0.33607774330795903, 0.21632267917000847, 0.38273679667263083, 0.37839823162251063, 0.5151467722692126, 0.36738545982537363, 0.32719651213983714, 0.736029849257482, 0.52466208468782, 0.801357450669395, 0.13221403775509788, 0.9821308000164312, 0.6934880722592255, 0.8189887276176933, 0.11562969056381578, 0.8895284408187111
0.6606825306010988, 0.9949562070913485, 0.7147861960394324, 0.9313756999519925, 0.3027782232117341, 0.9307224903891923, 0.7383553061821884, 0.5029772989685324, 0.41516936369446655, 0.24313360086571079, 0.09849428222872803, 0.2683764737649428, 0.5939089074302417, 0.43488813559525274, 0.553461831950295, 0.45279508497736853, 0.9580289168762212, 0.278392099168129, 0.8499426568646081, 0.054739149991217984, 0.3610648120714307, 0.8877250587069399
0.2789232407699619, 0.08040674043170448, 0.15917735198788663, 0.8231900540477136, 0.09051113397335464, 0.7686163685213934, 0.5582997627678395, 0.7639637398890403, 0.07007360711980404, 0.2539333763661822, 0.8002497531162651, 0.21881488038268382, 0.15283310712640008, 0.010157594101523504, 0.7150518431493416, 0.10203995346006556, 0.33971008166622985, 0.487335816811559, 0.12864527091615807, 0.6242747749378501, 0.3660400136079538, 0.9829752944881655
0.9127006787546923, 0.4177519045364094, 0.6023483390802032, 0.3904128149974806, 0.3939351778427088, 0.3998861661846371, 0.7862407520894868, 0.28305624829190446, 0.16225248640553214, 0.5185882282658426, 0.6768906224711985, 0.3528242936518027, 0.6204225920362051, 0.17084767014298607, 0.19259717231623663, 0.12275772129613838, 0.25520189240119573, 0.7040731255026611, 0.815503937018547, 0.8451191383372154, 0.6382984366702935, 0.43293529518683127
0.6270379688742398, 0.05372534021979991, 0.22038898578179456, 0.4440164041858614, 0.47505059810332007, 0.40040180621453014, 0.08812032859047181, 0.49548953338334656, 0.5024779118254492, 0.3257210308185007, 0.3544698329196727, 0.012826299591660262, 0.1472834202400234, 0.293881795982484, 0.37510184617894193, 0.02726713518346069, 0.45854720036579766, 0.8959662448842061, 0.9395859751389095, 0.730684619547131, 0.6650432978718688, 0.7124923836214077
0.6174971156514888, 0.40624948742646005, 0.7256216517203955, 0.5034099906004756, 0.5974864158179392, 0.09740101439937388, 0.5089766009116459, 0.6300981719648923, 0.788047912628961, 0.7958725135273396, 0.8064184503979506, 0.844799881411056, 0.7077131769490134, 0.6308751991614683, 0.3066685484500533, 0.8446911709445981, 0.9904709279375871, 0.3944748146141299, 0.947336152369719, 0.09633044205736618, 0.6080208853095204, 0.5403632319925501
0.4650008853928247, 0.7037411116352822, 0.07932541944616334, 0.35905482079686146, 0.6922968672403155, 0.49239602263397586, 0.10267920886979653, 0.5887530242328999, 0.9424325081684245, 0.2159501304657162, 0.233728747228362, 0.5113089615122007, 0.13754942750181742, 0.19230391155618787, 0.15739343392216998, 0.7434708174545847, 0.2599008470979798, 0.28164028057256885, 0.49316344427469627, 0.2965539428667461, 0.9895349789980387, 0.5644921158911208
0.7479058918646957, 0.811749623397021, 0.6369655123541157, 0.8043035573546861, 0.7749199503633355, 0.5547537171605422, 0.33370520133185155, 0.6360861618606006, 0.8240856617583524, 0.4230438548499471, 0.037290196481385096, 0.9635100268580207, 0.03574475727970594, 0.6063861644885958, 0.49686507166129656, 0.9083522679159146, 0.7387911178583295, 0.7230835433354091, 0.8418617945277186, 0.2741123551821908, 0.3221589832295394, 0.4922250203893376
0.3214094692290872, 0.5120575329219123, 0.015612199724327369, 0.5253699339840473, 0.9739530807371971, 0.5521324304628198, 0.11294736510598569, 0.6642747423362833, 0.23352186900792116, 0.44561843222623676, 0.37124146529599544, 0.9346980455202794, 0.46924935519274735, 0.21054052719979777, 0.8519886179885009, 0.38937652415582114, 0.4421829268986074, 0.9190759215410825, 0.6435656253529982, 0.0614464617842827, 0.3681297743541114, 0.2161037258217532
0.2518492712406327, 0.09542004737800813, 0.19305016262248254, 0.47088427731469684, 0.6789155764657496, 0.12484065129185817, 0.4250688585804602, 0.3924882322464972, 0.4673269321396136, 0.2802474252203766, 0.1011183974923594, 0.9419592610714324, 0.4231561577664935, 0.8575046746590925, 0.01534946010141669, 0.5158063084396982, 0.0202756759598417, 0.9623778190146496, 0.8450873448482952, 0.4406903574558694, 0.9115917706854206, 0.7029891781604575
0.30440410491434355, 0.44872955448870244, 0.19329944997648907, 0.9446677399515442, 0.36218620140098956, 0.3753995519649844, 0.9426159907241558, 0.7158085141560199, 0.45408118913728923, 0.29969217075748034, 0.6948833562458474, 0.3296451993308782, 0.1196137045478941, 0.13427681572717765, 0.5823911483240712, 0.42682318959362986, 0.6756559365479459, 0.5326825768362048, 0.09251815575825939, 0.6313178977783308, 0.4211300850854566, 0.2914223754890629
0.6619352878251425, 0.238923768946807, 0.45882718415093926, 0.7969748933535196, 0.6961231868986756, 0.0919909548834611, 0.2285587748941884, 0.05742100086055735, 0.3160986468087693, 0.5119865073640418, 0.5484497418084398, 0.46984935805202876, 0.5338245582626349, 0.24320167950065097, 0.20073803045256178, 0.4652044944752265, 0.7775523012758558, 0.6308067954904797, 0.0573130465304138, 0.7342805185343126, 0.8968960182495846, 0.49730447064117844
0.6524372913646519, 0.34249771322836253, 0.17103549975677268, 0.8347179530512647, 0.7190017910031029, 0.588567120590105, 0.648352982048755, 0.5864924421099026, 0.2412414274737581, 0.749221608672763, 0.6325588964112372, 0.283653950839338, 0.07388759701657077, 0.7716860483887042, 0.40125477922768504, 0.032593277964355294, 0.9305844969598986, 0.4608111837978148, 0.6738143701894306, 0.11245844366663826, 0.24824308929244265, 0.4633775719257378
0.8160595850426209, 0.7052763960007153, 0.923816518865633, 0.680576785113653, 0.14617028542949573, 0.17012277039199097, 0.17205736616164768, 0.05858528718395328, 0.18008569957942888, 0.296856452462382, 0.5726868944471418, 0.4446129268475322, 0.17953386608471456, 0.7010305848518441, 0.28302805258825314, 0.8879249016779676, 0.6155223306330176, 0.14832389126895607, 0.5435483423215126, 0.6427064309223318, 0.5524810590271167, 0.622269580798723
0.7077252894411202, 0.23771945489133162, 0.3581346701677258, 0.013136941256517876, 0.13412133475546906, 0.8698619589598595, 0.33291189603657956, 0.3711764695053569, 0.30714795265961925, 0.3703719366260726, 0.8072546123959075, 0.6322120678779208, 0.7282650560185966, 0.08221970486903141, 0.5238761671906289, 0.38273340158496294, 0.3818065980382699, 0.17293231111934337, 0.41500950013598203, 0.9052933748724654, 0.8762552047632963, 0.3347954880533911
0.9310954173189774, 0.5466021868705215, 0.4897905811657044, 0.4018903315736734, 0.28397375683352133, 0.7576042676295482, 0.04091993571329455, 0.41312692087357483, 0.8823858285882822, 0.8455491712800961, 0.12657831951873177, 0.3528201896639467, 0.6510777807121515, 0.04797650561374622, 0.65242721342313, 0.2023060505911114, 0.8565279090515768, 0.7314729497615101, 0.5355118802887807, 0.07005704024218928, 0.014779728012839222, 0.9141837815331046
0.21429064607321346, 0.42300546215412405, 0.7832393627589697, 0.9919585477145454, 0.3145224863128795, 0.5184655649572181, 0.31518135834147687, 0.6037826233533088, 0.4109534030941371, 0.17508544912057267, 0.8711273849474578, 0.13483144212816223, 0.7420160535512114, 0.9996833929514067, 0.00551951033834186, 0.24295841989170064, 0.2730665068101713, 0.9940453391384788, 0.1736448310255162, 0.6717043029381128, 0.05893191603649017, 0.35371351072296364
0.4959286425302336, 0.335339844332477, 0.7597265400579926, 0.3798680561801261, 0.3196738888137123, 0.7456694562155003, 0.5045523657168015, 0.3079511443210339, 0.8610005343931997, 0.651491457310283, 0.8507769930561216, 0.3527727044357719, 0.3295848082879348, 0.9764933217121966, 0.023242568382830453, 0.020990919070136504, 0.49652527308653294, 0.10444329726447343, 0.059385584249612045, 0.19292253740955956, 0.7476945618790061, 0.3589683026299286
0.3623392539682122, 0.7180651798436346, 0.408769757948098, 0.397334064306628, 0.1211951031329509, 0.46848125168994104, 0.5925344581240312, 0.3737506120560098, 0.3446235829297175, 0.4339295451899755, 0.1664118755076257, 0.4148728919565331, 0.29463068234055234, 0.9679420308228605, 0.6762199995211842, 0.27694518694181725, 0.5668937408987329, 0.9229915691748679, 0.2952656128044139, 0.08589344759530304, 0.24587449984500098, 0.9629902883240737
0.9658850778468947, 0.22120766239731393, 0.12994129480732852, 0.6140641727915994, 0.41307230803613904, 0.5343530651391785, 0.7048278525949571, 0.39801775626898983, 0.4810563263727805, 0.6654538847844419, 0.6422262398111648, 0.1772736298694505, 0.1939206655190574, 0.02387263227389591, 0.10994259250608529, 0.304015853862145, 0.8242521012814916, 0.7600467555024533, 0.30113310782679215, 0.6237592077130263, 0.039643582843771674, 0.4582434641843274
0.8747815599384418, 0.017192152281123918, 0.8632813302570574, 0.40189628334142957, 0.19315370322379732, 0.2557686829541689, 0.9498589248290473, 0.2821812349775714, 0.9329491483801939, 0.7576131961099293, 0.6582278978158258, 0.6576119390733949, 0.9629236454849607, 0.6293002865969842, 0.8594951519983065, 0.8609036208099232, 0.7028729916558492, 0.34870165059343716, 0.5254422068636313, 0.8870358509204608, 0.021400465529008206, 0.38633911358707007
0.8816114594796184, 0.3829920643827599, 0.7562224393752301, 0.1955790926027755, 0.005841973173569492, 0.8895018770721327, 0.34882034296651265, 0.9981611780390495, 0.385438896960251, 0.7715523221394125, 0.94595058182369, 0.38516615704886115, 0.4170078678889204, 0.5711294268120839, 0.7793635789096259, 0.5115264021704696, 0.5010672311522103, 0.7106651726382578, 0.4258096336584961, 0.13869060109307718, 0.9801126254690247, 0.05292368662936575
0.7280884182940094, 0.8016574716965058, 0.5657517749541721, 0.5614385962289641, 0.31966065267128785, 0.6273247346073644, 0.012376638965316267, 0.7728339582781897, 0.24466923188836787, 0.0984338648227101, 0.05218567490849957, 0.3787997314507977, 0.3580024568229989, 0.01929399971632384, 0.055567175304268024, 0.8591026265204817, 0.7443277871431669, 0.0628960707612608, 0.16039242678827448, 0.28621615207269024, 0.6976994036014935, 0.3226502081121879
0.8514887242859852, 0.3795035359373208, 0.515048274410589, 0.1558805729663043, 0.22715550932562956, 0.9749505805132256, 0.881227349258806, 0.6167731922070098, 0.7607424017986457, 0.7085281572441835, 0.09876823695740922, 0.09824198880294033, 0.765942729450757, 0.05625837658034105, 0.6000399506172546, 0.2181404075013904, 0.32159718338164733, 0.15927462001510861, 0.22149727538465058, 0.038832403854553776, 0.42816123778114523, 0.6293326107880168
0.7310660561147156, 0.850616422470187, 0.5705260243776644, 0.9938081234629771, 0.6796108507112395, 0.7374825474644235, 0.45693999028327326, 0.8172086184931135, 0.9491080764793093, 0.8937614147671228, 0.40925174577027057, 0.6863661345739172, 0.5257853853010797, 0.9860402844541375, 0.9500991633106537, 0.9744801173926623, 0.3469209825678674, 0.4334808006041946, 0.2887942364997911, 0.5790462262655246, 0.5795364571013925, 0.13729130625078445
0.7374725389530934, 0.13677395347602816, 0.14206749243977446, 0.36483194352766923, 0.8462319634815343, 0.4264493953741535, 0.6314971199814243, 0.6497194885845697, 0.7784923332990521, 0.057281435221607335, 0.8858528777898408, 0.7292368238051132, 0.16341721947252108, 0.46043607486419713, 0.5521717333869487, 0.6464703235475514, 0.1389929939546185, 0.02072607431815554, 0.5190194204908818, 0.314342201216394, 0.37195150658632037, 0.17632109783149408
0.9534526390426753, 0.31699088806766706, 0.8827929605761013, 0.6869194852411594, 0.73986395197738, 0.8188029046237005, 0.31033218705902055, 0.7145537816106433, 0.9358717068380898, 0.7701831340495113, 0.31202345101301765, 0.08814273894004176, 0.31985973750923713, 0.7770366069325785, 0.024204553797351314, 0.5556870322042208, 0.7504164365417659, 0.8137174842124285, 0.7920508615380134, 0.9272012486981785, 0.7282143802817005, 0.47066895007191256
0.8954403097483427, 0.9002475387420782, 0.5100436142156956, 0.22579278526891455, 0.0047764195785955366, 0.24660754202326585, 0.41588032614932313, 0.6218390571568267, 0.9351115517851967, 0.23693680505426873, 0.35706440192022193, 0.674875007590923, 0.7205969655470034, 0.7385221917833874, 0.1315398005416839, 0.40294738030851296, 0.623532575787338, 0.5037772683304229, 0.931381602447548, 0.053555265888217574, 0.3620834981991824, 0.8506520251521622
0.9509189317098913, 0.8612954252942681, 0.5704001401047228, 0.37750781154990476, 0.2965805878398067, 0.6887153335890951, 0.3282415226215336, 0.2700995714678762, 0.13752298619760916, 0.8758717437160243, 0.42968410674515156, 0.5829885056812883, 0.9163074452364673, 0.03613996002269515, 0.5719955238276929, 0.6561604186328026, 0.8339007033654091, 0.224004662630102, 0.9770019755656627, 0.6100657407950607, 0.8506022694206162, 0.688039009679752
0.13011585749893684, 0.2783921338498291, 0.042800434401415455, 0.1346983040444396, 0.5082047672911089, 0.3065049984817161, 0.1526749908478343, 0.8552126561716018, 0.4729162535123489, 0.3303924787080652, 0.07593976501895716, 0.2864336436963213, 0.9482609336641776, 0.23399539820419946, 0.579743219955454, 0.04240359163691776, 0.5543509627341009, 0.6595655120337978, 0.6188765748491231, 0.4271965297217445, 0.9989935135812194, 0.11621882717510923
0.4466994324985951, 0.44818931287806163, 0.1577401810517951, 0.7337612070687792, 0.9524518966248948, 0.06929210317240586, 0.57510318174483, 0.9777833762696321, 0.5127667995335065, 0.009988157505016027, 0.28790737703717895, 0.4151144806989375, 0.4588670546615171, 0.6008765083425924, 0.6708064911521698, 0.9440128607586985, 0.31211770513245973, 0.21879048008284074, 0.4572937006913176, 0.7787052824753448, 0.5459816711773692, 0.6590139482469919
0.30870143627171, 0.3317612929039163, 0.1858382967281461, 0.8386435497799165, 0.8082245238512085, 0.6439708742086381, 0.696615223759578, 0.9832139069764885, 0.7811753199385983, 0.027757556371061254, 0.5131952505659569, 0.7293257436022047, 0.9445167058601361, 0.2083294697366579, 0.1079573569567771, 0.7155837234386476, 0.35334947245552295, 0.5832929145443709, 0.30391427244496483, 0.8255382503591107, 0.695330220405024, 0.7654919565505143
0.36495314627028574, 0.9814121537223052, 0.7639309994289604, 0.05426636765316328, 0.43535679906343194, 0.3193969266194929, 0.9291822852161027, 0.02885996777160793, 0.5664530643595777, 0.6659252787423597, 0.4248177308681216, 0.08990335176745845, 0.5955351683496853, 0.7116425000360631, 0.6944342892954938, 0.9141198200797312, 0.33908381719775504, 0.47341834839295494, 0.46675753107596896, 0.17952536133191477, 0.5514561654320542, 0.7050009533066423
0.7462357366425697, 0.16579360064970683, 0.13533677045077908, 0.46905659845198155, 0.7178012574691519, 0.781512357894128, 0.8423537850247679, 0.6076692648337514, 0.35551136817501394, 0.6257052621312604, 0.9725595326801749, 0.7490693013343943, 0.2574648112578185, 0.39296563479572666, 0.5767990586765194, 0.21256699820089353, 0.29723182921698355, 0.45897968004549716, 0.8028548142117329, 0.9777902332250419, 0.0946075137712179, 0.19937845754036232
0.7158133781785666, 0.20376998422786263, 0.06991526934086556, 0.22316557353706468, 0.07280217258944044, 0.4567175669501393, 0.7867801888200626, 0.24983284570130926, 0.46832381205728935, 0.8602491535436578, 0.5281024056564321, 0.25820206014432123, 0.06663450977919538, 0.2262655907237059, 0.5295555394117963, 0.8520347179810543, 0.7954583214710603, 0.8480056262833349, 0.03709102858369928, 0.1035028935654898, 0.762303900066188, 0.5118868250899579
0.1464524184864917, 0.6728596427040185, 0.15767505533302317, 0.5231547499046462, 0.3688558315804493, 0.18960134884489344, 0.2191238270836855, 0.4691630395500034, 0.5747607241656087, 0.22834869142504832, 0.10514889916642023, 0.9123478303026821, 0.39841613093330464, 0.23875606144187922, 0.35780885252469063, 0.690648841496164, 0.2263228524298565, 0.008930404040483286, 0.402498153826666, 0.1393825835163276, 0.6278397627376509, 0.9540727102843523
0.00734847990561216, 0.5984639109559098, 0.2281535947168163, 0.19673227101861024, 0.6385384619371317, 0.9769562113172929, 0.9809430141958999, 0.5653437276969154, 0.8456569016967346, 0.7635518975318398, 0.47833947853592196, 0.9223461127944856, 0.03233801283185589, 0.8786546292261975, 0.5877271910694271, 0.765526863355234, 0.25661144838555217, 0.20685514647814995, 0.07199206121569535, 0.47220992366404213, 0.5632496893233887, 0.8712825418939525
0.8108029027626877, 0.8095233503648123, 0.43940506905676857, 0.7593039771999444, 0.9882154440159131, 0.9535852181801489, 0.8693055373109863, 0.3483753396055357, 0.495703275864544, 0.320552298230109, 0.8425181827590403, 0.6747308675034308, 0.5966980510924184, 0.10209221125122481, 0.75415926190927, 0.3660265677940481, 0.2458295249884993, 0.3517478515545859, 0.5506489030140439, 0.9526319403407305, 0.9914437002934072, 0.832539512631116
0.7289510584551796, 0.07037071867498612, 0.5945370130968164, 0.7960419981954422, 0.36739503869207846, 0.218555812829615, 0.7134133236370307, 0.13877543216427612, 0.6913632778510244, 0.8861418180811369, 0.8772444276774956, 0.880284924210044, 0.629331824528163, 0.7708244495373598, 0.4092253442759449, 0.030434094631501818, 0.601621428228632, 0.07420334468863454, 0.22761483330368526, 0.5419810520489471, 0.2382590026348641, 0.16882102186735082
0.28346718293866136, 0.8897781214089013, 0.6968666443182246, 0.47342976802068504, 0.7038008121648597, 0.1569927235232499, 0.8429328227189454, 0.36830489864240634, 0.6089406202566694, 0.3158320562266711, 0.5332685019664627, 0.540327134567732, 0.4653966806111679, 0.612734725391272, 0.12360901657116918, 0.06697659510739873, 0.2959089159576209, 0.33570137646708964, 0.4951628058813481, 0.4611725832741336, 0.41839760379704993, 0.5937567740244972
0.774298010719241, 0.4688064790817449, 0.5972361655692943, 0.12468484557157389, 0.5518379989921942, 0.9441981741871093, 0.86761315345062, 0.9233335373700753, 0.7432941923051813, 0.004925825267507289, 0.47652419318633044, 0.3281816374577391, 0.627213589162023, 0.5554954122924236, 0.4887572103872496, 0.9240385034468176, 0.5795253628783018, 0.6773567134074956, 0.5311536393632786, 0.749114708387898, 0.8108945275364589, 0.42491522870031706
0.4860907370813431, 0.45571644504143705, 0.7815245269612384, 0.08400329773674953, 0.5798861539907786, 0.10478458805801139, 0.9278185069639571, 0.0048497620427651045, 0.9263738046687198, 0.7339896931376272, 0.7687572690169368, 0.8564234943302296, 0.9503608651258242, 0.6037766053690227, 0.7575333378374146, 0.5162240683293667, 0.6181996220569589, 0.5608479419386772, 0.53866717275156, 0.12984601243228888, 0.5748801516786443, 0.8527770283754024
0.7115927380025409, 0.1324949359854094, 0.8685305756813073, 0.5799768502341116, 0.0709037937043352, 0.4660166007133596, 0.24809108229677945, 0.7559771820731138, 0.3435732256471423, 0.8178681191717837, 0.21078637064146555, 0.6118335566724447, 0.19934803466608786, 0.5541499505972505, 0.9168655962012938, 0.281673034407394, 0.4128418538501597, 0.49337193633443865, 0.4447291547884612, 0.7602275655118929, 0.6285089393137583, 0.638249090861844
0.7922853897170677, 0.9839222634605043, 0.8443659267860851, 0.10086055927971282, 0.18068448302265838, 0.17714310794885357, 0.6158938876786269, 0.35885161783548725, 0.5660025727931287, 0.5549039372852711, 0.5469587846029256, 0.7141106222827059, 0.8446995889609802, 0.4399522651759634, 0.8111879476205275, 0.7259852014374774, 0.029444275230985806, 0.4952753016388919, 0.6352517388416882, 0.4103197247150959, 0.516092243999793, 0.9875160115710244
0.8200975701155787, 0.9011196007025374, 0.9280912254808015, 0.82762846562546, 0.11113454704831682, 0.16729050042107962, 0.1369904167167172, 0.592905432242467, 0.5887825586048401, 0.5797325828833277, 0.059933866931170865, 0.6447284968312904, 0.5221573790352785, 0.6297114826984098, 0.5365088002181558, 0.8152756294075436, 0.02387497117347781, 0.5906516549413764, 0.9109866642159474, 0.6526592122098264, 0.3659707895425971, 0.3792519587395552
0.616875427458842, 0.9997144063623198, 0.9146120279912907, 0.5062719084428057, 0.6616243501777217, 0.460158448142711, 0.129044652971398, 0.6315312573332635, 0.1995359491493185, 0.515645256733395, 0.5180460300717457, 0.9244873662850166, 0.1492304182417027, 0.2593948180995791, 0.6848919754790561, 0.8141055201106111, 0.8555858507675335, 0.8309072641354885, 0.8904140316605623, 0.513512946288104, 0.3226524086831277, 0.7174095463657195
0.32920845613834226, 0.6428396024778171, 0.4610087972972806, 0.09419901176029422, 0.4656536223289187, 0.37995666978804665, 0.7457901749468993, 0.36571904962540336, 0.8923827042610308, 0.8838302863145024, 0.9664932844268905, 0.907804690741867, 0.9138032393949156, 0.653851600615381, 0.77956502115712, 0.9106161204263405, 0.23192604657652405, 0.613899045321627, 0.594463491435256, 0.6153488712175202, 0.6893768954772522, 0.29908472683273957
0.5534654531415063, 0.13209440823065643, 0.9969408180487506, 0.8844730577436791, 0.7310114852279085, 0.043298751057169516, 0.7715741849765497, 0.3111937357958112, 0.3644918773244564, 0.31664640394457466, 0.7638801056909339, 0.894800833017977, 0.34817233461345076, 0.04143602744440411, 0.06999883577753352, 0.27254502944584524, 0.9056297087699219, 0.08964314132980966, 0.08774449182662125, 0.8608024706419596, 0.415661145528865, 0.10326329066589623
0.035904347239892664, 0.24906031574492737, 0.8609095880472037, 0.7804767017481784, 0.12981622141518856, 0.3556316576524653, 0.7171990756849197, 0.04193648700444297, 0.5036553269661964, 0.20557988122257997, 0.45428457001141354, 0.11715557226415774, 0.5776084074676007, 0.16164560471363043, 0.8069718757159822, 0.55417287578618, 0.36447082198071057, 0.9629997140684253, 0.9019288944006582, 0.6989091784104071, 0.4255487825682073, 0.22141680632497074
0.17668584095624362, 0.3843640294844315, 0.31016305716184545, 0.8894696581654605, 0.2847485952746054, 0.9513984600397252, 0.20697848329217394, 0.016358613989976956, 0.30668598672667946, 0.08454656155473317, 0.07348946008124735, 0.3140688216459885, 0.020414807735672946, 0.33754038614689996, 0.42020722824461954, 0.2802986083313185, 0.015396994136843367, 0.5078719474758183, 0.5577429337202792, 0.9262698703221554, 0.2662695697059868, 0.6965737329324908
0.5399525305755849, 0.7796817223614809, 0.89610594370976, 0.6295416140835548, 0.23945051515542604, 0.023269497583544796, 0.6056658933999671, 0.39067645266979556, 0.5596970270007293, 0.14095005904794766, 0.6325753036762068, 0.39488042371450427, 0.8494245144629422, 0.5467632189087883, 0.17757767884726017, 0.3906913019929732, 0.8156334625259057, 0.2322712642004342, 0.9981971287759827, 0.6167115804626905, 0.6520678173783981, 0.22643774640151926
0.04493991568898237, 0.5341770896455271, 0.7842491783894573, 0.29763576208195797, 0.10228516281587285, 0.2277824762408892, 0.989957657482641, 0.5614718197932942, 0.5046461608150353, 0.8965756941187365, 0.9264021907964285, 0.5383996197935431, 0.5769663709725189, 0.12250849076037629, 0.1798306597360717, 0.1841046963555113, 0.7830502421184115, 0.894575139451362, 0.32533639247464907, 0.7859104736704661, 0.6843681233260488, 0.052232490801491505
0.7601285396331303, 0.5998501682115972, 0.05617526511996063, 0.5526441867665196, 0.5411038791329448, 0.8865087945795478, 0.8350133258814724, 0.7729332921187889, 0.20948474980358867, 0.6113275520459458, 0.38684054843116955, 0.46882446081651385, 0.7762546406202803, 0.6310047143878582, 0.7549608097894683, 0.888198116282556, 0.20380176248917425, 0.6859678247057833, 0.10640461562351788, 0.3789983202948023, 0.5257607079173311, 0.022357380417884265
0.22515974235929337, 0.3258780790507727, 0.4734942702783086, 0.6921410505520295, 0.4666362583850706, 0.692520999491257, 0.9446478193826086, 0.7001566832242099, 0.6692947101946531, 0.6944033678180169, 0.15388917246520972, 0.2773093134620078, 0.17155397272246686, 0.9129565231234037, 0.35371330517510624, 0.31710666186740644, 0.01706990939909947, 0.9193146624347637, 0.8840861248460025, 0.38122521715727486, 0.03339625556350079, 0.04889290250192446
0.3339128764734238, 0.6221010394283257, 0.5227988468574561, 0.6203398447820392, 0.7118516369580554, 0.7492382618880928, 0.6596504038417846, 0.16194642525122993, 0.5205536653089127, 0.7443626993669376, 0.5094693995190044, 0.5667535615695716, 0.010469183800321136, 0.282945917879725, 0.3938352155905047, 0.25592147844316937, 0.5713834456709086, 0.6471228533340668, 0.5998886787015851, 0.9600877212062944, 0.8044013200861014, 0.989582018627195
0.9716922444364534, 0.40082368682647185, 0.7197652724580201, 0.3719211820737923, 0.5161741463428784, 0.5430324381344942, 0.0743759935564815, 0.591453464495666, 0.9358393938266703, 0.21757360727828579, 0.2612305912277937, 0.39152255390821544, 0.43873335775658706, 0.491326506765121, 0.822969908765347, 0.23666922742189744, 0.2639212631010176, 0.6675696549997094, 0.5108757953762071, 0.9201745777515073, 0.8411695631195969, 0.4938333584943191
0.06433054301669783, 0.29009513672262344, 0.8811797784103595, 0.034473525864935683, 0.340111815989363, 0.2232500773930649, 0.7106193970669307, 0.2158180930106467, 0.4496288682037566, 0.06562606574922758, 0.3181294140673928, 0.7882741382999249, 0.6578767818318599, 0.008645726303398882, 0.7042686873172768, 0.10340695151668011, 0.41137440454169316, 0.48456590466966487, 0.5798619701122177, 0.9315112487114426, 0.5394602992337121, 0.5958256854158511
0.9465674953693513, 0.6204000114652525, 0.7037144067477623, 0.1731006352785982, 0.3483147377779626, 0.4776899464800132, 0.4301764282043089, 0.060395231374421376, 0.5095504365688378, 0.2544307107637581, 0.83046684929044, 0.4211357511301905, 0.8989334233634912, 0.5936371338003176, 0.5150491414734079, 0.6431302185736807, 0.4386880384376961, 0.09204001744953627, 0.6501634645599108, 0.9726139110170993, 0.3698354404687245, 0.7643142562746815
0.855347596256422, 0.38065856355765615, 0.16354532155525414, 0.16180844516703985, 0.9245141169722219, 0.7622182251978006, 0.4931831896864052, 0.2102390683290568, 0.24459847084132846, 0.6223593882498255, 0.05780943835765662, 0.03990584977058076, 0.9966659959977209, 0.8415624632558889, 0.3915344140700827, 0.9841726856512952, 0.41257923008884556, 0.4406461769488387, 0.8649167529003606, 0.34144676071823177, 0.9865722359062553, 0.37791058377055375
0.20244253912075805, 0.38129166532255176, 0.26157314318507985, 0.11084557794412764, 0.5304864214407541, 0.3907676834307544, 0.20618087037524158, 0.5631173818367219, 0.07325735557917668, 0.50392347800649, 0.8943109962617328, 0.13227283301181647, 0.05958479814569462, 0.23388441759352874, 0.4201692325460943, 0.5313911578579821, 0.8990085701996058, 0.49723510627385503, 0.6561610979688687, 0.34557794375620177, 0.41281529224322033, 0.7854617987602159
0.26053086087780875, 0.19958115202507276, 0.9846512283284861, 0.997562257222115, 0.4012899284539806, 0.42045038936447954, 0.592063718917755, 0.46108036053356327, 0.5069355437394695, 0.9213081896065304, 0.23577976278798674, 0.6657975761885679, 0.5507910603028862, 0.5950632584071316, 0.44991068360761166, 0.3773448511539633, 0.6586056495086561, 0.2036965390363208, 0.6799300244393639, 0.7726828699371867, 0.40308106125534116, 0.4046389694463467
0.4830242719201797, 0.22732771163705634, 0.31961517821988117, 0.20023309232066233, 0.02024456806498731, 0.8960302659788891, 0.03966379587238145, 0.9857985420372848, 0.9199388277815926, 0.5152592673035356, 0.8411546694033393, 0.6693925124737041, 0.9101839989437609, 0.7955483151552568, 0.6068819050204877, 0.3731077542914095, 0.9264814222747114, 0.9639819826215037, 0.07113230715249397, 0.7843094837898563, 0.1838370613820033, 0.8221593902559953
0.9008964307382464, 0.2540643720888669, 0.6385016896955096, 0.7785359461969745, 0.28879588188250616, 0.013188944406091752, 0.3605887701732544, 0.2375757985539666, 0.5660408984581686, 0.26940740770671256, 0.0347020177917402, 0.3289814077048825, 0.47591482581179545, 0.7516085564668602, 0.9562449886374343, 0.04600627141010449, 0.6441305410984127, 0.5727680288348872, 0.2073822615572598, 0.9422703345228329, 0.2946107955139189, 0.09509389539509328
0.8503661337030942, 0.3966869969672152, 0.7134155536330179, 0.8486215167164277, 0.12197550696360071, 0.6803408071827151, 0.7078792151701949, 0.21962588188429022, 0.5510135679498119, 0.6498232894859199, 0.2223059578844142, 0.6608241019230773, 0.9607454041999597, 0.5225853950031772, 0.9071190679209157, 0.47798749453505707, 0.3261660404766893, 0.4473270787317156, 0.31554059658242706, 0.3883787707718859, 0.8318872369378985, 0.28340101085054215
0.036352924552716104, 0.2274190742552582, 0.22889436592213241, 0.6096634400515449, 0.276040579572013, 0.5259226945386586, 0.6214610713482396, 0.3368527146892103, 0.7069619757167185, 0.5640219301981658, 0.2131143340081766, 0.7564571565295694, 0.565085270020022, 0.6878783746720171, 0.6489399440462837, 0.1234474906659696, 0.7353906787920413, 0.05329853602948442, 0.04618132483585513, 0.6896704033270983, 0.5428266358239464, 0.9123124863626474
0.7090916697621445, 0.9482754271291202, 0.5514877588785645, 0.34849749335053737, 0.11779065876816674, 0.9613788051782534, 0.6132116688777459, 0.2452936591955991, 0.752764265365498, 0.010259133764481843, 0.41014646904445584, 0.6163067625076264, 0.9604633421090001, 0.817547075969558, 0.8710546444448523, 0.39872363188611704, 0.18219822353119042, 0.15481605169451573, 0.17018208378278687, 0.7956450493384376, 0.20246445722425788, 0.34460337929142026
0.9217760729937432, 0.7026383545180396, 0.32708575093648884, 0.16093038593129827, 0.7858145225665835, 0.5624067996718882, 0.6877770174329355, 0.4813777904864178, 0.3939990951488951, 0.7171947887756608, 0.6372398410519867, 0.3082218754075494, 0.6567159305404505, 0.7325349428152458, 0.6554999009587648, 0.058516053843470806, 0.21371961881505863, 0.6713348420398929, 0.27149549681133167, 0.1939410587701429, 0.22473768439145825, 0.10522040311051606
0.9819216850713184, 0.7556355512239559, 0.7737399943947652, 0.9824015351274962, 0.3990081805058079, 0.5761708618079111, 0.019706760224682873, 0.6980724700689762, 0.5606059023659516, 0.46462821973004065, 0.08484579184765606, 0.12989248784956786, 0.5841773898462504, 0.7718274790910631, 0.48033986731791134, 0.6462596040204124, 0.36613129583935566, 0.9161904641586146, 0.8071951742025507, 0.05726871401791145, 0.0362120328218305, 0.44610014880594306
0.4095042061570855, 0.018661370649032616, 0.8355999563469096, 0.23959371510970762, 0.11671618549660978, 0.026021839522451296, 0.9764230161054241, 0.014364298013501142, 0.7016911643781362, 0.5744320602380801, 0.9859681828185974, 0.7612288077501335, 0.45846410294306184, 0.6981166225598721, 0.48288088053877154, 0.22964841948750614, 0.25593940451730435, 0.7444145883144454, 0.7460749106452492, 0.15046977843224596, 0.16332236066498262, 0.2367253270184435
0.5468752432224232, 0.22442487180939075, 0.23400735759031632, 0.6420496995033491, 0.01495561435059467, 0.3449694090816009, 0.9802710602082841, 0.7224227735234031, 0.24154588609824212, 0.8802929267247949, 0.5882951155171915, 0.17868508627723678, 0.07679519803670987, 0.739427444219773, 0.47689270816240414, 0.2747769160689749, 0.5358130924929974, 0.708489910865247, 0.4594234164520832, 0.7444609296705389, 0.17999751707498468, 0.6959376605032365
0.3293598880301083, 0.09811870983903193, 0.9283333922890938, 0.9961697879147635, 0.558683136376559, 0.6017679456079613, 0.46048490054043745, 0.5747588751084618, 0.364083769515705, 0.5703674696359269, 0.28766713174627745, 0.1433770128891635, 0.23870521138800993, 0.34958600261183015, 0.3848377925067781, 0.1609571863017989, 0.1426513723927365, 0.8570550371739626, 0.42068283133328, 0.011777327919527458, 0.9202113776322193, 0.40419000390638404
0.04313727448239668, 0.9106896496257549, 0.5542063125591091, 0.449717743180472, 0.41794956705861697, 0.2632244005571833, 0.35090500639160316, 0.9384435738055342, 0.5803503487050657, 0.11868327549899638, 0.8051053912876773, 0.3270263374585678, 0.16414748387298128, 0.12528845136064537, 0.8985543539855403, 0.08824653277731864, 0.8410159097763289, 0.6133951833004673, 0.7148055960505325, 0.4506221956143174, 0.9125172799420652, 0.8127075929270837
0.974000542166574, 0.7797024511539397, 0.7665864487651288, 0.1760832142982124, 0.5811144048447006, 0.8507100970064719, 0.10232665211104375, 0.2589066176324172, 0.9928260880648001, 0.3361046264900992, 0.4755724924118928, 0.4165467970220893, 0.6547017434848408, 0.8252579076238086, 0.3738127237057426, 0.8818938131702138, 0.8191848311599852, 0.4031616115842587, 0.4085162199753991, 0.7864755107112551, 0.11101025117802166, 0.6570333799136184
0.08721423862030253, 0.6780486874942226, 0.7734619595441633, 0.03589652245179564, 0.9949509819458691, 0.5543317363404254, 0.462396935513804, 0.5119499697542473, 0.9496596399583127, 0.390397273779578, 0.6047875832314233, 0.45727999070644776, 0.5375971237462948, 0.3660768406575815, 0.12472400998999433, 0.8498888212399853, 0.6840829522585924, 0.20407471318442527, 0.2846628680961856, 0.2702358156390263, 0.9276634817745238, 0.7747725400544765
0.8627246242655975, 0.4594412451644724, 0.5904947626290742, 0.07558505139138139, 0.1751279687730124, 0.43895159770620873, 0.35629251526763384, 0.039263053760296596, 0.8657570620320324, 0.3182363974614223, 0.04722367398430849, 0.8047590048022544, 0.8015127818866501, 0.8997815102984659, 0.3881012999385236, 0.24017102406443802, 0.5032135972233167, 0.9264489684238552, 0.20257557010902127, 0.30148718186407264, 0.7494109686926286, 0.47938144091920776
0.21629844231476825, 0.9576680068028041, 0.8250733953632114, 0.7809036711279888, 0.3336291732337767, 0.6138669321798726, 0.9714238343260989, 0.15910437309223546, 0.9190117903893507, 0.45024935365259255, 0.07271765824553811, 0.3322658963903894, 0.04309694706371758, 0.5654986680452203, 0.0524459053008447, 0.7771336609825602, 0.5713959472688731, 0.822384201442566, 0.18907192382080495, 0.21290106742157944, 0.9260897521934424, 0.8759827910603238
0.6506394404192456, 0.004970609141249693, 0.05799050771909564, 0.7799184027874081, 0.7316101141415023, 0.18920286677777787, 0.21099733960303635, 0.2809366897949077, 0.059572379126824226, 0.7112599085503479, 0.3596267363360184, 0.9794902470289132, 0.04480970169840637, 0.81244122281066, 0.4831813567545228, 0.8217246864791309, 0.31259946075398437, 0.46770338404326306, 0.20146968401339138, 0.6854335325630129, 0.8669937144791392, 0.37860558439589154
0.6494752159946199, 0.9194464338799393, 0.24388087789174107, 0.938475267160828, 0.7626887214092655, 0.10251635790066971, 0.58956127500565, 0.8129838976274023, 0.34139730942047597, 0.8896177342054821, 0.17042633616653946, 0.2309556091809507, 0.5502451773168892, 0.37329035201004734, 0.8693566656071446, 0.06921007988943206, 0.8740615124162999, 0.8122228564649819, 0.6979175272669885, 0.31855590865735894, 0.7349456355733512, 0.8826879444410437
0.7699347805693304, 0.7225061874449139, 0.9002055457076115, 0.9592914317773269, 0.013361936874884739, 0.05243265341457304, 0.32870370469914045, 0.14323156030022344, 0.5388570870962516, 0.9844808942966906, 0.38759967021093467, 0.9208569959547143, 0.2855026703403669, 0.005905384928182489, 0.24905374476866216, 0.5961724326152802, 0.6685249555244529, 0.8883649231730351, 0.1500084799085104, 0.18609724016040508, 0.8964574772473627, 0.1695928461329056
0.7854669730336067, 0.6319254159938339, 0.49082708679399134, 0.9604364625656961, 0.8036641569452236, 0.2623635862747097, 0.3115383670196362, 0.7562452628130595, 0.026475215894756765, 0.9868390550304792, 0.14781695160669528, 0.6735591185583919, 0.5192479873498445, 0.1527377236355908, 0.4748828416645221, 0.026045333647734537, 0.0713482235869548, 0.7903767189043055, 0.46652218430812364, 0.7224882376362319, 0.20251490148977702, 0.543538114298156
0.3124936595097322, 0.191758065624824, 0.6766802175848398, 0.406300768573321, 0.7870860863015436, 0.8368158894723884, 0.57194028097576, 0.6103699505934427, 0.8835073883912133, 0.9903399763894944, 0.4407516508064948, 0.0931369946447248, 0.7119165613655347, 0.1467145935886669, 0.5594180764544642, 0.037769310443369064, 0.13010542737427, 0.34813551220071803, 0.9828806664542157, 0.30953578970951034, 0.5556815934561304, 0.968305028188765
0.27536934053387696, 0.13358019880660366, 0.20864385589786705, 0.5924561253573147, 0.34325450456725226, 0.8015548727422266, 0.6783692078934251, 0.4463122276778433, 0.39731582253465714, 0.9733934212055853, 0.10907602284952145, 0.32954660911613554, 0.21995047812954893, 0.8217355094992586, 0.9434747412511483, 0.1829876295400441, 0.979751047472914, 0.29119554119680635, 0.44319577328490223, 0.7682202698796325, 0.18950354370683187, 0.5835122595706789
0.12024238219474725, 0.8528353380461947, 0.5506045380861242, 0.4159669483155233, 0.3139960448272223, 0.3180529058117131, 0.12708275485739362, 0.5374414594670806, 0.7026228310936291, 0.0072884237834627275, 0.09557713410549917, 0.8740660798605213, 0.8408649245208302, 0.9331181415509261, 0.11194043265096032, 0.031341211674435265, 0.2795611965442799, 0.4467835083944651, 0.6647159688191429, 0.7621550119856815, 0.3729191331122713, 0.8251473003886989
0.7348307892395632, 0.766392035385582, 0.7233967251975061, 0.6254914315029301, 0.16314004384960357, 0.7040679598859011, 0.5983049424756807, 0.5934353001600742, 0.9051756215766562, 0.5193234715970861, 0.8916923120725111, 0.8176146762430923, 0.8121527084865237, 0.39208449297262926, 0.7439483686378212, 0.48189937875322, 0.6445633464919052, 0.9978182417471217, 0.9306235909702779, 0.8116772504451195, 0.5353731568246473, 0.30834926200354296
0.3899725558257435, 0.26785121702661896, 0.9950439690039531, 0.6679099839430886, 0.8235575904152336, 0.6713393516571086, 0.1663076740495153, 0.429662371907403, 0.7708892350708754, 0.6555230203744551, 0.5328242107517152, 0.4846776389289318, 0.2410243234985795, 0.6650521419381267, 0.500178395439728, 0.8046712446364307, 0.5445135406272814, 0.24746230654268542, 0.5601106634831798, 0.4679934277618293, 0.034306541555067405, 0.6234484306772698
0.00112609302464,0.507768681015,0.999583319675
0.00189780843586,0.469232187078,0.998454276407
14.5447784064,19.2885430275,24.157151623
