$x1,$x2,$x3,$x4,$x5,$x6,$x7,$x8,$x9,$x10,$x11,$x12,$x13,$x14,$x15,$x16,$x17,$x18,$x19,$x20,$x21,$x22,$x23,$x24,>>f1,>>f2,>>f3,>>f4,>>f5
0.19775982306518114, 0.8829739065542439, 0.38490951067118406, 0.4996213023013536, 0.9016635472180627, 0.9072786026592451, 0.807510831020889, 0.13274075737105795, 0.28310329870518425, 0.1820893338642562, 0.8832437770597221, 0.31747487348833414, 0.8577058255322647, 0.15860024243722715, 0.42388482528545146, 0.11634582721171338, 0.5457105359194814, 0.3541455842076985, 0.27439870547446965, 0.5084047009803778, 0.359416264976943, 0.9344388567941176, 0.5515448842370286, 0.05887620798402171
0.286433730425916, 0.18547411742082376, 0.5640791914950565, 0.8810009721501764, 0.4344536277899467, 0.20638977378249534, 0.48279736500742754, 0.40878004776377463, 0.9960922162766981, 0.8517267092400965, 0.004369719597406729, 0.9942120926030102, 0.0790816271504855, 0.14341030443102487, 0.5853040113401009, 0.37708538615144827, 0.3017171143046934, 0.8710520396152421, 0.43434478954691524, 0.9572222730546354, 0.7327656138038046, 0.43525509061277257, 0.34229383466202035, 0.7362189766480423
0.9508430348336969, 0.21140501472420736, 0.3083261794103104, 0.4616030323400615, 0.08386282162743752, 0.09256049898619145, 0.7852903964086909, 0.002097790746843242, 0.8535320126770861, 0.2616725650771292, 0.437139179273341, 0.41149863248438145, 0.5096078924364327, 0.32730616370163323, 0.7079136452481212, 0.5752533875432722, 0.10708676509526893, 0.631813209282581, 0.0437118770183087, 0.8160589163963085, 0.6845839707986338, 0.4677710426593521, 0.867398544377683, 0.12069002542620222
0.4753987710299816, 0.7596160060239014, 0.8841364882089943, 0.39796277440140326, 0.7225140854086799, 0.7645270450975145, 0.07077574293340572, 0.2605949172877302, 0.6169464627351826, 0.3963727920526352, 0.12116413573085416, 0.44668224266002565, 0.7977372702728716, 0.7858174910927931, 0.813480243551889, 0.5232626496493141, 0.2674448863339727, 0.9218930535603761, 0.140223058009046, 0.5091048249018123, 0.734997951809631, 0.5926880078090828, 0.28632039977896073, 0.8924271692150291
0.11368677837534391, 0.10943376332966182, 0.7931489924844585, 0.7907609470455831, 0.671844581260106, 0.7644577578080771, 0.3630231633181965, 0.3765597365597695, 0.7870223428510781, 0.6800205394364295, 0.5616294609225804, 0.46248114821355846, 0.5398584507347916, 0.00554562785742041, 0.4156817377247187, 0.1950484364272057, 0.6376355286445748, 0.8574380542171233, 0.9002216689339942, 0.38760216853014506, 0.6149954323095101, 0.24415567556389894, 0.6008609860023607, 0.19378590799648288
0.5154084829739923, 0.589536060853309, 0.37264401380111956, 0.6376869584112949, 0.7445628068383613, 0.7556625094999907, 0.7028060572162204, 0.02583060433874307, 0.15081755908678796, 0.9343924440323234, 0.1659294394665114, 0.10005205838559084, 0.6472618552125011, 0.3777587534865885, 0.9305979367059387, 0.5995786972052101, 0.25662549687785086, 0.8926156920577377, 0.4063133368525069, 0.23488141457842515, 0.06400310831707812, 0.41496575835240623, 0.8580134847174983, 0.039953866717980624
0.4257502060457584, 0.47741693900370397, 0.1762117317659896, 0.5140864179237564, 0.22804686839867594, 0.7865465644401115, 0.9239909684134945, 0.12516650198591728, 0.08230821879151284, 0.29989816332876285, 0.48750231073825034, 0.08956147997263608, 0.6230257758821067, 0.5189360816436117, 0.049252454138370094, 0.8599635078893362, 0.3645224722858137, 0.45844972471073486, 0.7015415097944236, 0.7861861852780799, 0.3490190283689544, 0.2505281797807224, 0.044466052322098104, 0.1919074364209704
0.784865927421619, 0.1309627061056563, 0.22582764057545157, 0.4187985545302695, 0.9921348029241744, 0.6239848760624268, 0.15703527358124691, 0.21513155532671047, 0.5899945612348152, 0.9806295311704274, 0.1073898325741478, 0.713585659929373, 0.6096335632736014, 0.8712732477370569, 0.3916919635319702, 0.5341496712133103, 0.7239757033569785, 0.19527990766321734, 0.5034299648592135, 0.9489310072423007, 0.41229384324729634, 0.338359232898758, 0.5526545648660763, 0.682218768012405
0.6798627536313638, 0.09183097409532937, 0.9520154150705477, 0.23366937732935622, 0.7555329738670804, 0.04670249275694971, 0.1737704324601982, 0.2984761963633352, 0.4849556730911109, 0.9016197142741543, 0.5863741432103083, 0.9419774172374685, 0.04206000124984666, 0.05414820046022484, 0.9835069652556111, 0.6405562888590601, 0.442484359394571, 0.7101511619494681, 0.13492622326203008, 0.897430601375548, 0.8470879004037654, 0.49563102610276466, 0.22249962966342252, 0.921280271995905
0.33820611405686674, 0.16320341408930927, 0.031779069096841805, 0.2761734320527509, 0.6798564235081147, 0.19766187340420316, 0.42391521141966115, 0.26434275929813533, 0.08984222224560645, 0.3872499288640363, 0.8030889630094956, 0.17582955812691148, 0.8931913528450118, 0.2972895823162368, 0.968223352326407, 0.08256669529623395, 0.7728888075608289, 0.7484766289919105, 0.5089035740200344, 0.8262514474464431, 0.05865705056171122, 0.6338858727636492, 0.18390557586067446, 0.16246957020580377
0.4800454510450308, 0.05604825671669056, 0.584386341197357, 0.4013624422569674, 0.289662232986999, 0.5843427620707491, 0.06400774494344041, 0.7411285973086728, 0.7661451771013804, 0.17489162510389578, 0.10529077806128562, 0.537366386086864, 0.4471827558363991, 0.3247616237345221, 0.6548589223973572, 0.6102432165805599, 0.6861771200831617, 0.8495818081680014, 0.8802895090778083, 0.6912735345692543, 0.31606150835600744, 0.956038002670158, 0.8385874066848095, 0.49753146985764096
0.07738739659259875, 0.47436536791720474, 0.7796173792883848, 0.7297890074675423, 0.2674728767846356, 0.3779150968177015, 0.5970347640181994, 0.3468331423856076, 0.25914150186568585, 0.13671430044647792, 0.6777408230959597, 0.14657362220705306, 0.980385188206738, 0.5846671049481168, 0.057164950911134604, 0.22318473586389542, 0.9753915069807574, 0.0037112279873302567, 0.12752554039763242, 0.7264944862943089, 0.952287634547294, 0.12161928220583795, 0.8285488890783648, 0.679013088246536
0.49848152662445955, 0.1434989654513973, 0.8464367786198383, 0.3195369637101755, 0.8644056582797774, 0.11259687190629841, 0.4667892981806524, 0.10056990265925314, 0.04980065792384436, 0.5510548174303644, 0.4264498742610595, 0.22133490456509564, 0.6237254814512527, 0.5038218363701387, 0.5470452310440248, 0.5477516561192375, 0.4657668735834768, 0.44405362782744195, 0.35499414805510887, 0.6584874484621805, 0.9103354541569539, 0.682383390553499, 0.20670729180381986, 0.3314537307525862
0.7098364692375494, 0.4206672516333554, 0.3324245767060222, 0.632253776009456, 0.3459607128469727, 0.7515159874620778, 0.06635110360136709, 0.7856181466407672, 0.6760072252730409, 0.8788666575354492, 0.8232545747757035, 0.8914748497401779, 0.5672103753910456, 0.28589999922803433, 0.863939529303269, 0.08170801092116753, 0.4203065846749706, 0.7149591487847854, 0.005887708106287914, 0.2986271957135437, 0.122705677921498, 0.31071286075531424, 0.6768775048169359, 0.641294740546006
0.007016666980046993, 0.1594138523027302, 0.08593917595910316, 0.451318914891484, 0.3062672365407395, 0.09130154134629831, 0.18982986775355282, 0.7922741357244728, 0.587021963076891, 0.25059993134169245, 0.8389976874855944, 0.8368390451321281, 0.2384297563285983, 0.4803318590961928, 0.08437366037935179, 0.08287950299188573, 0.6893612946302468, 0.17441973807043554, 0.12985055546735047, 0.8251148947932908, 0.279759430922072, 0.865966279680928, 0.6070778704214814, 0.47879432264845934
0.6395974741549284, 0.25937662279072726, 0.9594437472987517, 0.27066518721847865, 0.6386691995781022, 0.3320639195078403, 0.2691788221537106, 0.1336409994370824, 0.5789003558840948, 0.8283242421374426, 0.8060656058873289, 0.540798996168998, 0.9337305295977737, 0.26374066456813083, 0.9356206013699464, 0.8766053014146435, 0.2628920896708552, 0.9255980156071418, 0.5959146420771675, 0.3328069191892865, 0.4869728707971628, 0.5810040882440046, 0.6177917318326197, 0.061173689675358744
0.9968363942804701, 0.34852546417850694, 0.9933739911856746, 0.7537218648407347, 0.9411257506840592, 0.9716102987143638, 0.5782563560747794, 0.09851586841305737, 0.8524340053851563, 0.465074934736023, 0.2277808591544287, 0.2211039615960515, 0.48053740493406794, 0.40207312974272225, 0.9626495977056085, 0.1709654016749489, 0.7999885260641307, 0.8648557925717304, 0.352318885326373, 0.2309150392840893, 0.5039114515757607, 0.40850549329366415, 0.6493298338305032, 0.173265096526519
0.6728822169080999, 0.2296951538117994, 0.7911895016318538, 0.428134508848251, 0.37476665951152943, 0.773641724257071, 0.6067538584124474, 0.21924378214457507, 0.7991904644586008, 0.5623065375835563, 0.4777565643067089, 0.600653225226501, 0.3230321805283354, 0.9808060911905497, 0.10986642097968846, 0.12144360007096755, 0.4607275908546331, 0.2676641799199241, 0.9290617744165434, 0.311714272004993, 0.8610867746363476, 0.13517366285794707, 0.9184928055694325, 0.30907909320012306
0.6447896195904272, 0.18321479069538582, 0.9415934438127674, 0.9376936787231439, 0.8395605455518186, 0.8929158679661107, 0.4991254573187621, 0.718406861585051, 0.8689540566846049, 0.23574035006506433, 0.8758258043211437, 0.026335513876648897, 0.8323011646452078, 0.2292682402430991, 0.43672818240273303, 0.29149768600787784, 0.19221262758737945, 0.9239303705975236, 0.23072794747024616, 0.0024248097294310433, 0.08009697606496458, 0.8361035759163137, 0.7818952300522727, 0.9705280191299819
0.1650531448641458, 0.8288170160481665, 0.3335469401497516, 0.48697453297589377, 0.35800216102350335, 0.5661015069966054, 0.2828384425813266, 0.3576336864928258, 0.5162530839881994, 0.7122974947791681, 0.18795686246454169, 0.4785784684221691, 0.15536463155278668, 0.27975123254745393, 0.06296105430928278, 0.5687277582722533, 0.5756329957086715, 0.28715989032546074, 0.6399548297155697, 0.950270165565828, 0.5982292987939019, 0.12381155461799132, 0.3555479497821681, 0.6682899259587841
0.939162147063427, 0.16379209682437468, 0.4905592303577415, 0.007465379523067361, 0.5954677297715198, 0.8339839537796113, 0.6326038791150624, 0.677686778525019, 0.6409016836455361, 0.4282973421052062, 0.34709219192923546, 0.04540052193149868, 0.37786556926246606, 0.9164638087315502, 0.14124227078655827, 0.3570628905329706, 0.6865302603244607, 0.767444462404881, 0.20184861621695782, 0.4012517174120238, 0.421672173422328, 0.4497134707766023, 0.22815507111970523, 0.4299943600912809
0.9529159806554672, 0.4570252677613582, 0.5521132757520965, 0.5668065122721551, 0.39773346470868687, 0.27920563942225707, 0.2706833361607762, 0.5413452261756952, 0.6450821820798843, 0.7997838430074291, 0.4506975305561619, 0.21990810741738698, 0.3784359939619647, 0.18500160351549855, 0.6113053506272785, 0.7415058369245426, 0.6690751552786425, 0.8580351816233968, 0.9809013992789483, 0.5799707806485329, 0.596525351293778, 0.06925393216723208, 0.5801153383658826, 0.7221237446008856
0.32733632921833633, 0.5103689697044501, 0.5008480909967972, 0.6413145517282889, 0.9255256134324791, 0.2336897490758758, 0.16954996745921347, 0.8055562459650546, 0.5208872363646394, 0.7268488716081023, 0.11721813116416524, 0.3782520941991342, 0.9673385736530208, 0.5137292271971368, 0.6736229924501808, 0.798308965233549, 0.1856836335993659, 0.9186890259415217, 0.7556356637216778, 0.34857014174142664, 0.21549796127571486, 0.07981546849479593, 0.045214758136527866, 0.7975864273621912
0.943481809911993, 0.9587149481390307, 0.20770874635015024, 0.20632601703072928, 0.9761488465766403, 0.9989808917295464, 0.33775807102706124, 0.2766218967402133, 0.4326689096703702, 0.7426899882448327, 0.03222954083564933, 0.4763680896944412, 0.5616203344732689, 0.4945495719146824, 0.5884175867795655, 0.7847231460890434, 0.9000518397288294, 0.8170079244382477, 0.8555305781659046, 0.371390339359002, 0.30397051544518383, 0.2564532810399016, 0.39444051746515363, 0.8685046313269599
0.8214983994684881, 0.12411539031093777, 0.13138641614692914, 0.6486264103129725, 0.6060722607536544, 0.96550823744166, 0.7709942466632511, 0.37895834771094383, 0.17145751316664548, 0.013259025109273681, 0.3840098049104901, 0.27023132653695425, 0.8516367925448179, 0.8379096029878961, 0.9900412498822709, 0.932483406416852, 0.34698054974890846, 0.9917088492411914, 0.4805380256804376, 0.2974940897701599, 0.16584913643417054, 0.4936901609944966, 0.756692811751324, 0.6518042811964287
0.45285499036195287, 0.7722055283705047, 0.7895286326352562, 0.9766735713507632, 0.04775538123526302, 0.3124985813165625, 0.9875117863145983, 0.1427568662346833, 0.20888390154509784, 0.744176856688715, 0.8370582221990697, 0.8194446418659396, 0.9184674836836743, 0.49083314605054196, 0.561061201471817, 0.1590129095217795, 0.6086243710369692, 0.33355804574700576, 0.2465305988960318, 0.23455464929626235, 0.4308083879131249, 0.06801296774937526, 0.4743295195622309, 0.001502302754102347
0.4966729235990808, 0.9616074965740097, 0.09856234001213049, 0.4497217445675691, 0.39568752299706933, 0.23121299213268443, 0.9521227444857772, 0.07738490500266737, 0.446632446934184, 0.9669326664988633, 0.2356201954914593, 0.4623457760328572, 0.5827209145303099, 0.6938481993097217, 0.7774618557890003, 0.05804830995419463, 0.11754743691691749, 0.23337155667470566, 0.54024305276331, 0.2569270775992991, 0.013483373225429252, 0.5538656477781082, 0.3992750055368246, 0.7979834590508477
0.17438067151606962, 0.06883825923174713, 0.8338482786543853, 0.8070043039484617, 0.9191317088503649, 0.0012534952606012562, 0.10921034970205812, 0.7083589917583187, 0.26791144276249446, 0.29613797344478576, 0.9689273673537533, 0.5197962470108157, 0.1979676834428098, 0.9861223719787995, 0.8909989122075628, 0.6349867602193965, 0.06524661634327389, 0.6446881113468215, 0.7767554062970982, 0.3237197961962974, 0.2905403743626376, 0.5571353191436882, 0.2894669344232996, 0.24361124059384953
0.006136858335762829, 0.33050523020743494, 0.21882846956617186, 0.8633722576094389, 0.4072741508642953, 0.06654406429388737, 0.27145606343738893, 0.15758408485376763, 0.9601756885336608, 0.5762456926104953, 0.9112759417085909, 0.851587734181753, 0.5796815388992919, 0.020819719668898284, 0.5776183002995322, 0.49906683143717645, 0.7999295408709962, 0.4652698882942162, 0.10564724724217955, 0.12279497808621076, 0.9668516175121598, 0.1001939644823232, 0.8590583804719276, 0.8624211545584004
0.17540546898205578, 0.661521029291154, 0.11854490791416905, 0.3971085455356884, 0.40883300886560414, 0.058349586872884496, 0.17902386203789034, 0.7960863665013671, 0.056796626854055954, 0.1365296876719584, 0.6269185332716366, 0.23372112226400787, 0.5116418878542988, 0.7624465558149367, 0.993477684866865, 0.38138848224841493, 0.30260169134199966, 0.47895071240605847, 0.8616303923554983, 0.8921700321898143, 0.5652141460606721, 0.8369239282320453, 0.6118189686063168, 0.7747200980265936
0.29284802985222436, 0.05117891199227165, 0.030157392502662916, 0.9194131791923423, 0.21763893872390827, 0.04909267297710984, 0.42313245704712177, 0.7080808592456203, 0.28012495217661304, 0.49822559825028245, 0.7417207214963635, 0.5102205641547153, 0.5971854505341277, 0.8013051778252501, 0.5349889177086949, 0.5807248260326664, 0.23600478252565305, 0.6836135677931211, 0.40511438210369255, 0.1737082869913269, 0.3220860507007315, 0.4059331486038472, 0.201413756980811, 0.28268503181352134
0.9024285604476122, 0.6042628340725612, 0.8628895107524145, 0.19349024215290023, 0.5405726986282621, 0.8008589018338137, 0.4652135248126159, 0.015113453783594633, 0.05250157341887507, 0.5091584675139574, 0.0015248022687358587, 0.6695909218727876, 0.029202494788292732, 0.23811900323107138, 0.702771465923822, 0.35596230998561873, 0.10072102244727466, 0.9049459185732031, 0.5648602059326754, 0.11771466413972609, 0.04401350914169444, 0.22267102978667663, 0.9787488572273226, 0.3458155028881109
0.9278748474692695, 0.7906927513513959, 0.747943716891743, 0.5099539867462606, 0.31292907718145857, 0.6682425853645747, 0.3330043600661624, 0.8364965230563113, 0.18907326445767703, 0.691718979098022, 0.1526499501749885, 0.18298071717679176, 0.3868044764146814, 0.5827560245353746, 0.0023342913020043543, 0.5563201557217097, 0.6764031998013416, 0.31230577362622003, 0.28238491121785936, 0.4384726729382442, 0.8313676635921398, 0.13648475287612694, 0.9136592960390264, 0.8691430946974399
0.04593854104986661, 0.5224324256215441, 0.7697068569319018, 0.7665466102595488, 0.7008165121989383, 0.27207759565277, 0.6685820787271519, 0.4794112677599477, 0.6734078645370856, 0.9393888180135641, 0.9874228626858302, 0.41878474290245216, 0.08279770642747875, 0.48784067951398513, 0.5316303893541685, 0.3380003665438357, 0.7325743531862304, 0.36340697839238756, 0.6977509697789972, 0.7139369023181212, 0.16989308710744588, 0.0044991688874089775, 0.4555522557059771, 0.1599452987213762
0.12998352414210768, 0.12425110389809157, 0.35309581427773074, 0.5705129727425909, 0.3754225830589333, 0.43920613823237387, 0.8294336842402616, 0.6296831122543342, 0.988738002832437, 0.40689555850641, 0.3010562522073065, 0.2200217395145968, 0.613147640247613, 0.03137524504831968, 0.44305725858692824, 0.9152747001064135, 0.01802779163877155, 0.4857602594541044, 0.16508299663946946, 0.6201883762463133, 0.2745057651677756, 0.9646157509388024, 0.7248122583750695, 0.18028621246972798
0.4526529432414278, 0.3453889928908054, 0.09996831655453842, 0.15660358137485675, 0.8300265876779321, 0.7472951972978307, 0.3463043546503325, 0.38501365387565933, 0.9225175412074117, 0.13035960122746892, 0.8777706223301729, 0.01421991860743066, 0.040897506047165466, 0.2213814355550181, 0.9090857608120808, 0.48135122880942827, 0.24563255807076778, 0.9079194156824729, 0.20368386658025683, 0.5478542477436446, 0.7340117615027376, 0.04114294703706478, 0.7947313783670882, 0.7684286984301715
0.23863433030276082, 0.8441963180170258, 0.28716864814797116, 0.09693914490075672, 0.7101752130921858, 0.5833876684607727, 0.8173357685096847, 0.03733639984686843, 0.4620234923828975, 0.32714280846501564, 0.5663312922929461, 0.02071054774995429, 0.14776704180469147, 0.8670302860956195, 0.5802839302921571, 0.8281421899658779, 0.8536776275823414, 0.7180813046417693, 0.7996074317397535, 0.9225763006436146, 0.3955659453549911, 0.8139367432114722, 0.12957370845787353, 0.7244646939542596
0.9461262718424689, 0.6877870253540989, 0.7204205798389389, 0.9941922490862145, 0.1301488869216173, 0.43991528490043486, 0.9365335781176346, 0.5392759934996049, 0.8325201248792373, 0.3584138000061017, 0.03628754383913857, 0.6107176421509322, 0.50279555367292, 0.8527494021138778, 0.5594492400679061, 0.4876382605316426, 0.4547777711257224, 0.4311043908473, 0.3550734004787748, 0.9612821027243537, 0.632013194717854, 0.35111848451707695, 0.4774692791046976, 0.27321904123794327
0.2516423411246589, 0.23205049605771444, 0.9941513738483672, 0.5906563636145782, 0.35655914981384174, 0.07471999361207127, 0.4481392774249857, 0.7220101265170167, 0.7675182677728584, 0.241093691821762, 0.368644948162694, 0.34062671061870775, 0.06420546863083054, 0.19604420246565213, 0.09102965774285232, 0.8734995236603128, 0.7429439840865397, 0.6559679930100929, 0.7249662797091008, 0.32152580837178757, 0.9164741347895365, 0.7632449516673067, 0.42964788750716454, 0.01674196920491866
0.9743362436659441, 0.26875810934689737, 0.1608119658297783, 0.10283913488855445, 0.7195165707235043, 0.2065539880326458, 0.35252371443803165, 0.5812401969889219, 0.4661267716441797, 0.9352015595112674, 0.7348432564970597, 0.7961595645891679, 0.5384219075595857, 0.6281787049616904, 0.7337920563132806, 0.7131022675572605, 0.2148280757494987, 0.4885407546093289, 0.880385362643343, 0.5986342639222328, 0.8613950843577062, 0.00263876907810634, 0.20612860615013262, 0.2045536441183824
0.7997868996476643, 0.436423988181305, 0.9259917651044125, 0.6750045104116896, 0.18408728873612723, 0.393171749589167, 0.45085037738761424, 0.2189657000516989, 0.7619265165974302, 0.4867770261604746, 0.07082881518168993, 0.8082616845396984, 0.2348991909335375, 0.23350252188818443, 0.9867788468399461, 0.9262132073942743, 0.0605139707065937, 0.3799799173971601, 0.017919113923022034, 0.5492746593089726, 0.68944661651186, 0.33108473620914014, 0.031654280045792293, 0.1987716200936408
0.002467057400277306, 0.35451761974986795, 0.9283358928565816, 0.21731518569954145, 0.09901699629232141, 0.32260793507784635, 0.27269413865960324, 0.08636949774611868, 0.7050516370175439, 0.284796463062745, 0.18466836674852993, 0.6968088240561496, 0.7011141187657133, 0.9357584145865603, 0.8427589206319382, 0.8944253279006372, 0.2886804121419968, 0.3788281997142683, 0.15008882272304558, 0.11881047877070716, 0.5760320728802601, 0.515598411527884, 0.7284530201402196, 0.9308257740328668
0.8990982302565286, 0.7534481988967128, 0.6147698842356379, 0.2750515146689194, 0.8802133133820205, 0.4323468350775329, 0.9442793015605236, 0.7236872491341748, 0.04577538683147908, 0.007344269973154072, 0.8104398683635923, 0.5167389346265078, 0.38105852258451234, 0.04454713514380926, 0.18286318663009493, 0.46543685125619205, 0.6703339301022431, 0.11001513185506184, 0.43019455715773713, 0.3841561810575337, 0.02303348542545669, 0.7583527428623829, 0.22429499836660194, 0.2419770916557773
0.7996721278441024, 0.19945979696970262, 0.8526344452440718, 0.9328133528589678, 0.8182153900970162, 0.39723125013237526, 0.7204531693213794, 0.39428666792082545, 0.35925857995053245, 0.14713706763526757, 0.6279340440703963, 0.40532850623234085, 0.6740723027252492, 0.3788359211253527, 0.8888209817670537, 0.9631099437366583, 0.5884372146460034, 0.19162822775647503, 0.2467680239641864, 0.8999783867252859, 0.2845519981816099, 0.11876412415322979, 0.7850308827802279, 0.7694867981432815
0.485754887583157, 0.6026053519824351, 0.787999005593709, 0.25970737476372474, 0.13610617021051863, 0.773532429901686, 0.03317140951354702, 0.9605182722085721, 0.6889737452292204, 0.3126172665821846, 0.6335894058111625, 0.39650244983198635, 0.24505921535769992, 0.9078128224806301, 0.4523365605117411, 0.6382058634215504, 0.24544442698253743, 0.5005176220055557, 0.5139897640758889, 0.4225030968906345, 0.724696582998952, 0.773857418227644, 0.5271172509203463, 0.20691229774423714
0.15413650385617828, 0.41629021320251836, 0.3368088216011169, 0.5318708183934006, 0.858606497469828, 0.9644819845272832, 0.7912497950441106, 0.19711359526561756, 0.2604451030908541, 0.7592339997734211, 0.8485140045882422, 0.9060806455488204, 0.8534093912642041, 0.868336772945803, 0.1929033886165984, 0.7825351208528598, 0.5789359582265656, 0.43154244119483587, 0.7754809429417837, 0.3534449704125445, 0.1802388156082112, 0.9012352613798704, 0.12027035352043558, 0.9975066658696747
0.5067922121504922, 0.9233582427077595, 0.96590702875689, 0.5606789344960892, 0.3948236614213393, 0.5252246784428373, 0.24103463644935164, 0.6511405260192877, 0.0458279126218365, 0.27072866385682737, 0.37187953724338696, 0.7880313483518737, 0.6411525154856432, 0.12952967377932623, 0.1546517030540121, 0.16678062572851915, 0.5278196332244935, 0.8652037579696135, 0.31905836968263035, 0.09778654115994079, 0.8103581231682434, 0.4532661320010213, 0.39892268759657956, 0.5068497151448493
0.001659633840997099, 0.9203768142506208, 0.20904960077446066, 0.288257342170516, 0.8621660021759614, 0.20342484021333707, 0.7243613671287781, 0.8206038945176012, 0.26294009768193594, 0.3183109824592606, 0.5654668099903812, 0.7548722092138639, 0.6082087438654078, 0.06680985336050027, 0.5689282756273436, 0.876616228164649, 0.3927325346618247, 0.31984757725301427, 0.6333970459501406, 0.40773449864174083, 0.24391769349053605, 0.500544472394222, 0.012330522029728952, 0.5463698241063407
0.39173509321473343, 0.3370062680000634, 0.1878358683426613, 0.36053763977816855, 0.9412208623347714, 0.7233751492589713, 0.7550547927485202, 0.7367537059420188, 0.9795443055762114, 0.7106709273367241, 0.3396668630430677, 0.5254514969633245, 0.8045437790268777, 0.16207955689443665, 0.22829549859559806, 0.2966193786814677, 0.0115574675451533, 0.8025298848359028, 0.26180932818175573, 0.6863754345187255, 0.04836661000014231, 0.23466897575754497, 0.017814876115641476, 0.006674295350586279
0.6146167005523796, 0.29597800263914853, 0.2572791366711683, 0.7458629620344147, 0.8027641970746684, 0.4034808438418158, 0.8162378231715072, 0.7298378895574142, 0.3624553189473285, 0.8650127601794354, 0.6703686192071973, 0.46146383218851994, 0.11591366528288527, 0.5983872066908988, 0.16948421858550544, 0.050662633410638924, 0.4575986480756694, 0.7617698665276877, 0.6738511374292014, 0.5487841583524152, 0.41195786469753226, 0.6556498617856532, 0.30421167100165225, 0.59770317280665
0.33375658001058617, 0.20973736746127736, 0.19579695068977387, 0.14315354114548562, 0.4398263168117824, 0.5601548573114415, 0.7930031091351776, 0.8439968844628765, 0.2206744820483485, 0.14540750928150303, 0.8020766228455061, 0.18544564181390888, 0.8605350531327671, 0.2938398684487199, 0.4785726277977105, 0.6121659025823558, 0.19700288643068764, 0.27519168001110683, 0.1617832312548132, 0.43861702240881395, 0.1328264495890814, 0.6645918931167183, 0.6526357622061951, 0.7788200063404357
0.2163074737215287, 0.6267876888429641, 0.028074884565986835, 0.7832966141176549, 0.6075053074425432, 0.7180730648064477, 0.8356712224501163, 0.3820710833059251, 0.7598434060064705, 0.8232987910315547, 0.769780547486704, 0.8168739471351879, 0.63663346537111, 0.4423541661697198, 0.6511593283892457, 0.8338438660281532, 0.9658189870701445, 0.10235672266012397, 0.16243841478756182, 0.9417844205891748, 0.6638594660780229, 0.25526729887716904, 0.5478176048138717, 0.25337093061908234
0.32768735881390454, 0.6577063847359002, 0.9972972247080437, 0.08444348788081613, 0.2134837768120722, 0.8684173518857785, 0.28059025742469645, 0.25048671253323307, 0.6381732004905303, 0.20621272639960542, 0.6307645259813415, 0.08496441046694414, 0.49534351594765347, 0.20240406904416375, 0.8516100259038145, 0.3057880027074089, 0.246424050226823, 0.8827109657612751, 0.9458339156162764, 0.47601174581372885, 0.4076118666330456, 0.09439218082046918, 0.8316013089865633, 0.23801257599609682
0.5881706338429469, 0.7308929266033228, 0.5969874176326426, 0.34933049921758275, 0.5200522553413512, 0.2881768615058271, 0.8260336229740424, 0.7042487582157064, 0.6253211636939451, 0.6208489817206163, 0.19467735614479342, 0.36775879858175564, 0.9542829370127719, 0.8652635300657077, 0.6565564209680146, 0.9742421153896128, 0.5105081173853627, 0.9144302379849938, 0.22690157205914419, 0.27069214060348057, 0.2219377141493304, 0.2664410843472186, 0.0992276463281141, 0.59558202206598
0.07261595649044461, 0.07994487263606398, 0.02612268657097505, 0.6792806258634683, 0.5040653480988276, 0.8654679012429928, 0.5351496618658274, 0.1194077326619819, 0.055374772381202364, 0.6281224188394444, 0.7074928239488335, 0.6221976641773812, 0.9735264332084799, 0.4060613049314503, 0.8515070867165092, 0.9652973179071241, 0.9336645979027136, 0.6350423785655104, 0.47230331099087985, 0.6337174697048061, 0.17877973945224068, 0.2575164701664674, 0.33098505842847425, 0.15626119474201117
0.0665380255703234, 0.46194435573509907, 0.7630772694003533, 0.509352605823199, 0.8932694848284751, 0.30385205548184235, 0.6914558348724521, 0.8285533577565971, 0.4673240548145846, 0.3161224722910011, 0.8697600595088409, 0.8488019552287691, 0.3014091681179226, 0.5380866288213677, 0.3543127668835355, 0.0677066220353193, 0.16967873660648203, 0.09197670867925634, 0.5354713178645961, 0.5394845659402416, 0.2184571189792549, 0.6697134670329792, 0.8282309092334891, 0.40901147616128564
0.966453298601405, 0.5095465854547958, 0.14725179777871822, 0.8195257638250142, 0.7783734657475067, 0.6521551353719633, 0.0016774739348974776, 0.11464466875891766, 0.6579583831051066, 0.1954579020411621, 0.8597961718733987, 0.6879981404249461, 0.5365416831475164, 0.12953288790096762, 0.8154228266069012, 0.08490747490471118, 0.5132567074970606, 0.9595847580282851, 0.15665791129990558, 0.47953420770952704, 0.04866522351987068, 0.5588042106841197, 0.24236880633446733, 0.010671369763773475
0.014973513099452829, 0.2830111596743986, 0.9593784515443827, 0.7534225941413865, 0.02265287681376915, 0.3438665124674999, 0.5102151012226713, 0.19792303408224854, 0.6081842779953378, 0.10138317295250543, 0.4858742964201007, 0.7106140703692514, 0.4594423747626636, 0.19447942777374594, 0.4399374153656519, 0.3968523570801139, 0.033624487822562, 0.4773341565824515, 0.3257177503160843, 0.8860497282041313, 0.09031012563858509, 0.2804068951747205, 0.29638406338067824, 0.11823098817381417
0.7534908740188496, 0.839285820358773, 0.8378504445471453, 0.9902882910549208, 0.4027719966067179, 0.2072489836433068, 0.3803914194150304, 0.1465958218731349, 0.6178990472050961, 0.4888583331051378, 0.15657125182272047, 0.1404513898065708, 0.5106097488501911, 0.46025023411759025, 0.6960374365371086, 0.20424633109693802, 0.15585870197350604, 0.026155436283623157, 0.22579505502221964, 0.3574287359338083, 0.7994591377684498, 0.17291774862375853, 0.13643476073382543, 0.2170929708345426
0.4892621130576015, 0.0056324788301370665, 0.42134797263656854, 0.05032859449268712, 0.046650721144123386, 0.09144449359695694, 0.8633061773089351, 0.3181551582086113, 0.5816460373434242, 0.7592856683616122, 0.5913943041604326, 0.44712569173181227, 0.2603503950116898, 0.7432321648269363, 0.8395018066777634, 0.4105234877978181, 0.23633489650954242, 0.49346941356465346, 0.2786776028834871, 0.8586304289850906, 0.2863655569168847, 0.6424318082063064, 0.532958176730507, 0.05595559485920765
0.37391896774238964, 0.1174189829088017, 0.2721378269746435, 0.1483599774831068, 0.633029717224028, 0.5901398728422801, 0.42339084195012755, 0.7069767110840655, 0.012269535735799475, 0.4981510395790626, 0.2213380177015002, 0.7548485228994879, 0.5911776123992704, 0.8866387606426224, 0.9856326442186315, 0.2620325709843433, 0.6653256855599309, 0.022893371338584156, 0.8414800276130682, 0.41485907125227817, 0.39143890141774484, 0.3869285331563601, 0.4390344410199818, 0.5634981997568312
0.7984233911474983, 0.23490067512817092, 0.6388633128698015, 0.7802176598676038, 0.9723097853479172, 0.8879318217507163, 0.1122347242208317, 0.865736661884727, 0.032209556091722935, 0.47229939772450336, 0.4962965118585, 0.5355106955392197, 0.8264871015871237, 0.09418927919381337, 0.049785183927743226, 0.03776515374230682, 0.17792009893822303, 0.31051499163618956, 0.9147467252097394, 0.6261571425496711, 0.1835333264286061, 0.027805439011542754, 0.4463973357949007, 0.7292926914754785
0.2660145818764016, 0.2152259540881889, 0.5066740218713784, 0.5523995992803054, 0.8454309718521619, 0.4749129109927177, 0.4467944210701349, 0.26542397132466966, 0.24429243726903938, 0.8350077646238837, 0.6821382930011324, 0.4100822164023338, 0.05412380872353795, 0.17065835777834282, 0.26072596015349514, 0.9038213749883264, 0.70190100524648, 0.7034753132487883, 0.5499586190605269, 0.3942305853488959, 0.44808370935649644, 0.7008242833584285, 0.10969587127404756, 0.5547217451096832
0.8219614633571856, 0.7152903298780482, 0.6924321800960134, 0.6535524664895241, 0.471781339087633, 0.6927070027238317, 0.490106697122069, 0.6205725720509465, 0.14191742024581178, 0.5810412303197385, 0.3220040621751378, 0.5273095082884358, 0.006125021749906812, 0.4621531374840887, 0.2987826830579975, 0.21770504539443514, 0.2963761753397117, 0.2554047795440586, 0.011575874252730323, 0.5778557233646745, 0.3233408946766275, 0.4396715371344452, 0.2776154778220582, 0.5500591123831444
0.4242794394038881, 0.7713612207282563, 0.09690110134881003, 0.6268723806058972, 0.33038933852917163, 0.41893141946210666, 0.9975582244632648, 0.24658707299342775, 0.6317742184257498, 0.10079339902448792, 0.11887954947750456, 0.386739402129366, 0.3943640534376267, 0.7747597186421576, 0.3103200402576519, 0.904784542516278, 0.5129266329843456, 0.7940025090152727, 0.21131292445688987, 0.5222502407949724, 0.5437747893496938, 0.2312201900983366, 0.3663694236360041, 0.15244995298706387
0.028143764532374216, 0.812772910566984, 0.1172999649686105, 0.03965557303124867, 0.44174448163034474, 0.17711209018215268, 0.8446532064607116, 0.4928900247944802, 0.9289324539194534, 0.24096562205179373, 0.01564696459467574, 0.8888772856105635, 0.28899446844837773, 0.5810716764697919, 0.15649292848088803, 0.32654453943740347, 0.9240780433120643, 0.1851481728067621, 0.3045242672622097, 0.8068729852300494, 0.8888671339354453, 0.6778212850511225, 0.1318244366667376, 0.4410827924504561
0.9093190734802464, 0.591951439520461, 0.07247079431498771, 0.4553320125951702, 0.1757861561513181, 0.8816250920435816, 0.2793666573186392, 0.008037005884828252, 0.2391083788853845, 0.09445247264237722, 0.528628635503759, 0.5965269984915569, 0.400712483173849, 0.8760258206543518, 0.024783114138971607, 0.848046177980506, 0.26282470941765235, 0.9633470667348167, 0.8127438593308499, 0.9815456918539514, 0.1805117942597576, 0.8086775830023507, 0.8469082140427596, 0.5460664944931521
0.16792799619075938, 0.5520212134796074, 0.7860653355243691, 0.7637435799596152, 0.1446801328016245, 0.7951821385095877, 0.2523745597339253, 0.652956510877856, 0.6873335152459733, 0.35267417886667374, 0.9265193708245641, 0.2552599787826634, 0.7710387609789633, 0.8427104013921208, 0.40535308248353785, 0.6420152133179197, 0.7939736931212392, 0.2950480932873132, 0.6112704709324853, 0.6483088447499638, 0.07269343896383329, 0.9457948622431431, 0.6972941855815477, 0.08859543751032717
0.01164321882192143, 0.6723354982058513, 0.08904408594225988, 0.78777107591671, 0.8150060895480095, 0.31565315785570913, 0.09400649074532885, 0.8453252995826662, 0.08492034084489808, 0.10817373678168063, 0.5144248656275823, 0.002595012360500748, 0.07839488653222548, 0.7015512054074646, 0.7066165059007943, 0.19121214752281335, 0.5374976224657679, 0.5827054631757357, 0.016618381826605244, 0.6838704631070744, 0.013800969114322381, 0.3231983794482546, 0.79142713158094, 0.8233020376107542
0.3094554999339547, 0.021684916165996215, 0.05034090127566626, 0.21677020932389535, 0.6689963944400545, 0.1885071024867888, 0.44991907415320354, 0.9815246342869391, 0.7366947010320313, 0.9099876394679222, 0.3753466306199654, 0.3580388240120933, 0.47637507342632046, 0.8254908085567506, 0.1604186807352278, 0.7475565736329112, 0.1930034163788097, 0.7332375211099685, 0.5627373895781106, 0.665480482423569, 0.5130265983984107, 0.9667168596778473, 0.9797214654479515, 0.6229127646743241
0.8692911864275228, 0.6053181360052496, 0.7227764755562631, 0.6764549667090454, 0.1440318775789352, 0.9487350056050341, 0.8658963593740299, 0.39281425580465923, 0.841390949714088, 0.5126839246643046, 0.38947814020815175, 0.6123042954355274, 0.6634534039398138, 0.3159053031024087, 0.7023054788276472, 0.0791805532288985, 0.30306124037250126, 0.6344371353062124, 0.0639892531446199, 0.5744686150648666, 0.2834117033841299, 0.25184437619269584, 0.9431823079744072, 0.7750113342505589
0.13069370163658878, 0.7760397573101256, 0.2193658172162325, 0.9274894862475475, 0.4995991506022702, 0.17302158671965318, 0.10373137561674628, 0.9362886399515528, 0.9707090809403532, 0.8114078761391811, 0.9879079049856152, 0.9672621182515645, 0.5906168620046884, 0.5945546188518253, 0.7650424717872506, 0.7852398169946057, 0.464261062999879, 0.1668088505740255, 0.022256633241776402, 0.8068897145729518, 0.7084788566268027, 0.061533207133406265, 0.025840807730060145, 0.4992801423416935
0.8526033823669377, 0.03903273721586764, 0.37390654379316324, 0.4816304234620262, 0.5065939388872043, 0.354319810788824, 0.5534081206940077, 0.901744388882948, 0.9202298243635325, 0.35348294038928585, 0.9323072475652848, 0.12673264073109936, 0.8535028555724948, 0.49074666530099165, 0.3535590408065261, 0.13075119178061667, 0.8435989873337953, 0.22205003835292259, 0.8340904112705496, 0.12305193650581381, 0.3918291078395294, 0.7519040992332218, 0.6428712240018765, 0.8885067584825809
0.4421710305535611, 0.25287385704984655, 0.8574620226841249, 0.2279698920780997, 0.4343198752474089, 0.7343710974848824, 0.2341456408108138, 0.5860574209845133, 0.9974098535992633, 0.46473807953700874, 0.9924578291432729, 0.308534845762895, 0.09310946792430863, 0.8571419668891774, 0.47154942498136776, 0.49651689765838913, 0.8125769243975954, 0.30731287012637365, 0.33126451394957945, 0.8549444681228775, 0.8812005995892858, 0.20599562339151833, 0.6940657636653369, 0.4580875543288556
0.9361940942287539, 0.46559498827819623, 0.08148579737546291, 0.6720200533502821, 0.4330109007358519, 0.020458504197871874, 0.030810170677043502, 0.11936073485030763, 0.8377603922075162, 0.6816940560657825, 0.6943960850843658, 0.1400158445236519, 0.7990911681873579, 0.6919520650142507, 0.2247025750342868, 0.2777594064068797, 0.004060048111556136, 0.049310825506741596, 0.5915246602168666, 0.8207266313048108, 0.380084238727599, 0.07815635805046073, 0.06802800079225535, 0.19261545243694722
0.3761976512735872, 0.6307235622459153, 0.06307238230559697, 0.2938800912392281, 0.6008431763428862, 0.6570936532573771, 0.8937420715790436, 0.4892084924178992, 0.13411038733017522, 0.6190149805780887, 0.443184628673595, 0.8421066761854455, 0.5679059080189909, 0.825170223381589, 0.6472450100806278, 0.8179533348629396, 0.6174223721834878, 0.6386541608779581, 0.6238330892502468, 0.42446336669570317, 0.6983681633335425, 0.020420037272032676, 0.06411769453112826, 0.926310309276081
0.14244186239677192, 0.8011581099561994, 0.6128909276178938, 0.14980599434029152, 0.44464981867023845, 0.3065581665297895, 0.6672137559513897, 0.10618732450829538, 0.7575402134478207, 0.4515252524240848, 0.4386809680263365, 0.3916211485954155, 0.6358837074494109, 0.018024894862117113, 0.08556943017592888, 0.10223648411196273, 0.1538254613611344, 0.7004020172472039, 0.8746779310297236, 0.017883903708169058, 0.8283123549050743, 0.18879694920527434, 0.23357943613832854, 0.230603183479971
0.3287337080462862, 0.4548194193239967, 0.23785281411621673, 0.179206003768679, 0.9038979554010087, 0.4736089508722039, 0.18099548002542454, 0.07750707141816704, 0.8550333332131966, 0.4904964558061984, 0.48811428576835236, 0.5720165226304317, 0.7644189463892699, 0.22477814416251907, 0.39535564301526693, 0.2688747938576238, 0.7032183798785958, 0.18557662927414464, 0.144618086827487, 0.15664515447151273, 0.33615557780083116, 0.8648548534664318, 0.715015495526606, 0.33734336769847195
0.4489474481764576, 0.7202437748163254, 0.8925686624830261, 0.8270190352623424, 0.08270883437769694, 0.910459118518675, 0.6688778188354522, 0.7065013252940132, 0.6520930819095643, 0.5842897815307391, 0.8921490259747785, 0.5658986979466168, 0.8481476851432108, 0.7212118219116685, 0.37874355773579194, 0.6795561513499799, 0.2707874329302783, 0.022947866229523717, 0.21700140590905193, 0.32508826347196784, 0.9434966401453221, 0.7688520801173137, 0.9877741621364632, 0.1831052560780453
0.31515238780782306, 0.22067210207820032, 0.871072957577986, 0.18734728967066394, 0.7046978824995249, 0.9823264830248326, 0.21473192795391027, 0.7159499852692233, 0.5456502606826535, 0.8040740270064989, 0.5263769728739363, 0.46904511054041353, 0.1726412812537862, 0.9020838624095593, 0.16588456570225418, 0.6357349957566351, 0.4937514172624087, 0.3139733519036322, 0.7564173776216034, 0.8561634338769277, 0.3850207009628235, 0.8967938530627811, 0.9349502708880043, 0.8583515310387128
0.18929561037947162, 0.9614713323688143, 0.5652559416338384, 0.4919464912742014, 0.825263480246251, 0.2013842324941556, 0.979217663051613, 0.7713246237837008, 0.9216766715019178, 0.6751743635447358, 0.8640616753195858, 0.8232589039127968, 0.6730955100270937, 0.04265985349245016, 0.7619568692729994, 0.12908605412233565, 0.8136260643136837, 0.14506718489856085, 0.25486321276199797, 0.45559961508742686, 0.11034279008019532, 0.4500305709016188, 0.04672971291187833, 0.45356300436743013
0.10179788738729911, 0.9411823215923326, 0.5808909672495178, 0.1224951053814265, 0.538000094074227, 0.7038149768532784, 0.49262573668004983, 0.3903007954150094, 0.28871887089989423, 0.9519249742100755, 0.7632442483540189, 0.8289815242818439, 0.055150852517889315, 0.834685080397327, 0.7368371702343469, 0.8581604169437191, 0.9620351887435891, 0.9941909789423745, 0.43090776977820633, 0.03871013981410898, 0.4050722308055261, 0.16164756572358596, 0.5172861332185553, 0.0652392679338295
0.002841693391178457, 0.36816206679347174, 0.13214450730315586, 0.16817413373679846, 0.24676130774759852, 0.7765023535366191, 0.6152528175484321, 0.7093771329132798, 0.0054145320057372714, 0.7955098329973703, 0.6712510926904351, 0.5464605448570342, 0.008000199782958295, 0.7548190234867959, 0.28838959559737676, 0.1753717938135123, 0.681293156460534, 0.1479230176396671, 0.5007615631674053, 0.4561292709987288, 0.04454627400240707, 0.8783006980231614, 0.8267229176302385, 0.09489147975533296
0.8391399394560032, 0.5687901319545108, 0.5656056873658613, 0.44845295268890595, 0.13112227222183814, 0.8447110635513375, 0.2689672353608592, 0.22767308189303737, 0.5086226261186174, 0.8396852288182317, 0.89874128316776, 0.9670179778165549, 0.5388728554527441, 0.26571942736132037, 0.5393840591201662, 0.8975529545927502, 0.9944929464815185, 0.22448948755839693, 0.5349973607825596, 0.15506956828969587, 0.9825347950237591, 0.6919670881627888, 0.14891443348725886, 0.49409680982503235
0.7859398479317034, 0.029061083042071223, 0.5015774667286764, 0.9167011232656512, 0.8647883718693311, 0.46812220507823965, 0.8622665275721836, 0.804121952638516, 0.964615227924769, 0.9992522340655888, 0.8202542880056308, 0.3525194853372716, 0.7435400894111787, 0.27036516696757906, 0.9665685100292155, 0.39676920963810725, 0.8272792922276907, 0.7590581171854505, 0.9054357252190574, 0.9904782570403379, 0.05375615588532978, 0.6523698715727594, 0.4453607841810606, 0.1572899815725325
0.9234027077813268, 0.680535316066473, 0.47199304694200817, 0.9941858431848974, 0.8652518049194411, 0.9104063718475619, 0.7473137484080433, 0.8810940961568096, 0.899214266559361, 0.574856170126092, 0.8829578906083753, 0.12064375291863494, 0.617793152127376, 0.42449550682035087, 0.6911600604508187, 0.7216784751988411, 0.818133627782689, 0.5925803402751068, 0.4046329039680362, 0.7820892094116481, 0.7090804007343542, 0.7065690210992113, 0.754633353573237, 0.6810576593460905
0.4042599352014037, 0.37284162231021256, 0.779498166204645, 0.3880781063528165, 0.4678459117479824, 0.5157184862567545, 0.8346807804705141, 0.9381380480298269, 0.1799593745654201, 0.673593462877281, 0.3182932086530478, 0.976059993953992, 0.41554894978986767, 0.2558784266378, 0.42541594996571674, 0.9219159964155065, 0.7190417055853672, 0.4390546735872476, 0.5265339068438399, 0.8601479314360213, 0.37622071997050666, 0.9838984286742559, 0.93866217846737, 0.5677671960876735
0.07281513725411448, 0.7609220572458832, 0.3944648857998987, 0.23490462439044146, 0.08519703594823802, 0.9828349778026346, 0.47387808009049215, 0.5404018010678193, 0.9969411396297528, 0.1613336588776927, 0.12931387879082812, 0.6024270567773637, 0.4150918884102526, 0.13325797270395834, 0.20406114476704595, 0.6526108651788752, 0.3413409646206488, 0.03016748515602774, 0.8868327574269855, 0.33486530631163935, 0.031271035676553205, 0.06860534793567585, 0.7293058917206169, 0.4308151337316636
0.4363232893632667, 0.8132613946695774, 0.030834664462218275, 0.9966833056510994, 0.5153653583345092, 0.2777272606884549, 0.6941864708007832, 0.9371073858615608, 0.35454210698579625, 0.14436773659298274, 0.21765851618648024, 0.08358152602371727, 0.20208986224485004, 0.10045517210932842, 0.4117255235742934, 0.3668950766888833, 0.9792001591907353, 0.8129466752910549, 0.6226675012649817, 0.04713439422844956, 0.9957974601038355, 0.13382862734759415, 0.18640170562591796, 0.09237194449564967
0.8305051302768456, 0.07013210052730312, 0.19652935463400145, 0.36110468910845717, 0.7650788087088678, 0.07109870609528068, 0.3354423612948597, 0.44501143550412126, 0.02874211485597955, 0.3030805752923377, 0.8051622957664613, 0.5681577574687054, 0.6241347751562732, 0.496798504178826, 0.026188906377888288, 0.7809852280885364, 0.6442766266648707, 0.4577838568498268, 0.7965368259300237, 0.6682975126177031, 0.38175346658841414, 0.06790106889220626, 0.09422864509720918, 0.22543545174044632
0.33667654837371075, 0.73093273237971, 0.8899998507455515, 0.21392365528126034, 0.862025849602205, 0.37943007544709695, 0.6897638761292498, 0.9966831946681699, 0.9180216844360075, 0.6945261394344135, 0.24645952333682142, 0.6189021203383825, 0.2888115481174294, 0.17096961243232522, 0.12628430900693843, 0.3518447531906598, 0.3095689713334294, 0.32994199871425656, 0.7053023271501151, 0.24725815388405947, 0.02837289983551028, 0.9372973786500933, 0.16252110085664584, 0.666015174819839
0.3750632032726592, 0.6705064133056551, 0.9940499480375485, 0.24584216374459777, 0.1755619659928227, 0.6680189491685227, 0.43246723063060655, 0.5212061489827854, 0.08746832034791197, 0.1402205138714725, 0.9562525245071037, 0.7094676027030483, 0.3863122858543956, 0.012398769009059007, 0.49389135419266794, 0.9439858098902277, 0.601584413039397, 0.058129053629351723, 0.9146371476850307, 0.2984078105700725, 0.9324442675748572, 0.27144884906310696, 0.5632278483233643, 0.07258381719581664
0.0034275452734,0.479199234721,0.997726405582
0.000396357334297,0.451368519627,0.998293907245
0.00271930048666,0.449495898456,0.99967807193
5.27063863021e-06,0.502774359251,0.997766017283
22.2023316498,31.9124978795,38.8830419187
