$x1,$x2,$x3,$x4,$x5,$x6,$x7,$x8,$x9,$x10,$x11,$x12,$x13,$x14,$x15,$x16,$x17,$x18,$x19,$x20,$x21,$x22,$x23,$x24,$x25,$x26,$x27,$x28,$x29,$x30,>>f1,>>f2
0.7984693574443812, 0.2800091446559785, 0.4005698771563694, 0.16154760915503585, 0.6933640674791992, 0.3826261417797646, 0.4465812290569826, 0.20521898827836993, 0.7987951615834801, 0.8394266113312403, 0.23464583301311726, 0.26004865582744907, 0.8535920162548644, 0.9503929001909462, 0.3838712602097305, 0.8070588013946103, 0.09627774863424021, 0.2505965368554566, 0.6342247948018375, 0.9576675331312513, 0.7698334774389773, 0.8528087144051648, 0.8578496608802461, 0.5356791801950883, 0.868272738171601, 0.6715142451668846, 0.19587963730737568, 0.23232035592488398, 0.039928685405412945, 0.7300615213042848
0.7771531134197183, 0.34083096175110483, 0.796006164863386, 0.41452552185989966, 0.3509167110789416, 0.4102070371564308, 0.24853235022245534, 0.7639238424558732, 0.6130302950626877, 0.3045033300838057, 0.620525587136835, 0.2906588487801788, 0.13472403974143954, 0.37346527706305654, 0.389226625359843, 0.08432439211625398, 0.5528997116674219, 0.3299318778275514, 0.8058130603392231, 0.44063901906099767, 0.2333314164158541, 0.8533384002309485, 0.9817694491613438, 0.5212893800413564, 0.8297797621448672, 0.47886705756050685, 0.28199453112282247, 0.6480135569469393, 0.5582080593732315, 0.18808917495724597
0.3330695019188856, 0.07528057776747787, 0.9654655694887944, 0.023275289270389687, 0.1059468425753386, 0.07253318673328235, 0.22368612770729457, 0.8302259838693905, 0.04130974935031295, 0.044061204785661334, 0.3819664415202171, 0.8690809583188711, 0.004638312412227008, 0.14817200691307253, 0.13983300631366702, 0.6233990734842189, 0.497760153957317, 0.18664958862924452, 0.7696751324480916, 0.12186361140760216, 0.1992034342189104, 0.21109762328335313, 0.49139722837051714, 0.31215554017754, 0.5017460338810549, 0.21960010997537527, 0.04458845217030005, 0.02328020734308245, 0.5759902280781829, 0.7833783113890715
0.32140735647003227, 0.3567383781777723, 0.3333253777813796, 0.372302923262681, 0.33300323368026896, 0.06564707031873795, 0.22970537781736833, 0.6145051596559105, 0.8657215825454221, 0.8014242140101597, 0.42964563665973055, 0.814096897439516, 0.4337103806034285, 0.13699211372034237, 0.9243538552179159, 0.19767581581146354, 0.5654944008726739, 0.7473351626974881, 0.7235669914653549, 0.6719520955644199, 0.5172463003428553, 0.6188203061204746, 0.009016067313540432, 0.9008165027709256, 0.11571394066805796, 0.16497962706422198, 0.5513657969991937, 0.5789512170321957, 0.32902705671454735, 0.2210981175811304
0.4547462660591246, 0.11631849859285914, 0.3161517359157301, 0.011332357534026616, 0.0965554792399359, 0.5106340730256884, 0.4069805265308124, 0.848900361322906, 0.6939261565949423, 0.7593525152466128, 0.8608420009988073, 0.6655885918729775, 0.42043772692592274, 0.6375523669199795, 0.22740699541612885, 0.6868046385743019, 0.21733367696445816, 0.0797815399006121, 0.29508474629628434, 0.03306219506187735, 0.3515240218487279, 0.9090098634112296, 0.45853057048166623, 0.9893192876771717, 0.9153439792752978, 0.8978996355254841, 0.8534666283623988, 0.17388870478817076, 0.07121619827123604, 0.7481046259624231
0.8647258438141483, 0.8344139936108543, 0.32848020305972137, 0.6912593609617238, 0.35384471090945335, 0.6577796624546922, 0.7648194959882547, 0.25194102162859, 0.009252311827934068, 0.5325548644247715, 0.19346773956602747, 0.3561263013164052, 0.9678126549036038, 0.08583042728015255, 0.05830877675619117, 0.19444740463906818, 0.5514981955166518, 0.2777842465700465, 0.1616504204783682, 0.4298607122034902, 0.582150444352371, 0.2643540523172515, 0.1885137663874351, 0.4585449846855397, 0.2836402408770571, 0.10392650405677217, 0.3629176504022009, 0.9055486227893577, 0.1125236322400196, 0.9920913311356879
0.8789335255618704, 0.5642383106154977, 0.05237788140440136, 0.22312241290262735, 0.26252618082420487, 0.10657545992237782, 0.34415476463398487, 0.4417049806348584, 0.8755734812529186, 0.784611444586719, 0.3088866602663646, 0.9829571872522379, 0.16727575654709215, 0.8849270147946549, 0.6041012480461533, 0.7163753429316461, 0.4224475780894824, 0.2319104756748256, 0.08835371144714255, 0.7543398586904768, 0.959622973356637, 0.5421843389181756, 0.3099758850764268, 0.13074872329970766, 0.5568589326661315, 0.16351822378511294, 0.29296070362605675, 0.971297462614239, 0.380063175684758, 0.8869965833138252
0.23410127710258588, 0.7436375239074017, 0.6103034614618654, 0.3597268386464366, 0.021402813044709812, 0.028778917781433377, 0.6429113327576784, 0.49930410726146046, 0.733513843405919, 0.056904178471406386, 0.2635396660632413, 0.6126350736063392, 0.0962418058128568, 0.8633631394313084, 0.40902969817715307, 0.6232848570351334, 0.50900640109139, 0.4337139127892161, 0.5987538807377302, 0.27365361466344296, 0.8823324815758202, 0.8166753537146104, 0.7383051929767516, 0.021539455952355957, 0.8050803887602437, 0.09970418408724147, 0.4946088985396375, 0.672775005612113, 0.029642248516592473, 0.3687306183675545
0.4413963683456117, 0.6370624787864687, 0.7232151106128704, 0.07422702860911667, 0.5311311212037734, 0.23430677876658368, 0.3237899151722812, 0.24914765122741467, 0.801846508050623, 0.25993658966541533, 0.20903711746584686, 0.5383660067241186, 0.3148368040165548, 0.8780869765798918, 0.2552105441319579, 0.6457340743818815, 0.022592018893275334, 0.9462685876689493, 0.8835920993984104, 0.27650626008812407, 0.269803764279563, 0.9116999760935216, 0.1908399158624372, 0.9300963411294519, 0.6585667241627704, 0.5474040255996364, 0.4030873171895032, 0.18157437443897384, 0.7063814141358933, 0.8282560542290729
0.9398907253450721, 0.49531342056076744, 0.5182719761440328, 0.6769186949483821, 0.404532883058322, 0.055655464692932255, 0.20860478859517706, 0.9585244127368495, 0.9406470358393788, 0.8262106275401226, 0.6150756275568264, 0.4056378050767424, 0.9691642191526624, 0.42965798769171815, 0.36756177297881865, 0.9142246656303197, 0.4460524296126359, 0.6308920713046783, 0.595346038087728, 0.6886002164535048, 0.9452892441629266, 0.280363723692168, 0.8355122949631946, 0.20346465842057349, 0.7069164839419747, 0.19179243121273726, 0.8155890073619949, 0.9008047699706159, 0.654118623559999, 0.1333945939275748
0.21325324207562324, 0.05833582498261081, 0.019957347378483092, 0.6838873460311194, 0.4055300632946115, 0.046969410967583225, 0.23554566238697017, 0.984652169212843, 0.7035715538315545, 0.4269032866959449, 0.8729651195967548, 0.3637824464349012, 0.9032660747752485, 0.9722033826381941, 0.42113144450484696, 0.3315211677219654, 0.6415931641149625, 0.08566888388798355, 0.7381884458030962, 0.5227955832754145, 0.7861581351820347, 0.5772958571267145, 0.5300821353098685, 0.25971226393834024, 0.5174325576083837, 0.5891900558967635, 0.09000733018198204, 0.20641685958123512, 0.9246660628446458, 0.29394127029473793
0.0029760844829075372, 0.24212821752112557, 0.614236188149748, 0.9673100459345956, 0.06648931378331913, 0.164712466013492, 0.845717478040705, 0.8298764336396557, 0.122988510919534, 0.8874994014640128, 0.9651160736611741, 0.2019473828706907, 0.15844520839503407, 0.19561437015085126, 0.3061970427124441, 0.976250424444187, 0.6941254778730412, 0.247379620682883, 0.0909969343049486, 0.23600862177915605, 0.760018432031352, 0.2798080410961792, 0.8451647314902387, 0.6796150411536082, 0.6259219728041404, 0.20996706096864004, 0.8912545892793712, 0.9624621715460822, 0.7356289964979191, 0.5597333929159565
0.8258870775859104, 0.005615336768797996, 0.34958584479942356, 0.8983012120255679, 0.08368580858988484, 0.38479013301963927, 0.7404955845247784, 0.6532027430188729, 0.5603733390379282, 0.007846621796261832, 0.17416058297863724, 0.3543039285997961, 0.10012138392098446, 0.737956157558862, 0.1418667032827171, 0.780829160035425, 0.8629403294300021, 0.8257783372305942, 0.17319063898799436, 0.24973515270219093, 0.8199152802868204, 0.761612726062624, 0.506136972184794, 0.9054964490798072, 0.13605023240692649, 0.6818289064354637, 0.35714808703065626, 0.36829252017912373, 0.5969741350399976, 0.07317975223947593
0.16256032217751248, 0.42473735240343724, 0.6400772754918695, 0.918104041545973, 0.6849902744506723, 0.906566839261311, 0.06985547799845615, 0.7532158706473524, 0.0018821024294402022, 0.46020826171690965, 0.5795624700627918, 0.5676818245245084, 0.4906133692042367, 0.5848253626547552, 0.08236024631728223, 0.49965046531301827, 0.20348666240889146, 0.5562639152395046, 0.21415487487004725, 0.35035475321759546, 0.017598698170571137, 0.4939766671293515, 0.2447434492404691, 0.2730719716097093, 0.6158639336560019, 0.2150662370058195, 0.828208711084383, 0.6352694814375385, 0.22526632948591496, 0.7782653410705614
0.6883890094635889, 0.021861486050502532, 0.40783161886518604, 0.024930433820627318, 0.7451603779541168, 0.6499332252599364, 0.4064111328827137, 0.130835948543517, 0.0030207871644158946, 0.1265231116921579, 0.7456749699678891, 0.8934973613896181, 0.7126328025061914, 0.664554008380684, 0.9686263932962106, 0.17931820177196434, 0.6024220103039344, 0.36869763145018875, 0.4462970497258122, 0.0058507034712292905, 0.2063314475591821, 0.40885411230025037, 0.7213320627489744, 0.8125906760289029, 0.2536081872916536, 0.2575587185730296, 0.673390443663329, 0.6325618346375386, 0.8042688160175306, 0.1266507746472223
0.3741685683651149, 0.9167847373489949, 0.07577056193243159, 0.5997789041348682, 0.07807177559412326, 0.45799674259641676, 0.5134574443013945, 0.8320144229846816, 0.6758518582753217, 0.09388822438621858, 0.8164060106248362, 0.14433217198636417, 0.24413509494618113, 0.4538908633493294, 0.8571495963323211, 0.1405618711392892, 0.7054753342777348, 0.2762661200545855, 0.3225299068735503, 0.8412553336383471, 0.9042094821434622, 0.9074734734771643, 0.22307810731189448, 0.2015888835711669, 0.6454340730154319, 0.9431707974516055, 0.7448312476139413, 0.028306473798547227, 0.6922970778833495, 0.3294546255937203
0.3205889011889814, 0.4408503809300346, 0.9097983906199225, 0.0639298650320348, 0.16986646775347836, 0.7122051921218921, 0.10442899292392838, 0.059999850005544864, 0.4842386621926559, 0.35759613366287135, 0.8422909731774845, 0.10625460567250156, 0.49965091268389594, 0.3648274540800467, 0.27717696466386255, 0.993510405825686, 0.6645173752934288, 0.31534490222343736, 0.5329453675838933, 0.6422884963613377, 0.04563979416967978, 0.3186473767337281, 0.7176358597313466, 0.5407493381997868, 0.787511948090087, 0.8359392952025432, 0.531571319449225, 0.6260013286298434, 0.008136027364350706, 0.18882226704656335
0.5934362349644217, 0.41651869589945256, 0.5140132270176873, 0.38350874499540333, 0.2984151029797196, 0.6459946631174884, 0.9036616599961205, 0.8220189086528514, 0.6916855054031302, 0.7581439611212984, 0.464619600907891, 0.041548957450967317, 0.4346897786876558, 0.9819138614206578, 0.377160300159909, 0.7084506212060178, 0.944677297496082, 0.6621844188937196, 0.38119316008542603, 0.8743584102822484, 0.8270017453240153, 0.5091851575012868, 0.1094265814840476, 0.7793260840628258, 0.7236059189076758, 0.0042884137539975775, 0.37642711450002353, 0.9904486875389258, 0.4239142166140656, 0.008669675868171578
0.2511145902588394, 0.4558058347513767, 0.24314310128486238, 0.923056666156477, 0.7932703919729449, 0.852193434463738, 0.48449112250889825, 0.26337632911249154, 0.18329836246680542, 0.01829328835284627, 0.4155755901856002, 0.4996910315077019, 0.7422439762166415, 0.5226740119680604, 0.672554836516404, 0.06837012171311185, 0.6733186792100292, 0.6318838268158231, 0.9332199765929746, 0.2518674092899431, 0.30966542908596995, 0.4534172713831153, 0.9996174853062281, 0.5694894875345794, 0.15904084002120655, 0.7057647163051279, 0.2621479567773245, 0.39629346279696387, 0.7488576775614374, 0.587248441558475
0.8271044380295883, 0.26443554800539637, 0.359755641662429, 0.10135044749501998, 0.013261823998647282, 0.45600358910807814, 0.5520942052666622, 0.6295685394818248, 0.8872268129560327, 0.23199252224329037, 0.6128106316958467, 0.9471522747505385, 0.5459622282141391, 0.7793612327882814, 0.1339729043991974, 0.338729624828942, 0.8475476176390717, 0.29128812400321047, 0.06572845612883504, 0.9323383809811211, 0.06945792396803885, 0.843110515692841, 0.6290669166160333, 0.4707406012247699, 0.4619916054224311, 0.7222875831326945, 0.3793006288378791, 0.12108781456434758, 0.5042678696594036, 0.014638274287559594
0.6660778883683829, 0.29158948133834073, 0.13875120942507058, 0.9270795045021153, 0.14711589261708335, 0.7377560039016788, 0.08568718843078071, 0.9594483713649146, 0.27227558180724676, 0.26404177106701665, 0.3578935423566906, 0.34185627491522763, 0.24914644423122723, 0.10089588771134816, 0.17747151625570923, 0.11306212150528805, 0.12985049106843016, 0.5215998992148815, 0.051131155029284225, 0.19528263743159446, 0.12408450987928077, 0.7909192836505134, 0.6096679739502333, 0.7173756344739283, 0.18267604427216455, 0.4338440090957044, 0.3743001708195727, 0.22993535033224177, 0.9483975683873568, 0.8550784119947265
0.5346306826241477, 0.11887702974315717, 0.8899243394179419, 0.8771772540232793, 0.9427979085939385, 0.0048690285645884845, 0.4752409381031384, 0.21659878400082555, 0.374313684815038, 0.7075015419971495, 0.04663987549579118, 0.3513955958692928, 0.7567232798090788, 0.7042053798151146, 0.25802779153163136, 0.9785802621609683, 0.5431897150046407, 0.13719825553295983, 0.2260351740359392, 0.249457182883006, 0.9026943262857932, 0.27974464060343796, 0.7457250211812615, 0.8217667913917873, 0.7596346923038036, 0.8408714004102671, 0.5426063482305742, 0.9515486692640247, 0.4980174084991279, 0.3086902367717236
0.6246415275504376, 0.5677308923302108, 0.9962931034305639, 0.8254088351376169, 0.013066118554317607, 0.5982883198885869, 0.24970104227638767, 0.0029716248780292664, 0.8889199340507387, 0.696084156138126, 0.6407697242382332, 0.6844583352240404, 0.9592668855611026, 0.1895953789348459, 0.8616486889122523, 0.3169203656908912, 0.052023885190628394, 0.3364149175451915, 0.3324510135328037, 0.09503662567638549, 0.3006810512536694, 0.8339357325785441, 0.9770287287374823, 0.11197082759722643, 0.7119038223550472, 0.36026589449167623, 0.7568089911285175, 0.15683848168434977, 0.7368872434622192, 0.6366703940805704
0.7365628131446232, 0.8086192122958542, 0.6832403880460864, 0.06255753906311146, 0.4579912044832848, 0.25234218380605744, 0.8927673224762215, 0.3218835847501359, 0.8413157602229941, 0.9204612773982574, 0.40400107278163444, 0.85950682682916, 0.7814135349624216, 0.11953513818969397, 0.1635298123044474, 0.34140451309344044, 0.9161420341489015, 0.37928923277535986, 0.30121097511207884, 0.9215854952187292, 0.2507974208810416, 0.16041620025655423, 0.8788005433048668, 0.9492925750426009, 0.9659695647393562, 0.23960764861406114, 0.9538853111263688, 0.18847947865839565, 0.2831657045166833, 0.2763921157648349
0.8668357985848453, 0.3541165882919076, 0.3233916026529756, 0.9003840552755837, 0.7182041992994349, 0.702207762777195, 0.9636450489383136, 0.06839382651070125, 0.08205234250163362, 0.5333937280012373, 0.026861771912732424, 0.32454596040061356, 0.09875092063724766, 0.6504032363257359, 0.6693198761281877, 0.38163546913016866, 0.01465792184733028, 0.557120014437384, 0.015291535355717811, 0.37676083371512437, 0.15665675770284015, 0.7921881211115199, 0.10587543470228955, 0.4886989926260795, 0.4300145683967521, 0.6449737892091071, 0.07702231868793619, 0.9466896147486302, 0.9924225831096845, 0.3681288324531895
0.38086231705524287, 0.6578809326888532, 0.35451544404530766, 0.8793841167310381, 0.8538155168516365, 0.12283208988115879, 0.18780432502938782, 0.5481752651037112, 0.4508377132072009, 0.8985038785233536, 0.06550163966268219, 0.8281268748775087, 0.14452658225513215, 0.6783555593131767, 0.0714154171518987, 0.3011037717444902, 0.8084988229100769, 0.5687531076846803, 0.34208868127415804, 0.7744312630369449, 0.7139016174932563, 0.9058922170028945, 0.7656691144370926, 0.8782467268785505, 0.40945714627263163, 0.3438748150414701, 0.20797882430816772, 0.009693769354298998, 0.4453707402363528, 0.6148746876346274
0.4516602995861888, 0.5784201834456371, 0.9581015154562562, 0.4393839616776577, 0.599508316993943, 0.37138023663810116, 0.7364038241600451, 0.8721736148293155, 0.6481796273056802, 0.5146222712029168, 0.7106550683363173, 0.02322935474171861, 0.1598491105782518, 0.12453165017950862, 0.9248799040910084, 0.7734140639806445, 0.7875233321435402, 0.8934123291486605, 0.12323721651501096, 0.6083191625228483, 0.7897092602267387, 0.40445289725704003, 0.4892024547279764, 0.8906116933580849, 0.8564196836692508, 0.4915789751977113, 0.3118816475404398, 0.07512611623719989, 0.22080233711222552, 0.7612053401341637
0.5615779189464803, 0.14640673924830183, 0.9708903031898078, 0.942420636748896, 0.6542127177809757, 0.9065597917247488, 0.7224359694560296, 0.4783734326818321, 0.0914898191429987, 0.9987133457630415, 0.6834536239535035, 0.3399052080188405, 0.2595291031148491, 0.43051050887818576, 0.7298443662613834, 0.18167051663069178, 0.08953394331775932, 0.9273190417265612, 0.7976170232658415, 0.0350411133305929, 0.774260965378073, 0.9031899416710573, 0.9933525177673795, 0.19559539570949158, 0.9759518675324296, 0.8425454393605226, 0.5857277889768814, 0.42554598538000943, 0.9768601442331212, 0.2341446289757524
0.5707354825225655, 0.9861684696533435, 0.8361482058146348, 0.5553145453869653, 0.5856354414518267, 0.4763596592805792, 0.06667799762306914, 0.040501281047123805, 0.38730469862163175, 0.11211092340725703, 0.012068248876063614, 0.10423908925204528, 0.7465076155049433, 0.7216830367646739, 0.681908017031505, 0.37035214293090135, 0.3357106450402272, 0.9664329864243448, 0.6230470329131838, 0.2613420305220293, 0.16764410175170963, 0.7925803543639265, 0.054296119643162166, 0.2678024002957401, 0.07484360855645511, 0.8962526478747823, 0.3707430910204573, 0.18503648348651913, 0.37355998349332764, 0.7461306084481032
0.27469447352071497, 0.7407053692816287, 0.08919998437262966, 0.9203018965550183, 0.5338601715698215, 0.6904841305262067, 0.0756094071844271, 0.9889548811060384, 0.8883369656519715, 0.5328209012538412, 0.4310885456878746, 0.7028032844049183, 0.714870512766169, 0.7743001516126172, 0.18956036510933094, 0.8477442074006969, 0.9421014647484532, 0.5778044095019125, 0.7917196657963619, 0.10586642281109437, 0.9477443018010182, 0.3898136188868223, 0.12276330882321718, 0.5147084298054067, 0.3066730444587099, 0.31280086685274067, 0.9837248905507414, 0.2858355183967001, 0.08549233339619922, 0.10057437838201322
0.695149146546146, 0.544088004189357, 0.3359914019069491, 0.07152293313883284, 0.9655162948798007, 0.513225349169366, 0.9834517569051124, 0.7479802580510377, 0.39415093998240425, 0.5441553937292888, 0.6590257434894184, 0.2364363855479762, 0.3328885594340001, 0.1285326847168513, 0.99236375288998, 0.64142064749239, 0.5855800677187777, 0.19583594346146882, 0.5452995025968439, 0.16764822113076838, 0.635512150071778, 0.8906497659336776, 0.3597323214750089, 0.3147268160748212, 0.9891207042838746, 0.14849773225843388, 0.9011006136325111, 0.7795611123114878, 0.2985612802945221, 0.6863519381539028
0.0351881374875046, 0.7074645094793831, 0.9676753736124389, 0.02048131952897525, 0.6429609928282144, 0.920601896536309, 0.3254341215869839, 0.2701012200596692, 0.4753982064241785, 0.08304858238448531, 0.8135230489833069, 0.03142658733744108, 0.5148532344504437, 0.6986678732170108, 0.8796141713545549, 0.11555628935989781, 0.7134698951477759, 0.7281912969884882, 0.9343186526393968, 0.231905347807686, 0.8184424229785552, 0.9843601277011278, 0.12670483104556995, 0.07951781379480571, 0.5046521142238564, 0.9924986280778176, 0.5619324711880151, 0.8922744414015422, 0.05348368690114591, 0.6497149510766255
0.8445234524212163, 0.7831084359305586, 0.7249394941931886, 0.014547870460206336, 0.23012764043417322, 0.009132833084236625, 0.3583642153483314, 0.36124827460766673, 0.7258666359619589, 0.06294451248063415, 0.7082521327748226, 0.8572715908171238, 0.056056239149892995, 0.9062001757906145, 0.9116221551701381, 0.40170231859519656, 0.6021462019015028, 0.5656897013244259, 0.7715909447456244, 0.26662112326865794, 0.3824733985265023, 0.7226631231741921, 0.9875669813370794, 0.023890558106475335, 0.23226698769535814, 0.39801457026192144, 0.7514395801154364, 0.022467701388524608, 0.68283728175619, 0.33750437671386335
0.8833350394022875, 0.5046209447948459, 0.37478858415212046, 0.07845400419574045, 0.7045622448652477, 0.6700186001325823, 0.8260015323274977, 0.750802789797572, 0.7381821690186202, 0.5782675947565791, 0.9239633471640167, 0.43085748731783946, 0.685016156334536, 0.2931996925135275, 0.6884108460210003, 0.5622885600838445, 0.15711127711288864, 0.9485356505034086, 0.9964654979381624, 0.3083624379894304, 0.49038924607607504, 0.8543585345106138, 0.1349976351045511, 0.1958752376071453, 0.53849014433624, 0.5770721675950113, 0.47006297907518435, 0.747716613593189, 0.169889607799369, 0.05731350709512406
0.8062258469368515, 0.276848353613917, 0.9851836082020676, 0.10818981682322248, 0.17400567472603412, 0.9271641346303353, 0.657986529437399, 0.45450484028168425, 0.25375619725502196, 0.31387614910541395, 0.7009830735064384, 0.4526063360256306, 0.654381728004116, 0.5163470228047968, 0.789464460711025, 0.3248081279134756, 0.5400478839989807, 0.5534635633594859, 0.32183637441994173, 0.7781003274018278, 0.20605102864556457, 0.2328766994050161, 0.12038277617627724, 0.6487320112182384, 0.6244462896712515, 0.1281828945868677, 0.9426506665751, 0.9047346725693421, 0.18368959926552386, 0.4704636241379986
0.6317139098079506, 0.17325749380187172, 0.7366363998707429, 0.5750531585162143, 0.6600991631466496, 0.18322384960505744, 0.6709900727767235, 0.9654656329993925, 0.7894302755828289, 0.46420523034849104, 0.6561371679522556, 0.6909110877805771, 0.5616697726131351, 0.488714652141799, 0.43416570472515537, 0.012637125573377372, 0.18537249803548528, 0.7950738031061396, 0.7929498026361909, 0.8039144367277723, 0.8606862727085761, 0.2250808514778505, 0.9476896248025565, 0.9985859373715039, 0.17827389942844385, 0.2609115139913398, 0.18731768874524746, 0.9361258033417855, 0.9306348090932673, 0.9240973069067138
0.07935963234309562, 0.7882941333485469, 0.9632888934566446, 0.6601636211965899, 0.7456454393449219, 0.9040368532742509, 0.9908282364240683, 0.47661193331736895, 0.5351171175238381, 0.38838245338809496, 0.6052719625215415, 0.3709258337449677, 0.5712123291241824, 0.6766418881234961, 0.8693461044975513, 0.4814301920635333, 0.800192041054661, 0.45721701464550446, 0.36835633289627745, 0.36569393358718283, 0.037384062269666285, 0.8718845327629369, 0.4585147499059713, 0.48843207327405436, 0.06992198692388396, 0.9200358356495975, 0.3463553413322482, 0.026613159129287633, 0.28781278945449196, 0.09985830393476947
0.948723711386298, 0.9387734253679709, 0.6884127752855819, 0.8296629954211125, 0.6718298342588005, 0.2710914630799981, 0.5122293636188329, 0.5300836070243579, 0.07751409788262431, 0.09183550886245528, 0.7366558370429263, 0.9056728866396777, 0.907578525408016, 0.08854022868060596, 0.40616967892072, 0.35664698329745914, 0.9149348386260296, 0.31112178416612934, 0.8872005802219626, 0.3705802872332744, 0.3783373660873497, 0.14263061354968698, 0.7812847252441968, 0.09588250851873092, 0.28125214864092163, 0.9516975749382603, 0.12041554081912986, 0.6047835872794896, 0.38637532867094637, 0.6732615068037383
0.2006869237928085, 0.1264936210860529, 0.8856515280946446, 0.5018972608473345, 0.49936564271281914, 0.9544193575136443, 0.8099440487464467, 0.23765549866975433, 0.8851365413389091, 0.28974809947819147, 0.8287001932041893, 0.2713710032171365, 0.47930999530087615, 0.7473956389793787, 0.2572138796084683, 0.19284162187180798, 0.09847393510892966, 0.7869183854486189, 0.8049275175997553, 0.7515027518033383, 0.7592987120890455, 0.9385740300191788, 0.8342679251257348, 0.07292431028243573, 0.14832992025623382, 0.8643104278672153, 0.39007532581549853, 0.06314512568706299, 0.21946774718123419, 0.09580886357487672
0.8152621075940754, 0.5209555999962249, 0.28789340971136945, 0.27634162459338285, 0.3291350578758292, 0.32912118125483825, 0.30743501234446236, 0.35080221837480396, 0.6323462378075315, 0.08919223113523245, 0.5609081522047097, 0.22835355233307664, 0.2240689814383624, 0.6876609079957869, 0.5474702216954578, 0.6341875201998249, 0.14343266701032908, 0.8486638687317837, 0.9997138127988494, 0.45919085871715104, 0.5413098318240244, 0.1823864031811261, 0.27382916419470926, 0.46296069807774265, 0.4528362374231274, 0.15798148181907967, 0.9238549032702396, 0.304855076683328, 0.9887773887905698, 0.04187978835244244
0.992442329665165, 0.9988229823612766, 0.818587613359691, 0.5638353623453708, 0.7483163519840693, 0.46585926431443136, 0.12048820238056612, 0.55432116893517, 0.15870098818507916, 0.06269450673574173, 0.38698583488477034, 0.8857463398446425, 0.01108079927926553, 0.8778604484836545, 0.9053170455037075, 0.21065473120778944, 0.8117411294826223, 0.3506183561275964, 0.6898714539272768, 0.904765084810698, 0.5213020015615709, 0.2033992943625711, 0.4972226140844571, 0.46454234553976437, 0.7582702312473281, 0.2590887987595274, 0.5164121281053756, 0.04534790087170093, 0.36308670147708777, 0.9227273358371473
0.61024259201123, 0.03238271234154089, 0.38983680884900973, 0.6262086030092902, 0.2004956354463442, 0.6787731441360679, 0.5491851771376043, 0.723998290568605, 0.9808657261010627, 0.12934195903627455, 0.740190724452345, 0.9658407648090993, 0.052574078522056866, 0.16099292553385858, 0.8595034027508119, 0.9444889044856479, 0.3995843464108798, 0.10671024173960175, 0.9419011139212111, 0.8518974992175272, 0.8211895928129882, 0.5520490264425842, 0.004631053557565767, 0.7436092575323818, 0.4569519632775906, 0.22148055445075165, 0.9507248012531954, 0.8751938740515341, 0.025643745374113402, 0.7946337812315523
0.8245219504704886, 0.025526186343506452, 0.26509550563667716, 0.12529460957459504, 0.5242121153482945, 0.010424867867201093, 0.01928381898556608, 0.06619749581829937, 0.7786710568607493, 0.7445767644231759, 0.17669235335187405, 0.8870043686903424, 0.5269316715758638, 0.8724549608989959, 0.8649740094654307, 0.7004245974870599, 0.7196874533177371, 0.6331184656470055, 0.47342808280808424, 0.9497602331228239, 0.5961469030881568, 0.7349590421162889, 0.5926695237181868, 0.1222235228238906, 0.6718654677378461, 0.0023937844709047695, 0.17634328340270788, 0.667644768634065, 0.7851723912945368, 0.7464611889503884
0.1615236707058172, 0.6664750166322173, 0.21016812683434594, 0.8217259484109085, 0.12058450176089686, 0.4893189282996857, 0.11255597024708353, 0.7840788911954614, 0.3022091022419162, 0.951909235936176, 0.9477321400865596, 0.9972276707253525, 0.9256088084148487, 0.25391190758382887, 0.41261945829683844, 0.20637524287631992, 0.46953259779690004, 0.3882400259195381, 0.9941669697791201, 0.44609776874836793, 0.013842533925211065, 0.632059239606687, 0.49854476232624045, 0.26026291755267983, 0.8348799057708245, 0.4176818235474036, 0.26180516616853067, 0.5813140399819862, 0.46737104007006935, 0.8322173978673644
0.15815341121530113, 0.6458277386319766, 0.02227573953264672, 0.6273400497126709, 0.3563285959481026, 0.7297256670480782, 0.05162807402770164, 0.08294442816919845, 0.31935358438189254, 0.255260241072817, 0.17663548285575148, 0.945397527631019, 0.6786299780830932, 0.7387698232448623, 0.02025699831137351, 0.38982394625982664, 0.4397575659469062, 0.33370349830522916, 0.3774596950632513, 0.30308534527088626, 0.9893125146943109, 0.15305461711322166, 0.6250851570862055, 0.6539269112871728, 0.4255282821080162, 0.6642788178966204, 0.5395861314352077, 0.2563337034049752, 0.6194779229721243, 0.5784194209830265
0.9053152410723717, 0.453879179265676, 0.16411463094553735, 0.327766827900259, 0.9686441111333689, 0.7265928396229998, 0.32361596567074913, 0.5998823210387737, 0.7162551667016409, 0.13373323414196714, 0.7610270969897568, 0.40630557736760875, 0.5141294657968505, 0.3643247267761396, 0.3620839602475727, 0.7032771099841868, 0.9520278656488765, 0.9721959620798644, 0.5722240336662555, 0.533752161947435, 0.49935042385966344, 0.22323148754587385, 0.8978575478854692, 0.6986184282701456, 0.27429257444611577, 0.6941130650399397, 0.5221102831152382, 0.9881747696939537, 0.34027297264733636, 0.9693003651226902
0.45773949788002355, 0.7531623393049491, 0.0522159073141133, 0.7529500822727081, 0.5085177125671534, 0.2563924777933074, 0.6010784329110154, 0.8770014379823716, 0.47780240658855133, 0.1452722506690599, 0.40670104179085353, 0.1001039712512155, 0.18884352270385318, 0.40950278831905873, 0.927773783182039, 0.5769478644345972, 0.8704588217229474, 0.9701921006803517, 0.054259784961817936, 0.20735867864311364, 0.6035292139753828, 0.3973630199708881, 0.7505598754605788, 0.5595928583399147, 0.33104689313084645, 0.626449010072415, 0.026470650102387028, 0.8125137050543033, 0.469551717473619, 0.5963711260219443
0.5492505036931955, 0.8119441508860618, 0.8245780738432528, 0.14853064796132387, 0.06964702702473868, 0.6620830663261513, 0.21844160010375557, 0.1700834948877672, 0.6534175332843055, 0.20240261605679888, 0.37309580486776495, 0.5885463498958318, 0.6348407688531198, 0.7698560618691133, 0.987282367168531, 0.22732105037427375, 0.5736855756804256, 0.4691905133869251, 0.3449627088604337, 0.49021716611042265, 0.807244365024899, 0.2592618046321947, 0.17081573045120446, 0.4630418055453718, 0.47996722873018216, 0.5117468583430538, 0.2861744601264373, 0.4029657753431668, 0.7035256213208017, 0.8607939216172023
0.21537744080071863, 0.6391854991566985, 0.29396957892405184, 0.8843756747246495, 0.6253874961639894, 0.49517220236126513, 0.18063165204402654, 0.0849647010730481, 0.4630864225594883, 0.33192875662669763, 0.9060087379335486, 0.26008181478600856, 0.4957422748553618, 0.6837415418952693, 0.5204964035429751, 0.061062598747835484, 0.8754037525598773, 0.11142036883334638, 0.7723056108995102, 0.7056916181521116, 0.16117033246843004, 0.17124601395738315, 0.7052638924929963, 0.4649984996050148, 0.15478081914424413, 0.6786342512612246, 0.3792154983496083, 0.5684427135421555, 0.9578042913201338, 0.95710753576419
0.2697718664596165, 0.2515722723438685, 0.12401014016539258, 0.12664423457269436, 0.6338906223110234, 0.848684995001296, 0.035789920453748736, 0.3991303184794982, 0.011866206253483225, 0.6072683694382888, 0.6443249626729302, 0.5745032207610281, 0.8970914648814636, 0.5361610609385918, 0.08170570895251172, 0.5411823182524886, 0.22035019583267912, 0.39345697800184454, 0.28919254159603935, 0.1403889187222237, 0.8627063123833013, 0.7665617722898519, 0.29461639632147985, 0.7919043302255969, 0.4591591645017693, 0.8974054744261497, 0.67338820724718, 0.43212397717496265, 0.3370846612469178, 0.9401194500839275
0.6597131952041199, 0.9548217185090837, 0.9039108723935356, 0.2378334787432087, 0.9905455458461069, 0.3255951304679334, 0.01730298707625677, 0.4402683784541671, 0.3486869952383037, 0.973931040450703, 0.5833175120936853, 0.7238841776775912, 0.3157186299272634, 0.5293883461781617, 0.010419704028913568, 0.34255850298024626, 0.197288899416309, 0.5841177755967255, 0.9306629984701243, 0.9447394946921078, 0.04218908223836271, 0.15721604073067696, 0.28672192429284926, 0.3722364967887202, 0.16208768002402552, 0.04176190032966609, 0.06529096803645817, 0.2651928622536668, 0.9031435113639812, 0.6675940941697295
0.5906070876010535, 0.21313029794625837, 0.43033105202081445, 0.12328670888187321, 0.9253470977180318, 0.4521270734274533, 0.13039154371763595, 0.977557199705711, 0.5508711725870856, 0.07746634330087665, 0.7513572876012102, 0.9991160606691644, 0.8776391362696073, 0.28186947532031836, 0.0654704857904912, 0.35736797479084303, 0.6256985004672464, 0.4889677949838519, 0.6595389180874577, 0.6170091338275936, 0.4298697841853589, 0.5569841872642196, 0.2768680169690946, 0.7648058644970173, 0.49022480447723205, 0.7321011604726864, 0.9543698823341954, 0.2181611330068426, 0.17796826508812613, 0.8927619663792251
0.061549435940812636, 0.3840664291117062, 0.5467540537544924, 0.19119582457777462, 0.0801804375166727, 0.5724493181800716, 0.49772635994229786, 0.9113926839273124, 0.7057186222653326, 0.48993421180767305, 0.1913377517758399, 0.09901502506114868, 0.1379283921690866, 0.6252917403904902, 0.6955443174494542, 0.31111527148201845, 0.5358243091239538, 0.7996905904139995, 0.16190603251466906, 0.3821844687266328, 0.5116535839874876, 0.5286226067178629, 0.6934792763916925, 0.30242669952485157, 0.017711181731717707, 0.2554691183780031, 0.9389095986555632, 0.11462289721888563, 0.1340799202629337, 0.8486378181340273
0.6222673243794525, 0.6390825671273206, 0.058999207460981085, 0.20607344251579518, 0.6277698612936793, 0.3048228050212928, 0.5094124429224314, 0.9185156387853933, 0.49731992032054906, 0.4712456631566032, 0.8211207065884546, 0.01642444216120187, 0.8639399240446526, 0.09632623946038177, 0.14002842752650013, 0.9373292835478109, 0.4850589102081555, 0.6356732988063324, 0.8171610772658545, 0.2878571867970313, 0.972135536039604, 0.25135113245624097, 0.034565683445284656, 0.381556999347607, 0.3853832514737333, 0.6467278527348451, 0.10157219271203066, 0.591723897828691, 0.6533218322152593, 0.8240636192858859
0.7809977240152528, 0.37604313041068316, 0.6503645127177247, 0.8905425518408071, 0.7009986495981625, 0.05905842760787039, 0.4041965492090872, 0.5549328881490453, 0.9268177254754701, 0.6882578201298238, 0.45474281503431757, 0.7618572925085519, 0.5441475648697102, 0.22233759739440073, 0.8569018400171097, 0.4224473063512808, 0.9848311803881669, 0.8971591018459876, 0.541809361934228, 0.36413805628612084, 0.6567992379246944, 0.2731598115916922, 0.6726578428743168, 0.833172925951162, 0.8585168893739379, 0.14103711231582639, 0.451536902773617, 0.9123597610493066, 0.2945051355807793, 0.21772305865487196
0.743466112682974, 0.23371057794222705, 0.5079995893422422, 0.20029128384387562, 0.3397647570795791, 0.7924253083394506, 0.5856420813739854, 0.8352790958433378, 0.9141348187278376, 0.969033655069056, 0.7778769844445189, 0.12141144161978312, 0.6737778373992589, 0.4974460031476986, 0.05819199575067335, 0.3411133881141126, 0.9777178651596435, 0.6101644008314511, 0.020941115968810098, 0.06986171092254434, 0.6822328104653994, 0.70276553229072, 0.07437609009410884, 0.6487558102321709, 0.7082696949468743, 0.7370333105046063, 0.5159232012799555, 0.30116401133942616, 0.7622756207761457, 0.46001279284886043
0.6899544516106062, 0.40476987122447716, 0.7502432466843971, 0.2840345234797106, 0.03690196727797612, 0.010102641070410923, 0.675509367201291, 0.08812685726967728, 0.8666559421162779, 0.8884703698719202, 0.13039162969116946, 0.1955960771582712, 0.715427188630291, 0.8914501093001634, 0.9693425534496155, 0.2333525574459514, 0.6448502318586263, 0.07568021792661261, 0.9261737961141794, 0.27615259875268383, 0.1641685243970069, 0.1960612849057426, 0.03949295708878864, 0.7680208534982191, 0.1863598274009468, 0.031444246027498735, 0.7822753216739265, 0.53755669144807, 0.5719842454130101, 0.4821434700185868
0.3126325730890328, 0.3475448969309831, 0.912521293294017, 0.5736917828544487, 0.07691064450531149, 0.2233384014754487, 0.31545670520310376, 0.5521508506239595, 0.5797147496530293, 0.24958666911656602, 0.45745915676857796, 0.003513706782864112, 0.9447976259836629, 0.8836320587298604, 0.39953313416072767, 0.5066965939544312, 0.6705934227833626, 0.05977746679847984, 0.04112428327765061, 0.6693286031595879, 0.9284478109113646, 0.07005029654894757, 0.235385061319485, 0.03149156279916354, 0.4409514768051661, 0.7498752547089652, 0.5855515611383767, 0.9669465528086354, 0.6874122466325819, 0.17981577497077428
0.4275963551046478, 0.9071557329479989, 0.6847982060866407, 0.868700689051786, 0.6980774338833795, 0.7813640516807918, 0.0038635603290987364, 0.9960325768755119, 0.3125813954208132, 0.45079065143695174, 0.39253792992774406, 0.4681463591721816, 0.22047000153230956, 0.2667633770500397, 0.7364592575550691, 0.02815011371395726, 0.4298729846658793, 0.14201331987981036, 0.8097321128876855, 0.2217572744185885, 0.7792410750984701, 0.9970020752430161, 0.4449569550794157, 0.05976909860199964, 0.8446363239264301, 0.11128009215912715, 0.7960726253168958, 0.17265076773362986, 0.18597842519916918, 0.5046295952936484
0.9974610952702649, 0.2557098784583609, 0.7031541794037163, 0.9331012996269236, 0.5160931151885644, 0.651692890289669, 0.8742570187166363, 0.2606635956807908, 0.6691782904823269, 0.44593640774714094, 0.24102696306114335, 0.807999147029941, 0.396352029794778, 0.8415889501843602, 0.9513830796796723, 0.5028840919549913, 0.33205279955029166, 0.536039833944219, 0.9942901425588714, 0.9477522210839695, 0.7704698353630796, 0.1124860706291293, 0.07236906844435664, 0.347795664151614, 0.8548977550358668, 0.9232589080956166, 0.8038901659192512, 0.8722303245973388, 0.8946990781850783, 0.38924523690433277
0.7199036781880296, 0.7029936600661694, 0.2606928422534618, 0.005261619026845743, 0.9490946120005171, 0.6327734157800703, 0.22695391207377646, 0.5390929135912356, 0.2623390301959111, 0.28813085978947306, 0.15233385046830583, 0.9514215674425905, 0.1603556763740347, 0.18367011141068745, 0.5754606247647434, 0.9632928286952539, 0.10720578151525406, 0.7632634995399377, 0.16146476640031548, 0.5799419760240243, 0.9979884472570617, 0.8671323487426786, 0.38551313573526136, 0.859878148693093, 0.9853057329778477, 0.5069580685139046, 0.5057648727718633, 0.6983731432895576, 0.8789616719763742, 0.3063096293561015
0.6089859833461069, 0.8930891949933284, 0.6889834622453277, 0.536565670907627, 0.6595943801370695, 0.4156732412244354, 0.6139479864396032, 0.5712764011945736, 0.14850410344313925, 0.022061934248296056, 0.7116554117895714, 0.4884866894310027, 0.32554191785426034, 0.37681134618820045, 0.8971069315085864, 0.7983662787379944, 0.7478160477978715, 0.5109078682741912, 0.9354143834407848, 0.5991241319566067, 0.7828964977380904, 0.30487152209683266, 0.1883783623976869, 0.3701327658867264, 0.8883871871466344, 0.8529013578228841, 0.13889114054077834, 0.5939560242453753, 0.7260746884754194, 0.45496725902954593
0.1839390855305849, 0.6892653538616192, 0.3351665626946816, 0.7906721653102543, 0.22177248179195896, 0.39064304545197814, 0.9568081864990434, 0.04271481418703493, 0.8782373025519616, 0.9131742210755722, 0.22264467394772158, 0.38385740788988343, 0.45097637783587075, 0.3846848096898918, 0.664004771436548, 0.2297105302755349, 0.8823362262795328, 0.6409780326908775, 0.49193713992166954, 0.3716214457471868, 0.41279907353844136, 0.39249764577578905, 0.9532241755674457, 0.8370826187106113, 0.28672587154366547, 0.22719686409890805, 0.10648181931795886, 0.3336055972733144, 0.6389000335260533, 0.1169730846682846
0.1349455280111519, 0.682258511002064, 0.3268676657301117, 0.9596108719178564, 0.24133909695976175, 0.20833000161786763, 0.7489290638830366, 0.8269759515964562, 0.40922702128963806, 0.845718041164159, 0.6809479956264858, 0.8238376350413181, 0.35838796863465006, 0.12367960844759052, 0.22670053640730747, 0.47694402660282265, 0.4881163622928617, 0.4229263501722399, 0.05877737175796649, 0.6278810558334654, 0.5978034274731234, 0.5330396078513844, 0.10873451015154223, 0.6280299207992033, 0.9676412096763491, 0.034422111757506535, 0.3836136443220848, 0.0783064905559756, 0.10820894089795008, 0.7764890924220837
0.8401263831420199, 0.9387467685961406, 0.444125156995419, 0.3709440760032562, 0.2652110419564122, 0.8679062617935654, 0.2709227847448533, 0.7377254043749182, 0.7036349222249789, 0.08053129908957646, 0.24983983188197245, 0.943169783928904, 0.8257153929430175, 0.7514326119507059, 0.3205877728751342, 0.7286718454889479, 0.3027935491904832, 0.7284345709567682, 0.2813215525614745, 0.029905775700154624, 0.2394325354240746, 0.3809670722328016, 0.5876623750165252, 0.8443495942956809, 0.6030450823361139, 0.8099335512768342, 0.4033998740144722, 0.5647274445423084, 0.31678944613610127, 0.8138703288853363
0.5381737129880919, 0.6708056353472028, 0.5691817675593748, 0.23136140876916345, 0.35969367775537875, 0.8145485686535272, 0.2762104434999283, 0.09074096866081227, 0.978116652210636, 0.12282199541692707, 0.7843875012378214, 0.6951147785062345, 0.18856247540135618, 0.4791830488386457, 0.586749116200517, 0.3701237943944714, 0.8209179678062556, 0.13329138162987675, 0.2302088191976106, 0.4402164400308216, 0.978064464015776, 0.9282950183882066, 0.34397181004999355, 0.40249057684587997, 0.8708061089579373, 0.3586399969019137, 0.9359936500799569, 0.45774078760705017, 0.1869739950417414, 0.8001257880963858
0.578626607313799, 0.49785837544386513, 0.8078715369484194, 0.745627914001636, 0.20381950530480974, 0.18517688777985974, 0.3584676887757783, 0.2906042772854708, 0.8057325949020889, 0.5282977865846064, 0.0205749627061127, 0.7465222171131045, 0.8198290840912376, 0.5613897444233645, 0.2683400359242645, 0.46178406106431014, 0.059238307125269674, 0.9231815262952092, 0.574295797961564, 0.6140658020240346, 0.7409504566566154, 0.6055358895634584, 0.4804678421649965, 0.9464378744726786, 0.6415891362671126, 0.6897520209562901, 0.3720543115095276, 0.20229926407169818, 0.22598435143850393, 0.7848843512542952
0.824933652562844, 0.9389161528649255, 0.445871189062095, 0.8274111881351914, 0.2410819299263438, 0.33497837192497226, 0.2475451458796074, 0.39515393562706824, 0.48259924348332517, 0.14719074143971422, 0.5261071088729701, 0.376134806674301, 0.4849261227014723, 0.37869515949078325, 0.6256919909379923, 0.8282399447467916, 0.6873646644976381, 0.6288457546828425, 0.12386206978461511, 0.6691141004526442, 0.530567777583022, 0.42314645519073657, 0.5760209800486341, 0.9389744686504798, 0.5820164563911222, 0.32130978460746507, 0.7081843368724426, 0.28184668400044666, 0.005519273475087072, 0.9227071631621135
0.9405567422696663, 0.2524533225977109, 0.010891163319231678, 0.6791297171031433, 0.08453664368805303, 0.8581366933452537, 0.2762472372325049, 0.5849353114123566, 0.1613036190195698, 0.26072948617864555, 0.8999302238168106, 0.5021853117592313, 0.8727746057194027, 0.14791874045156672, 0.7548966950595907, 0.5023196816688138, 0.05956619980527689, 0.5675978883850612, 0.3534198089620295, 0.30271120797125395, 0.7311503059332225, 0.36105000749554184, 0.4403522428674155, 0.37610884884400786, 0.36460395423866854, 0.5394135926646957, 0.001240309525508132, 0.44626967539828766, 0.734308506718945, 0.5752219508561583
0.9708079634717754, 0.5489461538918298, 0.42200962047931223, 0.4976040330575673, 0.9159278830966924, 0.814768127525718, 0.09414142120446867, 0.4077263877092755, 0.3062884668758856, 0.9223041707695144, 0.8969717849750591, 0.37156046824663813, 0.12643915235818048, 0.43174920892392477, 0.48123965401090185, 0.8991091863164284, 0.4154799764670142, 0.9462541181306778, 0.5304659368509766, 0.6922738160253599, 0.8569440493009185, 0.9091001967798787, 0.27045916400888537, 0.7989197409821521, 0.9103423660304341, 0.24291234197424183, 0.5026013248786132, 0.9022620328985368, 0.5766734522220283, 0.5698080790998606
0.49592539089001364, 0.5714891210974695, 0.5972637740987106, 0.2842733757379978, 0.5755355504297062, 0.6219370515203734, 0.23998564691828517, 0.41811506845571855, 0.3483397759490524, 0.05717740804499605, 0.05731647221775449, 0.7683232343971061, 0.5049975521251224, 0.7639737268883199, 0.7116165568819864, 0.5525476024053688, 0.907971273225059, 0.24472172183618457, 0.1323717515942494, 0.46089237940900085, 0.27130969898075197, 0.34914267694447154, 0.4715676787264529, 0.054830342803820264, 0.9675137365242795, 0.9659888164950008, 0.6614799872844318, 0.8802611213004016, 0.5153249973581386, 0.6899849619949789
0.2835729135821853, 0.4985839697949852, 0.30919999044921065, 0.016818675181632603, 0.8666232763498445, 0.04944493485656154, 0.70983090686235, 0.5936067331132783, 0.9804216131203365, 0.9835528111618183, 0.044292983216171145, 0.9726480414494445, 0.9691963224399587, 0.45786662750302276, 0.04943342751818791, 0.33956016600225525, 0.29470770981847205, 0.09567440069534328, 0.027675432896617558, 0.7442076956493222, 0.8021419648930317, 0.9893416485352323, 0.6224719325942553, 0.4279441499740668, 0.5106352175350866, 0.09627699213274943, 0.425881676097029, 0.6532367237849316, 0.6455333216871492, 0.22023289547250502
0.5219864596130647, 0.010686945234443357, 0.7536973226382331, 0.8782647210481402, 0.23537213989997996, 0.5156965296049317, 0.7958714851846469, 0.6666743683190226, 0.09341230365908448, 0.13441883793428966, 0.7209699538478103, 0.7019010056470516, 0.6441476049962029, 0.4190955755329865, 0.3018515694786901, 0.6531199857987775, 0.769906070975443, 0.7411327115946955, 0.39679604514809463, 0.8587093332405806, 0.9347722204252009, 0.08815366598643859, 0.5522577545454466, 0.30480216616292766, 0.7632136452944963, 0.2802373633953149, 0.2108616133171488, 0.5582340224904172, 0.08245380789351864, 0.6391241692513524
0.17414347954620302, 0.6998794663419596, 0.012777798721059108, 0.8842246593896735, 0.8348280443660908, 0.548288192970248, 0.7178149279550596, 0.4328931129709246, 0.5474242687074166, 0.5571598631711593, 0.8935641444042045, 0.8060695782727039, 0.6363462603864738, 0.26817805870528844, 0.9154795012148107, 0.11742665631030524, 0.4610610006186956, 0.769710326456958, 0.055479336987104055, 0.9486121285698159, 0.7767313768876075, 0.9728469819880988, 0.07743476183452935, 0.6999864508641461, 0.34279126462232257, 0.7756996440630773, 0.5589988173993049, 0.0953181917228636, 0.25003433466227665, 0.4479380039397538
0.38506243654265215, 0.18483596482140496, 0.211147510683237, 0.43215721649138983, 0.9798866454983812, 0.47246419689575536, 0.3733281572602447, 0.7371903065146461, 0.9590615899994218, 0.6050026538447468, 0.10560564173908138, 0.7054209635983055, 0.43983666565949797, 0.07700729961810626, 0.5976059698380423, 0.4900568824224114, 0.9405795056811341, 0.7990467073124066, 0.021570074459684063, 0.38090390416955644, 0.15161212262565016, 0.833403012358558, 0.09049298251052995, 0.4291733012209581, 0.5082612967141469, 0.5304555744836971, 0.07747164127169659, 0.8701337301625444, 0.10636238126799535, 0.9944300812820639
0.8338329216018443, 0.009695014516826195, 0.17151385654578488, 0.06377965768947613, 0.9060535001999135, 0.34337920323464455, 0.38254502860238926, 0.0523272921354232, 0.6908996385399855, 0.020642819239774846, 0.425388637613754, 0.6435524555415204, 0.0034840162774314454, 0.27957159256669994, 0.9175807457153389, 0.6312258661789005, 0.28940673765748726, 0.4455122793501376, 0.021745310218940328, 0.792503470735067, 0.21122056583171445, 0.03449731843767523, 0.10590797164860266, 0.5914415784843033, 0.3799162929219775, 0.40921755200216514, 0.04077395488780977, 0.4221245107339131, 0.3419432709683716, 0.015986155088072884
0.2009885952330791, 0.8221215596815885, 0.4797557126755211, 0.712417444386878, 0.493959100302261, 0.6241597993553207, 0.6408878550659147, 0.08288431300192234, 0.6603467683707954, 0.7191687421859964, 0.10102527797692673, 0.37908072683820626, 0.7391832169323148, 0.8986140899990507, 0.47899187110815866, 0.6840622260762218, 0.9572907048652959, 0.05169247941810251, 0.28887743476082495, 0.9746747232362554, 0.9737365284655193, 0.7526046455044627, 0.2362801562392337, 0.485012202989864, 0.15901801110190528, 0.13036059360742058, 0.6213784641548113, 0.2166340269099617, 0.2288974076692123, 0.4541599024911265
0.03720942729488952, 0.23188458616376084, 0.4717120118401572, 0.860425080086017, 0.7416077946772605, 0.9074029728168544, 0.80597447811916, 0.876659428023726, 0.40919251840291804, 0.532653967026227, 0.06533875676444911, 0.034178463026654726, 0.842102563892338, 0.24828254210367873, 0.7849265329714518, 0.47301460550156205, 0.520815836168771, 0.5435577115586269, 0.054139533367410175, 0.4858695781356276, 0.9170076573734937, 0.19915898729683346, 0.756317016586332, 0.8619442809813107, 0.20345295630800286, 0.16058961644396552, 0.17016213311823725, 0.06289427472896503, 0.536516642796895, 0.5708601465017287
0.08289786662513732, 0.07233725682815173, 0.7263027120085526, 0.961240285238897, 0.4733064171897986, 0.5213393123287219, 0.2939400591217125, 0.8916102086983206, 0.22706739443968393, 0.7256969186492106, 0.6129168307949439, 0.891280844758642, 0.16113646014902094, 0.4643450502256068, 0.14189275235722676, 0.9607143311460189, 0.8089706810027504, 0.9457791826721036, 0.30260986450022054, 0.09776097236502046, 0.5804462546528123, 0.6627864158790913, 0.9843073855117657, 0.9935687786905288, 0.8263252376484832, 0.6173257073199978, 0.19902026380393023, 0.6022641680457556, 0.0044563765988415716, 0.7313288547980754
0.7666852129195294, 0.2513342489808612, 0.6690607763222185, 0.7063842535757208, 0.06721224339446719, 0.01816364528076575, 0.6710793444283756, 0.7118496804972463, 0.5008622972275516, 0.35355329767267984, 0.29192804038895814, 0.5977069083391423, 0.05321205908196602, 0.21616893361585288, 0.2774401099420898, 0.4894170588653919, 0.01689861457031383, 0.30790441123885925, 0.4186261154071311, 0.026342889961657012, 0.6333292663621488, 0.3872310317646753, 0.21901028277597745, 0.9092650041904096, 0.9657513472980175, 0.8496939377284478, 0.67974123623594, 0.26325570024403855, 0.6405314300978325, 0.7299042551916916
0.24321607470709727, 0.8151024758902063, 0.17457661499632693, 0.42515210246455704, 0.9483160893522246, 0.7470061680444184, 0.49752009599317715, 0.4425112365469147, 0.8303277854248464, 0.6889545835157309, 0.12321852207950978, 0.8762939693216927, 0.40915704743452863, 0.6808407388150214, 0.36969707347351455, 0.2974517969031605, 0.7581596270405323, 0.6544369580776169, 0.02476143787889895, 0.004398717328476964, 0.9486668985973868, 0.8061057068201468, 0.42535827461084785, 0.40279699115672896, 0.6837597779104698, 0.04692455980455568, 0.607458155176276, 0.04591034742172406, 0.7590762480076049, 0.12643482975492737
0.23338908700105843, 0.83459763149111, 0.22384067328554802, 0.12785802223898568, 0.07203359178536661, 0.22473841986301246, 0.3291710784787659, 0.18022873212002988, 0.7003773593011131, 0.2954349838227067, 0.4331112064445253, 0.0484658284921371, 0.01950069453347747, 0.6453367945366386, 0.9294155214146941, 0.5248342611965346, 0.31558133712507164, 0.442555551252068, 0.889657181051955, 0.2687337760419801, 0.8016668564856274, 0.7075077988280887, 0.6776813482663033, 0.3393980280222155, 0.14483211830396814, 0.08433792561947862, 0.20057460975273067, 0.39662423120087664, 0.40160984092036967, 0.20936750933504422
0.005619488231961123, 0.5238328726716791, 0.8307039401848494, 0.9676144466842094, 0.6677901177694124, 0.42815993332906066, 0.03141908138299787, 0.2381969157665903, 0.03232184167632535, 0.1826920425927081, 0.32870330609400733, 0.8760169150767445, 0.14221720990217446, 0.1069425147385068, 0.8977373482301216, 0.24826311410627933, 0.6403450455099233, 0.6844751250474325, 0.14981778640694376, 0.45227954197076525, 0.5658469319403098, 0.9281968075323984, 0.27908383860115293, 0.6168469323887592, 0.10980599033399574, 0.05639590586578924, 0.8088413058318088, 0.4655437275971682, 0.12516287811385807, 0.9214664590247535
0.2847570408859412, 0.732873227683952, 0.00782075177187036, 0.11396790955135949, 0.7743412762400125, 0.22690623964280487, 0.6218401084009412, 0.03802175427979093, 0.5271451355050523, 0.8711245991285367, 0.48166283608032845, 0.8526152070738585, 0.1561861557488674, 0.45457056500308457, 0.9914094868966873, 0.7403929414664108, 0.8483554700656845, 0.6279097179219301, 0.9128645035102133, 0.778919067239567, 0.42019302887132304, 0.36539715909908244, 0.4421919762950991, 0.5181441607520918, 0.42365969807496284, 0.4814705359052711, 0.5722294630188112, 0.26851334610850874, 0.4037543104874737, 0.7310092818368098
0.719591476931028, 0.6527532341753876, 0.7646917824360163, 0.6088772491204798, 0.540367906814406, 0.3699243125298788, 0.953984898965358, 0.9902191641483513, 0.8653975279036343, 0.08375328377038938, 0.4690119318843159, 0.01613436977959193, 0.4155154768320227, 0.9901548146842603, 0.5780368280890411, 0.43861164569933075, 0.8425423497903177, 0.36326678855093186, 0.23092247077560535, 0.2845135411934263, 0.6952768867369383, 0.5245131301188042, 0.7649747168172804, 0.7884975718992608, 0.8210667588910731, 0.8704561008275833, 0.6858991964412403, 0.07369495868769416, 0.19012792946404977, 0.4702636767635121
0.7951693726591346, 0.2566583113538059, 0.4856584781414436, 0.06461242895303565, 0.26183399230700877, 0.7336921565941846, 0.486024045447609, 0.8357744919824898, 0.32193782215129974, 0.42046223342804556, 0.24645910137250726, 0.949092852894907, 0.9221334105690985, 0.6779801575239228, 0.3124548338545816, 0.9105398083471544, 0.5946959296211273, 0.957796450734871, 0.09455511947851458, 0.7353355748808342, 0.3147550212411875, 0.9022925471337004, 0.5596200435282509, 0.0383886715066335, 0.31380203717247024, 0.413199485492606, 0.9123756478807472, 0.3691867295974216, 0.6703221260474769, 0.48445594594424723
0.6950962276305006, 0.18544659958017995, 0.1909026282992572, 0.7225856722515428, 0.6629533907657615, 0.7839106454536997, 0.6604779172419282, 0.031201927217051506, 0.048021579258673674, 0.8409116290841697, 0.7757968351438376, 0.6720342229353748, 0.5630500089494048, 0.8534893832491393, 0.18854785574307087, 0.5758146770781026, 0.24279440875308933, 0.6757347262454745, 0.10763673068395707, 0.261855546808762, 0.45078819941066295, 0.7205444613200703, 0.5507040849905778, 0.28536285826624463, 0.4262015121469387, 0.18276364087661523, 0.15196834303329254, 0.7452253959799108, 0.7539693389274416, 0.38538604841497226
0.09163306418279626, 0.26517186117970826, 0.9515265295292791, 0.9594618613792909, 0.14394809042886514, 0.6482684176008886, 0.004642144495097145, 0.2134290720711054, 0.047482588267606984, 0.9841981100133895, 0.628093217428157, 0.337864059632594, 0.8959287347656776, 0.8209035567458546, 0.5703441765524675, 0.3247886608463485, 0.14108398480564976, 0.113207021971784, 0.32314684681897243, 0.40944286211383585, 0.27225778658319866, 0.5977062648701574, 0.5820545140686796, 0.6733151770131984, 0.47568659778556344, 0.0031557688121142125, 0.5533228010686899, 0.9999769333687332, 0.169596185441522, 0.9142751328729584
0.017765391991168666, 0.6880334329365105, 0.8388894788259575, 0.07802434100806865, 0.8773493769966373, 0.5733399406248245, 0.5988231221526529, 0.009428846179826866, 0.0031315102337657885, 0.060333822058942554, 0.9974144796316585, 0.05959375847046744, 0.5214997614589252, 0.6128880229703404, 0.8955441066698845, 0.9978007062386984, 0.3094960866507639, 0.3031681769003889, 0.7220556079652563, 0.8714603386648271, 0.022786171685917123, 0.3332653661371363, 0.6653809688883202, 0.9627905259296002, 0.652762658374493, 0.7199756256585137, 0.910126364260712, 0.07643807401927272, 0.7669885946639821, 0.8666997613976192
0.23591834968691783, 0.9272183551269008, 0.977181727314773, 0.33384392757596126, 0.3340991855905353, 0.6422770373116241, 0.31391791589113927, 0.053692649624742184, 0.26798780356396734, 0.3326995792336367, 0.39082367292782616, 0.977287098503581, 0.8043077162871299, 0.9458353680009088, 0.38679919665861484, 0.31541958875097686, 0.2696259008157539, 0.16267588035341318, 0.5627961316702526, 0.16306887179326912, 0.775900244739658, 0.5153942595619954, 0.04322153793981476, 0.5044951844174383, 0.3282024568247124, 0.6091943388832396, 0.5822282745048772, 0.3162422064983663, 0.9959492517567988, 0.7759287941843995
0.7691430066413818, 0.5620176284045945, 0.7155349333895347, 0.8594180476127395, 0.8428763984210038, 0.7888680964357382, 0.3841403805468425, 0.28167827179907945, 0.9894489849238418, 0.3675796575940743, 0.8670354534907345, 0.3061454170933918, 0.7445136842700948, 0.7613188118361077, 0.057325784125884294, 0.5840742071640077, 0.28582043422391834, 0.8557840838572351, 0.9403494355226101, 0.2474217626744294, 0.4709574015829757, 0.11724728169424137, 0.6023191269171722, 0.10991665819485064, 0.03222456755665537, 0.15680366759866016, 0.33775545111435157, 0.6385403846335136, 0.8891246173608439, 0.8165398485056632
0.24353539640716015, 0.6012149600164481, 0.18520454041547385, 0.10648219866010566, 0.6715743175785693, 0.10529703134204871, 0.3849586031483545, 0.2791008578518611, 0.5627651864170314, 0.08373418367279462, 0.4221183241984301, 0.7166525399884669, 0.7633478103275247, 0.09574879387716684, 0.016560183195400535, 0.32247229906720487, 0.03329553098821658, 0.543686744379703, 0.3592018220564487, 0.6316905415959, 0.06621769344276107, 0.2007025411770924, 0.12540694865605773, 0.4367084910922241, 0.3861530034597387, 0.054313194175624635, 0.3560872226072921, 0.5084395310940227, 0.009939269182830834, 0.6020588576083296
0.00111364142746,0.44884090263,0.999135613017
2.41018316881,3.92144253821,5.98925572963
