0.175405468982, 0.661521029291, 0.118544907914, 0.397108545536, 0.408833008866, 0.0583495868729, 0.179023862038, 0.796086366501, 0.0567966268541, 0.136529687672, 0.626918533272, 0.233721122264, 0.511641887854, 0.762446555815, 0.993477684867, 0.381388482248, 0.302601691342, 0.478950712406, 0.861630392355, 0.89217003219, 0.565214146061, 0.836923928232, 0.611818968606, 0.774720098027, 0.175405468982, 0.661521029291, 0.118544907914, 0.397108545536, 33.2338553185
0.00324111382653, 0.232050496058, 0.994151373848, 0.587089748737, 0.101115687929, 0.0748887777558, 0.446046158552, 0.722010126517, 0.767518267773, 0.241093691822, 0.185389456374, 0.686937862919, 0.663654509441, 0.196044202466, 0.0961838667968, 0.87349952366, 0.290605984119, 0.65596799301, 0.152010891685, 0.118873126716, 0.91647413479, 0.763244951667, 0.429647887507, 0.0167419692049, 0.00324111382653, 0.232050496058, 0.994151373848, 0.587089748737, 28.5499210024
0.0149735130995, 0.283011159674, 0.959378451544, 0.753422594141, 0.0226528768138, 0.343866512467, 0.510215101223, 0.197923034082, 0.608184277995, 0.101383172953, 0.48587429642, 0.710614070369, 0.459442374763, 0.194479427774, 0.439937415366, 0.39685235708, 0.0336244878226, 0.477334156582, 0.325717750316, 0.886049728204, 0.0903101256386, 0.280406895175, 0.296384063381, 0.118230988174, 0.0149735130995, 0.283011159674, 0.959378451544, 0.753422594141, 25.1260973027
0.129983524142, 0.124251103898, 0.018333947585, 0.570512972743, 0.375422583059, 0.2789322718, 0.828305373408, 0.937792345156, 0.988738002832, 0.143509293468, 0.301056252207, 0.223222239201, 0.609666292751, 0.100118609718, 0.443057258587, 0.366024227732, 0.0180277916388, 0.485760259454, 0.165082996639, 0.615295708603, 0.278912080718, 0.930193315228, 0.717173333298, 0.18028621247, 0.129983524142, 0.124251103898, 0.018333947585, 0.570512972743, 30.0831843071
0.0281437645324, 0.812772910567, 0.117299964969, 0.0396555730312, 0.44174448163, 0.177112090182, 0.844653206461, 0.492890024794, 0.928932453919, 0.240965622052, 0.0156469645947, 0.888877285611, 0.288994468448, 0.58107167647, 0.156492928481, 0.326544539437, 0.924078043312, 0.185148172807, 0.304524267262, 0.80687298523, 0.888867133935, 0.677821285051, 0.131824436667, 0.44108279245, 0.0281437645324, 0.812772910567, 0.117299964969, 0.0396555730312, 31.4919659464
0.0726159564904, 0.0799448726361, 0.026122686571, 0.679280625863, 0.504065348099, 0.865467901243, 0.535149661866, 0.119407732662, 0.0553747723812, 0.628122418839, 0.707492823949, 0.622197664177, 0.973526433208, 0.406061304931, 0.851507086717, 0.965297317907, 0.933664597903, 0.635042378566, 0.472303310991, 0.633717469705, 0.178779739452, 0.257516470166, 0.330985058428, 0.156261194742, 0.0726159564904, 0.0799448726361, 0.026122686571, 0.679280625863, 34.1229553369
0.852603382367, 0.0390327372159, 0.373906543793, 0.481630423462, 0.506593938887, 0.354319810789, 0.553408120694, 0.901744388883, 0.920229824364, 0.353482940389, 0.932307247565, 0.126732640731, 0.853502855572, 0.490746665301, 0.353559040807, 0.130751191781, 0.843598987334, 0.222050038353, 0.834090411271, 0.123051936506, 0.39182910784, 0.751904099233, 0.642871224002, 0.888506758483, 0.852603382367, 0.0390327372159, 0.373906543793, 0.481630423462, 34.6635433209
0.142441862397, 0.411101345175, 0.612890927618, 0.14980599434, 0.44464981867, 0.301551021753, 0.667213755951, 0.200342676119, 0.758578824022, 0.453492919813, 0.438680968026, 0.391621148595, 0.855841887727, 0.00506986118486, 0.0860166613831, 0.102236484112, 0.153825461361, 0.708586821939, 0.87467793103, 0.0178839037082, 0.158148356187, 0.188796949205, 0.117778114692, 0.236714238508, 0.142441862397, 0.411101345175, 0.612890927618, 0.14980599434, 25.916166401
0.373918967742, 0.117418982909, 0.272137826975, 0.148359977483, 0.633029717224, 0.590139872842, 0.42339084195, 0.706976711084, 0.0122695357358, 0.498151039579, 0.221338017702, 0.754848522899, 0.591177612399, 0.886638760643, 0.985632644219, 0.262032570984, 0.66532568556, 0.0228933713386, 0.841480027613, 0.414859071252, 0.391438901418, 0.386928533156, 0.43903444102, 0.563498199757, 0.373918967742, 0.117418982909, 0.272137826975, 0.148359977483, 32.8835430671
0.338206114057, 0.163203414089, 0.0317790690968, 0.276173432053, 0.679856423508, 0.197661873404, 0.42391521142, 0.264342759298, 0.0898422222456, 0.387249928864, 0.803088963009, 0.175829558127, 0.893191352845, 0.297289582316, 0.968223352326, 0.0825666952962, 0.772888807561, 0.748476628992, 0.50890357402, 0.826251447446, 0.0586570505617, 0.633885872764, 0.183905575861, 0.162469570206, 0.338206114057, 0.163203414089, 0.0317790690968, 0.276173432053, 30.3654291448
0.939162147063, 0.163792096824, 0.490559230358, 0.00746537952307, 0.595467729772, 0.83398395378, 0.632603879115, 0.677686778525, 0.640901683646, 0.428297342105, 0.347092191929, 0.0454005219315, 0.377865569262, 0.916463808732, 0.141242270787, 0.357062890533, 0.686530260324, 0.767444462405, 0.201848616217, 0.401251717412, 0.421672173422, 0.449713470777, 0.22815507112, 0.429994360091, 0.939162147063, 0.163792096824, 0.490559230358, 0.00746537952307, 31.1583623295
0.753490874019, 0.839285820359, 0.837464132386, 0.677152410384, 0.402771996607, 0.207248983643, 0.380391419415, 0.146595821873, 0.617899047205, 0.512986321148, 0.156571251823, 0.140451389807, 0.66625213746, 0.46298798024, 0.696096671804, 0.0784143356367, 0.0591085066675, 0.0242166680696, 0.225795055022, 0.357428735934, 0.799459137768, 0.172917748624, 0.136434760734, 0.217092970835, 0.753490874019, 0.839285820359, 0.837464132386, 0.677152410384, 23.5528231182
0.489262113058, 0.00563247883014, 0.421347972637, 0.0503285944927, 0.0466507211441, 0.091444493597, 0.863306177309, 0.318155158209, 0.581646037343, 0.759285668362, 0.59139430416, 0.447125691732, 0.260350395012, 0.743232164827, 0.839501806678, 0.410523487798, 0.23633489651, 0.493469413565, 0.278677602883, 0.858630428985, 0.286365556917, 0.642431808206, 0.532958176731, 0.0559555948592, 0.489262113058, 0.00563247883014, 0.421347972637, 0.0503285944927, 30.9669483564
0.425750206046, 0.477416939004, 0.176211731766, 0.514086417924, 0.228046868399, 0.78654656444, 0.923990968413, 0.125166501986, 0.0823082187915, 0.299898163329, 0.487502310738, 0.0895614799726, 0.623025775882, 0.518936081644, 0.0492524541384, 0.859963507889, 0.364522472286, 0.458449724711, 0.701541509794, 0.786186185278, 0.349019028369, 0.250528179781, 0.0444660523221, 0.191907436421, 0.425750206046, 0.477416939004, 0.176211731766, 0.514086417924, 28.4007408125
0.891558901028, 0.451683146269, 0.187102336109, 0.193490242153, 0.540572698628, 0.800858901834, 0.470078280644, 0.0151134537836, 0.0525015734189, 0.509158467514, 0.489999609158, 0.671642619759, 0.0292024947883, 0.22490620108, 0.698869423734, 0.355962309986, 0.100721022447, 0.904945918573, 0.556684011549, 0.11771466414, 0.0440135091417, 0.226349488433, 0.977013476335, 0.345821905903, 0.891558901028, 0.451683146269, 0.187102336109, 0.193490242153, 27.7960310476
0.753490874019, 0.839285820359, 0.738178481127, 0.990288291055, 0.425943091876, 0.755932719334, 0.380391419415, 0.39269997597, 0.617899047205, 0.488858333105, 0.156571251823, 0.140451389807, 0.51060974885, 0.222501006553, 0.696037436537, 0.204246331097, 0.155858701974, 0.0195312547908, 0.225795055022, 0.357428735934, 0.799459137768, 0.172917748624, 0.136434760734, 0.217092970835, 0.753490874019, 0.839285820359, 0.738178481127, 0.990288291055, 24.91923553
0.142441862397, 0.801158109956, 0.607069389844, 0.14980599434, 0.441996700118, 0.419557454791, 0.660030475136, 0.105951589317, 0.757540213448, 0.419161438013, 0.120165911393, 0.503440215955, 0.6430404556, 0.0180248948621, 0.0855694301759, 0.899431048108, 0.138954321242, 0.700481108902, 0.87467793103, 0.540391242115, 0.83796182246, 0.232451903098, 0.367156544468, 0.152722946968, 0.142441862397, 0.801158109956, 0.607069389844, 0.14980599434, 29.5458054312
0.424279439404, 0.771361220728, 0.0969011013488, 0.626872380606, 0.330389338529, 0.418931419462, 0.997558224463, 0.246587072993, 0.631774218426, 0.100793399024, 0.118879549478, 0.386739402129, 0.394364053438, 0.774759718642, 0.310320040258, 0.904784542516, 0.512926632984, 0.794002509015, 0.211312924457, 0.522250240795, 0.54377478935, 0.231220190098, 0.366369423636, 0.152449952987, 0.424279439404, 0.771361220728, 0.0969011013488, 0.626872380606, 29.6886172466
0.0723258273549, 0.117418982909, 0.272137826975, 0.148359977483, 0.083392902567, 0.59299100225, 0.473673746322, 0.540272131997, 0.986129663626, 0.498151039579, 0.128110799781, 0.754227030802, 0.591177612399, 0.886638760643, 0.985632644219, 0.262032570984, 0.669226435539, 0.0302627187849, 0.841480027613, 0.414980379844, 0.391378022152, 0.393799123767, 0.722713462895, 0.432123794858, 0.0723258273549, 0.117418982909, 0.272137826975, 0.148359977483, 33.7770549722
0.375063203273, 0.007626428086, 0.417709561116, 0.245842163745, 0.0459970839351, 0.0658491556989, 0.420535969462, 0.521206148983, 0.577005853334, 0.140220513871, 0.962737332719, 0.712083080903, 0.261079313274, 0.738244144985, 0.493891354193, 0.413763607383, 0.237866778239, 0.0581290536294, 0.918413732832, 0.90975387179, 0.932444267575, 0.642939920668, 0.564736850077, 0.0725838171958, 0.375063203273, 0.007626428086, 0.417709561116, 0.245842163745, 31.6252148227
0.00246705740028, 0.352948619943, 0.928335892857, 0.216788309535, 0.0990169962923, 0.322607935078, 0.196278786194, 0.0863694977461, 0.798177136739, 0.325567706158, 0.184668366749, 0.716121558852, 0.325432262158, 0.935758414587, 0.842758920632, 0.117782205552, 0.288680412142, 0.378828199714, 0.150088822723, 0.116401977808, 0.57603207288, 0.521110897133, 0.728771054794, 0.930825774033, 0.00246705740028, 0.352948619943, 0.928335892857, 0.216788309535, 28.9764163855
0.0728151372541, 0.12363600422, 0.841136377292, 0.23490462439, 0.0851970359482, 0.982834977803, 0.466837488562, 0.540401801068, 0.99694113963, 0.692646935169, 0.129313878791, 0.218312677171, 0.414235526672, 0.135182202218, 0.548616763077, 0.652610865179, 0.341340964621, 0.439360290175, 0.886832757427, 0.334865306312, 0.92409610496, 0.0686053479357, 0.729305891721, 0.331650753561, 0.0728151372541, 0.12363600422, 0.841136377292, 0.23490462439, 31.7597574378
0.0773873965926, 0.0880712078833, 0.779745499823, 0.728538393561, 0.260857979235, 0.369885488105, 0.597167859056, 0.346833142386, 0.259141501866, 0.131694564436, 0.560151073017, 0.146573622207, 0.980385188207, 0.584667104948, 0.413107286958, 0.194068272042, 0.977012202298, 0.00371122798733, 0.902454451527, 0.722242547289, 0.959785685571, 0.121619282206, 0.822394652761, 0.679013088247, 0.0773873965926, 0.0880712078833, 0.779745499823, 0.728538393561, 31.9171351386
0.452652943241, 0.184002169616, 0.568824969251, 0.156603581375, 0.430916062927, 0.747295197298, 0.34630435465, 0.385013653876, 0.922517541207, 0.134807709854, 0.892450215958, 0.00122360490686, 0.0405357684, 0.143110196061, 0.586051400102, 0.371809304664, 0.246225318153, 0.907155547857, 0.427948693429, 0.966822371245, 0.734011761503, 0.0411429470371, 0.335218612065, 0.76842869843, 0.452652943241, 0.184002169616, 0.568824969251, 0.156603581375, 31.0300067222
0.376197651274, 0.15371802951, 0.0629579780256, 0.293880091239, 0.600843176343, 0.658553504915, 0.898199147149, 0.489208492418, 0.63510509445, 0.620738110672, 0.443184628674, 0.0437504314962, 0.372535335806, 0.917011843394, 0.647245010081, 0.819182969288, 0.617422372183, 0.638654160878, 0.62383308925, 0.424463366696, 0.698368163334, 0.437728034483, 0.0641176945311, 0.993599022113, 0.376197651274, 0.15371802951, 0.0629579780256, 0.293880091239, 35.9425485418
0.0728151372541, 0.760922057246, 0.3944648858, 0.23490462439, 0.0851970359482, 0.982834977803, 0.47387808009, 0.540401801068, 0.99694113963, 0.161333658878, 0.129313878791, 0.602427056777, 0.41509188841, 0.133257972704, 0.204061144767, 0.652610865179, 0.341340964621, 0.030167485156, 0.886832757427, 0.334865306312, 0.0312710356766, 0.0686053479357, 0.729305891721, 0.430815133732, 0.0728151372541, 0.760922057246, 0.3944648858, 0.23490462439, 28.0919872578
0.830505130277, 0.0701321005273, 0.196529354634, 0.361104689108, 0.765078808709, 0.0710987060953, 0.335442361295, 0.445011435504, 0.028742114856, 0.303080575292, 0.805162295766, 0.568157757469, 0.624134775156, 0.496798504179, 0.0261889063779, 0.780985228089, 0.644276626665, 0.45778385685, 0.79653682593, 0.668297512618, 0.381753466588, 0.0679010688922, 0.0942286450972, 0.22543545174, 0.830505130277, 0.0701321005273, 0.196529354634, 0.361104689108, 28.8079900354
0.292848029852, 0.0511789119923, 0.0301573925027, 0.919413179192, 0.21805137658, 0.0490926729771, 0.449166432861, 0.708080859246, 0.280124952177, 0.49822559825, 0.741720721496, 0.510220564155, 0.23496923408, 0.224986427382, 0.534988917709, 0.926644652953, 0.236004782526, 0.683613567793, 0.405114382104, 0.170402940852, 0.322086050701, 0.405933148604, 0.200061842449, 0.282685031814, 0.292848029852, 0.0511789119923, 0.0301573925027, 0.919413179192, 27.7631080597
0.807244612529, 0.124115390311, 0.131386416147, 0.648454903909, 0.913367528994, 0.965508237442, 0.168043345978, 0.376669568443, 0.171457513167, 0.0132590251093, 0.116111153386, 0.270231326537, 0.851636792545, 0.513097081611, 0.988792975935, 0.932525120882, 0.346980549749, 0.992589405163, 0.482727776507, 0.29749408977, 0.215466372484, 0.493690160994, 0.761024324416, 0.798685868815, 0.807244612529, 0.124115390311, 0.131386416147, 0.648454903909, 33.3869195729
0.0459385410499, 0.522432425622, 0.769706856932, 0.76654661026, 0.700816512199, 0.188278602612, 0.0753746100359, 0.236519095746, 0.616439333156, 0.941252994547, 0.987422862686, 0.418645045628, 0.0827977064275, 0.480822655505, 0.533738931952, 0.339703113459, 0.516744668067, 0.363406978392, 0.697750969779, 0.713936902318, 0.169893087107, 0.00449916888741, 0.455552255706, 0.159945298721, 0.0459385410499, 0.522432425622, 0.769706856932, 0.76654661026, 28.9308251909
0.333756580011, 0.209737367461, 0.19579695069, 0.143153541145, 0.439826316812, 0.560154857311, 0.793003109135, 0.843996884463, 0.220674482048, 0.145407509282, 0.802076622846, 0.185445641814, 0.860535053133, 0.293839868449, 0.478572627798, 0.612165902582, 0.197002886431, 0.275191680011, 0.161783231255, 0.438617022409, 0.132826449589, 0.664591893117, 0.652635762206, 0.77882000634, 0.333756580011, 0.209737367461, 0.19579695069, 0.143153541145, 31.1468574545
0.174380671516, 0.0688382592317, 0.817160219314, 0.822282540791, 0.91913170885, 0.0012534952606, 0.760992585505, 0.708358991758, 0.220232008232, 0.296137973445, 0.968927367354, 0.517174632158, 0.920143916047, 0.986122371979, 0.891105026717, 0.634986760219, 0.196059406683, 0.276292406662, 0.769825723096, 0.323719796196, 0.290540374363, 0.664195660989, 0.652404945931, 0.795804861795, 0.174380671516, 0.0688382592317, 0.817160219314, 0.822282540791, 35.606756803
0.496672923599, 0.961607496574, 0.0985623400121, 0.449721744568, 0.395687522997, 0.231212992133, 0.952122744486, 0.0773849050027, 0.446632446934, 0.966932666499, 0.235620195491, 0.462345776033, 0.58272091453, 0.69384819931, 0.777461855789, 0.0580483099542, 0.117547436917, 0.233371556675, 0.540243052763, 0.256927077599, 0.0134833732254, 0.553865647778, 0.399275005537, 0.797983459051, 0.496672923599, 0.961607496574, 0.0985623400121, 0.449721744568, 29.4577578765
0.424915689878, 0.730220838351, 0.0969011013488, 0.626872380606, 0.330577751292, 0.284855844841, 0.997558224463, 0.246587072993, 0.631774218426, 0.100793399024, 0.195595978668, 0.386746367853, 0.394364053438, 0.774759718642, 0.30400985749, 0.904784542516, 0.512936314219, 0.794029307818, 0.244880543794, 0.520726878999, 0.212028210355, 0.231220190098, 0.366369423636, 0.162126580501, 0.424915689878, 0.730220838351, 0.0969011013488, 0.626872380606, 28.9604748272
0.221008171475, 0.619613166498, 0.0167509424274, 0.783296614118, 0.929129697835, 0.71859851626, 0.579260439829, 0.39575031374, 0.759843406006, 0.822362295898, 0.769780547487, 0.816873947135, 0.636633465371, 0.44235416617, 0.963902833372, 0.826033779401, 0.800861122957, 0.0950771092378, 0.352651018615, 0.223998470773, 0.662953880192, 0.255267298877, 0.547817604814, 0.276009043498, 0.221008171475, 0.619613166498, 0.0167509424274, 0.783296614118, 36.1515268082
0.174380671516, 0.0688382592317, 0.833848278654, 0.807004303948, 0.91913170885, 0.0012534952606, 0.109210349702, 0.708358991758, 0.267911442762, 0.296137973445, 0.968927367354, 0.519796247011, 0.197967683443, 0.986122371979, 0.890998912208, 0.634986760219, 0.0652466163433, 0.644688111347, 0.776755406297, 0.323719796196, 0.290540374363, 0.557135319144, 0.289466934423, 0.243611240594, 0.174380671516, 0.0688382592317, 0.833848278654, 0.807004303948, 30.9735021211
0.327260694163, 0.657706384736, 0.983299673452, 0.0844434878808, 0.213386872585, 0.873092415678, 0.282544464767, 0.250486712533, 0.638173200491, 0.207172784261, 0.630764525981, 0.0849644104669, 0.62347788037, 0.195109978653, 0.851610025904, 0.246678159445, 0.246446923858, 0.882710965761, 0.945833915616, 0.476011745814, 0.407611866633, 0.246839588731, 0.0497775792049, 0.246383284427, 0.327260694163, 0.657706384736, 0.983299673452, 0.0844434878808, 28.8781783204
0.309455499934, 0.021684916166, 0.0503409012757, 0.216770209324, 0.66899639444, 0.188507102487, 0.449919074153, 0.981524634287, 0.736694701032, 0.909987639468, 0.37534663062, 0.358038824012, 0.476375073426, 0.825490808557, 0.160418680735, 0.747556573633, 0.193003416379, 0.73323752111, 0.562737389578, 0.665480482424, 0.513026598398, 0.966716859678, 0.979721465448, 0.622912764674, 0.309455499934, 0.021684916166, 0.0503409012757, 0.216770209324, 37.0356861238
0.00701666698005, 0.159413852303, 0.0859391759591, 0.451318914891, 0.306267236541, 0.0913015413463, 0.189829867754, 0.792274135724, 0.587021963077, 0.250599931342, 0.838997687486, 0.836839045132, 0.238429756329, 0.480331859096, 0.0843736603794, 0.0828795029919, 0.68936129463, 0.17441973807, 0.129850555467, 0.825114894793, 0.279759430922, 0.865966279681, 0.607077870421, 0.478794322648, 0.00701666698005, 0.159413852303, 0.0859391759591, 0.451318914891, 29.7551464841
0.452854990362, 0.772205528371, 0.356636106556, 0.976615730613, 0.0479722185106, 0.314148604223, 0.704642531568, 0.142756866235, 0.208883901545, 0.744176856689, 0.837058222199, 0.820194255628, 0.644738835574, 0.490833146051, 0.562965563388, 0.159012909522, 0.258226762429, 0.333558045747, 0.246530598896, 0.234554649296, 0.0421995718972, 0.0627795225777, 0.857946288739, 0.0015023027541, 0.452854990362, 0.772205528371, 0.356636106556, 0.976615730613, 26.7739001998
0.0116432188219, 0.672335498206, 0.0890440859423, 0.787771075917, 0.815006089548, 0.315653157856, 0.0940064907453, 0.845325299583, 0.0849203408449, 0.108173736782, 0.514424865628, 0.0025950123605, 0.0783948865322, 0.701551205407, 0.706616505901, 0.191212147523, 0.537497622466, 0.582705463176, 0.0166183818266, 0.683870463107, 0.0138009691143, 0.323198379448, 0.791427131581, 0.823302037611, 0.0116432188219, 0.672335498206, 0.0890440859423, 0.787771075917, 28.0280808658
0.980580319582, 0.268266159828, 0.16081196583, 0.109026666513, 0.719516570724, 0.206553988033, 0.352523714438, 0.581240196989, 0.466126771644, 0.933183647726, 0.905905627238, 0.794053380034, 0.53842190756, 0.628178704962, 0.733792056313, 0.711798199316, 0.792080540814, 0.488804456837, 0.880385362643, 0.598634263922, 0.861395084358, 0.00218659481876, 0.878249301932, 0.867644532409, 0.980580319582, 0.268266159828, 0.16081196583, 0.109026666513, 38.5642135503
0.436323289363, 0.81326139467, 0.0308346644622, 0.755418765452, 0.515365358335, 0.277727260688, 0.694186470801, 0.204415694953, 0.607741565132, 0.101769095643, 0.484798861469, 0.0803165330313, 0.203037790639, 0.100455172109, 0.412013523801, 0.366895076689, 0.941700405741, 0.812946675291, 0.622667501265, 0.0471343942284, 0.0998274820564, 0.133828627348, 0.186204546236, 0.0923719444956, 0.436323289363, 0.81326139467, 0.0308346644622, 0.755418765452, 25.140333545
0.001659633841, 0.920376814251, 0.197105038074, 0.288257342171, 0.832871781996, 0.203424840213, 0.724361367129, 0.824979071647, 0.262940097682, 0.303220882597, 0.807048486892, 0.755198246576, 0.608121030777, 0.0456460163775, 0.568928275627, 0.876482244209, 0.642860612521, 0.320233555726, 0.63339704595, 0.407734498642, 0.243917693491, 0.500544472394, 0.0120346527575, 0.542832395704, 0.001659633841, 0.920376814251, 0.197105038074, 0.288257342171, 32.2250656168
0.130045202007, 0.124251103898, 0.614101848827, 0.570512972743, 0.375422583059, 0.436116546937, 0.831480995296, 0.107815498896, 0.988738002832, 0.451309565775, 0.302497609012, 0.218399492819, 0.613147640248, 0.0179741101651, 0.0816843262923, 0.915274700106, 0.0180277916388, 0.485760259454, 0.901363931757, 0.0124505620386, 0.278977635964, 0.194740030892, 0.722063991293, 0.18028621247, 0.130045202007, 0.124251103898, 0.614101848827, 0.570512972743, 28.1091773306
0.498481526624, 0.143498965451, 0.84643677862, 0.31953696371, 0.86440565828, 0.112596871906, 0.466789298181, 0.100569902659, 0.0498006579238, 0.55105481743, 0.426449874261, 0.221334904565, 0.623725481451, 0.50382183637, 0.547045231044, 0.547751656119, 0.465766873583, 0.444053627827, 0.354994148055, 0.658487448462, 0.910335454157, 0.682383390553, 0.206707291804, 0.331453730753, 0.498481526624, 0.143498965451, 0.84643677862, 0.31953696371, 29.9016285504
0.328733708046, 0.454819419324, 0.237852814116, 0.179206003769, 0.903897955401, 0.473608950872, 0.180995480025, 0.0775070714182, 0.855033333213, 0.490496455806, 0.488114285768, 0.57201652263, 0.764418946389, 0.224778144163, 0.395355643015, 0.268874793858, 0.703218379879, 0.185576629274, 0.144618086827, 0.156645154472, 0.336155577801, 0.864854853466, 0.715015495527, 0.337343367698, 0.328733708046, 0.454819419324, 0.237852814116, 0.179206003769, 30.3084007955
0.452652943241, 0.345388992891, 0.0999683165545, 0.156603581375, 0.830026587678, 0.747295197298, 0.34630435465, 0.385013653876, 0.922517541207, 0.130359601227, 0.87777062233, 0.0142199186074, 0.0408975060472, 0.221381435555, 0.909085760812, 0.481351228809, 0.245632558071, 0.907919415682, 0.20368386658, 0.547854247744, 0.734011761503, 0.0411429470371, 0.794731378367, 0.76842869843, 0.452652943241, 0.345388992891, 0.0999683165545, 0.156603581375, 32.6426633789
0.129983524142, 0.051807477087, 0.0327058887736, 0.92098141601, 0.375422583059, 0.439206138232, 0.82943368424, 0.630497890985, 0.988738002832, 0.406895558506, 0.301056252207, 0.219237886973, 0.613147640248, 0.0313752450483, 0.443057258587, 0.915274700106, 0.0180277916388, 0.684617004086, 0.163010627286, 0.620188376246, 0.325694167569, 0.964080744464, 0.729650321102, 0.281724820375, 0.129983524142, 0.051807477087, 0.0327058887736, 0.92098141601, 32.0191855915
0.165053144864, 0.828817016048, 0.33354694015, 0.486974532976, 0.358002161024, 0.566101506997, 0.282838442581, 0.357633686493, 0.516253083988, 0.712297494779, 0.187956862465, 0.478578468422, 0.155364631553, 0.279751232547, 0.0629610543093, 0.568727758272, 0.575632995709, 0.287159890325, 0.639954829716, 0.950270165566, 0.598229298794, 0.123811554618, 0.355547949782, 0.668289925959, 0.165053144864, 0.828817016048, 0.33354694015, 0.486974532976, 29.1389820881
0.31503365922, 0.208851526576, 0.871072957578, 0.0847683104071, 0.7046978825, 0.982326483025, 0.214731927954, 0.706756071643, 0.545650260683, 0.21215752416, 0.525825027291, 0.46904511054, 0.172641281254, 0.895914466149, 0.165884565702, 0.633657959498, 0.236973255759, 0.888017192003, 0.754600961004, 0.467869950971, 0.407991271694, 0.092512380798, 0.934950270888, 0.858351531039, 0.31503365922, 0.208851526576, 0.871072957578, 0.0847683104071, 33.8376833422
0.38951584058, 0.930538658437, 0.187835868343, 0.362548647167, 0.941220862335, 0.723375149259, 0.755054792749, 0.736753705942, 0.978853413917, 0.710670927337, 0.339611514626, 0.525451496963, 0.640633725009, 0.127899390266, 0.152529613342, 0.289507226137, 0.0168920408287, 0.803209009034, 0.212839572223, 0.686375434519, 0.0548874404421, 0.234668975758, 0.0178148761156, 0.00667429535059, 0.38951584058, 0.930538658437, 0.187835868343, 0.362548647167, 29.6482495342
0.784865927422, 0.130962706106, 0.225827640575, 0.41879855453, 0.992134802924, 0.623984876062, 0.157035273581, 0.215131555327, 0.589994561235, 0.98062953117, 0.107389832574, 0.713585659929, 0.609633563274, 0.871273247737, 0.391691963532, 0.534149671213, 0.723975703357, 0.195279907663, 0.503429964859, 0.948931007242, 0.412293843247, 0.338359232899, 0.552654564866, 0.682218768012, 0.784865927422, 0.130962706106, 0.225827640575, 0.41879855453, 34.5227460872
0.00284169339118, 0.368162066793, 0.132144507303, 0.168174133737, 0.246761307748, 0.776502353537, 0.615252817548, 0.709377132913, 0.00541453200574, 0.795509832997, 0.67125109269, 0.546460544857, 0.00800019978296, 0.754819023487, 0.288389595597, 0.175371793814, 0.681293156461, 0.14792301764, 0.500761563167, 0.456129270999, 0.0445462740024, 0.878300698023, 0.82672291763, 0.0948914797553, 0.00284169339118, 0.368162066793, 0.132144507303, 0.168174133737, 30.5684172801
0.00613685833576, 0.330505230207, 0.218828469566, 0.863372257609, 0.407274150864, 0.0665440642939, 0.271456063437, 0.157584084854, 0.960175688534, 0.57624569261, 0.911275941709, 0.851587734182, 0.579681538899, 0.0208197196689, 0.5776183003, 0.499066831437, 0.799929540871, 0.465269888294, 0.105647247242, 0.122794978086, 0.966851617512, 0.100193964482, 0.859058380472, 0.862421154558, 0.00613685833576, 0.330505230207, 0.218828469566, 0.863372257609, 32.2998031666
0.974336243666, 0.268758109347, 0.16081196583, 0.102839134889, 0.719516570724, 0.206553988033, 0.352523714438, 0.581240196989, 0.466126771644, 0.935201559511, 0.734843256497, 0.796159564589, 0.53842190756, 0.628178704962, 0.733792056313, 0.713102267557, 0.214828075749, 0.488540754609, 0.880385362643, 0.598634263922, 0.861395084358, 0.00263876907811, 0.20612860615, 0.204553644118, 0.974336243666, 0.268758109347, 0.16081196583, 0.102839134889, 33.9311573632
0.50679221215, 0.598021611098, 0.965907028757, 0.560678934496, 0.136491426008, 0.525224678443, 0.0353830758547, 0.649935502995, 0.0458279126218, 0.270728663857, 0.374605222976, 0.400728479568, 0.641152515486, 0.132012924644, 0.154651703054, 0.166780625729, 0.527819633224, 0.501193190437, 0.317194066928, 0.0977865411599, 0.810358123168, 0.478372555032, 0.400071981955, 0.503086392509, 0.50679221215, 0.598021611098, 0.965907028757, 0.560678934496, 25.8242697768
0.001659633841, 0.920376814251, 0.209049600774, 0.288257342171, 0.862166002176, 0.203424840213, 0.724361367129, 0.820603894518, 0.262940097682, 0.318310982459, 0.56546680999, 0.754872209214, 0.608208743865, 0.0668098533605, 0.568928275627, 0.876616228165, 0.392732534662, 0.319847577253, 0.63339704595, 0.407734498642, 0.243917693491, 0.500544472394, 0.0123305220297, 0.546369824106, 0.001659633841, 0.920376814251, 0.209049600774, 0.288257342171, 31.2726430975
0.309455499934, 0.0769146982472, 0.0503696048174, 0.669369091666, 0.665809539338, 0.188507102487, 0.449919074153, 0.981524634287, 0.736694701032, 0.630692401674, 0.37534663062, 0.359248296508, 0.476375073426, 0.825490808557, 0.160418680735, 0.749551580518, 0.187984567865, 0.73323752111, 0.569614923769, 0.665480482424, 0.513026598398, 0.231782756844, 0.992196558309, 0.623331077894, 0.309455499934, 0.0769146982472, 0.0503696048174, 0.669369091666, 34.7058054566
0.391735093215, 0.337006268, 0.187835868343, 0.3589612703, 0.941141747903, 0.723375149259, 0.936367645048, 0.736787802509, 0.0442291924328, 0.710670927337, 0.339666863043, 0.525451496963, 0.804543779027, 0.0442642854881, 0.183135825735, 0.465794807104, 0.0183721982903, 0.112113516494, 0.262742250654, 0.686375434519, 0.0483666100001, 0.234668975758, 0.0178148761156, 0.00613286194672, 0.391735093215, 0.337006268, 0.187835868343, 0.3589612703, 27.4121191953
0.328733708046, 0.454912074685, 0.225226546219, 0.213166617759, 0.862241756057, 0.379151671396, 0.183637859841, 0.0775070714182, 0.9190580413, 0.492453506561, 0.488114285768, 0.619197455344, 0.291930131853, 0.224778144163, 0.395355643015, 0.268874793858, 0.703218379879, 0.335787233827, 0.144618086827, 0.24721971511, 0.0182474287431, 0.937637102065, 0.715015495527, 0.331377180863, 0.328733708046, 0.454912074685, 0.225226546219, 0.213166617759, 29.175009585
0.0433312111927, 0.519715500191, 0.770269928209, 0.780217659868, 0.695120632357, 0.887931821751, 0.112234724221, 0.865736661885, 0.664045811967, 0.472299397725, 0.496296511858, 0.419985554083, 0.0845456598449, 0.0941892791938, 0.5158817708, 0.0377651537423, 0.177920098938, 0.310514991636, 0.698390358812, 0.62615714255, 0.169873354095, 0.0289895374623, 0.446397335795, 0.729102837024, 0.0433312111927, 0.519715500191, 0.770269928209, 0.780217659868, 28.5828249281
0.936194094229, 0.465594988278, 0.0814857973755, 0.67202005335, 0.433010900736, 0.0204585041979, 0.030810170677, 0.11936073485, 0.837760392208, 0.681694056066, 0.694396085084, 0.140015844524, 0.799091168187, 0.691952065014, 0.224702575034, 0.277759406407, 0.00406004811156, 0.0493108255067, 0.591524660217, 0.820726631305, 0.380084238728, 0.0781563580505, 0.0680280007923, 0.192615452437, 0.936194094229, 0.465594988278, 0.0814857973755, 0.67202005335, 25.6079239082
0.0114724515097, 0.35451761975, 0.928335892857, 0.200054349857, 0.0991704686429, 0.321605891603, 0.747712285416, 0.0931959372815, 0.900450184738, 0.284796463063, 0.185517080532, 0.696710513805, 0.701114118766, 0.920761239929, 0.842758920632, 0.894425327901, 0.288680412142, 0.592744418105, 0.150890157141, 0.118810478771, 0.575306421767, 0.512262017542, 0.72831933204, 0.930825774033, 0.0114724515097, 0.35451761975, 0.928335892857, 0.200054349857, 33.3022554044
0.101797887387, 0.941182321592, 0.58089096725, 0.122495105381, 0.538000094074, 0.703814976853, 0.49262573668, 0.390300795415, 0.2887188709, 0.95192497421, 0.763244248354, 0.828981524282, 0.0551508525179, 0.834685080397, 0.736837170234, 0.858160416944, 0.962035188744, 0.994190978942, 0.430907769778, 0.0387101398141, 0.405072230806, 0.161647565724, 0.517286133219, 0.0652392679338, 0.101797887387, 0.941182321592, 0.58089096725, 0.122495105381, 34.3047942765
0.49752516856, 0.0511789119923, 0.0303404538683, 0.919413179192, 0.217638938724, 0.0490926729771, 0.423353475772, 0.751157770283, 0.280124952177, 0.49822559825, 0.741720721496, 0.462805034524, 0.597716354094, 0.692929427033, 0.534988917709, 0.580724826033, 0.118288566572, 0.680608119305, 0.40530707277, 0.257809310623, 0.317511168509, 0.405933148604, 0.201413756981, 0.282685031814, 0.49752516856, 0.0511789119923, 0.0303404538683, 0.919413179192, 28.7762172976
0.902428560448, 0.604262834073, 0.862889510752, 0.193490242153, 0.540572698628, 0.800858901834, 0.465213524813, 0.0151134537836, 0.0525015734189, 0.509158467514, 0.00152480226874, 0.669590921873, 0.0292024947883, 0.238119003231, 0.702771465924, 0.355962309986, 0.100721022447, 0.904945918573, 0.564860205933, 0.11771466414, 0.0440135091417, 0.222671029787, 0.978748857227, 0.345815502888, 0.902428560448, 0.604262834073, 0.862889510752, 0.193490242153, 26.4487914006
0.821961463357, 0.715290329878, 0.692432180096, 0.65355246649, 0.471781339088, 0.692707002724, 0.490106697122, 0.620572572051, 0.141917420246, 0.58104123032, 0.322004062175, 0.527309508288, 0.00612502174991, 0.462153137484, 0.298782683058, 0.217705045394, 0.29637617534, 0.255404779544, 0.0115758742527, 0.577855723365, 0.323340894677, 0.439671537134, 0.277615477822, 0.550059112383, 0.821961463357, 0.715290329878, 0.692432180096, 0.65355246649, 26.2101838879
0.0665380255703, 0.461944355735, 0.7630772694, 0.509352605823, 0.893269484828, 0.303852055482, 0.691455834872, 0.828553357757, 0.467324054815, 0.316122472291, 0.869760059509, 0.848801955229, 0.301409168118, 0.538086628821, 0.354312766884, 0.0677066220353, 0.169678736606, 0.0919767086793, 0.535471317865, 0.53948456594, 0.218457118979, 0.669713467033, 0.828230909233, 0.409011476161, 0.0665380255703, 0.461944355735, 0.7630772694, 0.509352605823, 32.029549825
0.900820291725, 0.739178714303, 0.612695555891, 0.275051514669, 0.881321012823, 0.432346835078, 0.944279301561, 0.723687249134, 0.0457753868315, 0.392497705768, 0.803083659492, 0.51554102547, 0.381058522585, 0.0445471351438, 0.190985010584, 0.465436851256, 0.669796952705, 0.110015131855, 0.426986647798, 0.831009129653, 0.0230334854255, 0.758352742862, 0.224294998367, 0.241977091656, 0.900820291725, 0.739178714303, 0.612695555891, 0.275051514669, 29.7150260624
0.341929395746, 0.126840970117, 0.132272968148, 0.642801305382, 0.862025849602, 0.379430075447, 0.771968042735, 0.372034949914, 0.878216163913, 0.694526139434, 0.246459523337, 0.618902120338, 0.288811548117, 0.177542349066, 0.133894657221, 0.351844753191, 0.34504536583, 0.9784103676, 0.70530232715, 0.247258153884, 0.165234595187, 0.493765040207, 0.748272163436, 0.66601517482, 0.341929395746, 0.126840970117, 0.132272968148, 0.642801305382, 32.4789716135
0.175405468982, 0.661521029291, 0.585133265709, 0.397108545536, 0.289949334168, 0.0583495868729, 0.179023862038, 0.796086366501, 0.0496966646912, 0.136529687672, 0.611225964572, 0.235455481925, 0.446759364159, 0.762446555815, 0.643523708828, 0.38217502694, 0.302601691342, 0.478950712406, 0.861630392355, 0.893352228325, 0.318738404667, 0.836923928232, 0.611818968606, 0.774720098027, 0.175405468982, 0.661521029291, 0.585133265709, 0.397108545536, 31.4593019522
0.129983524142, 0.124251103898, 0.353095814278, 0.570512972743, 0.375422583059, 0.439206138232, 0.82943368424, 0.629683112254, 0.988738002832, 0.406895558506, 0.301056252207, 0.220021739515, 0.613147640248, 0.0313752450483, 0.443057258587, 0.915274700106, 0.0180277916388, 0.485760259454, 0.165082996639, 0.620188376246, 0.274505765168, 0.964615750939, 0.724812258375, 0.18028621247, 0.129983524142, 0.124251103898, 0.353095814278, 0.570512972743, 31.4586641994
0.197759823065, 0.510424740246, 0.379633316517, 0.818125848412, 0.901663547218, 0.904328658224, 0.807510831021, 0.132740757371, 0.283103298705, 0.182089333864, 0.88324377706, 0.687045449914, 0.857705825532, 0.158600242437, 0.423884825285, 0.0849384671653, 0.513388683681, 0.359143021814, 0.157193693105, 0.50840470098, 0.363476091709, 0.934438856794, 0.551544884237, 0.058876207984, 0.197759823065, 0.510424740246, 0.379633316517, 0.818125848412, 31.4416229213
0.90931907348, 0.59195143952, 0.072470794315, 0.455332012595, 0.175786156151, 0.881625092044, 0.279366657319, 0.00803700588483, 0.239108378885, 0.0944524726424, 0.528628635504, 0.596526998492, 0.400712483174, 0.876025820654, 0.024783114139, 0.848046177981, 0.262824709418, 0.963347066735, 0.812743859331, 0.981545691854, 0.18051179426, 0.808677583002, 0.846908214043, 0.546066494493, 0.90931907348, 0.59195143952, 0.072470794315, 0.455332012595, 32.8444609781
0.798423391147, 0.234900675128, 0.63886331287, 0.780217659868, 0.972309785348, 0.887931821751, 0.112234724221, 0.865736661885, 0.0322095560917, 0.472299397725, 0.496296511858, 0.535510695539, 0.826487101587, 0.0941892791938, 0.0497851839277, 0.0377651537423, 0.177920098938, 0.310514991636, 0.91474672521, 0.62615714255, 0.183533326429, 0.0278054390115, 0.446397335795, 0.729292691475, 0.798423391147, 0.234900675128, 0.63886331287, 0.780217659868, 28.9635521886
0.485754887583, 0.602605351982, 0.787999005594, 0.259707374764, 0.136106170211, 0.773532429902, 0.0331714095135, 0.960518272209, 0.688973745229, 0.312617266582, 0.633589405811, 0.396502449832, 0.245059215358, 0.907812822481, 0.452336560512, 0.638205863422, 0.245444426983, 0.500517622006, 0.513989764076, 0.422503096891, 0.724696582999, 0.773857418228, 0.52711725092, 0.206912297744, 0.485754887583, 0.602605351982, 0.787999005594, 0.259707374764, 32.206997322
0.966453298601, 0.509546585455, 0.147251797779, 0.819525763825, 0.778373465748, 0.652155135372, 0.0016774739349, 0.114644668759, 0.657958383105, 0.195457902041, 0.859796171873, 0.687998140425, 0.536541683148, 0.129532887901, 0.815422826607, 0.0849074749047, 0.513256707497, 0.959584758028, 0.1566579113, 0.47953420771, 0.0486652235199, 0.558804210684, 0.242368806334, 0.0106713697638, 0.966453298601, 0.509546585455, 0.147251797779, 0.819525763825, 28.4212007868
0.672476888604, 0.229695153812, 0.791189501632, 0.43061690875, 0.148103210835, 0.774961535587, 0.606753858412, 0.219243782145, 0.799190464459, 0.360667316565, 0.477756564307, 0.600653225227, 0.324489840553, 0.852078687226, 0.111372411227, 0.108635853769, 0.454810290334, 0.268248426466, 0.929061774417, 0.311714272005, 0.861086774636, 0.135173662858, 0.913082834609, 0.272731461616, 0.672476888604, 0.229695153812, 0.791189501632, 0.43061690875, 30.833228923
0.170723489465, 0.55202121348, 0.786131951579, 0.193534294685, 0.144680132802, 0.79518213851, 0.445205489906, 0.652956510878, 0.693440951166, 0.510458756182, 0.926519370825, 0.253788446774, 0.771038760979, 0.239497214456, 0.404678850828, 0.642015213318, 0.84031211618, 0.295048093287, 0.611270470932, 0.64830884475, 0.0726934389638, 0.225415376459, 0.981411002058, 0.349079370534, 0.170723489465, 0.55202121348, 0.786131951579, 0.193534294685, 33.0971811961
0.902428560448, 0.604262834073, 0.930994329948, 0.462257154835, 0.540572698628, 0.800858901834, 0.465213524813, 0.00217381334198, 0.0525015734189, 0.264349680255, 0.444460384119, 0.379120093423, 0.0292024947883, 0.238996589062, 0.702771465924, 0.355962309986, 0.100721022447, 0.903878394513, 0.564860205933, 0.11771466414, 0.0992798078049, 0.222671029787, 0.864282989418, 0.345815502888, 0.902428560448, 0.604262834073, 0.930994329948, 0.462257154835, 26.1947775096
0.315152387808, 0.220672102078, 0.871072957578, 0.187347289671, 0.7046978825, 0.982326483025, 0.214731927954, 0.715949985269, 0.545650260683, 0.804074027006, 0.526376972874, 0.46904511054, 0.172641281254, 0.90208386241, 0.165884565702, 0.635734995757, 0.493751417262, 0.313973351904, 0.756417377622, 0.856163433877, 0.385020700963, 0.896793853063, 0.934950270888, 0.858351531039, 0.315152387808, 0.220672102078, 0.871072957578, 0.187347289671, 37.0269707605
0.0728151372541, 0.734346905181, 0.3944648858, 0.91691772807, 0.0851970359482, 0.982834977803, 0.470868240797, 0.541784936692, 0.99694113963, 0.161333658878, 0.129313878791, 0.353215393486, 0.743449173633, 0.269173733715, 0.966052447474, 0.652610865179, 0.341340964621, 0.730686454498, 0.886832757427, 0.979152755128, 0.0312710356766, 0.0735271903674, 0.447613892946, 0.422035043085, 0.0728151372541, 0.734346905181, 0.3944648858, 0.91691772807, 32.3950718056
0.154136503856, 0.416290213203, 0.336808821601, 0.531870818393, 0.85860649747, 0.964481984527, 0.791249795044, 0.197113595266, 0.260445103091, 0.759233999773, 0.848514004588, 0.906080645549, 0.853409391264, 0.868336772946, 0.192903388617, 0.782535120853, 0.578935958227, 0.431542441195, 0.775480942942, 0.353444970413, 0.180238815608, 0.90123526138, 0.12027035352, 0.99750666587, 0.154136503856, 0.416290213203, 0.336808821601, 0.531870818393, 38.1967560266
0.899098230257, 0.753448198897, 0.614769884236, 0.275051514669, 0.880213313382, 0.432346835078, 0.944279301561, 0.723687249134, 0.0457753868315, 0.00734426997315, 0.810439868364, 0.516738934627, 0.381058522585, 0.0445471351438, 0.18286318663, 0.465436851256, 0.670333930102, 0.110015131855, 0.430194557158, 0.384156181058, 0.0230334854255, 0.758352742862, 0.224294998367, 0.241977091656, 0.899098230257, 0.753448198897, 0.614769884236, 0.275051514669, 27.8638449675
0.798423391147, 0.23461689828, 0.646128972458, 0.78555426224, 0.972309785348, 0.887931821751, 0.112234724221, 0.70860381533, 0.0120811770679, 0.472299397725, 0.21790991991, 0.750171222939, 0.826487101587, 0.0941892791938, 0.0590357773454, 0.266273598737, 0.177920098938, 0.310514991636, 0.91474672521, 0.642104389514, 0.183533326429, 0.0278054390115, 0.446397335795, 0.729292691475, 0.798423391147, 0.23461689828, 0.646128972458, 0.78555426224, 28.9752330718
0.166786296068, 0.261860759462, 0.959443747299, 0.270665187218, 0.618759336226, 0.332063919508, 0.269178822154, 0.133831814712, 0.689502714769, 0.353550981811, 0.806065605887, 0.257291551174, 0.931527090422, 0.212775066005, 0.912890959491, 0.876605301415, 0.262892089671, 0.281923675931, 0.595889037186, 0.332806919189, 0.485082190317, 0.940767517529, 0.617791731833, 0.088813862193, 0.166786296068, 0.261860759462, 0.959443747299, 0.270665187218, 31.930419354
0.266014581876, 0.220410590593, 0.506674021871, 0.55239959928, 0.40461719313, 0.474912910993, 0.44679442107, 0.265423971325, 0.244292437269, 0.835007764624, 0.682138293001, 0.137504851558, 0.0541238087235, 0.170658357778, 0.69397631297, 0.857662866109, 0.701901005246, 0.703475313249, 0.549958619061, 0.355502427322, 0.448083709356, 0.700824283358, 0.109695871274, 0.552728826003, 0.266014581876, 0.220410590593, 0.506674021871, 0.55239959928, 30.9265403453
0.135376788913, 0.784674832594, 0.220077463803, 0.63484031252, 0.50493939587, 0.16248042825, 0.786365769131, 0.947124270842, 0.171457513167, 0.0132590251093, 0.988903612158, 0.972177297372, 0.851636792545, 0.837909602988, 0.990041249882, 0.932483406417, 0.34668957019, 0.991708849241, 0.00284299400736, 0.29749408977, 0.165849136434, 0.487828321423, 0.756692811751, 0.516769062027, 0.135376788913, 0.784674832594, 0.220077463803, 0.63484031252, 35.7309775617
0.251642341125, 0.232050496058, 0.994151373848, 0.590656363615, 0.356559149814, 0.0747199936121, 0.448139277425, 0.722010126517, 0.767518267773, 0.241093691822, 0.368644948163, 0.340626710619, 0.0642054686308, 0.196044202466, 0.0910296577429, 0.87349952366, 0.742943984087, 0.65596799301, 0.724966279709, 0.321525808372, 0.91647413479, 0.763244951667, 0.429647887507, 0.0167419692049, 0.251642341125, 0.232050496058, 0.994151373848, 0.590656363615, 30.0541311974
0.292848029852, 0.0511789119923, 0.0301573925027, 0.919413179192, 0.217638938724, 0.0490926729771, 0.423132457047, 0.708080859246, 0.280124952177, 0.49822559825, 0.741720721496, 0.510220564155, 0.597185450534, 0.801305177825, 0.534988917709, 0.580724826033, 0.236004782526, 0.683613567793, 0.405114382104, 0.173708286991, 0.322086050701, 0.405933148604, 0.201413756981, 0.282685031814, 0.292848029852, 0.0511789119923, 0.0301573925027, 0.919413179192, 29.0323074105
0.821498399468, 0.124115390311, 0.131386416147, 0.648626410313, 0.606072260754, 0.965508237442, 0.770994246663, 0.378958347711, 0.171457513167, 0.0132590251093, 0.38400980491, 0.270231326537, 0.851636792545, 0.837909602988, 0.990041249882, 0.932483406417, 0.346980549749, 0.991708849241, 0.48053802568, 0.29749408977, 0.165849136434, 0.493690160994, 0.756692811751, 0.651804281196, 0.821498399468, 0.124115390311, 0.131386416147, 0.648626410313, 34.9016004755
