0.837741445963, 0.0246133550383, 0.493925658057, 0.0303376158004, 0.274604041416, 0.174321740046, 0.816710783285, 0.0466107267127, 0.258743285953, 0.301663503282, 0.0360054580884, 0.215923193837, 0.328857638636, 0.00167822640484, 0.452639821422, 0.0221327311497, 0.802416235219, 0.122619496095, 0.164890216535, 0.369496998728, 0.0333551033613, 0.0989015150007, 0.514460020267, 0.56656985178, 0.271219318915, 0.262608725576, 0.823304363806, 0.837741445963, 0.0246133550383, 0.493925658057, 0.0303376158004, 0.274604041416, 0.174321740046, 0.816710783285, 35.8605478292
0.895205935653, 0.776965040778, 0.706046344254, 0.375326640984, 0.00698318888548, 0.172366418975, 0.916433919997, 0.696973036165, 0.34975376474, 0.621604518788, 0.00471611715222, 0.000774881824614, 0.390199883243, 0.863939476999, 0.48312340485, 0.788936183333, 0.630622054368, 0.982196381489, 0.761822030933, 0.720872728703, 0.959322354135, 0.0987341428054, 0.197045885536, 0.943687505859, 0.282417868124, 0.26147980872, 0.745043347077, 0.895205935653, 0.776965040778, 0.706046344254, 0.375326640984, 0.00698318888548, 0.172366418975, 0.916433919997, 53.4859714773
0.134420451826, 0.99974823996, 0.0198219475386, 0.272349911765, 0.924077113891, 0.149693951348, 0.0420406591432, 0.555541635994, 0.596091757938, 0.969475940614, 0.809339566629, 0.916540521826, 0.521127391892, 0.761407905664, 0.374535834321, 0.686544007311, 0.836015463963, 0.346629071276, 0.529282313447, 0.0125216774192, 0.799884283283, 0.743735038179, 0.128272028651, 0.143363220649, 0.194002922256, 0.0467181296869, 0.615196684799, 0.134420451826, 0.99974823996, 0.0198219475386, 0.272349911765, 0.924077113891, 0.149693951348, 0.0420406591432, 53.3449410736
0.613008691124, 0.0604482320199, 0.429778193205, 0.00224522452147, 0.274604041416, 0.859608898375, 0.155376935064, 0.0466107267127, 0.535402901743, 0.301663503282, 0.0360054580884, 0.215923193837, 0.576037639577, 0.00167822640484, 0.925639718721, 0.022403375402, 0.373085214369, 0.122619496095, 0.164890216535, 0.666180535377, 0.0333551033613, 0.0989015150007, 0.514460020267, 0.662835530363, 0.215682358009, 0.262608725576, 0.56549837194, 0.613008691124, 0.0604482320199, 0.429778193205, 0.00224522452147, 0.274604041416, 0.859608898375, 0.155376935064, 38.3539519091
0.204227390446, 0.999098883553, 0.0198219475386, 0.101475619273, 0.580407649038, 0.0923469521643, 0.000209684086503, 0.406150833821, 0.702546590011, 0.227363890324, 0.551750834404, 0.4549013094, 0.765315014956, 0.982576201183, 0.432009843622, 0.389055060364, 0.710699659924, 0.619107275624, 0.622521274365, 0.739010133796, 0.0655511293038, 0.885888497945, 0.751663591516, 0.377298173652, 0.720770545169, 0.364752330505, 0.336317807833, 0.204227390446, 0.999098883553, 0.0198219475386, 0.101475619273, 0.580407649038, 0.0923469521643, 0.000209684086503, 55.5561214528
0.167571254126, 0.00172078810623, 0.716593316421, 0.668745536038, 0.824325495847, 0.644022296462, 0.898582912739, 0.499585947038, 0.421794798388, 0.155673831095, 0.741295265665, 0.0139507398416, 0.231638211557, 0.62720132519, 0.0424920514165, 0.523984704218, 0.0587175555771, 0.585657754744, 0.11570078303, 0.999685362036, 0.677814389192, 0.990812604186, 0.936885523875, 0.836924261978, 0.846055918606, 0.251575773574, 0.484139340004, 0.167571254126, 0.00172078810623, 0.716593316421, 0.668745536038, 0.824325495847, 0.644022296462, 0.898582912739, 50.9406273373
0.0913680800712, 0.308930700764, 0.000468205754062, 0.12155643759, 0.294683870538, 0.475829744375, 0.961669954916, 0.183213777819, 0.351766274445, 0.827291931646, 0.827085808313, 0.812947480984, 0.241430100285, 0.709323123067, 0.873498351305, 0.810243658179, 0.477437733928, 0.375684620935, 0.704317022504, 0.376311641568, 0.859626585313, 0.727964639452, 0.142875100699, 0.0620150821145, 0.708818430232, 0.937165430101, 0.642057096247, 0.0913680800712, 0.308930700764, 0.000468205754062, 0.12155643759, 0.294683870538, 0.475829744375, 0.961669954916, 57.3853441582
0.0179802219832, 0.665844681592, 0.302945381487, 0.656309965342, 0.993039733238, 0.0406293672121, 0.0865386041232, 0.400212133887, 0.332679987507, 0.232571747779, 0.132585303079, 0.450522338073, 0.864232162339, 0.977998660121, 0.0674029381001, 0.288185513787, 0.0836590963189, 0.252248252381, 0.00979126976195, 0.987191114611, 0.261551937556, 0.30673550643, 0.434986478105, 0.333585513881, 0.708801209038, 0.0802393818356, 0.249942460955, 0.0179802219832, 0.665844681592, 0.302945381487, 0.656309965342, 0.993039733238, 0.0406293672121, 0.0865386041232, 42.3222626829
0.537744646091, 0.0125869691798, 0.0377322531199, 0.656309965342, 0.326923308602, 0.653002011273, 0.999278183478, 0.784429492015, 0.743064265261, 0.00018483284243, 0.636588330718, 0.708394230826, 0.838661404122, 0.0106574865808, 0.116782365202, 0.76318537309, 0.196104414208, 0.127504747698, 0.00979126976195, 0.845102467644, 0.504100404093, 0.411033412879, 0.372886805117, 0.0762920725192, 0.386900722679, 0.0283614639146, 0.168148074042, 0.537744646091, 0.0125869691798, 0.0377322531199, 0.656309965342, 0.326923308602, 0.653002011273, 0.999278183478, 43.3518261644
0.62528466185, 0.121134027094, 0.0159167345805, 0.291663857678, 0.204210285817, 0.969702379094, 0.150206981377, 0.867377080613, 0.363871905849, 0.157819066638, 0.0250697715169, 0.153832514381, 0.635264222565, 0.989064766777, 0.0837097236544, 0.101131032844, 0.740500741783, 0.467390064238, 0.947823203952, 0.224787697518, 0.393597897695, 0.794223390788, 0.884582902781, 0.652680818707, 0.439207209736, 0.86037842082, 0.660922960657, 0.62528466185, 0.121134027094, 0.0159167345805, 0.291663857678, 0.204210285817, 0.969702379094, 0.150206981377, 52.9663428813
0.00150423274985, 0.939678890012, 0.00864924098995, 0.792970484806, 0.980184080749, 0.161003938197, 0.146312640747, 0.954641138156, 0.618180907019, 0.259863583178, 0.741295265665, 0.124948231765, 0.819499581542, 0.737004929003, 0.0904982914398, 0.230315556298, 0.329907494216, 0.612122660425, 0.0614646649291, 0.533874054016, 0.789128508439, 0.591088100455, 0.694191693378, 0.339650347078, 0.70704602341, 0.147327673545, 0.504333407839, 0.00150423274985, 0.939678890012, 0.00864924098995, 0.792970484806, 0.980184080749, 0.161003938197, 0.146312640747, 50.6149736993
0.00265769311967, 0.811507184488, 0.988273115413, 0.709686328069, 0.781899975175, 0.135128062744, 0.178605117832, 0.00312162505638, 0.0138865512316, 0.685566857061, 0.212078808961, 0.450522338073, 0.810214967407, 0.297752736743, 0.0787846188261, 0.448225174634, 0.287226021109, 0.152805385263, 0.865265761339, 0.127377692459, 0.261551937556, 0.846699077682, 0.878287488664, 0.565084955221, 0.207011495213, 0.0802393818356, 0.186567383031, 0.00265769311967, 0.811507184488, 0.988273115413, 0.709686328069, 0.781899975175, 0.135128062744, 0.178605117832, 41.8282150313
0.0427007833728, 0.26435021861, 0.287612117027, 0.998974944492, 0.190058111069, 0.521442548855, 0.5323390888, 0.0068870398022, 0.221460694416, 0.812614823225, 0.289615792259, 0.550997220857, 0.941526323441, 0.46374697224, 0.21196969523, 0.363254554001, 0.0234921512648, 0.322342524488, 0.926522944742, 0.378437184612, 0.056221894677, 0.15510184542, 0.87133038198, 0.0382525084168, 0.200306291128, 0.186596917077, 0.0424434640544, 0.0427007833728, 0.26435021861, 0.287612117027, 0.998974944492, 0.190058111069, 0.521442548855, 0.5323390888, 41.0307148218
0.972613681964, 0.291665964014, 0.00390406616243, 0.525069089704, 0.585435687759, 0.675877904978, 0.592219986358, 0.840412483959, 0.967311852081, 0.40224153588, 0.161293221722, 0.361849561581, 0.694933433493, 0.389522969907, 0.648288948359, 0.983556929824, 0.0368154895836, 0.964027810795, 0.428350587888, 0.0586151764084, 0.970152931213, 0.729289768, 0.172800646502, 0.981728839728, 0.398453311036, 0.976464464048, 0.999189773313, 0.972613681964, 0.291665964014, 0.00390406616243, 0.525069089704, 0.585435687759, 0.675877904978, 0.592219986358, 59.1582226497
0.976277364466, 0.31698573252, 0.397988836279, 0.0244987457523, 0.169730440411, 0.00211662012388, 0.165405547274, 0.0399196338815, 0.823379411124, 0.353132953065, 0.610209745359, 0.603840185569, 0.929048733238, 0.297752736743, 0.121174408386, 0.957877362619, 0.500300858503, 0.937604913955, 0.908067706287, 0.443959069925, 0.136728329313, 0.950937413444, 0.307099383564, 0.675039431891, 0.771591320155, 0.705401726057, 0.050431030935, 0.976277364466, 0.31698573252, 0.397988836279, 0.0244987457523, 0.169730440411, 0.00211662012388, 0.165405547274, 55.5124690444
0.662028884618, 0.25129304017, 0.174951612606, 0.625585084437, 0.526476096735, 0.000546661859765, 0.0206813944375, 0.440676468807, 0.187668795712, 0.883361379375, 0.50302752307, 0.720215071079, 0.222615309062, 0.976989904008, 0.25821858697, 0.764108557021, 0.578096756612, 0.90245298027, 0.269021062456, 0.273177255359, 0.560720187435, 0.00535251594642, 0.148007341781, 0.517697055457, 0.635544437742, 0.338642821713, 0.130836532514, 0.662028884618, 0.25129304017, 0.174951612606, 0.625585084437, 0.526476096735, 0.000546661859765, 0.0206813944375, 49.1738300248
0.613008691124, 0.0604482320199, 0.493925658057, 0.0303376158004, 0.274604041416, 0.859608898375, 0.816710783285, 0.0466107267127, 0.535402901743, 0.301663503282, 0.00796414527885, 0.215923193837, 0.576037639577, 0.00167822640484, 0.452639821422, 0.022403375402, 0.373085214369, 0.122619496095, 0.164890216535, 0.666180535377, 0.0333551033613, 0.0989015150007, 0.514460020267, 0.56656985178, 0.215682358009, 0.262608725576, 0.56549837194, 0.613008691124, 0.0604482320199, 0.493925658057, 0.0303376158004, 0.274604041416, 0.859608898375, 0.816710783285, 36.0305927001
0.068046742607, 0.453937723388, 0.174951612606, 0.231012825005, 0.320472531155, 0.72086062167, 0.49962389663, 0.481847338098, 0.305350689738, 0.989857630217, 0.561465625386, 0.444504193313, 0.246070931741, 0.296462035615, 0.00327861308251, 0.14632801912, 0.00833758533426, 0.528505718127, 0.428350587888, 0.241718605472, 0.258160395754, 0.00535251594642, 0.768756792451, 0.0223968746362, 0.148042623944, 0.138437288718, 0.6866343527, 0.068046742607, 0.453937723388, 0.174951612606, 0.231012825005, 0.320472531155, 0.72086062167, 0.49962389663, 39.7619636349
0.431191840355, 0.207461524752, 0.67556338214, 0.619283917309, 0.0120594988474, 0.36658457836, 0.343057793239, 0.150328545377, 0.484739551772, 0.505952007219, 0.655047585454, 0.304025759525, 0.784881638986, 0.376984846815, 0.35351819691, 0.997976230869, 0.664882657071, 0.809337979557, 0.18979904503, 0.821849851775, 0.277920379092, 0.429345231839, 0.225016630878, 0.688306797525, 0.205847530662, 0.919046322402, 0.135290355426, 0.431191840355, 0.207461524752, 0.67556338214, 0.619283917309, 0.0120594988474, 0.36658457836, 0.343057793239, 51.4851951805
0.915706963039, 0.88603479252, 0.0159167345805, 0.742873738352, 0.859899999971, 0.862282567973, 0.961669954916, 0.450072196761, 0.363871905849, 0.157819066638, 0.0478911763276, 0.153832514381, 0.635264222565, 0.989064766777, 0.02969413598, 0.0108086719473, 0.740500741783, 0.467390064238, 0.5021230314, 0.376311641568, 0.393597897695, 0.794223390788, 0.884582902781, 0.652680818707, 0.775301421935, 0.86037842082, 0.660922960657, 0.915706963039, 0.88603479252, 0.0159167345805, 0.742873738352, 0.859899999971, 0.862282567973, 0.961669954916, 49.9198922903
0.296398428618, 0.369781452295, 0.73933614783, 0.0652995700842, 0.65092956973, 0.859608898375, 0.0206813944375, 0.998499778618, 0.312746386262, 0.0566449913859, 0.163438865887, 0.646507160021, 0.613321571681, 0.00167822640484, 0.0333826762287, 0.747958501102, 0.941117615167, 0.585657754744, 0.460038653418, 0.303698978222, 0.080282407752, 0.193892987687, 0.0613526550596, 0.497612925138, 0.25099590171, 0.443720019945, 2.90324534694e-05, 0.296398428618, 0.369781452295, 0.73933614783, 0.0652995700842, 0.65092956973, 0.859608898375, 0.0206813944375, 41.8711525389
0.472014072601, 0.721751348695, 0.111411667669, 0.958129376067, 0.407858179526, 0.45181338946, 0.340810242057, 0.0295136029813, 0.920644434107, 0.896216012273, 0.337569183642, 0.0423387941537, 0.624172797188, 0.0161420275576, 0.0760694495026, 0.124699250056, 0.0548537890549, 0.724575379211, 0.552910429429, 0.980998427865, 0.0507572669937, 0.584829404679, 0.036587812657, 0.394873094283, 0.170645228094, 0.92762596261, 0.400018856258, 0.472014072601, 0.721751348695, 0.111411667669, 0.958129376067, 0.407858179526, 0.45181338946, 0.340810242057, 44.0335649701
0.8420978759, 0.0326111360406, 0.155908010826, 0.831776465096, 0.215937669543, 0.471524282993, 0.677827956751, 0.948758212518, 0.503527021501, 0.587321364225, 0.758112994183, 0.477354408761, 0.00962553931892, 0.604080731346, 0.594532397829, 0.0454361032821, 0.17338329262, 0.410265745202, 0.115371550061, 0.158410887857, 0.477655505621, 0.921816418981, 0.203893230316, 0.395254115532, 0.613450149913, 0.503150449596, 0.173887363976, 0.8420978759, 0.0326111360406, 0.155908010826, 0.831776465096, 0.215937669543, 0.471524282993, 0.677827956751, 46.300064713
0.327384003726, 0.280966979722, 0.883801713844, 0.0979814318453, 0.124331163882, 0.812578110062, 0.227974529003, 0.0772248521316, 0.762329658023, 0.312712553851, 0.848652204302, 0.143776195343, 0.520849699368, 0.598526741903, 0.0538250479915, 0.139655254422, 0.248886746436, 0.48027193867, 0.753749690066, 0.464106222614, 0.0985045279233, 0.4334566042, 0.2715049478, 0.124558510032, 0.0869101425141, 0.0464388882122, 0.399055715214, 0.327384003726, 0.280966979722, 0.883801713844, 0.0979814318453, 0.124331163882, 0.812578110062, 0.227974529003, 39.8897853002
0.729504922591, 0.26197218733, 0.538961661851, 0.576027346366, 0.0459976187836, 0.00108879753836, 0.0640460826454, 0.396191904873, 0.352267745577, 0.205585565864, 0.357217687154, 0.199874543452, 0.15488865871, 0.187661379731, 0.407341255974, 0.160946137781, 0.104311793475, 0.787154700155, 0.780812857245, 0.705046054535, 0.854285558772, 0.0964140696088, 0.220501786135, 0.368645015746, 0.450627674516, 0.719284924548, 0.882431927377, 0.729504922591, 0.26197218733, 0.538961661851, 0.576027346366, 0.0459976187836, 0.00108879753836, 0.0640460826454, 45.8515856224
0.909335936462, 0.674388996761, 0.110168374573, 0.0973689641965, 0.743391095844, 0.176277495958, 0.0376527588407, 0.0152115569898, 0.923838993285, 0.893827808668, 0.62759068436, 0.163110799985, 0.485128252425, 0.0582225808239, 0.0025132957819, 0.995197806749, 0.94430949477, 0.393845772719, 0.865775912238, 0.593857512743, 0.917618213509, 0.873772291697, 0.783943073906, 0.0767979267345, 0.451918679988, 0.027033268035, 0.908351067756, 0.909335936462, 0.674388996761, 0.110168374573, 0.0973689641965, 0.743391095844, 0.176277495958, 0.0376527588407, 54.6633659519
0.068046742607, 0.453937723388, 0.692097289545, 0.0787648581475, 0.435919200046, 0.724041814227, 0.765119575781, 0.192950540051, 0.0820467042398, 0.615706039366, 0.299561599149, 0.448134254805, 0.103473012246, 0.757145523248, 0.00137361218185, 0.259022946823, 0.00833758533426, 0.528505718127, 0.0553626107336, 0.241718605472, 0.774418114901, 0.0383578988309, 0.931525403137, 0.0241971185536, 0.750587637221, 0.192117328057, 0.6866343527, 0.068046742607, 0.453937723388, 0.692097289545, 0.0787648581475, 0.435919200046, 0.724041814227, 0.765119575781, 40.5382314861
0.528228475212, 0.376111191658, 0.64348288621, 0.0787648581475, 0.435919200046, 0.578765143971, 0.765119575781, 0.192950540051, 0.305350689738, 0.87683634803, 0.551143329573, 0.423950993803, 0.103473012246, 0.757145523248, 0.00137361218185, 0.259022946823, 0.00833758533426, 0.528505718127, 0.428350587888, 0.241718605472, 0.258160395754, 0.00830616963397, 0.768756792451, 0.0241971185536, 0.750587637221, 0.0693841427313, 0.6866343527, 0.528228475212, 0.376111191658, 0.64348288621, 0.0787648581475, 0.435919200046, 0.578765143971, 0.765119575781, 41.6462443418
0.315696340581, 0.866775752539, 0.240092377268, 0.934497617589, 0.0799580104267, 0.0139068590656, 0.32309076806, 0.485348667185, 0.633089807785, 0.0145502487418, 0.109643938223, 0.566854507412, 0.558966785326, 0.261432750653, 0.907785790608, 0.640173453178, 0.418675390014, 0.636759235546, 0.957465677262, 0.809714539637, 0.322011948802, 0.832303648484, 0.792372989062, 0.263550634848, 0.159100902281, 0.988978179078, 0.42584793678, 0.315696340581, 0.866775752539, 0.240092377268, 0.934497617589, 0.0799580104267, 0.0139068590656, 0.32309076806, 53.8642824428
0.47959477267, 0.409994410993, 0.339878231459, 0.355596036032, 0.491429312612, 0.900682706749, 0.29739074754, 0.958397140333, 0.410997709615, 0.331886302235, 0.675249889944, 0.797320056795, 0.0750111217348, 0.261432750653, 0.488358925954, 0.0141254681354, 0.940667448834, 0.510225556345, 0.101106623374, 0.00609051578984, 0.22913242372, 0.907502153553, 0.28485301264, 0.267897443754, 0.279438948037, 0.633654131625, 0.865034609227, 0.47959477267, 0.409994410993, 0.339878231459, 0.355596036032, 0.491429312612, 0.900682706749, 0.29739074754, 47.996834325
0.573975475062, 0.109428164842, 0.367975869312, 0.455433001719, 0.941188064277, 0.41898853647, 0.723553107644, 0.90237175283, 0.940489746626, 3.64923660002e-05, 0.289615792259, 0.892904493398, 0.742082010704, 0.607299586342, 0.743083895492, 0.389324682957, 0.172734263909, 0.0922318147475, 0.465695806365, 0.973122172385, 0.129427057375, 0.143360541902, 0.889782882325, 0.023125856184, 0.635544437742, 0.0545964524651, 0.516427736382, 0.573975475062, 0.109428164842, 0.367975869312, 0.455433001719, 0.941188064277, 0.41898853647, 0.723553107644, 49.9111843436
0.134420451826, 0.476531240444, 0.0797243333564, 0.0206654652301, 0.264286471666, 0.0567403522895, 0.0561583174663, 0.313278566018, 0.228171731437, 0.43862717972, 0.50302752307, 0.303943333733, 0.18128603737, 0.945172757951, 0.043761990431, 0.0621073257565, 0.276122835282, 0.997175881763, 0.488426300098, 0.0277304734448, 0.435695703413, 0.159867913742, 0.18289304772, 0.790852138362, 0.893591329055, 0.17932954346, 0.592418302419, 0.134420451826, 0.476531240444, 0.0797243333564, 0.0206654652301, 0.264286471666, 0.0567403522895, 0.0561583174663, 44.7679224483
0.0913680800712, 0.0118016500608, 0.310103682251, 0.12155643759, 0.536038897157, 0.475829744375, 0.923725163083, 0.183213777819, 0.351766274445, 0.827291931646, 0.827085808313, 0.858047962776, 0.241430100285, 0.709323123067, 0.873498351305, 0.810243658179, 0.477437733928, 0.236082377987, 0.704317022504, 0.2388602583, 0.859626585313, 0.727964639452, 0.142875100699, 0.0620150821145, 0.708818430232, 0.937165430101, 0.642057096247, 0.0913680800712, 0.0118016500608, 0.310103682251, 0.12155643759, 0.536038897157, 0.475829744375, 0.923725163083, 56.5849695073
0.972613681964, 0.291665964014, 0.00390406616243, 0.174908739459, 0.799726857078, 0.675877904978, 0.592219986358, 0.840412483959, 0.967311852081, 0.40224153588, 0.161293221722, 0.361849561581, 0.694933433493, 0.141197484332, 0.648288948359, 0.983556929824, 0.0368154895836, 0.122619496095, 0.428350587888, 0.0586151764084, 0.970152931213, 0.729289768, 0.10816942774, 0.964951009199, 0.398453311036, 0.976464464048, 0.998142337475, 0.972613681964, 0.291665964014, 0.00390406616243, 0.174908739459, 0.799726857078, 0.675877904978, 0.592219986358, 54.600661706
0.188791605444, 0.0125869691798, 0.0377322531199, 0.368386269531, 0.962394801146, 0.119642197659, 0.89696513136, 0.922112100593, 0.857903659881, 0.00018483284243, 0.75887935028, 0.708394230826, 0.838661404122, 0.212339596371, 0.116782365202, 0.76318537309, 0.215810761199, 0.127504747698, 0.00595468685096, 0.845102467644, 0.504100404093, 0.411033412879, 0.596288500471, 0.327094389479, 0.721860553651, 0.0283614639146, 0.0321632016631, 0.188791605444, 0.0125869691798, 0.0377322531199, 0.368386269531, 0.962394801146, 0.119642197659, 0.89696513136, 47.6277285854
0.895205935653, 0.776965040778, 0.0249422905803, 0.381003739175, 0.00698318888548, 0.309632867688, 0.916433919997, 0.696973036165, 0.856153219433, 0.621604518788, 0.00471611715222, 0.000774881824614, 0.390199883243, 0.863939476999, 0.48312340485, 0.788936183333, 0.0821945982551, 0.982196381489, 0.761822030933, 0.506607506262, 0.959322354135, 0.0987341428054, 0.197045885536, 0.645997343435, 0.282417868124, 0.26147980872, 0.114693980197, 0.895205935653, 0.776965040778, 0.0249422905803, 0.381003739175, 0.00698318888548, 0.309632867688, 0.916433919997, 49.4893438688
0.59607898066, 0.67100736864, 0.244895980732, 0.420428335934, 0.700509922479, 0.578765143971, 0.027987319629, 0.136582724994, 0.0622294825777, 0.288487482491, 0.0861741135959, 0.0126128026046, 0.921550390267, 0.450313158652, 0.650735994382, 0.55941230932, 0.0676636587211, 0.138749813173, 0.153242934834, 0.0950699772192, 0.592778514963, 0.122869689265, 0.574340120493, 0.986503173907, 0.505735693406, 0.847305642661, 0.00845880156338, 0.59607898066, 0.67100736864, 0.244895980732, 0.420428335934, 0.700509922479, 0.578765143971, 0.027987319629, 41.6911115225
0.710558620761, 0.12507066343, 0.337922119124, 0.191244281242, 0.32529219495, 0.82931398285, 0.428292418341, 0.406150833821, 0.658560109815, 0.0649132588371, 0.580539286266, 0.966355331433, 0.765315014956, 0.167876946203, 0.929339962418, 0.844689202158, 0.710699659924, 0.116631639359, 0.0366920781918, 0.827293027011, 0.384024873335, 0.123648588712, 0.396506310304, 0.207381066913, 0.439207209736, 0.353867948132, 0.331693858568, 0.710558620761, 0.12507066343, 0.337922119124, 0.191244281242, 0.32529219495, 0.82931398285, 0.428292418341, 48.7192687122
0.00429692446015, 0.573568353136, 0.340514742779, 0.709686328069, 0.943729621026, 0.389321317585, 0.0250849985751, 0.400212133887, 0.940390684174, 0.312712553851, 0.181230582218, 0.156700006614, 0.810214967407, 0.949018490389, 0.0787846188261, 0.80990251407, 0.676857442041, 0.101876904215, 0.92118971618, 0.127377692459, 0.261551937556, 0.592806881797, 0.953571971705, 0.565084955221, 0.708801209038, 0.792942532205, 0.186567383031, 0.00429692446015, 0.573568353136, 0.340514742779, 0.709686328069, 0.943729621026, 0.389321317585, 0.0250849985751, 53.2442308889
0.63626586706, 0.350157616373, 0.427684601937, 0.333657608644, 0.112649032201, 0.340805769201, 0.256937863267, 0.501574405673, 0.806097132123, 0.474334204453, 0.669823336366, 0.411599202768, 0.1130028293, 0.316095346677, 0.018595254118, 0.103780178122, 0.0836590963189, 0.140418220174, 0.520739370462, 0.461071153614, 0.056221894677, 0.123449447026, 0.446448641539, 0.374835688674, 0.530729292068, 0.385041567805, 0.548749439174, 0.63626586706, 0.350157616373, 0.427684601937, 0.333657608644, 0.112649032201, 0.340805769201, 0.256937863267, 41.1438192715
0.24668274308, 0.104036422285, 0.0835339759717, 0.306154417282, 0.335885398113, 0.929940134343, 0.00103760268585, 0.304950669197, 0.686266194549, 0.00018483284243, 0.417900446415, 0.263300824391, 0.593924803796, 0.343833607973, 0.0298118153535, 0.455274483993, 0.316673561837, 0.689850086013, 0.468933188347, 0.381225621608, 0.261551937556, 0.945171887212, 0.347532745575, 0.532313385293, 0.12151656308, 0.338642821713, 0.938324248315, 0.24668274308, 0.104036422285, 0.0835339759717, 0.306154417282, 0.335885398113, 0.929940134343, 0.00103760268585, 45.8143492549
0.966377837986, 0.30032563389, 0.213781892642, 0.374128357471, 0.218835998453, 0.600167687978, 0.0544152587414, 0.637292363245, 0.173704680974, 0.805169085343, 0.994139035146, 0.241726036427, 0.635491150927, 0.623490392872, 0.766352811855, 0.0439853446804, 0.34514521867, 0.535283371623, 0.108470111706, 0.391577170315, 0.901490951812, 0.00190066552084, 0.890724119691, 0.00211890523135, 0.358456101958, 0.118579889509, 0.745043347077, 0.966377837986, 0.30032563389, 0.213781892642, 0.374128357471, 0.218835998453, 0.600167687978, 0.0544152587414, 48.9485857451
0.710558620761, 0.12507066343, 0.337922119124, 0.191244281242, 0.32529219495, 0.82931398285, 0.428292418341, 0.406150833821, 0.658560109815, 0.0649132588371, 0.580539286266, 0.966355331433, 0.765315014956, 0.167876946203, 0.929339962418, 0.844689202158, 0.710699659924, 0.116631639359, 0.0366920781918, 0.827293027011, 0.384024873335, 0.123648588712, 0.396506310304, 0.207381066913, 0.439207209736, 0.353867948132, 0.331693858568, 0.710558620761, 0.12507066343, 0.337922119124, 0.191244281242, 0.32529219495, 0.82931398285, 0.428292418341, 48.7192687122
0.613008691124, 0.0604482320199, 0.429778193205, 0.00224522452147, 0.274604041416, 0.859608898375, 0.155376935064, 0.0466107267127, 0.535402901743, 0.301663503282, 0.0360054580884, 0.215923193837, 0.576037639577, 0.00167822640484, 0.925639718721, 0.022403375402, 0.373085214369, 0.122619496095, 0.164890216535, 0.666180535377, 0.0333551033613, 0.0989015150007, 0.514460020267, 0.662835530363, 0.215682358009, 0.262608725576, 0.56549837194, 0.613008691124, 0.0604482320199, 0.429778193205, 0.00224522452147, 0.274604041416, 0.859608898375, 0.155376935064, 38.3539519091
0.250464236765, 0.323284148361, 0.920966566292, 0.213422106062, 0.0120594988474, 0.816816451857, 0.403559143483, 0.751976655084, 0.344685678112, 0.505952007219, 0.98463131456, 0.51535323978, 0.784881638986, 0.784315136525, 0.12050581946, 0.402977204641, 0.326557124767, 0.809337979557, 0.271660453142, 0.878981718266, 0.299823772929, 0.743216461374, 0.846128915713, 0.352912395852, 0.15700001335, 0.919046322402, 0.643411780058, 0.250464236765, 0.323284148361, 0.920966566292, 0.213422106062, 0.0120594988474, 0.816816451857, 0.403559143483, 56.18977516
0.472014072601, 0.721751348695, 0.111411667669, 0.958129376067, 0.407858179526, 0.45181338946, 0.340810242057, 0.0295136029813, 0.920644434107, 0.896216012273, 0.337569183642, 0.0423387941537, 0.624172797188, 0.0161420275576, 0.0760694495026, 0.124699250056, 0.0548537890549, 0.724575379211, 0.552910429429, 0.980998427865, 0.0507572669937, 0.584829404679, 0.036587812657, 0.394873094283, 0.170645228094, 0.92762596261, 0.400018856258, 0.472014072601, 0.721751348695, 0.111411667669, 0.958129376067, 0.407858179526, 0.45181338946, 0.340810242057, 44.0335649701
0.47959477267, 0.409994410993, 0.339878231459, 0.355596036032, 0.491429312612, 0.900682706749, 0.29739074754, 0.958397140333, 0.410997709615, 0.331886302235, 0.675249889944, 0.797320056795, 0.0750111217348, 0.261432750653, 0.488358925954, 0.0141254681354, 0.940667448834, 0.510225556345, 0.101106623374, 0.00609051578984, 0.22913242372, 0.907502153553, 0.28485301264, 0.267897443754, 0.279438948037, 0.633654131625, 0.865034609227, 0.47959477267, 0.409994410993, 0.339878231459, 0.355596036032, 0.491429312612, 0.900682706749, 0.29739074754, 47.996834325
0.34609255589, 0.0604482320199, 0.0366050940941, 0.416745801296, 0.18225437838, 0.94165888027, 0.712148034824, 0.297661776797, 0.349153856942, 0.884871693038, 0.0952662445396, 0.466716849671, 0.138797013927, 0.109671210619, 0.934025469535, 0.637004507787, 0.104702749798, 0.0528952108906, 0.0848481214435, 0.916240572408, 0.22913242372, 0.0729372954292, 0.694191693378, 0.377298173652, 0.836354743802, 0.406104534491, 0.933854512157, 0.34609255589, 0.0604482320199, 0.0366050940941, 0.416745801296, 0.18225437838, 0.94165888027, 0.712148034824, 46.3959971351
0.793631602319, 0.0299977889096, 0.676079201419, 0.671559268703, 0.294683870538, 0.162744931852, 0.224873407892, 0.683019256094, 0.198312766734, 0.0279001968375, 0.295732545305, 0.68692880705, 0.322887311208, 0.936716411645, 0.539557782092, 0.427244244932, 0.384305793842, 0.966183482821, 0.0138053643151, 0.345418761347, 0.662397854178, 0.291951556374, 0.132015940278, 0.170797129981, 0.0482929081533, 0.663183691167, 0.538525564886, 0.793631602319, 0.0299977889096, 0.676079201419, 0.671559268703, 0.294683870538, 0.162744931852, 0.224873407892, 45.2303434803
0.894879799174, 0.131709771663, 0.287371746863, 0.964598004997, 0.136631621634, 0.490779170193, 0.26570336197, 0.748099149309, 0.641725071476, 0.246800379154, 0.647474046841, 0.728268831996, 0.293213257319, 0.993697031371, 0.584653231714, 0.288185513787, 0.979231240794, 0.449646804149, 0.48231946613, 0.850289180895, 0.946968019222, 0.0199739442354, 0.76815538472, 0.333585513881, 0.653739137953, 0.0565751975176, 0.390209358656, 0.894879799174, 0.131709771663, 0.287371746863, 0.964598004997, 0.136631621634, 0.490779170193, 0.26570336197, 55.0338787947
0.573975475062, 0.109428164842, 0.367975869312, 0.455433001719, 0.941188064277, 0.41898853647, 0.723553107644, 0.90237175283, 0.940489746626, 3.64923660002e-05, 0.289615792259, 0.892904493398, 0.742082010704, 0.607299586342, 0.743083895492, 0.389324682957, 0.172734263909, 0.0922318147475, 0.465695806365, 0.973122172385, 0.129427057375, 0.143360541902, 0.889782882325, 0.023125856184, 0.635544437742, 0.0545964524651, 0.516427736382, 0.573975475062, 0.109428164842, 0.367975869312, 0.455433001719, 0.941188064277, 0.41898853647, 0.723553107644, 49.9111843436
0.146772842591, 0.620928915336, 0.0249422905803, 0.303456426221, 0.18225437838, 0.578765143971, 0.546650374358, 0.126872478904, 0.080178688675, 0.621604518788, 0.636588330718, 0.0494826844327, 0.949823005421, 0.628946301486, 0.478284492613, 0.965070313873, 0.0821945982551, 0.464839512533, 0.153242934834, 0.640948277714, 0.669534217575, 0.587237473457, 0.629842039987, 0.997115460307, 0.00271896647121, 0.223202057507, 0.114693980197, 0.146772842591, 0.620928915336, 0.0249422905803, 0.303456426221, 0.18225437838, 0.578765143971, 0.546650374358, 48.4476379785
0.0427007833728, 0.26435021861, 0.287612117027, 0.995692474164, 0.0524879479152, 0.521442548855, 0.5323390888, 0.0068870398022, 0.806097132123, 0.812614823225, 0.289615792259, 0.550997220857, 0.941526323441, 0.46374697224, 0.21196969523, 0.540248199316, 0.0234921512648, 0.322342524488, 0.926522944742, 0.449216231568, 0.056221894677, 0.994455075949, 0.87133038198, 0.0620150821145, 0.200306291128, 0.186596917077, 0.084301045144, 0.0427007833728, 0.26435021861, 0.287612117027, 0.995692474164, 0.0524879479152, 0.521442548855, 0.5323390888, 47.2890508308
0.662028884618, 0.25129304017, 0.174951612606, 0.625585084437, 0.526476096735, 0.00108879753836, 0.514142778173, 0.440676468807, 0.187668795712, 0.883361379375, 0.50302752307, 0.0656201340575, 0.15488865871, 0.485241475204, 0.45903261214, 0.764108557021, 0.105481103937, 0.90245298027, 0.269021062456, 0.273177255359, 0.560720187435, 0.00535251594642, 0.148007341781, 0.517697055457, 0.635544437742, 0.338642821713, 0.172819706254, 0.662028884618, 0.25129304017, 0.174951612606, 0.625585084437, 0.526476096735, 0.00108879753836, 0.514142778173, 44.0107597989
0.00429692446015, 0.573568353136, 0.340514742779, 0.709686328069, 0.943729621026, 0.389321317585, 0.0250849985751, 0.400212133887, 0.940390684174, 0.312712553851, 0.181230582218, 0.156700006614, 0.810214967407, 0.949018490389, 0.0787846188261, 0.80990251407, 0.676857442041, 0.101876904215, 0.92118971618, 0.127377692459, 0.261551937556, 0.592806881797, 0.953571971705, 0.565084955221, 0.708801209038, 0.792942532205, 0.186567383031, 0.00429692446015, 0.573568353136, 0.340514742779, 0.709686328069, 0.943729621026, 0.389321317585, 0.0250849985751, 53.2442308889
0.327384003726, 0.280966979722, 0.883801713844, 0.0979814318453, 0.124331163882, 0.812578110062, 0.227974529003, 0.0772248521316, 0.762329658023, 0.312712553851, 0.848652204302, 0.143776195343, 0.520849699368, 0.598526741903, 0.0538250479915, 0.139655254422, 0.248886746436, 0.48027193867, 0.753749690066, 0.464106222614, 0.0985045279233, 0.4334566042, 0.2715049478, 0.124558510032, 0.0869101425141, 0.0464388882122, 0.399055715214, 0.327384003726, 0.280966979722, 0.883801713844, 0.0979814318453, 0.124331163882, 0.812578110062, 0.227974529003, 39.8897853002
0.219949256406, 0.767403493343, 0.731665323228, 0.619283917309, 0.0407159926861, 0.36658457836, 0.252653507344, 0.591905755344, 0.210825814389, 0.505952007219, 0.696614903286, 0.304025759525, 0.405210183886, 0.376984846815, 0.853908108266, 0.402977204641, 0.17338329262, 0.818194910684, 0.200463522438, 0.301016861084, 0.277920379092, 0.219524217824, 0.225016630878, 0.170797129981, 0.308408690986, 0.728453289853, 0.186567383031, 0.219949256406, 0.767403493343, 0.731665323228, 0.619283917309, 0.0407159926861, 0.36658457836, 0.252653507344, 43.9111858807
0.727552202725, 0.131709771663, 0.287371746863, 0.964598004997, 0.244482275542, 0.490779170193, 0.26570336197, 0.921071715166, 0.722022639237, 0.246800379154, 0.647474046841, 0.728268831996, 0.502036657147, 0.84461385806, 0.584653231714, 0.288185513787, 0.979231240794, 0.449646804149, 0.946125181509, 0.850289180895, 0.946968019222, 0.0706854024806, 0.76815538472, 0.333585513881, 0.653739137953, 0.48304233087, 0.00532166709982, 0.727552202725, 0.131709771663, 0.287371746863, 0.964598004997, 0.244482275542, 0.490779170193, 0.26570336197, 58.2049699445
0.537744646091, 0.0125869691798, 0.0377322531199, 0.656309965342, 0.326923308602, 0.653002011273, 0.999278183478, 0.784429492015, 0.743064265261, 0.00018483284243, 0.636588330718, 0.708394230826, 0.838661404122, 0.0106574865808, 0.116782365202, 0.76318537309, 0.196104414208, 0.127504747698, 0.00979126976195, 0.845102467644, 0.504100404093, 0.411033412879, 0.372886805117, 0.0762920725192, 0.386900722679, 0.0283614639146, 0.168148074042, 0.537744646091, 0.0125869691798, 0.0377322531199, 0.656309965342, 0.326923308602, 0.653002011273, 0.999278183478, 43.3518261644
0.880378254868, 0.120501710344, 0.111411667669, 0.25910079565, 0.0868016271174, 0.74582488073, 0.699293972653, 0.973344075665, 0.0738317618711, 0.29896293777, 0.163438865887, 0.638550165287, 0.272762016035, 0.725861804124, 0.838654408112, 0.964890351177, 0.0848729850042, 0.0152938354716, 0.552910429429, 0.214764671626, 0.080282407752, 0.0425351779456, 0.520291863732, 0.995944711323, 0.78111480996, 0.296140189277, 0.435194822965, 0.880378254868, 0.120501710344, 0.111411667669, 0.25910079565, 0.0868016271174, 0.74582488073, 0.699293972653, 47.3469252111
0.880378254868, 0.676133447462, 0.111411667669, 0.514377251595, 0.0868016271174, 0.74582488073, 0.699293972653, 0.973344075665, 0.0738317618711, 0.451426153365, 0.163438865887, 0.638550165287, 0.272762016035, 0.725861804124, 0.838654408112, 0.89951359515, 0.0848729850042, 0.00285150370728, 0.12983629069, 0.214764671626, 0.080282407752, 0.00567778637441, 0.520291863732, 0.995944711323, 0.78111480996, 0.296140189277, 0.435194822965, 0.880378254868, 0.676133447462, 0.111411667669, 0.514377251595, 0.0868016271174, 0.74582488073, 0.699293972653, 45.9656305539
0.8420978759, 0.0326111360406, 0.155908010826, 0.831776465096, 0.215937669543, 0.471524282993, 0.677827956751, 0.948758212518, 0.503527021501, 0.587321364225, 0.758112994183, 0.477354408761, 0.00962553931892, 0.604080731346, 0.594532397829, 0.0454361032821, 0.17338329262, 0.410265745202, 0.115371550061, 0.158410887857, 0.477655505621, 0.921816418981, 0.203893230316, 0.395254115532, 0.613450149913, 0.503150449596, 0.173887363976, 0.8420978759, 0.0326111360406, 0.155908010826, 0.831776465096, 0.215937669543, 0.471524282993, 0.677827956751, 46.300064713
0.304956929266, 0.356963452364, 0.713942345383, 0.017287150013, 0.65092956973, 0.55601120425, 0.0206813944375, 0.998499778618, 0.441705170888, 0.0566449913859, 0.163438865887, 0.568987348754, 0.222615309062, 0.304953890171, 0.0333826762287, 0.747958501102, 0.96123869142, 0.585657754744, 0.460038653418, 0.303698978222, 0.080282407752, 0.193892987687, 0.0613526550596, 0.966954948114, 0.25099590171, 0.443720019945, 3.80437045798e-05, 0.304956929266, 0.356963452364, 0.713942345383, 0.017287150013, 0.65092956973, 0.55601120425, 0.0206813944375, 43.8181961893
0.146772842591, 0.620928915336, 0.0249422905803, 0.303456426221, 0.18225437838, 0.578765143971, 0.546650374358, 0.126872478904, 0.080178688675, 0.621604518788, 0.636588330718, 0.0494826844327, 0.949823005421, 0.628946301486, 0.478284492613, 0.965070313873, 0.0821945982551, 0.464839512533, 0.153242934834, 0.640948277714, 0.669534217575, 0.587237473457, 0.629842039987, 0.997115460307, 0.00271896647121, 0.223202057507, 0.114693980197, 0.146772842591, 0.620928915336, 0.0249422905803, 0.303456426221, 0.18225437838, 0.578765143971, 0.546650374358, 48.4476379785
0.167571254126, 0.00172078810623, 0.716593316421, 0.668745536038, 0.824325495847, 0.644022296462, 0.898582912739, 0.499585947038, 0.421794798388, 0.155673831095, 0.741295265665, 0.0139507398416, 0.231638211557, 0.62720132519, 0.0424920514165, 0.523984704218, 0.0587175555771, 0.585657754744, 0.11570078303, 0.999685362036, 0.677814389192, 0.990812604186, 0.936885523875, 0.836924261978, 0.846055918606, 0.251575773574, 0.484139340004, 0.167571254126, 0.00172078810623, 0.716593316421, 0.668745536038, 0.824325495847, 0.644022296462, 0.898582912739, 50.9406273373
0.972613681964, 0.291665964014, 0.00390406616243, 0.525069089704, 0.585435687759, 0.675877904978, 0.592219986358, 0.840412483959, 0.967311852081, 0.40224153588, 0.161293221722, 0.361849561581, 0.694933433493, 0.389522969907, 0.648288948359, 0.983556929824, 0.0368154895836, 0.964027810795, 0.428350587888, 0.0586151764084, 0.970152931213, 0.729289768, 0.172800646502, 0.981728839728, 0.398453311036, 0.976464464048, 0.999189773313, 0.972613681964, 0.291665964014, 0.00390406616243, 0.525069089704, 0.585435687759, 0.675877904978, 0.592219986358, 59.1582226497
0.727552202725, 0.131709771663, 0.287371746863, 0.964598004997, 0.244482275542, 0.490779170193, 0.26570336197, 0.921071715166, 0.722022639237, 0.246800379154, 0.647474046841, 0.728268831996, 0.502036657147, 0.84461385806, 0.584653231714, 0.288185513787, 0.979231240794, 0.449646804149, 0.946125181509, 0.850289180895, 0.946968019222, 0.0706854024806, 0.76815538472, 0.333585513881, 0.653739137953, 0.48304233087, 0.00532166709982, 0.727552202725, 0.131709771663, 0.287371746863, 0.964598004997, 0.244482275542, 0.490779170193, 0.26570336197, 58.2049699445
0.901109447597, 0.352088440412, 0.0695436368284, 0.0173813679445, 0.886119499905, 0.790873351948, 0.344468538681, 0.749206317601, 0.806097132123, 0.231759127454, 0.412013609342, 0.915986040132, 0.193991773437, 0.00152494647326, 0.29971806111, 0.874332022755, 0.322109919508, 0.979755064821, 0.00979126976195, 0.826833209098, 0.336957367275, 0.784306743745, 0.110727593452, 0.822797339831, 0.0900009746636, 0.213081269777, 0.484391719491, 0.901109447597, 0.352088440412, 0.0695436368284, 0.0173813679445, 0.886119499905, 0.790873351948, 0.344468538681, 48.9661706175
0.972613681964, 0.291665964014, 0.00390406616243, 0.174908739459, 0.799726857078, 0.675877904978, 0.592219986358, 0.840412483959, 0.967311852081, 0.40224153588, 0.161293221722, 0.361849561581, 0.694933433493, 0.141197484332, 0.648288948359, 0.983556929824, 0.0368154895836, 0.122619496095, 0.428350587888, 0.0586151764084, 0.970152931213, 0.729289768, 0.10816942774, 0.964951009199, 0.398453311036, 0.976464464048, 0.998142337475, 0.972613681964, 0.291665964014, 0.00390406616243, 0.174908739459, 0.799726857078, 0.675877904978, 0.592219986358, 54.600661706
0.627851793548, 0.915365087452, 0.162494111801, 0.88474294055, 0.215937669543, 0.375412794144, 0.0834875413, 0.687436569174, 0.634905553065, 0.587321364225, 0.156237337749, 0.387050043089, 0.271713676184, 0.674637196879, 0.852448489379, 0.792514754195, 0.494443857926, 0.18646998417, 0.980116831748, 0.0210857963276, 0.0861876363528, 0.368691810099, 0.203893230316, 0.395254115532, 0.635544437742, 0.674425618792, 0.0784654778888, 0.627851793548, 0.915365087452, 0.162494111801, 0.88474294055, 0.215937669543, 0.375412794144, 0.0834875413, 48.0733123275
0.270266917907, 0.214262426112, 0.401223309143, 0.0652995700842, 0.0475709682602, 0.0439217295409, 0.0206813944375, 0.9981041394, 0.394514619868, 0.754759346711, 0.163438865887, 0.305684337772, 0.222615309062, 0.304953890171, 0.083669952844, 0.747958501102, 0.159697025708, 0.886791356095, 0.552910429429, 0.347039807116, 0.00867179592155, 0.193892987687, 0.0613526550596, 0.966954948114, 0.106893616325, 0.433930082521, 3.80437045798e-05, 0.270266917907, 0.214262426112, 0.401223309143, 0.0652995700842, 0.0475709682602, 0.0439217295409, 0.0206813944375, 43.4741440182
0.00876430535593, 0.961562067379, 0.0271958134713, 0.904210448973, 0.884305975347, 0.0385599091601, 0.789321613605, 0.571335406181, 0.595822223621, 0.0372265640223, 0.62738027298, 0.454831624569, 0.15488865871, 0.231705096698, 0.0538250479915, 0.984596693275, 0.245592402656, 0.48027193867, 0.307591536302, 0.72448615534, 0.176197873252, 0.550191175012, 0.140735984609, 0.934224351471, 0.674933377903, 0.413549982071, 0.843982285949, 0.00876430535593, 0.961562067379, 0.0271958134713, 0.904210448973, 0.884305975347, 0.0385599091601, 0.789321613605, 47.9108900016
0.34609255589, 0.0604482320199, 0.0366050940941, 0.416745801296, 0.18225437838, 0.94165888027, 0.712148034824, 0.297661776797, 0.349153856942, 0.884871693038, 0.0952662445396, 0.466716849671, 0.138797013927, 0.109671210619, 0.934025469535, 0.637004507787, 0.104702749798, 0.0528952108906, 0.0848481214435, 0.916240572408, 0.22913242372, 0.0729372954292, 0.694191693378, 0.377298173652, 0.836354743802, 0.406104534491, 0.933854512157, 0.34609255589, 0.0604482320199, 0.0366050940941, 0.416745801296, 0.18225437838, 0.94165888027, 0.712148034824, 46.3959971351
0.204227390446, 0.999098883553, 0.0198219475386, 0.101475619273, 0.580407649038, 0.0923469521643, 0.00405698377331, 0.200911810197, 0.779417305885, 0.227363890324, 0.551750834404, 0.4549013094, 0.765315014956, 0.982576201183, 0.432009843622, 0.389055060364, 0.710699659924, 0.651789868788, 0.622521274365, 0.420496311171, 0.0321951831887, 0.921231000884, 0.751663591516, 0.377298173652, 0.194002922256, 0.364752330505, 0.336317807833, 0.204227390446, 0.999098883553, 0.0198219475386, 0.101475619273, 0.580407649038, 0.0923469521643, 0.00405698377331, 52.195171697
0.915706963039, 0.88603479252, 0.0159167345805, 0.742873738352, 0.859899999971, 0.921729308263, 0.923725163083, 0.450072196761, 0.138656759555, 0.157819066638, 0.428134741104, 0.153832514381, 0.635264222565, 0.989064766777, 0.0837097236544, 0.0108086719473, 0.740500741783, 0.467390064238, 0.5021230314, 0.647783735445, 0.393597897695, 0.794223390788, 0.884582902781, 0.652680818707, 0.194002922256, 0.86037842082, 0.660922960657, 0.915706963039, 0.88603479252, 0.0159167345805, 0.742873738352, 0.859899999971, 0.921729308263, 0.923725163083, 49.5513299539
0.199617644928, 0.0330685209569, 0.609055980919, 0.975782186651, 0.981557783653, 0.812578110062, 0.056810202641, 0.911701442448, 0.618180907019, 0.609937480136, 0.741295265665, 0.124948231765, 0.819499581542, 0.79959310613, 0.29971806111, 0.0681086074797, 0.62917064317, 0.612122660425, 0.911379953924, 0.308809227083, 0.789128508439, 0.4334566042, 0.891368565345, 0.339650347078, 0.887577205191, 0.106749517589, 0.504333407839, 0.199617644928, 0.0330685209569, 0.609055980919, 0.975782186651, 0.981557783653, 0.812578110062, 0.056810202641, 56.0052271318
0.966377837986, 0.30032563389, 0.213781892642, 0.374128357471, 0.218835998453, 0.600167687978, 0.0544152587414, 0.637292363245, 0.173704680974, 0.805169085343, 0.994139035146, 0.241726036427, 0.635491150927, 0.623490392872, 0.766352811855, 0.0439853446804, 0.34514521867, 0.535283371623, 0.108470111706, 0.391577170315, 0.901490951812, 0.00190066552084, 0.890724119691, 0.00211890523135, 0.358456101958, 0.118579889509, 0.745043347077, 0.966377837986, 0.30032563389, 0.213781892642, 0.374128357471, 0.218835998453, 0.600167687978, 0.0544152587414, 48.9485857451
0.00876430535593, 0.961562067379, 0.0271958134713, 0.904210448973, 0.884305975347, 0.0385599091601, 0.789321613605, 0.571335406181, 0.595822223621, 0.0372265640223, 0.62738027298, 0.454831624569, 0.15488865871, 0.231705096698, 0.0538250479915, 0.984596693275, 0.245592402656, 0.48027193867, 0.307591536302, 0.72448615534, 0.176197873252, 0.550191175012, 0.140735984609, 0.934224351471, 0.674933377903, 0.413549982071, 0.843982285949, 0.00876430535593, 0.961562067379, 0.0271958134713, 0.904210448973, 0.884305975347, 0.0385599091601, 0.789321613605, 47.9108900016
0.62528466185, 0.121134027094, 0.0159167345805, 0.291663857678, 0.204210285817, 0.969702379094, 0.150206981377, 0.867377080613, 0.363871905849, 0.157819066638, 0.0250697715169, 0.153832514381, 0.635264222565, 0.989064766777, 0.0837097236544, 0.101131032844, 0.740500741783, 0.467390064238, 0.947823203952, 0.224787697518, 0.393597897695, 0.794223390788, 0.884582902781, 0.652680818707, 0.439207209736, 0.86037842082, 0.660922960657, 0.62528466185, 0.121134027094, 0.0159167345805, 0.291663857678, 0.204210285817, 0.969702379094, 0.150206981377, 52.9663428813
0.662028884618, 0.25129304017, 0.174951612606, 0.625585084437, 0.526476096735, 0.000546661859765, 0.0206813944375, 0.440676468807, 0.187668795712, 0.883361379375, 0.50302752307, 0.720215071079, 0.222615309062, 0.976989904008, 0.25821858697, 0.764108557021, 0.578096756612, 0.90245298027, 0.269021062456, 0.273177255359, 0.560720187435, 0.00535251594642, 0.148007341781, 0.517697055457, 0.635544437742, 0.338642821713, 0.130836532514, 0.662028884618, 0.25129304017, 0.174951612606, 0.625585084437, 0.526476096735, 0.000546661859765, 0.0206813944375, 49.1738300248
0.199617644928, 0.0330685209569, 0.609055980919, 0.975782186651, 0.981557783653, 0.812578110062, 0.056810202641, 0.911701442448, 0.618180907019, 0.609937480136, 0.741295265665, 0.124948231765, 0.819499581542, 0.79959310613, 0.29971806111, 0.0681086074797, 0.62917064317, 0.612122660425, 0.911379953924, 0.308809227083, 0.789128508439, 0.4334566042, 0.891368565345, 0.339650347078, 0.887577205191, 0.106749517589, 0.504333407839, 0.199617644928, 0.0330685209569, 0.609055980919, 0.975782186651, 0.981557783653, 0.812578110062, 0.056810202641, 56.0052271318
0.976277364466, 0.31698573252, 0.397988836279, 0.0244987457523, 0.169730440411, 0.00211662012388, 0.165405547274, 0.0399196338815, 0.823379411124, 0.353132953065, 0.610209745359, 0.603840185569, 0.929048733238, 0.297752736743, 0.121174408386, 0.957877362619, 0.500300858503, 0.937604913955, 0.908067706287, 0.443959069925, 0.136728329313, 0.950937413444, 0.307099383564, 0.675039431891, 0.771591320155, 0.705401726057, 0.050431030935, 0.976277364466, 0.31698573252, 0.397988836279, 0.0244987457523, 0.169730440411, 0.00211662012388, 0.165405547274, 55.5124690444
0.134420451826, 0.476531240444, 0.0244996311744, 0.0206654652301, 0.264286471666, 0.0567403522895, 0.394389960783, 0.485348667185, 0.228171731437, 0.43862717972, 0.50302752307, 0.303943333733, 0.18128603737, 0.945172757951, 0.0132172833472, 0.0621073257565, 0.276122835282, 0.997175881763, 0.488426300098, 0.0427518539421, 0.435695703413, 0.159867913742, 0.18289304772, 0.790852138362, 0.893591329055, 0.160552025404, 0.592418302419, 0.134420451826, 0.476531240444, 0.0244996311744, 0.0206654652301, 0.264286471666, 0.0567403522895, 0.394389960783, 45.2638250493
0.909335936462, 0.674388996761, 0.110168374573, 0.0973689641965, 0.743391095844, 0.176277495958, 0.0376527588407, 0.0152115569898, 0.923838993285, 0.893827808668, 0.62759068436, 0.163110799985, 0.485128252425, 0.0582225808239, 0.0025132957819, 0.995197806749, 0.94430949477, 0.393845772719, 0.865775912238, 0.593857512743, 0.917618213509, 0.873772291697, 0.783943073906, 0.0767979267345, 0.451918679988, 0.027033268035, 0.908351067756, 0.909335936462, 0.674388996761, 0.110168374573, 0.0973689641965, 0.743391095844, 0.176277495958, 0.0376527588407, 54.6633659519
0.431191840355, 0.207461524752, 0.67556338214, 0.619283917309, 0.0120594988474, 0.36658457836, 0.343057793239, 0.150328545377, 0.484739551772, 0.505952007219, 0.655047585454, 0.304025759525, 0.784881638986, 0.376984846815, 0.35351819691, 0.997976230869, 0.664882657071, 0.809337979557, 0.18979904503, 0.821849851775, 0.277920379092, 0.429345231839, 0.225016630878, 0.688306797525, 0.205847530662, 0.919046322402, 0.135290355426, 0.431191840355, 0.207461524752, 0.67556338214, 0.619283917309, 0.0120594988474, 0.36658457836, 0.343057793239, 51.4851951805
0.23370523143, 0.26197218733, 0.0239565387116, 0.576027346366, 0.905905180489, 0.00108879753836, 0.150206981377, 0.550038606645, 0.531390158721, 0.67669636593, 0.287694310993, 0.0922091012765, 0.842994789932, 0.220568090547, 0.407341255974, 0.855206336994, 0.104311793475, 0.588670869232, 0.055652770555, 0.914745462037, 0.854285558772, 0.062208213758, 0.214713237856, 0.103028503954, 0.570969291079, 0.719284924548, 0.859004640355, 0.23370523143, 0.26197218733, 0.0239565387116, 0.576027346366, 0.905905180489, 0.00108879753836, 0.150206981377, 49.6521691572
0.24668274308, 0.104036422285, 0.0835339759717, 0.306154417282, 0.335885398113, 0.929940134343, 0.00103760268585, 0.304950669197, 0.686266194549, 0.00018483284243, 0.417900446415, 0.263300824391, 0.593924803796, 0.343833607973, 0.0298118153535, 0.455274483993, 0.316673561837, 0.689850086013, 0.468933188347, 0.381225621608, 0.261551937556, 0.945171887212, 0.347532745575, 0.532313385293, 0.12151656308, 0.338642821713, 0.938324248315, 0.24668274308, 0.104036422285, 0.0835339759717, 0.306154417282, 0.335885398113, 0.929940134343, 0.00103760268585, 45.8143492549
0.793631602319, 0.0299977889096, 0.676079201419, 0.671559268703, 0.294683870538, 0.162744931852, 0.224873407892, 0.683019256094, 0.198312766734, 0.0279001968375, 0.295732545305, 0.68692880705, 0.322887311208, 0.936716411645, 0.539557782092, 0.427244244932, 0.384305793842, 0.966183482821, 0.0138053643151, 0.345418761347, 0.662397854178, 0.291951556374, 0.132015940278, 0.170797129981, 0.0482929081533, 0.663183691167, 0.538525564886, 0.793631602319, 0.0299977889096, 0.676079201419, 0.671559268703, 0.294683870538, 0.162744931852, 0.224873407892, 45.2303434803
0.23370523143, 0.26197218733, 0.113780525043, 0.576027346366, 0.487536784016, 0.750655655157, 0.961669954916, 0.654086221168, 0.982997720555, 0.67669636593, 0.871477800321, 0.805371114405, 0.15488865871, 0.151582058347, 0.387981096761, 0.0112645315866, 0.29344106035, 0.703105447734, 0.129828915425, 0.914745462037, 0.854285558772, 0.0771643364141, 0.130544278607, 0.368645015746, 0.174887561162, 0.962735541879, 0.761836258129, 0.23370523143, 0.26197218733, 0.113780525043, 0.576027346366, 0.487536784016, 0.750655655157, 0.961669954916, 51.4577537356
0.134420451826, 0.99974823996, 0.0198219475386, 0.272349911765, 0.924077113891, 0.149693951348, 0.0420406591432, 0.555541635994, 0.596091757938, 0.969475940614, 0.809339566629, 0.916540521826, 0.521127391892, 0.761407905664, 0.374535834321, 0.686544007311, 0.836015463963, 0.346629071276, 0.529282313447, 0.0125216774192, 0.799884283283, 0.743735038179, 0.128272028651, 0.143363220649, 0.194002922256, 0.0467181296869, 0.615196684799, 0.134420451826, 0.99974823996, 0.0198219475386, 0.272349911765, 0.924077113891, 0.149693951348, 0.0420406591432, 53.3449410736
0.315696340581, 0.925966155558, 0.950113933705, 0.934497617589, 0.0799580104267, 0.0317936450038, 0.32309076806, 0.313278566018, 0.804398160761, 0.0145502487418, 0.109643938223, 0.566854507412, 0.558966785326, 0.509030242043, 0.930717496997, 0.0945559398642, 0.0970959916972, 0.636759235546, 0.957465677262, 0.809714539637, 0.322011948802, 0.832303648484, 0.792372989062, 0.263550634848, 0.159100902281, 0.789492009723, 0.42584793678, 0.315696340581, 0.925966155558, 0.950113933705, 0.934497617589, 0.0799580104267, 0.0317936450038, 0.32309076806, 50.8680229244
0.250464236765, 0.323284148361, 0.920966566292, 0.213422106062, 0.0120594988474, 0.816816451857, 0.403559143483, 0.751976655084, 0.344685678112, 0.505952007219, 0.98463131456, 0.51535323978, 0.784881638986, 0.784315136525, 0.12050581946, 0.402977204641, 0.326557124767, 0.809337979557, 0.271660453142, 0.878981718266, 0.299823772929, 0.743216461374, 0.846128915713, 0.352912395852, 0.15700001335, 0.919046322402, 0.643411780058, 0.250464236765, 0.323284148361, 0.920966566292, 0.213422106062, 0.0120594988474, 0.816816451857, 0.403559143483, 56.18977516
