0.933687590252, 0.760919474738, 0.0348274652087, 0.991877948402, 0.230834676183, 0.669709896886, 0.719597261604, 0.37524628053, 0.850405973931, 0.500496688488, 0.7881167224, 0.837594519094, 0.968551139305, 0.997604330087, 1.49928632193, 1.24990185685, 4.77282570086e-146, 4.17310020786e-12, 0.00321179575714
0.635757682534, 0.994124037293, 0.294686920813, 0.515225258646, 0.86382208342, 0.337373799676, 0.367842515928, 0.0914183934847, 0.76429482271, 0.0208979289924, 0.617875915968, 0.197506395429, 0.335641095919, 0.280834946136, 1.17371362612, 2.92009255225e-29, 1.5913587916e-53, 1.394962046, 6.11055840353e-20
0.858052137061, 0.0106665016637, 0.91631298036, 0.0999577824626, 0.313930366125, 0.0664469296301, 0.167140924207, 0.164188726261, 0.13341663406, 0.580172216324, 0.0404415278999, 0.21447581925, 0.744420689316, 0.750212646075, 2.00203132323, 3.01475504213e-100, 0.000503471197439, 1.99430373437e-197, 7.06250045669e-07
0.202467248812, 0.886085326218, 0.524434528573, 0.016765333942, 0.782803926632, 0.00666616165401, 0.332855422122, 0.682648788142, 0.373816928073, 0.854843427283, 0.317600739215, 0.820334141334, 0.599100805364, 0.551591465534, 1.67485635354, 7.26638293378e-178, 2.45033360788e-28, 1.47113287918e-05, 1.13651611836e-69
0.999879840124, 0.257736583944, 0.38761584952, 0.122942390707, 0.402745997695, 0.916011692107, 0.0432833075988, 0.0730107734149, 0.971599633961, 0.551670155531, 0.408869476005, 0.393369136309, 0.0971492292779, 0.460702231616, 0.0371861117169, 5.45338364816e-93, 4.04253083032e-43, 7.65786052713e-61, 1.98166912813
0.999879840124, 0.257736583944, 0.38761584952, 0.122942390707, 0.402745997695, 0.916011692107, 0.0432833075988, 0.0730107734149, 0.971599633961, 0.551670155531, 0.408869476005, 0.393369136309, 0.0971492292779, 0.460702231616, 0.0371861117169, 5.45338364816e-93, 4.04253083032e-43, 7.65786052713e-61, 1.98166912813
0.609951840799, 0.65189103092, 0.777239924275, 0.0558404304039, 0.0795232555589, 0.975835212365, 0.595414035445, 0.0564475807055, 0.54336965618, 0.671304403137, 0.924067287342, 0.0460288573977, 0.889486988779, 0.459894932734, 2.17951994773, 1.69572893671e-125, 3.89036907338e-11, 8.953262275e-19, 1.15887169983e-21
0.583751376519, 0.365045104848, 0.999145654199, 0.862441209713, 0.0157468196622, 0.286021963777, 0.621963238639, 0.0513462388428, 0.460843349563, 0.704661670083, 0.977817898627, 0.0281814616439, 0.87577304879, 0.189355240089, 0.285973055072, 1.68033161783e-07, 2.2100758849, 6.00877005433e-44, 1.46867075255e-23
0.0192611058348, 0.630593703035, 0.369747888241, 0.206706319127, 0.452774660451, 0.962514453818, 0.395166870096, 0.405864318913, 0.488534739485, 0.134659278347, 0.673977084898, 0.91527373899, 0.359836747632, 0.343658254481, 1.61641544243, 8.71060285382e-69, 1.56762829876e-43, 2.39682228863e-20, 7.46095853174e-172
0.124388755121, 0.697022035568, 0.0042804200771, 0.392941551193, 0.693396507109, 0.800792096756, 0.609534414104, 0.619945062437, 0.641174198271, 0.734470427667, 0.412433531495, 0.699404816361, 0.209318088269, 0.0542981161252, 1.55974554631, 6.63695933712e-41, 3.44995058114e-237, 5.17397631073e-16, 7.36691696339e-91
0.985435035815, 0.779503940346, 0.635696267829, 0.979277167199, 0.758958818739, 0.114024892186, 0.674454991609, 0.490107511416, 0.321228262482, 0.42538227514, 0.390357407126, 0.882492211949, 0.51922864884, 0.531719507824, 1.32493448998, 0.259624318821, 4.48190090787e-20, 3.22349920173e-11, 0.511550518611
0.635757682534, 0.994124037293, 0.294686920813, 0.515225258646, 0.86382208342, 0.337373799676, 0.367842515928, 0.0914183934847, 0.76429482271, 0.0208979289924, 0.617875915968, 0.197506395429, 0.335641095919, 0.280834946136, 1.17371362612, 2.92009255225e-29, 1.5913587916e-53, 1.394962046, 6.11055840353e-20
0.583751376519, 0.365045104848, 0.999145654199, 0.862441209713, 0.0157468196622, 0.286021963777, 0.621963238639, 0.0513462388428, 0.460843349563, 0.704661670083, 0.977817898627, 0.0281814616439, 0.87577304879, 0.189355240089, 0.285973055072, 1.68033161783e-07, 2.2100758849, 6.00877005433e-44, 1.46867075255e-23
0.907605170006, 0.0527851080465, 0.954809691933, 0.843962072061, 0.529602130347, 0.413836110708, 0.460134615919, 0.592036809734, 0.168136551891, 0.874012966617, 0.691035229812, 0.660313811561, 0.83363556022, 0.564159137719, 1.44583193918, 9.73936548556e-08, 0.0222819883439, 4.04977359268e-128, 0.000139954017546
0.0866191196787, 0.938661956037, 0.336544692127, 0.232671415097, 0.35913254992, 0.656098796656, 0.254685417272, 0.310983230704, 0.532208463689, 0.759230051091, 0.551899138016, 0.718566307586, 0.929707549821, 0.0161346845979, 1.67758706143, 1.2448243244e-63, 1.33376551535e-47, 0.00469599587041, 1.52118911461e-106
0.933687590252, 0.760919474738, 0.0348274652087, 0.991877948402, 0.230834676183, 0.669709896886, 0.719597261604, 0.37524628053, 0.850405973931, 0.500496688488, 0.7881167224, 0.837594519094, 0.968551139305, 0.997604330087, 1.49928632193, 1.24990185685, 4.77282570086e-146, 4.17310020786e-12, 0.00321179575714
0.985435035815, 0.779503940346, 0.635696267829, 0.979277167199, 0.758958818739, 0.114024892186, 0.674454991609, 0.490107511416, 0.321228262482, 0.42538227514, 0.390357407126, 0.882492211949, 0.51922864884, 0.531719507824, 1.32493448998, 0.259624318821, 4.48190090787e-20, 3.22349920173e-11, 0.511550518611
0.978824727417, 0.588206251943, 0.404246874317, 0.0281478104202, 0.62118775818, 0.788832010956, 0.546182412218, 0.0654465292234, 0.178908453621, 0.994574862693, 0.467284004588, 0.600917708332, 0.214443816386, 0.502206015426, 1.7001483264, 2.35000302765e-155, 1.233882336e-39, 2.39646070938e-23, 0.317747024802
0.952981931956, 0.281041137441, 0.58884511879, 0.0293173869501, 0.579128270234, 0.0424691406491, 0.760469963995, 0.848444439357, 0.410965066649, 0.139628727776, 0.16501841732, 0.353153279872, 0.645084730079, 0.0483319827803, 1.90132487321, 1.54064338088e-153, 2.98733646713e-23, 2.24991263631e-55, 0.024191695802
0.305026458592, 0.211276040237, 0.696055559528, 0.973947247102, 0.700113220475, 0.256907156871, 0.699878567181, 0.619877071259, 0.541396698232, 0.255394034286, 0.19213055383, 0.271318275024, 0.686830472859, 0.509466694513, 1.38831003367, 0.156305691129, 4.03396591756e-16, 6.70450054593e-68, 5.95789461188e-52
0.305026458592, 0.211276040237, 0.696055559528, 0.973947247102, 0.700113220475, 0.256907156871, 0.699878567181, 0.619877071259, 0.541396698232, 0.255394034286, 0.19213055383, 0.271318275024, 0.686830472859, 0.509466694513, 1.38831003367, 0.156305691129, 4.03396591756e-16, 6.70450054593e-68, 5.95789461188e-52
0.033983324008, 0.392858927177, 0.47119638753, 0.952729450609, 0.894191888629, 0.235324467075, 0.250631705393, 0.776959156265, 0.0172502389199, 0.457250979913, 0.993093282553, 0.68201809221, 0.816647889377, 0.756295316525, 2.04127416459, 0.0252931236337, 6.70269991446e-33, 8.50583955433e-41, 4.29180691019e-147
0.978824727417, 0.588206251943, 0.404246874317, 0.0281478104202, 0.62118775818, 0.788832010956, 0.546182412218, 0.0654465292234, 0.178908453621, 0.994574862693, 0.467284004588, 0.600917708332, 0.214443816386, 0.502206015426, 1.7001483264, 2.35000302765e-155, 1.233882336e-39, 2.39646070938e-23, 0.317747024802
0.609951840799, 0.65189103092, 0.777239924275, 0.0558404304039, 0.0795232555589, 0.975835212365, 0.595414035445, 0.0564475807055, 0.54336965618, 0.671304403137, 0.924067287342, 0.0460288573977, 0.889486988779, 0.459894932734, 2.17951994773, 1.69572893671e-125, 3.89036907338e-11, 8.953262275e-19, 1.15887169983e-21
0.670390341785, 0.309328248985, 0.314925469522, 0.165407570756, 0.880409284026, 0.0587417120192, 0.392899353529, 0.989325004448, 0.489390226057, 0.714131636209, 0.109598380361, 0.0927075869318, 0.814442792827, 0.588217178793, 2.06125160842, 2.32160981466e-78, 2.14303585128e-50, 3.56622878982e-51, 1.39003510902e-17
0.431304280764, 0.818487511111, 0.544433062788, 0.641670628362, 0.525115587802, 0.430326378481, 0.474223191597, 0.252780773095, 0.715457749348, 0.694519664425, 0.698257696341, 0.462688314725, 0.708060967188, 0.539730158355, 1.23709306546, 1.04649774692e-19, 7.63785488438e-27, 3.88801526399e-09, 5.84654249227e-37
0.907605170006, 0.0527851080465, 0.954809691933, 0.843962072061, 0.529602130347, 0.413836110708, 0.460134615919, 0.592036809734, 0.168136551891, 0.874012966617, 0.691035229812, 0.660313811561, 0.83363556022, 0.564159137719, 1.44583193918, 9.73936548556e-08, 0.0222819883439, 4.04977359268e-128, 0.000139954017546
0.431304280764, 0.818487511111, 0.544433062788, 0.641670628362, 0.525115587802, 0.430326378481, 0.474223191597, 0.252780773095, 0.715457749348, 0.694519664425, 0.698257696341, 0.462688314725, 0.708060967188, 0.539730158355, 1.23709306546, 1.04649774692e-19, 7.63785488438e-27, 3.88801526399e-09, 5.84654249227e-37
0.033983324008, 0.392858927177, 0.47119638753, 0.952729450609, 0.894191888629, 0.235324467075, 0.250631705393, 0.776959156265, 0.0172502389199, 0.457250979913, 0.993093282553, 0.68201809221, 0.816647889377, 0.756295316525, 2.04127416459, 0.0252931236337, 6.70269991446e-33, 8.50583955433e-41, 4.29180691019e-147
0.517657363932, 0.184832719729, 0.0435392707965, 0.926436062651, 0.821867784433, 0.68385814666, 0.548477427707, 0.315122927091, 0.271576793055, 0.254869259897, 0.746563839995, 0.0146746945209, 0.524219758362, 0.361275572846, 1.60236350966, 0.00120899977794, 1.94534287815e-136, 1.19885441643e-73, 6.3844088574e-29
0.271029342944, 0.540747081716, 0.929023554693, 0.321673686681, 0.29955107718, 0.575170721398, 0.169725544059, 0.903965564925, 0.91324593849, 0.622041887976, 0.436147582577, 0.564334176201, 0.5691862185, 0.407753913984, 1.52527756225, 1.32136381511e-49, 0.00152104280765, 4.77405488762e-27, 4.79844142957e-57
0.952981931956, 0.281041137441, 0.58884511879, 0.0293173869501, 0.579128270234, 0.0424691406491, 0.760469963995, 0.848444439357, 0.410965066649, 0.139628727776, 0.16501841732, 0.353153279872, 0.645084730079, 0.0483319827803, 1.90132487321, 1.54064338088e-153, 2.98733646713e-23, 2.24991263631e-55, 0.024191695802
0.172387615581, 0.308435157229, 0.373067317777, 0.859740386513, 0.200909306858, 0.24171925064, 0.569580079289, 0.857417424922, 0.517523860268, 0.512573531628, 0.770202917591, 0.399011418215, 0.15570174953, 0.548041335117, 1.49327553614, 6.41198736472e-07, 3.53981284393e-43, 1.93485038359e-51, 1.04921887122e-76
0.59787618155, 0.213907245845, 0.150472993342, 0.275301225114, 0.767799239285, 0.241273257364, 0.243501282079, 0.534298736066, 0.0205918847252, 0.356369763768, 0.674944193499, 0.985350151811, 0.532590573126, 0.875817402049, 1.8645568471, 2.80226956722e-56, 1.63136653243e-82, 3.08492853092e-67, 1.34221077578e-22
0.12397713121, 0.63604037558, 0.0993977307705, 0.591608346681, 0.84374534966, 0.643989288995, 0.00436748003339, 0.887890015693, 0.592088806231, 0.246624392362, 0.849289264636, 0.731002119618, 0.693264987892, 0.562580307216, 1.82431620671, 4.57772028959e-23, 1.56627118832e-100, 6.39276189651e-20, 6.18554916963e-91
0.59787618155, 0.213907245845, 0.150472993342, 0.275301225114, 0.767799239285, 0.241273257364, 0.243501282079, 0.534298736066, 0.0205918847252, 0.356369763768, 0.674944193499, 0.985350151811, 0.532590573126, 0.875817402049, 1.8645568471, 2.80226956722e-56, 1.63136653243e-82, 3.08492853092e-67, 1.34221077578e-22
0.851626081902, 0.618712967531, 0.0432368597112, 0.0685103748032, 0.80516105667, 0.973717166388, 0.480326931776, 0.957679151471, 0.950268514696, 0.513474168894, 0.686374499493, 0.841322363446, 0.777310184614, 0.590675040173, 1.96667105935, 1.1627489293e-116, 1.18923031162e-136, 4.35284745983e-21, 3.2715003519e-07
0.907257253092, 0.045517037031, 0.0306576257318, 0.838982951974, 0.708394932792, 0.178104583187, 0.162736594863, 0.982749801289, 0.236056606868, 0.68764940677, 0.101220157703, 0.567169772715, 0.697363372132, 0.128504869522, 1.93921556231, 7.22868958737e-08, 1.37276996855e-151, 2.00052655126e-134, 0.000180630403698
0.422339870792, 0.0530472338413, 0.157053373225, 0.228705203341, 0.96988230924, 0.719957067654, 0.12299665703, 0.626325210325, 0.460743118214, 0.886033547754, 0.374470376513, 0.757027502142, 0.278519234313, 0.593990470307, 1.71753183959, 2.28364831187e-64, 1.08580426702e-80, 7.89403266721e-128, 9.93648876769e-38
0.0930384129516, 0.0835131543083, 0.048214931173, 0.603118078791, 0.652505129132, 0.539722616826, 0.857546462577, 0.823238007361, 0.852861983331, 0.732795834429, 0.863991250743, 0.737967148968, 0.321763488473, 0.198961092929, 1.74737413503, 3.01120600447e-22, 5.71032588668e-132, 4.11144531474e-108, 2.01713580871e-103
0.851626081902, 0.618712967531, 0.0432368597112, 0.0685103748032, 0.80516105667, 0.973717166388, 0.480326931776, 0.957679151471, 0.950268514696, 0.513474168894, 0.686374499493, 0.841322363446, 0.777310184614, 0.590675040173, 1.96667105935, 1.1627489293e-116, 1.18923031162e-136, 4.35284745983e-21, 3.2715003519e-07
0.271029342944, 0.540747081716, 0.929023554693, 0.321673686681, 0.29955107718, 0.575170721398, 0.169725544059, 0.903965564925, 0.91324593849, 0.622041887976, 0.436147582577, 0.564334176201, 0.5691862185, 0.407753913984, 1.52527756225, 1.32136381511e-49, 0.00152104280765, 4.77405488762e-27, 4.79844142957e-57
0.907257253092, 0.045517037031, 0.0306576257318, 0.838982951974, 0.708394932792, 0.178104583187, 0.162736594863, 0.982749801289, 0.236056606868, 0.68764940677, 0.101220157703, 0.567169772715, 0.697363372132, 0.128504869522, 1.93921556231, 7.22868958737e-08, 1.37276996855e-151, 2.00052655126e-134, 0.000180630403698
0.944298626155, 0.175839371519, 0.441472699086, 0.71855317536, 0.304242353933, 0.506478239634, 0.184035615625, 0.0262223391108, 0.650130444794, 0.605086872543, 0.520868457327, 0.628658117128, 0.0866426896349, 0.151592694971, 1.70546238153, 1.1853683115e-14, 8.28604323251e-36, 8.70110290944e-76, 0.00868763490764
0.325442711187, 0.411643697788, 0.522478326637, 0.112417396894, 0.640278090679, 0.78256971593, 0.976474139681, 0.372571997454, 0.890402318977, 0.171838695871, 0.166930139437, 0.391689105651, 0.830469479132, 0.219581745172, 1.91340415702, 3.64148945954e-95, 1.92643594213e-28, 8.51282431653e-39, 5.31351017469e-49
0.237559548242, 0.053417430137, 0.66526480866, 0.701734172628, 0.351313598166, 0.708358044074, 0.975547256775, 0.322782044763, 0.495901713972, 0.924689489088, 0.853325773506, 0.437132507149, 0.408732850761, 0.536513362376, 1.64190441784, 1.0683913272e-15, 5.13952298061e-18, 1.51274879898e-127, 9.74354108848e-63
0.0192611058348, 0.630593703035, 0.369747888241, 0.206706319127, 0.452774660451, 0.962514453818, 0.395166870096, 0.405864318913, 0.488534739485, 0.134659278347, 0.673977084898, 0.91527373899, 0.359836747632, 0.343658254481, 1.61641544243, 8.71060285382e-69, 1.56762829876e-43, 2.39682228863e-20, 7.46095853174e-172
0.891565079638, 0.256022714566, 0.851402031477, 0.78927881196, 0.45731793586, 0.498511293894, 0.163336644621, 0.0666353072729, 0.177336773337, 0.400222937669, 0.613498805852, 0.443743080047, 0.794864241504, 0.714208077239, 1.56591500765, 1.29996752841e-10, 2.53720916749e-07, 1.65477086337e-59, 2.54796263741e-05
0.846494224033, 0.0257821947001, 0.446501900695, 0.549005979532, 0.0158936694987, 0.306614921986, 0.622793783301, 0.580174186296, 0.513597424399, 0.166511681531, 0.599995726815, 0.0681441448111, 0.911446667041, 0.375428256996, 1.78596739352, 2.54507663974e-26, 2.69354725153e-35, 3.80173444892e-159, 1.62327952892e-07
0.631920667219, 0.0462373718049, 0.588760987022, 0.100661249638, 0.536708234418, 0.458776272692, 0.954754921959, 0.0405970814842, 0.469322778069, 0.314877302249, 0.119078988456, 0.21933786663, 0.156626968979, 0.38948212005, 1.81010276629, 5.49610301698e-100, 2.80366150434e-23, 8.9771220884e-134, 3.31191396382e-20
0.233339061009, 0.654350873756, 0.0367860626448, 0.236692430134, 0.444607928339, 0.87730901851, 0.149432053155, 0.608758046862, 0.560459532866, 0.577697560076, 0.682748450127, 0.794713077588, 0.894716178803, 0.653769650931, 1.5895476026, 6.54380389088e-63, 9.2411075507e-144, 9.51616758841e-19, 1.57086188511e-63
0.870094074777, 0.332951848355, 0.786203081666, 0.207594201258, 0.289140816576, 0.942110775129, 0.605462428147, 0.819455007754, 0.393327511604, 0.28824244611, 0.489803712958, 0.672725939638, 0.785310753321, 0.879481725168, 1.66466446005, 1.37710926965e-68, 9.35235025057e-11, 4.52469805869e-48, 2.36628855172e-06
0.237559548242, 0.053417430137, 0.66526480866, 0.701734172628, 0.351313598166, 0.708358044074, 0.975547256775, 0.322782044763, 0.495901713972, 0.924689489088, 0.853325773506, 0.437132507149, 0.408732850761, 0.536513362376, 1.64190441784, 1.0683913272e-15, 5.13952298061e-18, 1.51274879898e-127, 9.74354108848e-63
0.791474430982, 0.304079882595, 0.0300807379408, 0.617211594317, 0.0548310731354, 0.920978921851, 0.762146407615, 0.821816473437, 0.227941591057, 0.402811800179, 0.821664743693, 0.939772483489, 0.234827516276, 0.332830475298, 2.02627667243, 3.51743588881e-21, 2.14618540955e-152, 6.33267956336e-52, 2.22079030015e-10
0.147723543699, 0.0140410074983, 0.202666097395, 0.665513013612, 0.372278546347, 0.230906715554, 0.500958003684, 0.906961946927, 0.769632712737, 0.84829107302, 0.0513251299785, 0.992331565438, 0.721740157307, 0.247286520337, 2.00508369028, 6.51489771065e-18, 1.50093832617e-69, 1.73013307591e-185, 2.77475158931e-83
0.670390341785, 0.309328248985, 0.314925469522, 0.165407570756, 0.880409284026, 0.0587417120192, 0.392899353529, 0.989325004448, 0.489390226057, 0.714131636209, 0.109598380361, 0.0927075869318, 0.814442792827, 0.588217178793, 2.06125160842, 2.32160981466e-78, 2.14303585128e-50, 3.56622878982e-51, 1.39003510902e-17
0.165054758472, 0.308736266617, 0.411048053176, 0.163237014991, 0.799318690231, 0.973430845704, 0.439434642893, 0.660857870489, 0.00848317743005, 0.688784166582, 0.95959644111, 0.703680092871, 0.0883889194521, 0.532222016495, 2.04367651828, 6.14322586666e-79, 7.86668198823e-39, 2.91942180975e-51, 1.85924650041e-78
0.380755849996, 0.767056632862, 0.757930426674, 0.0256710702151, 0.351654548158, 0.808368270513, 0.97128699903, 0.462724031529, 0.864722239462, 0.590892695957, 0.362946779426, 0.653735191689, 0.816925593523, 0.89043521582, 1.77718167477, 2.45611762742e-159, 2.56322006933e-12, 8.48388305624e-12, 3.23974006431e-42
0.237920678405, 0.382345373775, 0.513382456404, 0.203310942731, 0.643380371668, 0.66471552974, 0.279627874494, 0.288467594543, 0.203679999617, 0.617069506329, 0.428264437926, 0.77655430332, 0.0319186937415, 0.0331060544454, 1.76122812013, 1.8113855627e-69, 3.06223031184e-29, 4.86989351219e-42, 1.2166185675e-62
0.791474430982, 0.304079882595, 0.0300807379408, 0.617211594317, 0.0548310731354, 0.920978921851, 0.762146407615, 0.821816473437, 0.227941591057, 0.402811800179, 0.821664743693, 0.939772483489, 0.234827516276, 0.332830475298, 2.02627667243, 3.51743588881e-21, 2.14618540955e-152, 6.33267956336e-52, 2.22079030015e-10
0.517657363932, 0.184832719729, 0.0435392707965, 0.926436062651, 0.821867784433, 0.68385814666, 0.548477427707, 0.315122927091, 0.271576793055, 0.254869259897, 0.746563839995, 0.0146746945209, 0.524219758362, 0.361275572846, 1.60236350966, 0.00120899977794, 1.94534287815e-136, 1.19885441643e-73, 6.3844088574e-29
0.237920678405, 0.382345373775, 0.513382456404, 0.203310942731, 0.643380371668, 0.66471552974, 0.279627874494, 0.288467594543, 0.203679999617, 0.617069506329, 0.428264437926, 0.77655430332, 0.0319186937415, 0.0331060544454, 1.76122812013, 1.8113855627e-69, 3.06223031184e-29, 4.86989351219e-42, 1.2166185675e-62
0.0930384129516, 0.0835131543083, 0.048214931173, 0.603118078791, 0.652505129132, 0.539722616826, 0.857546462577, 0.823238007361, 0.852861983331, 0.732795834429, 0.863991250743, 0.737967148968, 0.321763488473, 0.198961092929, 1.74737413503, 3.01120600447e-22, 5.71032588668e-132, 4.11144531474e-108, 2.01713580871e-103
0.233339061009, 0.654350873756, 0.0367860626448, 0.236692430134, 0.444607928339, 0.87730901851, 0.149432053155, 0.608758046862, 0.560459532866, 0.577697560076, 0.682748450127, 0.794713077588, 0.894716178803, 0.653769650931, 1.5895476026, 6.54380389088e-63, 9.2411075507e-144, 9.51616758841e-19, 1.57086188511e-63
0.325442711187, 0.411643697788, 0.522478326637, 0.112417396894, 0.640278090679, 0.78256971593, 0.976474139681, 0.372571997454, 0.890402318977, 0.171838695871, 0.166930139437, 0.391689105651, 0.830469479132, 0.219581745172, 1.91340415702, 3.64148945954e-95, 1.92643594213e-28, 8.51282431653e-39, 5.31351017469e-49
0.944298626155, 0.175839371519, 0.441472699086, 0.71855317536, 0.304242353933, 0.506478239634, 0.184035615625, 0.0262223391108, 0.650130444794, 0.605086872543, 0.520868457327, 0.628658117128, 0.0866426896349, 0.151592694971, 1.70546238153, 1.1853683115e-14, 8.28604323251e-36, 8.70110290944e-76, 0.00868763490764
0.033362992753, 0.353357859974, 0.578233844443, 0.874656965779, 0.544491620925, 0.966554268938, 0.841036165963, 0.505428053596, 0.764850775315, 0.792474006278, 0.412562479587, 0.744071811303, 0.792209435077, 0.234954271655, 1.7145264591, 4.11187582069e-06, 4.37134248065e-24, 1.7854170372e-45, 5.71168413169e-148
0.202467248812, 0.886085326218, 0.524434528573, 0.016765333942, 0.782803926632, 0.00666616165401, 0.332855422122, 0.682648788142, 0.373816928073, 0.854843427283, 0.317600739215, 0.820334141334, 0.599100805364, 0.551591465534, 1.67485635354, 7.26638293378e-178, 2.45033360788e-28, 1.47113287918e-05, 1.13651611836e-69
0.0866191196787, 0.938661956037, 0.336544692127, 0.232671415097, 0.35913254992, 0.656098796656, 0.254685417272, 0.310983230704, 0.532208463689, 0.759230051091, 0.551899138016, 0.718566307586, 0.929707549821, 0.0161346845979, 1.67758706143, 1.2448243244e-63, 1.33376551535e-47, 0.00469599587041, 1.52118911461e-106
0.0385126299144, 0.463081878708, 0.185949756407, 0.58954958845, 0.17186400309, 0.448037294544, 0.341649617145, 0.31006948768, 0.335606018344, 0.0966278331953, 0.188203797994, 0.903998367244, 0.57513723673, 0.0651945358697, 1.81638923295, 3.21634664542e-23, 2.48250523591e-73, 1.04980213104e-33, 1.03668407901e-141
0.12397713121, 0.63604037558, 0.0993977307705, 0.591608346681, 0.84374534966, 0.643989288995, 0.00436748003339, 0.887890015693, 0.592088806231, 0.246624392362, 0.849289264636, 0.731002119618, 0.693264987892, 0.562580307216, 1.82431620671, 4.57772028959e-23, 1.56627118832e-100, 6.39276189651e-20, 6.18554916963e-91
0.846494224033, 0.0257821947001, 0.446501900695, 0.549005979532, 0.0158936694987, 0.306614921986, 0.622793783301, 0.580174186296, 0.513597424399, 0.166511681531, 0.599995726815, 0.0681441448111, 0.911446667041, 0.375428256996, 1.78596739352, 2.54507663974e-26, 2.69354725153e-35, 3.80173444892e-159, 1.62327952892e-07
0.175552607189, 0.289364392745, 0.360976207439, 0.35575119143, 0.569515501954, 0.0935715659284, 0.169691519542, 0.123597002545, 0.479046518575, 0.420838474439, 0.356542471379, 0.730386323364, 0.165089735655, 0.907711634856, 1.77955656417, 3.63972018629e-45, 1.56418979923e-44, 3.89888604782e-54, 7.7118761021e-76
0.631920667219, 0.0462373718049, 0.588760987022, 0.100661249638, 0.536708234418, 0.458776272692, 0.954754921959, 0.0405970814842, 0.469322778069, 0.314877302249, 0.119078988456, 0.21933786663, 0.156626968979, 0.38948212005, 1.81010276629, 5.49610301698e-100, 2.80366150434e-23, 8.9771220884e-134, 3.31191396382e-20
0.0385126299144, 0.463081878708, 0.185949756407, 0.58954958845, 0.17186400309, 0.448037294544, 0.341649617145, 0.31006948768, 0.335606018344, 0.0966278331953, 0.188203797994, 0.903998367244, 0.57513723673, 0.0651945358697, 1.81638923295, 3.21634664542e-23, 2.48250523591e-73, 1.04980213104e-33, 1.03668407901e-141
0.870094074777, 0.332951848355, 0.786203081666, 0.207594201258, 0.289140816576, 0.942110775129, 0.605462428147, 0.819455007754, 0.393327511604, 0.28824244611, 0.489803712958, 0.672725939638, 0.785310753321, 0.879481725168, 1.66466446005, 1.37710926965e-68, 9.35235025057e-11, 4.52469805869e-48, 2.36628855172e-06
0.0485138183309, 0.123264011677, 0.489981095911, 0.316605367411, 0.777381557931, 0.725280915348, 0.833603432109, 0.464681020562, 0.820534214269, 0.470433449567, 0.19693332105, 0.823866588004, 0.83484307044, 0.634886092883, 1.67090018174, 2.95731578685e-50, 2.73528671119e-31, 3.18199999641e-91, 1.01301561707e-131
0.891565079638, 0.256022714566, 0.851402031477, 0.78927881196, 0.45731793586, 0.498511293894, 0.163336644621, 0.0666353072729, 0.177336773337, 0.400222937669, 0.613498805852, 0.443743080047, 0.794864241504, 0.714208077239, 1.56591500765, 1.29996752841e-10, 2.53720916749e-07, 1.65477086337e-59, 2.54796263741e-05
0.124388755121, 0.697022035568, 0.0042804200771, 0.392941551193, 0.693396507109, 0.800792096756, 0.609534414104, 0.619945062437, 0.641174198271, 0.734470427667, 0.412433531495, 0.699404816361, 0.209318088269, 0.0542981161252, 1.55974554631, 6.63695933712e-41, 3.44995058114e-237, 5.17397631073e-16, 7.36691696339e-91
0.172387615581, 0.308435157229, 0.373067317777, 0.859740386513, 0.200909306858, 0.24171925064, 0.569580079289, 0.857417424922, 0.517523860268, 0.512573531628, 0.770202917591, 0.399011418215, 0.15570174953, 0.548041335117, 1.49327553614, 6.41198736472e-07, 3.53981284393e-43, 1.93485038359e-51, 1.04921887122e-76
0.033362992753, 0.353357859974, 0.578233844443, 0.874656965779, 0.544491620925, 0.966554268938, 0.841036165963, 0.505428053596, 0.764850775315, 0.792474006278, 0.412562479587, 0.744071811303, 0.792209435077, 0.234954271655, 1.7145264591, 4.11187582069e-06, 4.37134248065e-24, 1.7854170372e-45, 5.71168413169e-148
0.743949983622, 0.62470597108, 0.659327415862, 0.248340697292, 0.759958217394, 0.454317105568, 0.928155118543, 0.747393852207, 0.650012561298, 0.383889547559, 0.350483889336, 0.216153221495, 0.83184397192, 0.170652321019, 1.67168550736, 8.39583847e-61, 2.13495109179e-18, 9.70152840161e-21, 3.74669472698e-13
0.422339870792, 0.0530472338413, 0.157053373225, 0.228705203341, 0.96988230924, 0.719957067654, 0.12299665703, 0.626325210325, 0.460743118214, 0.886033547754, 0.374470376513, 0.757027502142, 0.278519234313, 0.593990470307, 1.71753183959, 2.28364831187e-64, 1.08580426702e-80, 7.89403266721e-128, 9.93648876769e-38
0.800987280781, 0.531486416413, 0.0812878073135, 0.140591007287, 0.959432663599, 0.82334818104, 0.913185324676, 0.791572385055, 0.0824809175355, 0.378797058554, 0.172148866009, 0.778206165336, 0.302827757975, 0.364588675224, 2.00247948045, 1.9653604082e-85, 3.16394438626e-109, 1.11405054004e-27, 7.24852983358e-10
0.147723543699, 0.0140410074983, 0.202666097395, 0.665513013612, 0.372278546347, 0.230906715554, 0.500958003684, 0.906961946927, 0.769632712737, 0.84829107302, 0.0513251299785, 0.992331565438, 0.721740157307, 0.247286520337, 2.00508369028, 6.51489771065e-18, 1.50093832617e-69, 1.73013307591e-185, 2.77475158931e-83
0.165054758472, 0.308736266617, 0.411048053176, 0.163237014991, 0.799318690231, 0.973430845704, 0.439434642893, 0.660857870489, 0.00848317743005, 0.688784166582, 0.95959644111, 0.703680092871, 0.0883889194521, 0.532222016495, 2.04367651828, 6.14322586666e-79, 7.86668198823e-39, 2.91942180975e-51, 1.85924650041e-78
0.380755849996, 0.767056632862, 0.757930426674, 0.0256710702151, 0.351654548158, 0.808368270513, 0.97128699903, 0.462724031529, 0.864722239462, 0.590892695957, 0.362946779426, 0.653735191689, 0.816925593523, 0.89043521582, 1.77718167477, 2.45611762742e-159, 2.56322006933e-12, 8.48388305624e-12, 3.23974006431e-42
0.175552607189, 0.289364392745, 0.360976207439, 0.35575119143, 0.569515501954, 0.0935715659284, 0.169691519542, 0.123597002545, 0.479046518575, 0.420838474439, 0.356542471379, 0.730386323364, 0.165089735655, 0.907711634856, 1.77955656417, 3.63972018629e-45, 1.56418979923e-44, 3.89888604782e-54, 7.7118761021e-76
0.61188016744, 0.632861054786, 0.7358933908, 0.0500395433688, 0.70750749563, 0.252708220822, 0.109532313308, 0.484250543991, 0.0955267167333, 0.478578434177, 0.730842750579, 0.441282031012, 0.881975904521, 0.729782682115, 1.67642501288, 2.24821479575e-130, 1.26471961785e-13, 3.55910731349e-20, 1.22219835535e-21
0.858052137061, 0.0106665016637, 0.91631298036, 0.0999577824626, 0.313930366125, 0.0664469296301, 0.167140924207, 0.164188726261, 0.13341663406, 0.580172216324, 0.0404415278999, 0.21447581925, 0.744420689316, 0.750212646075, 2.00203132323, 3.01475504213e-100, 0.000503471197439, 1.99430373437e-197, 7.06250045669e-07
0.61188016744, 0.632861054786, 0.7358933908, 0.0500395433688, 0.70750749563, 0.252708220822, 0.109532313308, 0.484250543991, 0.0955267167333, 0.478578434177, 0.730842750579, 0.441282031012, 0.881975904521, 0.729782682115, 1.67642501288, 2.24821479575e-130, 1.26471961785e-13, 3.55910731349e-20, 1.22219835535e-21
0.743949983622, 0.62470597108, 0.659327415862, 0.248340697292, 0.759958217394, 0.454317105568, 0.928155118543, 0.747393852207, 0.650012561298, 0.383889547559, 0.350483889336, 0.216153221495, 0.83184397192, 0.170652321019, 1.67168550736, 8.39583847e-61, 2.13495109179e-18, 9.70152840161e-21, 3.74669472698e-13
