0.468664149701, 0.97436911417, 0.791811876771, 0.107159521069, 0.296380953865, 0.963226620435, 0.963925086704, 0.274737164388, 0.793797385245, 0.0550249211663, 0.563657626931, 0.199976894719, 0.753279744769, 0.424483771548, 0.0186103811932, 0.00316253214824, 0.0556520780109, 1.4588532225, 1.32294125243
0.739227118706, 0.596005854598, 0.620653958576, 0.141192980273, 0.525416409965, 0.450793404322, 0.403098677629, 0.738117236476, 0.654024634855, 0.199055643469, 0.957195232238, 0.288996196102, 0.167732970301, 0.794622475233, 0.211247890899, 0.0476353152505, 0.319351840383, 0.524130279086, 1.49900733908
0.990613883857, 0.92106891025, 0.587942064655, 0.103065160865, 0.994186192594, 0.771246736462, 0.705056456249, 0.982728463795, 0.331694488464, 0.79678163199, 0.64383517075, 0.194391279214, 0.0918201148798, 0.776201684634, 0.00224198155318, 0.000366168878262, 0.00300532008052, 0.030229311378, 2.06603464956
0.865940652955, 0.169848253768, 0.38039952169, 0.589840392558, 0.804585861326, 0.37797529866, 0.239330313077, 0.602111300253, 0.783984957652, 0.554075186102, 0.0154918292726, 0.544020490796, 0.183843221164, 0.807301815743, 0.170272906511, 0.226663843294, 0.192923130495, 0.0937222808209, 1.66311667185
0.756357246921, 0.325064171046, 0.982701474381, 0.660724377942, 0.194336847401, 0.86735419139, 0.493476316914, 0.415429749848, 0.284328980854, 0.980881192302, 0.986259593048, 0.74103109737, 0.492573653867, 0.778364431282, 0.00847927078361, 0.0143749694756, 0.614053462644, 0.34409479796, 1.74901971916
0.241447219098, 0.732513292005, 0.0616836344131, 0.497461772163, 0.536407425703, 0.235488181368, 0.821468100257, 0.0678103222541, 0.42604162827, 0.184465973391, 0.213237814775, 0.457639354951, 0.627003849055, 0.433616136927, 0.420632398695, 0.417291545579, 0.0575897169887, 1.33244076736, 0.581649007828
0.241447219098, 0.732513292005, 0.0616836344131, 0.497461772163, 0.536407425703, 0.235488181368, 0.821468100257, 0.0678103222541, 0.42604162827, 0.184465973391, 0.213237814775, 0.457639354951, 0.627003849055, 0.433616136927, 0.420632398695, 0.417291545579, 0.0575897169887, 1.33244076736, 0.581649007828
0.236649339003, 0.89996507631, 0.589972223496, 0.731991989442, 0.884072918992, 0.501230262352, 0.866871817696, 0.059803196347, 0.999793153706, 0.423113592272, 0.188089930337, 0.45455967213, 0.823049436564, 0.921915530657, 0.0756077826341, 0.168859452767, 0.24639265877, 1.9447175949, 0.767609869354
0.236649339003, 0.89996507631, 0.589972223496, 0.731991989442, 0.884072918992, 0.501230262352, 0.866871817696, 0.059803196347, 0.999793153706, 0.423113592272, 0.188089930337, 0.45455967213, 0.823049436564, 0.921915530657, 0.0756077826341, 0.168859452767, 0.24639265877, 1.9447175949, 0.767609869354
0.236649339003, 0.89996507631, 0.589972223496, 0.731991989442, 0.884072918992, 0.501230262352, 0.866871817696, 0.059803196347, 0.999793153706, 0.423113592272, 0.188089930337, 0.45455967213, 0.823049436564, 0.921915530657, 0.0756077826341, 0.168859452767, 0.24639265877, 1.9447175949, 0.767609869354
0.112395780458, 0.171374248097, 0.0444991506476, 0.812356345452, 0.385682117971, 0.151384679539, 0.788518994977, 0.437101043351, 0.444470393729, 0.582076738992, 0.651759485378, 0.206206757024, 0.587377483998, 0.432492355091, 0.372134888461, 1.22576852972, 0.0896877350574, 0.354284480154, 0.237662129266
0.241447219098, 0.581572720434, 0.0460108454999, 0.197973421676, 0.38818401865, 0.235488181368, 0.758253381568, 0.717639439928, 0.578659550698, 0.473327320539, 0.492299087514, 0.462723253447, 0.740260503645, 0.430717882307, 0.683010116618, 0.219522118447, 0.0519411102624, 0.932059784758, 0.469240090819
0.00642136892248, 0.355609792992, 0.963860345712, 0.124261463361, 0.379945403102, 0.711913236776, 0.270518840783, 0.532465236413, 0.715542336395, 0.472889823848, 0.804796550743, 0.599383684053, 0.336300015184, 0.639096417701, 0.0617888465858, 0.0122160661209, 1.1083208261, 0.693804647587, 0.0132047601668
0.00642136892248, 0.355609792992, 0.963860345712, 0.124261463361, 0.379945403102, 0.711913236776, 0.270518840783, 0.532465236413, 0.715542336395, 0.472889823848, 0.804796550743, 0.599383684053, 0.336300015184, 0.639096417701, 0.0617888465858, 0.0122160661209, 1.1083208261, 0.693804647587, 0.0132047601668
0.241556607911, 0.360405708745, 0.393687769788, 0.505314972134, 0.832059451944, 0.23412671963, 0.128828322496, 0.719291524371, 0.827615912036, 0.516771412849, 0.798771499851, 0.458027992745, 0.717322121127, 0.434393047905, 0.724235322178, 0.736430321309, 0.73489726545, 0.805604784865, 0.598925043081
0.241556607911, 0.360405708745, 0.393687769788, 0.505314972134, 0.832059451944, 0.23412671963, 0.128828322496, 0.719291524371, 0.827615912036, 0.516771412849, 0.798771499851, 0.458027992745, 0.717322121127, 0.434393047905, 0.724235322178, 0.736430321309, 0.73489726545, 0.805604784865, 0.598925043081
0.112395780458, 0.580908227241, 0.0444776935357, 0.812356345452, 0.385682117971, 0.23441933349, 0.788518994977, 0.437101043351, 0.442986750978, 0.473586945585, 0.487229172502, 0.206206757024, 0.740709898455, 0.430740111877, 0.231075270288, 0.76113474737, 0.0556642024886, 1.03101440325, 0.232534762929
0.112395780458, 0.580908227241, 0.0444776935357, 0.812356345452, 0.385682117971, 0.23441933349, 0.788518994977, 0.437101043351, 0.442986750978, 0.473586945585, 0.487229172502, 0.206206757024, 0.740709898455, 0.430740111877, 0.231075270288, 0.76113474737, 0.0556642024886, 1.03101440325, 0.232534762929
0.112395780458, 0.580908227241, 0.0444776935357, 0.812356345452, 0.385682117971, 0.23441933349, 0.788518994977, 0.437101043351, 0.442986750978, 0.473586945585, 0.487229172502, 0.206206757024, 0.740709898455, 0.430740111877, 0.231075270288, 0.76113474737, 0.0556642024886, 1.03101440325, 0.232534762929
0.112395780458, 0.580908227241, 0.0444776935357, 0.812356345452, 0.385682117971, 0.23441933349, 0.788518994977, 0.437101043351, 0.442986750978, 0.473586945585, 0.487229172502, 0.206206757024, 0.740709898455, 0.430740111877, 0.231075270288, 0.76113474737, 0.0556642024886, 1.03101440325, 0.232534762929
0.112395780458, 0.580908227241, 0.0444776935357, 0.812356345452, 0.385682117971, 0.23441933349, 0.788518994977, 0.437101043351, 0.442986750978, 0.473586945585, 0.487229172502, 0.206206757024, 0.740709898455, 0.430740111877, 0.231075270288, 0.76113474737, 0.0556642024886, 1.03101440325, 0.232534762929
0.112395780458, 0.580908227241, 0.0444776935357, 0.812356345452, 0.385682117971, 0.23441933349, 0.788518994977, 0.437101043351, 0.442986750978, 0.473586945585, 0.487229172502, 0.206206757024, 0.740709898455, 0.430740111877, 0.231075270288, 0.76113474737, 0.0556642024886, 1.03101440325, 0.232534762929
0.068549396138, 0.360405708745, 0.973021483086, 0.122534261235, 0.900244081687, 0.692034025016, 0.270518840783, 0.664705838952, 0.749005863195, 0.471000289568, 0.798771499851, 0.525110705101, 0.346511332848, 0.505084780524, 0.0507045893601, 0.00988176808763, 1.21827151006, 0.774923850016, 0.156172768872
0.102344914048, 0.739885972507, 0.973021483086, 0.231277772266, 0.388105101063, 0.707714454398, 0.270518840783, 0.719291524371, 0.749005863195, 0.516335868623, 0.799081027185, 0.458517692315, 0.336300015184, 0.433613199747, 0.0208276259159, 0.00791791277931, 0.525477717365, 1.21480152508, 0.214665719879
0.102344914048, 0.739885972507, 0.973021483086, 0.231277772266, 0.388105101063, 0.707714454398, 0.270518840783, 0.719291524371, 0.749005863195, 0.516335868623, 0.799081027185, 0.458517692315, 0.336300015184, 0.433613199747, 0.0208276259159, 0.00791791277931, 0.525477717365, 1.21480152508, 0.214665719879
0.102344914048, 0.739885972507, 0.973021483086, 0.231277772266, 0.388105101063, 0.707714454398, 0.270518840783, 0.719291524371, 0.749005863195, 0.516335868623, 0.799081027185, 0.458517692315, 0.336300015184, 0.433613199747, 0.0208276259159, 0.00791791277931, 0.525477717365, 1.21480152508, 0.214665719879
0.126792300477, 0.171374248097, 0.0444991506476, 0.8204162888, 0.385682117971, 0.151384679539, 0.788518994977, 0.437101043351, 0.444470393729, 0.582076738992, 0.651759485378, 0.206206757024, 0.587377483998, 0.432492355091, 0.355056890248, 1.22510341434, 0.0893029863449, 0.352764645837, 0.267723447216
0.126792300477, 0.171374248097, 0.0444991506476, 0.8204162888, 0.385682117971, 0.151384679539, 0.788518994977, 0.437101043351, 0.444470393729, 0.582076738992, 0.651759485378, 0.206206757024, 0.587377483998, 0.432492355091, 0.355056890248, 1.22510341434, 0.0893029863449, 0.352764645837, 0.267723447216
0.126792300477, 0.171374248097, 0.0444991506476, 0.8204162888, 0.385682117971, 0.151384679539, 0.788518994977, 0.437101043351, 0.444470393729, 0.582076738992, 0.651759485378, 0.206206757024, 0.587377483998, 0.432492355091, 0.355056890248, 1.22510341434, 0.0893029863449, 0.352764645837, 0.267723447216
0.126792300477, 0.171374248097, 0.0444991506476, 0.8204162888, 0.385682117971, 0.151384679539, 0.788518994977, 0.437101043351, 0.444470393729, 0.582076738992, 0.651759485378, 0.206206757024, 0.587377483998, 0.432492355091, 0.355056890248, 1.22510341434, 0.0893029863449, 0.352764645837, 0.267723447216
0.126792300477, 0.171374248097, 0.0444991506476, 0.8204162888, 0.385682117971, 0.151384679539, 0.788518994977, 0.437101043351, 0.444470393729, 0.582076738992, 0.651759485378, 0.206206757024, 0.587377483998, 0.432492355091, 0.355056890248, 1.22510341434, 0.0893029863449, 0.352764645837, 0.267723447216
0.126792300477, 0.171374248097, 0.0444991506476, 0.8204162888, 0.385682117971, 0.151384679539, 0.788518994977, 0.437101043351, 0.444470393729, 0.582076738992, 0.651759485378, 0.206206757024, 0.587377483998, 0.432492355091, 0.355056890248, 1.22510341434, 0.0893029863449, 0.352764645837, 0.267723447216
0.756391461464, 0.320724003822, 0.973245236016, 0.190034013078, 0.206245777379, 0.86735419139, 0.496057459195, 0.415429749848, 0.284328980854, 0.980881192302, 0.498697369648, 0.74103109737, 0.492573653867, 0.780266308798, 0.0215724222222, 0.0066378052977, 0.536741786035, 0.296133172097, 1.52405029841
0.756391461464, 0.320724003822, 0.973245236016, 0.190034013078, 0.206245777379, 0.86735419139, 0.496057459195, 0.415429749848, 0.284328980854, 0.980881192302, 0.498697369648, 0.74103109737, 0.492573653867, 0.780266308798, 0.0215724222222, 0.0066378052977, 0.536741786035, 0.296133172097, 1.52405029841
0.921878860902, 0.955162882346, 0.828648305953, 0.0647472309962, 0.0118438717653, 0.504358190702, 0.82038548812, 0.50977136287, 0.231704071298, 0.463985968072, 0.308583377423, 0.678474056787, 0.384618179409, 0.639865751115, 0.00345392662888, 0.000352496845475, 0.0125859553243, 0.185069533003, 1.50430847041
0.921878860902, 0.955162882346, 0.828648305953, 0.0647472309962, 0.0118438717653, 0.504358190702, 0.82038548812, 0.50977136287, 0.231704071298, 0.463985968072, 0.308583377423, 0.678474056787, 0.384618179409, 0.639865751115, 0.00345392662888, 0.000352496845475, 0.0125859553243, 0.185069533003, 1.50430847041
0.126792300477, 0.171374248097, 0.0444991506476, 0.8204162888, 0.385682117971, 0.151384679539, 0.788518994977, 0.437101043351, 0.444470393729, 0.582076738992, 0.651759485378, 0.206206757024, 0.587377483998, 0.432492355091, 0.355056890248, 1.22510341434, 0.0893029863449, 0.352764645837, 0.267723447216
0.126792300477, 0.171374248097, 0.0444991506476, 0.8204162888, 0.385682117971, 0.151384679539, 0.788518994977, 0.437101043351, 0.444470393729, 0.582076738992, 0.651759485378, 0.206206757024, 0.587377483998, 0.432492355091, 0.355056890248, 1.22510341434, 0.0893029863449, 0.352764645837, 0.267723447216
0.126792300477, 0.171374248097, 0.0444991506476, 0.8204162888, 0.385682117971, 0.151384679539, 0.788518994977, 0.437101043351, 0.444470393729, 0.582076738992, 0.651759485378, 0.206206757024, 0.587377483998, 0.432492355091, 0.355056890248, 1.22510341434, 0.0893029863449, 0.352764645837, 0.267723447216
0.921878860902, 0.955162882346, 0.828648305953, 0.0647472309962, 0.0118438717653, 0.504358190702, 0.825650716711, 0.494739811362, 0.231704071298, 0.463985968072, 0.308583377423, 0.678474056787, 0.384618179409, 0.639865751115, 0.00346152336423, 0.000353272144298, 0.0126136374908, 0.185476583996, 1.50761712012
0.134772688476, 0.171374248097, 0.0444991506476, 0.800135779322, 0.523706252327, 0.151384679539, 0.797073961824, 0.437101043351, 0.352277923792, 0.581843893466, 0.651759485378, 0.206206757024, 0.587377483998, 0.432492355091, 0.396122853665, 1.22002611273, 0.0898074624994, 0.354757427481, 0.286683321596
0.134772688476, 0.171374248097, 0.0444991506476, 0.800135779322, 0.523706252327, 0.151384679539, 0.797073961824, 0.437101043351, 0.352277923792, 0.581843893466, 0.651759485378, 0.206206757024, 0.587377483998, 0.432492355091, 0.396122853665, 1.22002611273, 0.0898074624994, 0.354757427481, 0.286683321596
0.134772688476, 0.171374248097, 0.0444991506476, 0.800135779322, 0.523706252327, 0.151384679539, 0.797073961824, 0.437101043351, 0.352277923792, 0.581843893466, 0.651759485378, 0.206206757024, 0.587377483998, 0.432492355091, 0.396122853665, 1.22002611273, 0.0898074624994, 0.354757427481, 0.286683321596
0.134772688476, 0.171374248097, 0.0444991506476, 0.800135779322, 0.523706252327, 0.151384679539, 0.797073961824, 0.437101043351, 0.352277923792, 0.581843893466, 0.651759485378, 0.206206757024, 0.587377483998, 0.432492355091, 0.396122853665, 1.22002611273, 0.0898074624994, 0.354757427481, 0.286683321596
0.134772688476, 0.171374248097, 0.0444991506476, 0.800135779322, 0.523706252327, 0.151384679539, 0.797073961824, 0.437101043351, 0.352277923792, 0.581843893466, 0.651759485378, 0.206206757024, 0.587377483998, 0.432492355091, 0.396122853665, 1.22002611273, 0.0898074624994, 0.354757427481, 0.286683321596
0.134772688476, 0.171374248097, 0.0444991506476, 0.800135779322, 0.523706252327, 0.151384679539, 0.797073961824, 0.437101043351, 0.352277923792, 0.581843893466, 0.651759485378, 0.206206757024, 0.587377483998, 0.432492355091, 0.396122853665, 1.22002611273, 0.0898074624994, 0.354757427481, 0.286683321596
0.134772688476, 0.171374248097, 0.0444991506476, 0.800135779322, 0.523706252327, 0.151384679539, 0.797073961824, 0.437101043351, 0.352277923792, 0.581843893466, 0.651759485378, 0.206206757024, 0.587377483998, 0.432492355091, 0.396122853665, 1.22002611273, 0.0898074624994, 0.354757427481, 0.286683321596
0.676012331428, 0.0203160492917, 0.825681430492, 0.210652185516, 0.84609665148, 0.502994508894, 0.830680442793, 0.45792881796, 0.0702712227226, 0.464045553812, 0.54666953512, 0.434992612226, 0.506366072153, 0.430970181804, 0.17785621953, 0.0610974292978, 0.669545037825, 0.0222011268249, 1.24710264135
0.676012331428, 0.0203160492917, 0.825681430492, 0.210652185516, 0.84609665148, 0.502994508894, 0.830680442793, 0.45792881796, 0.0702712227226, 0.464045553812, 0.54666953512, 0.434992612226, 0.506366072153, 0.430970181804, 0.17785621953, 0.0610974292978, 0.669545037825, 0.0222011268249, 1.24710264135
0.988602109402, 0.92106891025, 0.587942064655, 0.103069651561, 0.999524245312, 0.76916607545, 0.705056456249, 0.337142383328, 0.321367033866, 0.79678163199, 0.64383517075, 0.0150260116435, 0.0958458026217, 0.856709139869, 0.00271027385042, 0.000442671769624, 0.00363305835368, 0.0365434793252, 2.0566753542
0.00734470692675, 0.355609792992, 0.962677577231, 0.131886067178, 0.379945403102, 0.711913236776, 0.836644987199, 0.531550200609, 0.715542336395, 0.472889823848, 0.65313846935, 0.599383684053, 0.336300015184, 0.639096417701, 0.0632223098246, 0.0132881683678, 1.10070164999, 0.689109019009, 0.0150014291937
0.00734470692675, 0.355609792992, 0.962677577231, 0.131886067178, 0.379945403102, 0.711913236776, 0.836644987199, 0.531550200609, 0.715542336395, 0.472889823848, 0.65313846935, 0.599383684053, 0.336300015184, 0.639096417701, 0.0632223098246, 0.0132881683678, 1.10070164999, 0.689109019009, 0.0150014291937
0.00734470692675, 0.355609792992, 0.962677577231, 0.131886067178, 0.379945403102, 0.711913236776, 0.836644987199, 0.531550200609, 0.715542336395, 0.472889823848, 0.65313846935, 0.599383684053, 0.336300015184, 0.639096417701, 0.0632223098246, 0.0132881683678, 1.10070164999, 0.689109019009, 0.0150014291937
0.00734470692675, 0.355609792992, 0.962677577231, 0.131886067178, 0.379945403102, 0.711913236776, 0.836644987199, 0.531550200609, 0.715542336395, 0.472889823848, 0.65313846935, 0.599383684053, 0.336300015184, 0.639096417701, 0.0632223098246, 0.0132881683678, 1.10070164999, 0.689109019009, 0.0150014291937
0.00734470692675, 0.355609792992, 0.962677577231, 0.131886067178, 0.379945403102, 0.711913236776, 0.836644987199, 0.531550200609, 0.715542336395, 0.472889823848, 0.65313846935, 0.599383684053, 0.336300015184, 0.639096417701, 0.0632223098246, 0.0132881683678, 1.10070164999, 0.689109019009, 0.0150014291937
0.00734470692675, 0.355609792992, 0.962677577231, 0.131886067178, 0.379945403102, 0.711913236776, 0.836644987199, 0.531550200609, 0.715542336395, 0.472889823848, 0.65313846935, 0.599383684053, 0.336300015184, 0.639096417701, 0.0632223098246, 0.0132881683678, 1.10070164999, 0.689109019009, 0.0150014291937
0.00734470692675, 0.355609792992, 0.962677577231, 0.131886067178, 0.379945403102, 0.711913236776, 0.836644987199, 0.531550200609, 0.715542336395, 0.472889823848, 0.65313846935, 0.599383684053, 0.336300015184, 0.639096417701, 0.0632223098246, 0.0132881683678, 1.10070164999, 0.689109019009, 0.0150014291937
0.00734470692675, 0.355609792992, 0.962677577231, 0.131886067178, 0.379945403102, 0.711913236776, 0.836644987199, 0.531550200609, 0.715542336395, 0.472889823848, 0.65313846935, 0.599383684053, 0.336300015184, 0.639096417701, 0.0632223098246, 0.0132881683678, 1.10070164999, 0.689109019009, 0.0150014291937
0.00734470692675, 0.355609792992, 0.962677577231, 0.131886067178, 0.379945403102, 0.711913236776, 0.836644987199, 0.531550200609, 0.715542336395, 0.472889823848, 0.65313846935, 0.599383684053, 0.336300015184, 0.639096417701, 0.0632223098246, 0.0132881683678, 1.10070164999, 0.689109019009, 0.0150014291937
0.00734470692675, 0.355609792992, 0.962677577231, 0.131886067178, 0.379945403102, 0.711913236776, 0.836644987199, 0.531550200609, 0.715542336395, 0.472889823848, 0.65313846935, 0.599383684053, 0.336300015184, 0.639096417701, 0.0632223098246, 0.0132881683678, 1.10070164999, 0.689109019009, 0.0150014291937
0.00734470692675, 0.355609792992, 0.962677577231, 0.131886067178, 0.379945403102, 0.711913236776, 0.836644987199, 0.531550200609, 0.715542336395, 0.472889823848, 0.65313846935, 0.599383684053, 0.336300015184, 0.639096417701, 0.0632223098246, 0.0132881683678, 1.10070164999, 0.689109019009, 0.0150014291937
0.243601490552, 0.581880687441, 0.0445058180591, 0.821975549811, 0.38818401865, 0.235488181368, 0.758253381568, 0.439774572091, 0.579402995903, 0.473327320539, 0.492299087514, 0.462723253447, 0.743546444732, 0.430717882307, 0.191101169564, 0.665475691311, 0.0484823694115, 0.90026400977, 0.457527363948
0.243601490552, 0.581880687441, 0.0445058180591, 0.821975549811, 0.38818401865, 0.235488181368, 0.758253381568, 0.439774572091, 0.579402995903, 0.473327320539, 0.492299087514, 0.462723253447, 0.743546444732, 0.430717882307, 0.191101169564, 0.665475691311, 0.0484823694115, 0.90026400977, 0.457527363948
0.243601490552, 0.581880687441, 0.0445058180591, 0.821975549811, 0.38818401865, 0.235488181368, 0.758253381568, 0.439774572091, 0.579402995903, 0.473327320539, 0.492299087514, 0.462723253447, 0.743546444732, 0.430717882307, 0.191101169564, 0.665475691311, 0.0484823694115, 0.90026400977, 0.457527363948
0.989388456218, 0.92106891025, 0.58470724734, 0.0606966889436, 0.948087494311, 0.76916607545, 0.698340734066, 0.337142383328, 0.231524862363, 0.46906997197, 0.30776853498, 0.0190830299928, 0.0958458026217, 0.856816264143, 0.00245510845292, 0.000234787130234, 0.00322856022893, 0.0326004283207, 1.97074871534
0.134772688476, 0.171374248097, 0.0444991506476, 0.800135779322, 0.523706252327, 0.151384679539, 0.797073961824, 0.437101043351, 0.352277923792, 0.581843893466, 0.651759485378, 0.206206757024, 0.587377483998, 0.432492355091, 0.396122853665, 1.22002611273, 0.0898074624994, 0.354757427481, 0.286683321596
0.134772688476, 0.171374248097, 0.0444991506476, 0.800135779322, 0.523706252327, 0.151384679539, 0.797073961824, 0.437101043351, 0.352277923792, 0.581843893466, 0.651759485378, 0.206206757024, 0.587377483998, 0.432492355091, 0.396122853665, 1.22002611273, 0.0898074624994, 0.354757427481, 0.286683321596
0.122106925535, 0.360405708745, 0.393687769788, 0.505314972134, 0.829579742447, 0.235479441137, 0.128828322496, 0.531502803987, 0.559623739601, 0.516947502846, 0.654072933948, 0.601074968957, 0.728113930999, 0.634977339302, 0.674712073885, 0.686073178353, 0.684644952931, 0.750517488561, 0.271726958844
0.122106925535, 0.360405708745, 0.393687769788, 0.505314972134, 0.829579742447, 0.235479441137, 0.128828322496, 0.531502803987, 0.559623739601, 0.516947502846, 0.654072933948, 0.601074968957, 0.728113930999, 0.634977339302, 0.674712073885, 0.686073178353, 0.684644952931, 0.750517488561, 0.271726958844
0.122106925535, 0.360405708745, 0.393687769788, 0.505314972134, 0.829579742447, 0.235479441137, 0.128828322496, 0.531502803987, 0.559623739601, 0.516947502846, 0.654072933948, 0.601074968957, 0.728113930999, 0.634977339302, 0.674712073885, 0.686073178353, 0.684644952931, 0.750517488561, 0.271726958844
0.134772688476, 0.171374248097, 0.0444991506476, 0.800135779322, 0.523706252327, 0.151384679539, 0.797073961824, 0.437101043351, 0.352277923792, 0.581843893466, 0.651759485378, 0.206206757024, 0.587377483998, 0.422512145129, 0.396542994228, 1.22132011144, 0.0899027151654, 0.35513369455, 0.286987387093
0.236649339003, 0.900393598156, 0.589972223496, 0.710059587982, 0.887164170416, 0.501230262352, 0.866871817696, 0.059803196347, 0.995694085765, 0.423113592272, 0.188089930337, 0.45455967213, 0.390339324442, 0.921915530657, 0.0774278629826, 0.158087384353, 0.234429151828, 1.85838504257, 0.733455029917
0.241556607911, 0.360405708745, 0.956642059447, 0.505314972134, 0.834067354237, 0.227355820105, 0.122385554632, 0.719291524371, 0.677878511869, 0.516768970382, 0.798771499851, 0.458719730328, 0.340544110545, 0.434393047905, 0.0572069261204, 0.0581702019963, 1.19607695061, 0.761889503989, 0.566425017046
0.134274496732, 0.171374248097, 0.0444991506476, 0.844659695053, 0.385682117971, 0.151384679539, 0.788518994977, 0.437101043351, 0.444470393729, 0.582076738992, 0.651759485378, 0.206206757024, 0.587377483998, 0.432492355091, 0.307404739451, 1.23471140393, 0.0890849757197, 0.351903460291, 0.283293895032
0.134815223408, 0.171374248097, 0.0444991506476, 0.8204162888, 0.385682117971, 0.151384679539, 0.788518994977, 0.437101043351, 0.350611285125, 0.496103689828, 0.651759485378, 0.206206757024, 0.587377483998, 0.432492355091, 0.357400009136, 1.23318821154, 0.0898923215187, 0.355092637569, 0.287047537583
0.0661363288211, 0.578427720184, 0.97974262068, 0.122534261235, 0.891651076447, 0.692034025016, 0.270518840783, 0.432408566083, 0.581030062682, 0.471026736446, 0.798771499851, 0.461902350303, 0.316881413969, 0.505084780524, 0.026337902181, 0.00513296813073, 0.842997497581, 1.08180877977, 0.143020597201
0.0661363288211, 0.578427720184, 0.97974262068, 0.122534261235, 0.891651076447, 0.692034025016, 0.270518840783, 0.432408566083, 0.581030062682, 0.471026736446, 0.798771499851, 0.461902350303, 0.316881413969, 0.505084780524, 0.026337902181, 0.00513296813073, 0.842997497581, 1.08180877977, 0.143020597201
0.0661363288211, 0.578427720184, 0.97974262068, 0.122534261235, 0.891651076447, 0.692034025016, 0.270518840783, 0.432408566083, 0.581030062682, 0.471026736446, 0.798771499851, 0.461902350303, 0.316881413969, 0.505084780524, 0.026337902181, 0.00513296813073, 0.842997497581, 1.08180877977, 0.143020597201
0.0661363288211, 0.578427720184, 0.97974262068, 0.122534261235, 0.891651076447, 0.692034025016, 0.270518840783, 0.432408566083, 0.581030062682, 0.471026736446, 0.798771499851, 0.461902350303, 0.316881413969, 0.505084780524, 0.026337902181, 0.00513296813073, 0.842997497581, 1.08180877977, 0.143020597201
0.0661363288211, 0.578427720184, 0.97974262068, 0.122534261235, 0.891651076447, 0.692034025016, 0.270518840783, 0.432408566083, 0.581030062682, 0.471026736446, 0.798771499851, 0.461902350303, 0.316881413969, 0.505084780524, 0.026337902181, 0.00513296813073, 0.842997497581, 1.08180877977, 0.143020597201
0.134772688476, 0.021245003626, 0.0368634080645, 0.800135779322, 0.850869137747, 0.495390654422, 0.797458169876, 0.456550517544, 0.352277923792, 0.581843893466, 0.648339942205, 0.255624898521, 0.506747475808, 0.432994708727, 0.400138783759, 1.2323948502, 0.0751129118146, 0.0433291239806, 0.279101553224
0.122106925535, 0.360405708745, 0.393687769788, 0.505314972134, 0.832056858964, 0.175522318548, 0.128828322496, 0.531502803987, 0.559623739601, 0.516943509885, 0.654301449378, 0.601074968957, 0.728113930999, 0.634977339302, 0.69223724247, 0.703893443586, 0.702428121019, 0.77001164914, 0.278784874282
0.122106925535, 0.360405708745, 0.393687769788, 0.505314972134, 0.832056858964, 0.175522318548, 0.128828322496, 0.531502803987, 0.559623739601, 0.516943509885, 0.654301449378, 0.601074968957, 0.728113930999, 0.634977339302, 0.69223724247, 0.703893443586, 0.702428121019, 0.77001164914, 0.278784874282
0.676012331428, 0.581594940978, 0.825681430492, 0.210652185516, 0.84609665148, 0.502994508894, 0.829442698883, 0.45792881796, 0.57553765064, 0.473229661879, 0.492577207821, 0.434992612226, 0.50844444049, 0.430970181804, 0.0948235899808, 0.0325739386564, 0.356966229847, 0.480486926262, 1.08777751524
0.676012331428, 0.581594940978, 0.825681430492, 0.210652185516, 0.84609665148, 0.502994508894, 0.829442698883, 0.45792881796, 0.57553765064, 0.473229661879, 0.492577207821, 0.434992612226, 0.50844444049, 0.430970181804, 0.0948235899808, 0.0325739386564, 0.356966229847, 0.480486926262, 1.08777751524
0.676012331428, 0.581594940978, 0.825681430492, 0.210652185516, 0.84609665148, 0.502994508894, 0.829442698883, 0.45792881796, 0.57553765064, 0.473229661879, 0.492577207821, 0.434992612226, 0.50844444049, 0.430970181804, 0.0948235899808, 0.0325739386564, 0.356966229847, 0.480486926262, 1.08777751524
0.676012331428, 0.581594940978, 0.825681430492, 0.210652185516, 0.84609665148, 0.502994508894, 0.829442698883, 0.45792881796, 0.57553765064, 0.473229661879, 0.492577207821, 0.434992612226, 0.50844444049, 0.430970181804, 0.0948235899808, 0.0325739386564, 0.356966229847, 0.480486926262, 1.08777751524
0.989388456218, 0.92106891025, 0.602014360742, 0.0606966889436, 0.967832546185, 0.228369430914, 0.134922546464, 0.337142383328, 0.231524862363, 0.46906997197, 0.30776853498, 0.0190830299928, 0.0958458026217, 0.4407849916, 0.00235428911384, 0.000225145567041, 0.00327693949863, 0.0324275661488, 1.96029891696
0.989388456218, 0.92106891025, 0.602014360742, 0.0606966889436, 0.967832546185, 0.228369430914, 0.134922546464, 0.337142383328, 0.231524862363, 0.46906997197, 0.30776853498, 0.0190830299928, 0.0958458026217, 0.4407849916, 0.00235428911384, 0.000225145567041, 0.00327693949863, 0.0324275661488, 1.96029891696
0.989388456218, 0.92106891025, 0.602014360742, 0.0606966889436, 0.967832546185, 0.228369430914, 0.134922546464, 0.337142383328, 0.231524862363, 0.46906997197, 0.30776853498, 0.0190830299928, 0.0958458026217, 0.4407849916, 0.00235428911384, 0.000225145567041, 0.00327693949863, 0.0324275661488, 1.96029891696
0.068549396138, 0.265957698164, 0.973021483086, 0.81153404265, 0.900244081687, 0.68691495153, 0.270518840783, 0.615178429975, 0.744660431074, 0.471000289568, 0.798771499851, 0.525110705101, 0.34662622594, 0.505084780524, 0.0161188770282, 0.0528480159683, 1.30300544518, 0.578917283462, 0.154240230029
0.068549396138, 0.265957698164, 0.973021483086, 0.81153404265, 0.900244081687, 0.68691495153, 0.270518840783, 0.615178429975, 0.744660431074, 0.471000289568, 0.798771499851, 0.525110705101, 0.34662622594, 0.505084780524, 0.0161188770282, 0.0528480159683, 1.30300544518, 0.578917283462, 0.154240230029
