0.468664149701, 0.97436911417, 0.791811876771, 0.107159521069, 0.296380953865, 0.963226620435, 0.963925086704, 0.274737164388, 0.793797385245, 0.0550249211663, 0.563657626931, 0.199976894719, 0.753279744769, 0.424483771548, 0.0186103811932, 0.00316253214824, 0.0556520780109, 1.4588532225, 1.32294125243
0.990613883857, 0.92106891025, 0.587942064655, 0.103065160865, 0.994186192594, 0.771246736462, 0.705056456249, 0.982728463795, 0.331694488464, 0.79678163199, 0.64383517075, 0.194391279214, 0.0918201148798, 0.776201684634, 0.00224198155318, 0.000366168878262, 0.00300532008052, 0.030229311378, 2.06603464956
0.112395780458, 0.580908227241, 0.0444776935357, 0.812356345452, 0.385682117971, 0.23441933349, 0.788518994977, 0.437101043351, 0.442986750978, 0.473586945585, 0.487229172502, 0.206206757024, 0.740709898455, 0.430740111877, 0.231075270288, 0.76113474737, 0.0556642024886, 1.03101440325, 0.232534762929
0.112395780458, 0.580908227241, 0.0444776935357, 0.812356345452, 0.385682117971, 0.23441933349, 0.788518994977, 0.437101043351, 0.442986750978, 0.473586945585, 0.487229172502, 0.206206757024, 0.740709898455, 0.430740111877, 0.231075270288, 0.76113474737, 0.0556642024886, 1.03101440325, 0.232534762929
0.102344914048, 0.739885972507, 0.973021483086, 0.231277772266, 0.388105101063, 0.707714454398, 0.270518840783, 0.719291524371, 0.749005863195, 0.516335868623, 0.799081027185, 0.458517692315, 0.336300015184, 0.433613199747, 0.0208276259159, 0.00791791277931, 0.525477717365, 1.21480152508, 0.214665719879
0.126792300477, 0.171374248097, 0.0444991506476, 0.8204162888, 0.385682117971, 0.151384679539, 0.788518994977, 0.437101043351, 0.444470393729, 0.582076738992, 0.651759485378, 0.206206757024, 0.587377483998, 0.432492355091, 0.355056890248, 1.22510341434, 0.0893029863449, 0.352764645837, 0.267723447216
0.126792300477, 0.171374248097, 0.0444991506476, 0.8204162888, 0.385682117971, 0.151384679539, 0.788518994977, 0.437101043351, 0.444470393729, 0.582076738992, 0.651759485378, 0.206206757024, 0.587377483998, 0.432492355091, 0.355056890248, 1.22510341434, 0.0893029863449, 0.352764645837, 0.267723447216
0.00734470692675, 0.355609792992, 0.962677577231, 0.131886067178, 0.379945403102, 0.711913236776, 0.836644987199, 0.531550200609, 0.715542336395, 0.472889823848, 0.65313846935, 0.599383684053, 0.336300015184, 0.639096417701, 0.0632223098246, 0.0132881683678, 1.10070164999, 0.689109019009, 0.0150014291937
0.00734470692675, 0.355609792992, 0.962677577231, 0.131886067178, 0.379945403102, 0.711913236776, 0.836644987199, 0.531550200609, 0.715542336395, 0.472889823848, 0.65313846935, 0.599383684053, 0.336300015184, 0.639096417701, 0.0632223098246, 0.0132881683678, 1.10070164999, 0.689109019009, 0.0150014291937
0.00734470692675, 0.355609792992, 0.962677577231, 0.131886067178, 0.379945403102, 0.711913236776, 0.836644987199, 0.531550200609, 0.715542336395, 0.472889823848, 0.65313846935, 0.599383684053, 0.336300015184, 0.639096417701, 0.0632223098246, 0.0132881683678, 1.10070164999, 0.689109019009, 0.0150014291937
0.0661363288211, 0.578427720184, 0.97974262068, 0.122534261235, 0.891651076447, 0.692034025016, 0.270518840783, 0.432408566083, 0.581030062682, 0.471026736446, 0.798771499851, 0.461902350303, 0.316881413969, 0.505084780524, 0.026337902181, 0.00513296813073, 0.842997497581, 1.08180877977, 0.143020597201
0.0661363288211, 0.578427720184, 0.97974262068, 0.122534261235, 0.891651076447, 0.692034025016, 0.270518840783, 0.432408566083, 0.581030062682, 0.471026736446, 0.798771499851, 0.461902350303, 0.316881413969, 0.505084780524, 0.026337902181, 0.00513296813073, 0.842997497581, 1.08180877977, 0.143020597201
0.989388456218, 0.92106891025, 0.602014360742, 0.0606966889436, 0.967832546185, 0.228369430914, 0.134922546464, 0.337142383328, 0.231524862363, 0.46906997197, 0.30776853498, 0.0190830299928, 0.0958458026217, 0.4407849916, 0.00235428911384, 0.000225145567041, 0.00327693949863, 0.0324275661488, 1.96029891696
0.068549396138, 0.265957698164, 0.973021483086, 0.797178370876, 0.844676018055, 0.686543756108, 0.831828069963, 0.615178429975, 0.744660431074, 0.471000289568, 0.801659738201, 0.381836286086, 0.50910408999, 0.431819458997, 0.0174530749255, 0.0529158593579, 1.31404925286, 0.583823979106, 0.155547515001
0.989388456218, 0.92106891025, 0.0332915180296, 0.0669334204422, 0.948087494311, 0.772864699956, 0.816438884472, 0.337142383328, 0.222948016764, 0.46906997197, 0.271533597417, 0.0190830299928, 0.0999677758257, 0.856816264143, 0.00419738748171, 0.000442941480663, 0.00022091921599, 0.0339138138942, 2.05014500138
0.0612049453515, 0.345878439027, 0.96197254755, 0.131844563462, 0.379945403102, 0.711913236776, 0.836644987199, 0.535408777325, 0.579941097226, 0.419608397567, 0.489185692569, 0.598008829094, 0.336300015184, 0.639096417701, 0.0618563401914, 0.0129968558934, 1.05689323771, 0.639430517808, 0.119282689902
0.0612049453515, 0.345878439027, 0.96197254755, 0.131844563462, 0.379945403102, 0.711913236776, 0.836644987199, 0.535408777325, 0.579941097226, 0.419608397567, 0.489185692569, 0.598008829094, 0.336300015184, 0.639096417701, 0.0618563401914, 0.0129968558934, 1.05689323771, 0.639430517808, 0.119282689902
0.121631101762, 0.355455498916, 0.953789117853, 0.496965902551, 0.380178209861, 0.27393369215, 0.814607993112, 0.531080841055, 0.560684943821, 0.512265856394, 0.486507339137, 0.599716844925, 0.740690577518, 0.639014707293, 0.0539163662993, 0.0534048748509, 1.04363294382, 0.653627417059, 0.23862951414
0.123098295947, 0.355377596602, 0.925071404598, 0.1313596967, 0.612798714478, 0.218284150253, 0.312793838418, 0.531079583875, 0.352283916968, 0.3938313824, 0.802566473129, 0.464318074098, 0.338523685111, 0.462196145962, 0.122603422286, 0.0256631567039, 1.05933868724, 0.666145237466, 0.246255429864
0.123098295947, 0.355377596602, 0.925071404598, 0.1313596967, 0.612798714478, 0.218284150253, 0.312793838418, 0.531079583875, 0.352283916968, 0.3938313824, 0.802566473129, 0.464318074098, 0.338523685111, 0.462196145962, 0.122603422286, 0.0256631567039, 1.05933868724, 0.666145237466, 0.246255429864
0.980271386177, 0.581880687441, 0.0417343490746, 0.830426784457, 0.38818401865, 0.235434571173, 0.128320925957, 0.453953409287, 0.579402995903, 0.469103117645, 0.620929904048, 0.0208568234097, 0.0956723244216, 0.441223714123, 0.00815509518721, 0.0298887179284, 0.00203392973544, 0.0402719298744, 1.64037251463
0.980271386177, 0.581880687441, 0.0417343490746, 0.830426784457, 0.38818401865, 0.235434571173, 0.128320925957, 0.453953409287, 0.579402995903, 0.469103117645, 0.620929904048, 0.0208568234097, 0.0956723244216, 0.441223714123, 0.00815509518721, 0.0298887179284, 0.00203392973544, 0.0402719298744, 1.64037251463
0.980271386177, 0.581880687441, 0.0417343490746, 0.830426784457, 0.38818401865, 0.235434571173, 0.128320925957, 0.453953409287, 0.579402995903, 0.469103117645, 0.620929904048, 0.0208568234097, 0.0956723244216, 0.441223714123, 0.00815509518721, 0.0298887179284, 0.00203392973544, 0.0402719298744, 1.64037251463
0.121970052231, 0.171374248097, 0.0485978011718, 0.8204162888, 0.385682117971, 0.151384679539, 0.797854832209, 0.437101043351, 0.444470393729, 0.592517367661, 0.654076553428, 0.520718428849, 0.659040846923, 0.432492355091, 0.339604384312, 1.17178542981, 0.0933131520802, 0.337571058006, 0.246201469441
0.130083352767, 0.355609792992, 0.397564923161, 0.106055143584, 0.370758048143, 0.711913236776, 0.811246574564, 0.531550200609, 0.715542336395, 0.394303648612, 0.65313846935, 0.599383684053, 0.336300015184, 0.639096417701, 0.861337311283, 0.144833388315, 0.629493221173, 0.672883026163, 0.263097151555
0.130083352767, 0.355609792992, 0.397564923161, 0.106055143584, 0.370758048143, 0.711913236776, 0.811246574564, 0.531550200609, 0.715542336395, 0.394303648612, 0.65313846935, 0.599383684053, 0.336300015184, 0.639096417701, 0.861337311283, 0.144833388315, 0.629493221173, 0.672883026163, 0.263097151555
0.135020069698, 0.413104447416, 0.39711868487, 0.192912115057, 0.3913769492, 0.584696033979, 0.811332543398, 0.529484551587, 0.354085345956, 0.472799368762, 0.601557548081, 0.464318074098, 0.587830056034, 0.458846000739, 0.699820866826, 0.218802162485, 0.527667762752, 0.685174784576, 0.244139952884
0.243601490552, 0.17847280969, 0.047376226168, 0.834109711082, 0.38818401865, 0.221453825026, 0.75826188826, 0.527000711164, 0.579402995903, 0.471126866405, 0.492299087514, 0.462723253447, 0.588789153338, 0.463200420269, 0.269202605267, 1.00960115491, 0.0779018176591, 0.301683109414, 0.438848303942
0.243601490552, 0.17847280969, 0.047376226168, 0.834109711082, 0.38818401865, 0.221453825026, 0.75826188826, 0.527000711164, 0.579402995903, 0.471126866405, 0.492299087514, 0.462723253447, 0.588789153338, 0.463200420269, 0.269202605267, 1.00960115491, 0.0779018176591, 0.301683109414, 0.438848303942
0.121801335321, 0.366396257318, 0.0494133014504, 0.834109711082, 0.388890592318, 0.221453825026, 0.319742200053, 0.531032480043, 0.351371298629, 0.471126866405, 0.492299087514, 0.462727825533, 0.588789153338, 0.463153219012, 0.244767164181, 0.917959955837, 0.0738882727033, 0.618246061375, 0.220015664471
0.10691508392, 0.171390940341, 0.402122785131, 0.332500028843, 0.3913769492, 0.216259405941, 0.811332543398, 0.437099540347, 0.352283916968, 0.584325863362, 0.651729127895, 0.464318074098, 0.58737688173, 0.462207317073, 0.834611067333, 0.480407402841, 0.704577697798, 0.329234513795, 0.209858011053
0.239967841276, 0.577790316913, 0.047376226168, 0.834109711082, 0.38818401865, 0.221453825026, 0.75826188826, 0.527000711164, 0.579402995903, 0.471144514065, 0.492299087514, 0.462723253447, 0.588789153338, 0.463200420269, 0.172859798694, 0.648282925147, 0.0500221478358, 0.861173639039, 0.432617443647
0.0664936535817, 0.578427720184, 0.0318124001262, 0.215411204512, 0.612350482414, 0.455192610525, 0.798336119584, 0.436420100269, 0.57979082623, 0.418254625968, 0.654414431304, 0.464353046363, 0.319246123098, 0.50552372961, 0.678972990951, 0.23893110132, 0.0359982693073, 0.924379658758, 0.122872753974
0.277216091176, 0.173960082825, 0.39013994631, 0.813798036857, 0.385682117971, 0.219029133434, 0.758165178572, 0.437101043351, 0.444470393729, 0.572144622482, 0.651759485378, 0.462736593396, 0.587794161939, 0.463201751441, 0.248005149117, 0.823604968267, 0.604795310303, 0.294694523609, 0.508033333833
0.277216091176, 0.173960082825, 0.39013994631, 0.813798036857, 0.385682117971, 0.219029133434, 0.758165178572, 0.437101043351, 0.444470393729, 0.572144622482, 0.651759485378, 0.462736593396, 0.587794161939, 0.463201751441, 0.248005149117, 0.823604968267, 0.604795310303, 0.294694523609, 0.508033333833
0.277216091176, 0.173960082825, 0.39013994631, 0.813798036857, 0.385682117971, 0.219029133434, 0.758165178572, 0.437101043351, 0.444470393729, 0.572144622482, 0.651759485378, 0.462736593396, 0.587794161939, 0.463201751441, 0.248005149117, 0.823604968267, 0.604795310303, 0.294694523609, 0.508033333833
0.081188994031, 0.360576181969, 0.398498277456, 0.131886067178, 0.379945403102, 0.711913236776, 0.836644987199, 0.533945048454, 0.715542336395, 0.412691377428, 0.488370841585, 0.599383684053, 0.336387340065, 0.639096417701, 0.852320079157, 0.179142026707, 0.629643410965, 0.683394137333, 0.16330841918
0.243601490552, 0.17847280969, 0.383170780549, 0.83381423477, 0.388275366947, 0.220871848325, 0.75826188826, 0.527000711164, 0.442832114428, 0.580248416545, 0.492299087514, 0.462723253447, 0.588789153338, 0.463200436227, 0.223443965895, 0.836431076543, 0.594696436977, 0.302420698384, 0.439921249887
0.12693959785, 0.171374248097, 0.0444991506476, 0.471585508545, 0.385242762018, 0.151384679539, 0.816478655507, 0.524951933552, 0.44616276498, 0.579548437927, 0.651759485378, 0.477858846766, 0.587377483998, 0.504623195129, 0.887478948089, 0.811593218154, 0.0841994528076, 0.332604668276, 0.252724608917
0.827880437788, 0.46318415045, 0.400578817617, 0.213294750488, 0.3913769492, 0.497051459705, 0.829051902228, 0.458925320801, 0.515208603811, 0.471929716795, 0.654073632129, 0.463728679694, 0.569872180936, 0.295698566144, 0.181905208757, 0.0633337346298, 0.140210978539, 0.212166752931, 1.15107399815
0.00734470692675, 0.17409735773, 0.962677577231, 0.131886067178, 0.379945403102, 0.711913236776, 0.815623409393, 0.479238338765, 0.715542336395, 0.580434152085, 0.65313846935, 0.478450715248, 0.336300015184, 0.639096417701, 0.0707926886342, 0.014879322954, 1.23250209306, 0.346310734335, 0.0147942962594
0.128063297851, 0.17847280969, 0.0473700892001, 0.834109711082, 0.38818401865, 0.221453825026, 0.75826188826, 0.527000711164, 0.447252186209, 0.563793155832, 0.488331280246, 0.462723253447, 0.588789153338, 0.463200420269, 0.284287223972, 1.06617359577, 0.0822563067637, 0.318587526198, 0.234800547086
0.24852438458, 0.177393690177, 0.0504478597087, 0.213294750488, 0.3913769492, 0.497051459705, 0.751870853924, 0.457937454643, 0.580262834354, 0.471046391782, 0.654072933948, 0.462981801594, 0.569691051626, 0.41873983518, 0.938188854959, 0.326648172302, 0.0788876467106, 0.285106799722, 0.426535094546
0.24852438458, 0.177393690177, 0.0504478597087, 0.213294750488, 0.3913769492, 0.497051459705, 0.751870853924, 0.457937454643, 0.580262834354, 0.471046391782, 0.654072933948, 0.462981801594, 0.569691051626, 0.41873983518, 0.938188854959, 0.326648172302, 0.0788876467106, 0.285106799722, 0.426535094546
0.698668827607, 0.580011379817, 0.378837044398, 0.211159229823, 0.388833471658, 0.586368277398, 0.829457172586, 0.45792881796, 0.566830380022, 0.474530160399, 0.492577207821, 0.434670625401, 0.508684770348, 0.49460654333, 0.24930651569, 0.0858641959751, 0.178492511922, 0.41050897118, 1.01437112079
0.0664936535817, 0.661862754383, 0.0318124001262, 0.215414269129, 0.604057331125, 0.543103768843, 0.824591324466, 0.458809299777, 0.51452459461, 0.418254625968, 0.654414431304, 0.463728823252, 0.312012654084, 0.50552372961, 0.563430737465, 0.198274744418, 0.0298724191576, 1.01802785576, 0.123771610333
0.2823791698, 0.173817599092, 0.39711868487, 0.478274939636, 0.3913769492, 0.218284150253, 0.757739600482, 0.531127234952, 0.352283916968, 0.580624792235, 0.65413917238, 0.464323969508, 0.587830780575, 0.462072719646, 0.629991148949, 0.58839672908, 0.620361573267, 0.297400450301, 0.524030102416
0.2823791698, 0.173817599092, 0.39711868487, 0.478274939636, 0.3913769492, 0.218284150253, 0.757739600482, 0.531127234952, 0.352283916968, 0.580624792235, 0.65413917238, 0.464323969508, 0.587830780575, 0.462072719646, 0.629991148949, 0.58839672908, 0.620361573267, 0.297400450301, 0.524030102416
0.828517193081, 0.581474598431, 0.400504233059, 0.213294750488, 0.3913769492, 0.496627531459, 0.82905490888, 0.457932009297, 0.515208603811, 0.473207646904, 0.654072933948, 0.435201611003, 0.569067732125, 0.355217328498, 0.14608826792, 0.0508633900931, 0.112575863247, 0.247827578307, 1.13405249758
0.278734406411, 0.358620114709, 0.409745515909, 0.813798036857, 0.3857086433, 0.248917719514, 0.758646194835, 0.458215457547, 0.514161230173, 0.517997356009, 0.651759485378, 0.542280234548, 0.738538473527, 0.463250437972, 0.216940571124, 0.720442026438, 0.564444813372, 0.594056734422, 0.520792353974
0.827880437788, 0.356622912506, 0.914038873587, 0.213294750488, 0.3913769492, 0.497051459705, 0.829051902228, 0.531322328205, 0.515208603811, 0.471929716795, 0.654072933948, 0.462934870279, 0.572901779791, 0.463030531838, 0.0331914372648, 0.0115562258721, 0.25870159704, 0.163748931793, 1.11196058297
0.243710975261, 0.17847280969, 0.047376226168, 0.834109711082, 0.38818401865, 0.221453825026, 0.75826188826, 0.527000711164, 0.579402995903, 0.471144577357, 0.492299087514, 0.462723253447, 0.588789153338, 0.463200420269, 0.269183733204, 1.00953037827, 0.0778963564636, 0.301661960351, 0.439035430586
0.277737443327, 0.17895764647, 0.39013994631, 0.7977974428, 0.385667048818, 0.221313418224, 0.758165178572, 0.528300280397, 0.59326636089, 0.572144622482, 0.651759485378, 0.46273640377, 0.587786605266, 0.463201762326, 0.268186629911, 0.815779196955, 0.603808656541, 0.303121665774, 0.509427506521
0.126792300477, 0.171374248097, 0.0319258316835, 0.8204162888, 0.613586484125, 0.150944022945, 0.788518994977, 0.437101043351, 0.444470393729, 0.582076738992, 0.651759485378, 0.206206757024, 0.587377483998, 0.41467015391, 0.356231124554, 1.2291550424, 0.0642312791703, 0.353511450927, 0.268290219526
0.0612049453515, 0.345878439027, 0.948701334816, 0.131844563462, 0.379945403102, 0.576004397933, 0.836644987199, 0.529057659572, 0.574408847652, 0.419608397567, 0.489185692569, 0.570708073336, 0.336300015184, 0.459895621411, 0.0791919563571, 0.016639303934, 1.00206224925, 0.607146043349, 0.113260176355
0.0671858463106, 0.162533650389, 0.0318124001262, 0.215414269129, 0.618761765086, 0.543103768843, 0.756844306824, 0.45966101727, 0.515202564716, 0.418254625968, 0.49044298833, 0.46367099073, 0.312012654084, 0.50552372961, 1.02186487118, 0.359600537724, 0.0541780448324, 0.283095633228, 0.118744234592
0.0671858463106, 0.162533650389, 0.0318124001262, 0.215414269129, 0.618761765086, 0.543103768843, 0.756844306824, 0.45966101727, 0.515202564716, 0.418254625968, 0.49044298833, 0.46367099073, 0.312012654084, 0.50552372961, 1.02186487118, 0.359600537724, 0.0541780448324, 0.283095633228, 0.118744234592
0.0671858463106, 0.162533650389, 0.0318124001262, 0.215414269129, 0.618761765086, 0.543103768843, 0.756844306824, 0.45966101727, 0.515202564716, 0.418254625968, 0.49044298833, 0.46367099073, 0.312012654084, 0.50552372961, 1.02186487118, 0.359600537724, 0.0541780448324, 0.283095633228, 0.118744234592
0.0671858463106, 0.162533650389, 0.0318124001262, 0.215414269129, 0.618761765086, 0.543103768843, 0.756844306824, 0.45966101727, 0.515202564716, 0.418254625968, 0.49044298833, 0.46367099073, 0.312012654084, 0.50552372961, 1.02186487118, 0.359600537724, 0.0541780448324, 0.283095633228, 0.118744234592
0.0671858463106, 0.162533650389, 0.0318124001262, 0.215414269129, 0.618761765086, 0.543103768843, 0.756844306824, 0.45966101727, 0.515202564716, 0.418254625968, 0.49044298833, 0.46367099073, 0.312012654084, 0.50552372961, 1.02186487118, 0.359600537724, 0.0541780448324, 0.283095633228, 0.118744234592
0.0671858463106, 0.162533650389, 0.0318124001262, 0.215414269129, 0.618761765086, 0.543103768843, 0.756844306824, 0.45966101727, 0.515202564716, 0.418254625968, 0.49044298833, 0.46367099073, 0.312012654084, 0.50552372961, 1.02186487118, 0.359600537724, 0.0541780448324, 0.283095633228, 0.118744234592
0.0671858463106, 0.162533650389, 0.0318124001262, 0.215414269129, 0.618761765086, 0.543103768843, 0.756844306824, 0.45966101727, 0.515202564716, 0.418254625968, 0.49044298833, 0.46367099073, 0.312012654084, 0.50552372961, 1.02186487118, 0.359600537724, 0.0541780448324, 0.283095633228, 0.118744234592
0.244513417166, 0.464835598476, 0.0460040086245, 0.834716899655, 0.391407105954, 0.491320012597, 0.75826188826, 0.527000711164, 0.579402995903, 0.471144514065, 0.492299087514, 0.462723253447, 0.588789153338, 0.295527363882, 0.201207979904, 0.757499680688, 0.0567360762886, 0.70347136264, 0.426257331228
0.676012331428, 0.581594940978, 0.825681430492, 0.220035288109, 0.375279675867, 0.502994508894, 0.829442698883, 0.413073458437, 0.57948877513, 0.47109548561, 0.492577207821, 0.434992612226, 0.592510402391, 0.430970181804, 0.0875762298704, 0.0315348665418, 0.331397172526, 0.446070231537, 1.0098613335
0.676012331428, 0.581594940978, 0.825681430492, 0.220035288109, 0.375279675867, 0.502994508894, 0.829442698883, 0.413073458437, 0.57948877513, 0.47109548561, 0.492577207821, 0.434992612226, 0.592510402391, 0.430970181804, 0.0875762298704, 0.0315348665418, 0.331397172526, 0.446070231537, 1.0098613335
0.122758075721, 0.45819402456, 0.40496966791, 0.474073606322, 0.3913769492, 0.217577590347, 0.815938908508, 0.531331316098, 0.4436336378, 0.474211281523, 0.489604615588, 0.462219148822, 0.743725323922, 0.442517275602, 0.550239885871, 0.507153623793, 0.552655671031, 0.815462360958, 0.24154549072
0.0671858463106, 0.163871635343, 0.0318124001262, 0.215414269129, 0.621005778848, 0.536132589505, 0.756844306824, 0.460446775022, 0.513820906085, 0.417401659458, 0.494977844745, 0.46367099073, 0.310114826845, 0.50552372961, 1.02191271768, 0.3596173752, 0.054180581596, 0.285545236026, 0.118815233023
0.0671858463106, 0.163871635343, 0.0318124001262, 0.215414269129, 0.621005778848, 0.536132589505, 0.756844306824, 0.460446775022, 0.513820906085, 0.417401659458, 0.494977844745, 0.46367099073, 0.310114826845, 0.50552372961, 1.02191271768, 0.3596173752, 0.054180581596, 0.285545236026, 0.118815233023
0.0671858463106, 0.163871635343, 0.0318124001262, 0.215414269129, 0.621005778848, 0.536132589505, 0.756844306824, 0.460446775022, 0.513820906085, 0.417401659458, 0.494977844745, 0.46367099073, 0.310114826845, 0.50552372961, 1.02191271768, 0.3596173752, 0.054180581596, 0.285545236026, 0.118815233023
0.0671858463106, 0.163871635343, 0.0318124001262, 0.215414269129, 0.621005778848, 0.536132589505, 0.756844306824, 0.460446775022, 0.513820906085, 0.417401659458, 0.494977844745, 0.46367099073, 0.310114826845, 0.50552372961, 1.02191271768, 0.3596173752, 0.054180581596, 0.285545236026, 0.118815233023
0.0671858463106, 0.163871635343, 0.0318124001262, 0.215414269129, 0.621005778848, 0.536132589505, 0.756844306824, 0.460446775022, 0.513820906085, 0.417401659458, 0.494977844745, 0.46367099073, 0.310114826845, 0.50552372961, 1.02191271768, 0.3596173752, 0.054180581596, 0.285545236026, 0.118815233023
0.0572890005817, 0.173960082825, 0.391885041164, 0.813798036857, 0.385682117971, 0.215374782482, 0.758165178572, 0.435628536648, 0.444546509697, 0.576760266036, 0.651759485378, 0.462736593396, 0.586443639715, 0.463201751441, 0.272507130752, 0.904974060315, 0.668425919051, 0.324435789559, 0.108478371358
0.0572890005817, 0.173960082825, 0.391885041164, 0.813798036857, 0.385682117971, 0.215374782482, 0.758165178572, 0.435628536648, 0.444546509697, 0.576760266036, 0.651759485378, 0.462736593396, 0.586443639715, 0.463201751441, 0.272507130752, 0.904974060315, 0.668425919051, 0.324435789559, 0.108478371358
0.672781247379, 0.581726214691, 0.39013994631, 0.222176078355, 0.385667048818, 0.221313418224, 0.758165178572, 0.528300280397, 0.59326636089, 0.572144622482, 0.490089436135, 0.466635670179, 0.587786605266, 0.463201762326, 0.272929432718, 0.0993157868239, 0.204218483885, 0.460297286029, 1.02958797977
0.0671858463106, 0.162533650389, 0.0318124001262, 0.215414269129, 0.618761765086, 0.543103768843, 0.756844306824, 0.604237468606, 0.545059367593, 0.417303847391, 0.494949922279, 0.46367099073, 0.312012654084, 0.50552372961, 1.03195246671, 0.36315042468, 0.0547128769989, 0.285890282819, 0.119916448105
0.277737443327, 0.17953994989, 0.39013994631, 0.7977974428, 0.385666659822, 0.221313418224, 0.758165178572, 0.528300280397, 0.443913083013, 0.572248373125, 0.651759485378, 0.455524564871, 0.587777375627, 0.462729535366, 0.26702261344, 0.81223845213, 0.601187932227, 0.302842036386, 0.507350638405
0.277737443327, 0.17953994989, 0.39013994631, 0.7977974428, 0.385666659822, 0.221313418224, 0.758165178572, 0.528300280397, 0.443913083013, 0.572248373125, 0.651759485378, 0.455524564871, 0.587777375627, 0.462729535366, 0.26702261344, 0.81223845213, 0.601187932227, 0.302842036386, 0.507350638405
0.277737443327, 0.17953994989, 0.39013994631, 0.7977974428, 0.385666659822, 0.221313418224, 0.758165178572, 0.528300280397, 0.443913083013, 0.572248373125, 0.651759485378, 0.455524564871, 0.587777375627, 0.462729535366, 0.26702261344, 0.81223845213, 0.601187932227, 0.302842036386, 0.507350638405
0.671168991725, 0.360833557533, 0.409745515909, 0.813798036857, 0.3857086433, 0.504861969401, 0.758646194835, 0.458215457547, 0.580145055023, 0.399855122191, 0.639762622813, 0.542280234548, 0.590143174477, 0.431078338829, 0.108815640507, 0.361367908955, 0.283120965246, 0.300273804546, 0.984648976613
0.671168991725, 0.360833557533, 0.409745515909, 0.813798036857, 0.3857086433, 0.504861969401, 0.758646194835, 0.458215457547, 0.580145055023, 0.399855122191, 0.639762622813, 0.542280234548, 0.590143174477, 0.431078338829, 0.108815640507, 0.361367908955, 0.283120965246, 0.300273804546, 0.984648976613
0.830856470321, 0.582615250516, 0.825681430492, 0.220035288109, 0.374562735058, 0.502976427619, 0.829442472358, 0.459513014882, 0.57948877513, 0.47109548561, 0.493336551743, 0.435183647138, 0.592510402391, 0.430970181804, 0.0468625415263, 0.0168744874611, 0.17733252256, 0.239487335116, 1.11026359349
0.830856470321, 0.582615250516, 0.825681430492, 0.220035288109, 0.374562735058, 0.502976427619, 0.829442472358, 0.459513014882, 0.57948877513, 0.47109548561, 0.493336551743, 0.435183647138, 0.592510402391, 0.430970181804, 0.0468625415263, 0.0168744874611, 0.17733252256, 0.239487335116, 1.11026359349
0.830856470321, 0.582615250516, 0.825681430492, 0.220035288109, 0.374562735058, 0.502976427619, 0.829442472358, 0.459513014882, 0.57948877513, 0.47109548561, 0.493336551743, 0.435183647138, 0.592510402391, 0.430970181804, 0.0468625415263, 0.0168744874611, 0.17733252256, 0.239487335116, 1.11026359349
0.0612049453515, 0.239714281101, 0.95381459763, 0.131844563462, 0.379945403102, 0.57011389166, 0.836644987199, 0.529057659572, 0.574310264086, 0.419608397567, 0.489185692569, 0.570669054038, 0.336300015184, 0.455672740472, 0.0774381792328, 0.0162708115776, 1.08880130346, 0.431657218987, 0.113209843315
0.0612049453515, 0.239714281101, 0.95381459763, 0.131844563462, 0.379945403102, 0.57011389166, 0.836644987199, 0.529057659572, 0.574310264086, 0.419608397567, 0.489185692569, 0.570669054038, 0.336300015184, 0.455672740472, 0.0774381792328, 0.0162708115776, 1.08880130346, 0.431657218987, 0.113209843315
0.12693959785, 0.174260569411, 0.0444991506476, 0.476006794165, 0.385242762018, 0.251369017614, 0.754331567262, 0.524951933552, 0.446155073002, 0.576391746829, 0.651759485378, 0.542729828557, 0.738554590226, 0.505216289099, 0.849601262033, 0.787858714437, 0.0811229843644, 0.326126091179, 0.243798047493
0.061953078509, 0.344147424298, 0.0503439324441, 0.131844563462, 0.380085335088, 0.256202803101, 0.754133398466, 0.524980645615, 0.447789545245, 0.575294264786, 0.488378627334, 0.598008829094, 0.336300015184, 0.458217291414, 0.987105205885, 0.207404189656, 0.0799315174801, 0.607321212166, 0.115205521231
0.061953078509, 0.344147424298, 0.0503439324441, 0.131844563462, 0.380085335088, 0.256202803101, 0.754133398466, 0.524980645615, 0.447789545245, 0.575294264786, 0.488378627334, 0.598008829094, 0.336300015184, 0.458217291414, 0.987105205885, 0.207404189656, 0.0799315174801, 0.607321212166, 0.115205521231
0.061953078509, 0.344147424298, 0.0503439324441, 0.131844563462, 0.380085335088, 0.256202803101, 0.754133398466, 0.524980645615, 0.447789545245, 0.575294264786, 0.488378627334, 0.598008829094, 0.336300015184, 0.458217291414, 0.987105205885, 0.207404189656, 0.0799315174801, 0.607321212166, 0.115205521231
0.061953078509, 0.344147424298, 0.0503439324441, 0.131844563462, 0.380085335088, 0.256202803101, 0.754133398466, 0.524980645615, 0.447789545245, 0.575294264786, 0.488378627334, 0.598008829094, 0.336300015184, 0.458217291414, 0.987105205885, 0.207404189656, 0.0799315174801, 0.607321212166, 0.115205521231
0.645901864408, 0.582615250516, 0.825681430492, 0.220035288109, 0.374562735058, 0.502976427619, 0.829442472358, 0.459513014882, 0.57948877513, 0.47109548561, 0.493336551743, 0.435183647138, 0.592510402391, 0.430970181804, 0.0942294697744, 0.0339305968987, 0.356573694689, 0.481552298928, 0.977189442055
0.676012331428, 0.574151263637, 0.0310357012409, 0.220035288109, 0.380049570482, 0.504104487744, 0.829442698883, 0.413073458437, 0.447245963482, 0.47109548561, 0.492539623591, 0.434992612226, 0.592510402391, 0.430970181804, 0.327026029675, 0.117757092498, 0.0169582909248, 0.440220803844, 1.00576211524
