0.460116264765, 0.0879220924846, 0.698626839616, 0.00519819450713, 0.511864364717, 0.339510365274, 0.0070945309079, 0.393817361373, 0.518671029894, 0.362264730084, 0.0791810201733, 0.0572546497032, 0.388954756798, 0.0684061614424, 0.383168916301, 0.498221793927, 0.0219245204599, 0.0649627326594, 0.046330276607, 0.266752982103, 0.10124484153, 0.09856099613, 0.460116264765, 0.0879220924846, 12.5990682568
0.460116264765, 0.0879220924846, 0.698626839616, 0.00519819450713, 0.511864364717, 0.339510365274, 0.0070945309079, 0.393817361373, 0.518671029894, 0.362264730084, 0.0791810201733, 0.0572546497032, 0.388954756798, 0.0684061614424, 0.383168916301, 0.498221793927, 0.0219245204599, 0.0649627326594, 0.046330276607, 0.266752982103, 0.10124484153, 0.09856099613, 0.460116264765, 0.0879220924846, 12.5990682568
0.0343180484125, 0.0142498979655, 0.354859558746, 0.416834460027, 0.980440233356, 0.0626199823687, 0.0309872997986, 0.136852442038, 0.826349453594, 0.250504248751, 0.0106579953279, 0.830784839093, 0.0303215266969, 0.0311507694866, 0.764514570167, 0.0990070909376, 0.803737324531, 0.276924408539, 0.259776834358, 0.0455397582249, 0.78166974396, 0.0256929329711, 0.0343180484125, 0.0142498979655, 15.4633680607
0.0343180484125, 0.0142498979655, 0.354859558746, 0.416834460027, 0.980440233356, 0.0626199823687, 0.0309872997986, 0.136852442038, 0.826349453594, 0.250504248751, 0.0106579953279, 0.830784839093, 0.0303215266969, 0.0311507694866, 0.764514570167, 0.0990070909376, 0.803737324531, 0.276924408539, 0.259776834358, 0.0455397582249, 0.78166974396, 0.0256929329711, 0.0343180484125, 0.0142498979655, 15.4633680607
0.00705320952049, 0.104018907902, 0.910999114053, 0.0317227130352, 0.319148315318, 0.193563380617, 0.55974108401, 0.0573855313559, 0.771174503451, 0.206508643397, 0.385572810044, 0.301564456838, 0.0862492403746, 0.0218919306256, 0.333515930703, 0.36940929412, 0.205469702258, 0.230482559503, 0.192652874832, 0.344090618041, 0.0973505411971, 0.324611400109, 0.00705320952049, 0.104018907902, 13.9856912439
0.00705320952049, 0.104018907902, 0.910999114053, 0.0317227130352, 0.319148315318, 0.193563380617, 0.55974108401, 0.0573855313559, 0.771174503451, 0.206508643397, 0.385572810044, 0.301564456838, 0.0862492403746, 0.0218919306256, 0.333515930703, 0.36940929412, 0.205469702258, 0.230482559503, 0.192652874832, 0.344090618041, 0.0973505411971, 0.324611400109, 0.00705320952049, 0.104018907902, 13.9856912439
3.71088964879e-05, 0.00722425966345, 0.923430668522, 0.899526762948, 0.622767460544, 0.850768681345, 0.999759454196, 0.858220058194, 0.518671029894, 0.652804578658, 0.438156430686, 0.370792801983, 0.790108522443, 0.486755784844, 0.775658247966, 0.83224836169, 0.0219245204599, 0.140647953126, 0.584474942008, 0.0909229494373, 0.753778559232, 0.480407331802, 3.71088964879e-05, 0.00722425966345, 22.32186152
3.71088964879e-05, 0.00722425966345, 0.923430668522, 0.899526762948, 0.622767460544, 0.850768681345, 0.999759454196, 0.858220058194, 0.518671029894, 0.652804578658, 0.438156430686, 0.370792801983, 0.790108522443, 0.486755784844, 0.775658247966, 0.83224836169, 0.0219245204599, 0.140647953126, 0.584474942008, 0.0909229494373, 0.753778559232, 0.480407331802, 3.71088964879e-05, 0.00722425966345, 22.32186152
0.00498791181568, 0.179800747682, 0.390229309217, 0.672136542435, 0.882888741923, 0.749482557382, 0.0619960638514, 0.434672189124, 0.644587024919, 0.371521654598, 0.712019751063, 0.00414519131049, 0.208123522043, 0.371194645098, 0.024718876103, 0.677441681064, 0.221739241773, 0.453327323938, 0.0407050504793, 0.0806543792561, 0.477482431568, 0.000999483149035, 0.00498791181568, 0.179800747682, 16.0212034185
0.00498791181568, 0.179800747682, 0.390229309217, 0.672136542435, 0.882888741923, 0.749482557382, 0.0619960638514, 0.434672189124, 0.644587024919, 0.371521654598, 0.712019751063, 0.00414519131049, 0.208123522043, 0.371194645098, 0.024718876103, 0.677441681064, 0.221739241773, 0.453327323938, 0.0407050504793, 0.0806543792561, 0.477482431568, 0.000999483149035, 0.00498791181568, 0.179800747682, 16.0212034185
0.0788123446362, 0.00972340734753, 0.0198034623548, 0.0351112040062, 0.434262151693, 0.0841788163114, 0.075576799825, 0.645007989778, 0.0632881317411, 0.310697177511, 0.022359986917, 0.73901045575, 0.465340150635, 0.959123619012, 0.897817869419, 0.286892676371, 0.463027440802, 0.00973193526479, 0.028559967414, 0.500826676549, 0.242991022085, 0.00181853308618, 0.0788123446362, 0.00972340734753, 14.457568195
0.0788123446362, 0.00972340734753, 0.0198034623548, 0.0351112040062, 0.434262151693, 0.0841788163114, 0.075576799825, 0.645007989778, 0.0632881317411, 0.310697177511, 0.022359986917, 0.73901045575, 0.465340150635, 0.959123619012, 0.897817869419, 0.286892676371, 0.463027440802, 0.00973193526479, 0.028559967414, 0.500826676549, 0.242991022085, 0.00181853308618, 0.0788123446362, 0.00972340734753, 14.457568195
0.000313961752724, 0.345477708737, 0.923430668522, 0.714215536108, 0.622767460544, 0.744944015352, 0.999575380078, 0.693900067925, 0.518671029894, 0.182766610262, 0.0110380455672, 0.393592350594, 0.0107474464135, 0.394606497007, 0.886327386911, 0.83224836169, 0.0219245204599, 0.0649627326594, 0.389564377808, 0.232352280637, 0.808241688556, 0.480407331802, 0.000313961752724, 0.345477708737, 19.3256338236
0.000313961752724, 0.345477708737, 0.923430668522, 0.714215536108, 0.622767460544, 0.744944015352, 0.999575380078, 0.693900067925, 0.518671029894, 0.182766610262, 0.0110380455672, 0.393592350594, 0.0107474464135, 0.394606497007, 0.886327386911, 0.83224836169, 0.0219245204599, 0.0649627326594, 0.389564377808, 0.232352280637, 0.808241688556, 0.480407331802, 0.000313961752724, 0.345477708737, 19.3256338236
0.0343180484125, 0.0856812586096, 0.284030820845, 0.416834460027, 0.631199179644, 0.276081746347, 0.0309872997986, 0.808529392815, 0.826349453594, 0.378961429067, 0.0450469083438, 0.164562627099, 0.115626096798, 0.0417258240611, 0.764514570167, 0.0990070909376, 0.489781547809, 0.00505693920274, 0.302756418268, 0.0455397582249, 0.826595412799, 0.00707647480743, 0.0343180484125, 0.0856812586096, 14.8180880317
0.0343180484125, 0.0856812586096, 0.284030820845, 0.416834460027, 0.631199179644, 0.276081746347, 0.0309872997986, 0.808529392815, 0.826349453594, 0.378961429067, 0.0450469083438, 0.164562627099, 0.115626096798, 0.0417258240611, 0.764514570167, 0.0990070909376, 0.489781547809, 0.00505693920274, 0.302756418268, 0.0455397582249, 0.826595412799, 0.00707647480743, 0.0343180484125, 0.0856812586096, 14.8180880317
3.71088964879e-05, 0.0337911866307, 0.923430668522, 0.899526762948, 0.622767460544, 0.850768681345, 0.999759454196, 0.858220058194, 0.518671029894, 0.652804578658, 0.402357120366, 0.0192097723329, 0.790108522443, 0.600855555896, 0.940227781522, 0.83224836169, 0.0219245204599, 0.163192198695, 0.584474942008, 0.0909229494373, 0.753778559232, 0.480407331802, 3.71088964879e-05, 0.0337911866307, 22.1956393525
3.71088964879e-05, 0.0337911866307, 0.923430668522, 0.899526762948, 0.622767460544, 0.850768681345, 0.999759454196, 0.858220058194, 0.518671029894, 0.652804578658, 0.402357120366, 0.0192097723329, 0.790108522443, 0.600855555896, 0.940227781522, 0.83224836169, 0.0219245204599, 0.163192198695, 0.584474942008, 0.0909229494373, 0.753778559232, 0.480407331802, 3.71088964879e-05, 0.0337911866307, 22.1956393525
3.71088964879e-05, 0.127218605849, 0.923430668522, 0.899526762948, 0.622767460544, 0.986325291796, 0.999759454196, 0.858220058194, 0.518671029894, 0.652804578658, 0.402357120366, 0.370792801983, 0.790108522443, 0.486755784844, 0.775658247966, 0.83224836169, 0.0219245204599, 0.163192198695, 0.254266353543, 0.0909229494373, 0.753778559232, 0.480407331802, 3.71088964879e-05, 0.127218605849, 21.9772528096
3.71088964879e-05, 0.127218605849, 0.923430668522, 0.899526762948, 0.622767460544, 0.986325291796, 0.999759454196, 0.858220058194, 0.518671029894, 0.652804578658, 0.402357120366, 0.370792801983, 0.790108522443, 0.486755784844, 0.775658247966, 0.83224836169, 0.0219245204599, 0.163192198695, 0.254266353543, 0.0909229494373, 0.753778559232, 0.480407331802, 3.71088964879e-05, 0.127218605849, 21.9772528096
0.000226637634015, 0.681180471034, 0.910999114053, 0.0284208744119, 0.858638289747, 0.0910431662267, 0.834876090484, 0.869161336505, 0.442567961268, 0.10443082882, 0.675483184541, 0.301564456838, 0.0995693634513, 0.232065130174, 0.333515930703, 0.275064319982, 0.205469702258, 0.230482559503, 0.192652874832, 0.148555796382, 0.00120554303292, 0.143595115457, 0.000226637634015, 0.681180471034, 15.2638121144
0.000226637634015, 0.681180471034, 0.910999114053, 0.0284208744119, 0.858638289747, 0.0910431662267, 0.834876090484, 0.869161336505, 0.442567961268, 0.10443082882, 0.675483184541, 0.301564456838, 0.0995693634513, 0.232065130174, 0.333515930703, 0.275064319982, 0.205469702258, 0.230482559503, 0.192652874832, 0.148555796382, 0.00120554303292, 0.143595115457, 0.000226637634015, 0.681180471034, 15.2638121144
0.0127357691012, 0.0110343385306, 0.738452648423, 0.275182078739, 0.436581172268, 0.384596794805, 0.656646152948, 0.0107221699003, 0.0462041370104, 0.0647197354974, 0.950661523562, 0.194844842483, 0.779951336668, 0.813860800731, 0.122911254596, 0.816314463696, 0.059323801419, 0.567414147097, 0.167365997709, 0.228319971646, 0.681200322514, 0.161019878195, 0.0127357691012, 0.0110343385306, 17.0051553839
0.0127357691012, 0.0110343385306, 0.738452648423, 0.275182078739, 0.436581172268, 0.384596794805, 0.656646152948, 0.0107221699003, 0.0462041370104, 0.0647197354974, 0.950661523562, 0.194844842483, 0.779951336668, 0.813860800731, 0.122911254596, 0.816314463696, 0.059323801419, 0.567414147097, 0.167365997709, 0.228319971646, 0.681200322514, 0.161019878195, 0.0127357691012, 0.0110343385306, 17.0051553839
0.0833231842418, 0.00179059213581, 0.698626839616, 0.00519819450713, 0.511864364717, 0.339510365274, 0.385333768409, 0.02200355982, 0.382249520573, 0.688612263813, 0.380185689894, 0.34787596131, 0.388954756798, 0.147104639466, 0.0814242518432, 0.438529191459, 0.0674812050502, 0.628594373991, 0.0118889600029, 0.266752982103, 0.109662568237, 0.09856099613, 0.0833231842418, 0.00179059213581, 14.0731470234
0.0833231842418, 0.00179059213581, 0.698626839616, 0.00519819450713, 0.511864364717, 0.339510365274, 0.385333768409, 0.02200355982, 0.382249520573, 0.688612263813, 0.380185689894, 0.34787596131, 0.388954756798, 0.147104639466, 0.0814242518432, 0.438529191459, 0.0674812050502, 0.628594373991, 0.0118889600029, 0.266752982103, 0.109662568237, 0.09856099613, 0.0833231842418, 0.00179059213581, 14.0731470234
0.000361702740131, 0.330858840695, 0.910999114053, 0.0284208744119, 0.864594469583, 0.0910431662267, 0.834876090484, 0.0400175371013, 0.442567961268, 0.10443082882, 0.675483184541, 0.301564456838, 0.0995693634513, 0.251237800092, 0.333515930703, 0.275064319982, 0.205469702258, 0.230482559503, 0.192652874832, 0.0498089231516, 0.00120554303292, 0.143595115457, 0.000361702740131, 0.330858840695, 14.1385331618
0.000361702740131, 0.330858840695, 0.910999114053, 0.0284208744119, 0.864594469583, 0.0910431662267, 0.834876090484, 0.0400175371013, 0.442567961268, 0.10443082882, 0.675483184541, 0.301564456838, 0.0995693634513, 0.251237800092, 0.333515930703, 0.275064319982, 0.205469702258, 0.230482559503, 0.192652874832, 0.0498089231516, 0.00120554303292, 0.143595115457, 0.000361702740131, 0.330858840695, 14.1385331618
0.819495318707, 0.112988757757, 0.354859558746, 0.00519819450713, 0.227384786474, 0.0286442140691, 0.435798579314, 0.156337462891, 0.382249520573, 0.518158397882, 0.106252809793, 0.0985867100221, 0.344538911416, 0.405356808666, 0.383168916301, 0.105371842226, 0.00459826822463, 0.00169912336265, 0.144426740641, 0.268433949851, 0.10124484153, 0.436050687237, 0.819495318707, 0.112988757757, 11.7771380092
0.819495318707, 0.112988757757, 0.354859558746, 0.00519819450713, 0.227384786474, 0.0286442140691, 0.435798579314, 0.156337462891, 0.382249520573, 0.518158397882, 0.106252809793, 0.0985867100221, 0.344538911416, 0.405356808666, 0.383168916301, 0.105371842226, 0.00459826822463, 0.00169912336265, 0.144426740641, 0.268433949851, 0.10124484153, 0.436050687237, 0.819495318707, 0.112988757757, 11.7771380092
0.00033505495852, 0.00346072401197, 0.342796618615, 0.699600718586, 0.294619279357, 0.0664284861369, 0.133779842643, 0.674405880275, 0.618845594299, 0.473667268239, 0.851383434225, 0.0188849403551, 0.00868230547044, 0.372007841115, 0.263510885089, 0.810689250215, 0.571163323228, 0.781274933724, 0.0405474344307, 0.358415204635, 0.899757766339, 0.959372556055, 0.00033505495852, 0.00346072401197, 18.4728549159
0.00033505495852, 0.00346072401197, 0.342796618615, 0.699600718586, 0.294619279357, 0.0664284861369, 0.133779842643, 0.674405880275, 0.618845594299, 0.473667268239, 0.851383434225, 0.0188849403551, 0.00868230547044, 0.372007841115, 0.263510885089, 0.810689250215, 0.571163323228, 0.781274933724, 0.0405474344307, 0.358415204635, 0.899757766339, 0.959372556055, 0.00033505495852, 0.00346072401197, 18.4728549159
0.0119937655221, 0.0111710201236, 0.100978939295, 0.70073890427, 0.99164509343, 0.329069140382, 0.0619960638514, 0.434672189124, 0.592442856331, 0.371521654598, 0.0890796786003, 0.921781087769, 0.435708760754, 0.498119453821, 0.125569506714, 0.677441681064, 0.124971672782, 0.982829699782, 0.236569703811, 0.291262457136, 0.557301761819, 0.329694895244, 0.0119937655221, 0.0111710201236, 17.9461668332
0.0119937655221, 0.0111710201236, 0.100978939295, 0.70073890427, 0.99164509343, 0.329069140382, 0.0619960638514, 0.434672189124, 0.592442856331, 0.371521654598, 0.0890796786003, 0.921781087769, 0.435708760754, 0.498119453821, 0.125569506714, 0.677441681064, 0.124971672782, 0.982829699782, 0.236569703811, 0.291262457136, 0.557301761819, 0.329694895244, 0.0119937655221, 0.0111710201236, 17.9461668332
0.622456539383, 0.0154118233463, 0.698626839616, 0.000301045297682, 0.511864364717, 0.339510365274, 0.19720355163, 0.02200355982, 0.113080807857, 0.688612263813, 0.380185689894, 0.193679805615, 0.388954756798, 0.627992193478, 0.383168916301, 0.438529191459, 0.0674812050502, 0.192446075485, 0.046330276607, 0.291610989246, 0.0836981819292, 0.0390046073082, 0.622456539383, 0.0154118233463, 13.6286227433
0.622456539383, 0.0154118233463, 0.698626839616, 0.000301045297682, 0.511864364717, 0.339510365274, 0.19720355163, 0.02200355982, 0.113080807857, 0.688612263813, 0.380185689894, 0.193679805615, 0.388954756798, 0.627992193478, 0.383168916301, 0.438529191459, 0.0674812050502, 0.192446075485, 0.046330276607, 0.291610989246, 0.0836981819292, 0.0390046073082, 0.622456539383, 0.0154118233463, 13.6286227433
0.263172381093, 0.00115814102031, 0.754857791057, 0.966302454492, 0.000374649900581, 0.639116801124, 0.636751453781, 0.568068965642, 0.0462041370104, 0.0647197354974, 0.896647517545, 0.00113602203862, 0.920172200881, 0.579293511777, 0.213920911591, 0.381901699848, 0.560345842488, 0.567414147097, 0.0642149626021, 0.160943842161, 0.199771502231, 0.00189671767584, 0.263172381093, 0.00115814102031, 17.0079901183
0.263172381093, 0.00115814102031, 0.754857791057, 0.966302454492, 0.000374649900581, 0.639116801124, 0.636751453781, 0.568068965642, 0.0462041370104, 0.0647197354974, 0.896647517545, 0.00113602203862, 0.920172200881, 0.579293511777, 0.213920911591, 0.381901699848, 0.560345842488, 0.567414147097, 0.0642149626021, 0.160943842161, 0.199771502231, 0.00189671767584, 0.263172381093, 0.00115814102031, 17.0079901183
0.0160212838412, 0.0856812586096, 0.39596378859, 0.38743618046, 0.806740789096, 0.0294422305262, 0.0400075402815, 0.671384596428, 0.826349453594, 0.981236284352, 0.0450469083438, 0.0014241065703, 0.284257490446, 0.0355902479824, 0.764514570167, 0.0889196840294, 0.803737324531, 0.00316601118928, 0.279747655548, 0.018455639581, 0.78166974396, 0.0256929329711, 0.0160212838412, 0.0856812586096, 15.7809237248
0.0160212838412, 0.0856812586096, 0.39596378859, 0.38743618046, 0.806740789096, 0.0294422305262, 0.0400075402815, 0.671384596428, 0.826349453594, 0.981236284352, 0.0450469083438, 0.0014241065703, 0.284257490446, 0.0355902479824, 0.764514570167, 0.0889196840294, 0.803737324531, 0.00316601118928, 0.279747655548, 0.018455639581, 0.78166974396, 0.0256929329711, 0.0160212838412, 0.0856812586096, 15.7809237248
0.0343180484125, 0.013533949747, 0.39596378859, 0.920484828215, 0.806740789096, 0.332547115133, 0.0309872997986, 0.783213897471, 0.508343073144, 0.57297601619, 0.0450469083438, 0.201908701104, 0.284257490446, 0.0754383153184, 0.764514570167, 0.00106520770262, 0.463027440802, 0.161057008452, 0.279747655548, 0.0455397582249, 0.78166974396, 0.0256929329711, 0.0343180484125, 0.013533949747, 16.0855059208
0.0343180484125, 0.013533949747, 0.39596378859, 0.920484828215, 0.806740789096, 0.332547115133, 0.0309872997986, 0.783213897471, 0.508343073144, 0.57297601619, 0.0450469083438, 0.201908701104, 0.284257490446, 0.0754383153184, 0.764514570167, 0.00106520770262, 0.463027440802, 0.161057008452, 0.279747655548, 0.0455397582249, 0.78166974396, 0.0256929329711, 0.0343180484125, 0.013533949747, 16.0855059208
0.000317303592402, 0.681180471034, 0.678081422619, 0.0284208744119, 0.864594469583, 0.0910431662267, 0.834876090484, 0.301417966159, 0.442567961268, 0.10443082882, 0.675483184541, 0.301564456838, 0.0995693634513, 0.251237800092, 0.333515930703, 0.275064319982, 0.205469702258, 0.230482559503, 0.192652874832, 0.451059630602, 0.00120554303292, 0.143595115457, 0.000317303592402, 0.681180471034, 14.6304656477
0.000317303592402, 0.681180471034, 0.678081422619, 0.0284208744119, 0.864594469583, 0.0910431662267, 0.834876090484, 0.301417966159, 0.442567961268, 0.10443082882, 0.675483184541, 0.301564456838, 0.0995693634513, 0.251237800092, 0.333515930703, 0.275064319982, 0.205469702258, 0.230482559503, 0.192652874832, 0.451059630602, 0.00120554303292, 0.143595115457, 0.000317303592402, 0.681180471034, 14.6304656477
0.000273882012911, 0.430428909156, 0.923430668522, 0.594185124813, 0.622767460544, 0.744944015352, 0.999575380078, 0.674405880275, 0.518671029894, 0.182766610262, 0.0110380455672, 0.370792801983, 0.0107474464135, 0.466446120829, 0.886327386911, 0.83224836169, 0.0219245204599, 0.0649627326594, 0.0794458446501, 0.0909229494373, 0.808241688556, 0.550003205644, 0.000273882012911, 0.430428909156, 18.7413651385
0.000273882012911, 0.430428909156, 0.923430668522, 0.594185124813, 0.622767460544, 0.744944015352, 0.999575380078, 0.674405880275, 0.518671029894, 0.182766610262, 0.0110380455672, 0.370792801983, 0.0107474464135, 0.466446120829, 0.886327386911, 0.83224836169, 0.0219245204599, 0.0649627326594, 0.0794458446501, 0.0909229494373, 0.808241688556, 0.550003205644, 0.000273882012911, 0.430428909156, 18.7413651385
0.0343180484125, 0.0338655472337, 0.39596378859, 0.628976921483, 0.364516884716, 0.0626199823687, 0.0108138301614, 0.196455860177, 0.168439458999, 0.592080028229, 0.0450469083438, 0.335786603894, 0.111082390647, 0.287510478015, 0.764514570167, 0.109638491771, 0.803737324531, 0.727822631677, 0.137140667987, 0.0455397582249, 0.78166974396, 0.0256929329711, 0.0343180484125, 0.0338655472337, 14.8854656698
0.0343180484125, 0.0338655472337, 0.39596378859, 0.628976921483, 0.364516884716, 0.0626199823687, 0.0108138301614, 0.196455860177, 0.168439458999, 0.592080028229, 0.0450469083438, 0.335786603894, 0.111082390647, 0.287510478015, 0.764514570167, 0.109638491771, 0.803737324531, 0.727822631677, 0.137140667987, 0.0455397582249, 0.78166974396, 0.0256929329711, 0.0343180484125, 0.0338655472337, 14.8854656698
3.71088964879e-05, 0.493794429906, 0.99354543183, 0.714215536108, 0.622767460544, 0.850768681345, 0.999575380078, 0.83281492437, 0.518671029894, 0.652804578658, 0.0110380455672, 0.370792801983, 0.921612690379, 0.868959379015, 0.775658247966, 0.83224836169, 0.0219245204599, 0.157062991002, 0.584474942008, 0.131005678329, 0.753778559232, 0.480407331802, 3.71088964879e-05, 0.493794429906, 22.3268318306
3.71088964879e-05, 0.493794429906, 0.99354543183, 0.714215536108, 0.622767460544, 0.850768681345, 0.999575380078, 0.83281492437, 0.518671029894, 0.652804578658, 0.0110380455672, 0.370792801983, 0.921612690379, 0.868959379015, 0.775658247966, 0.83224836169, 0.0219245204599, 0.157062991002, 0.584474942008, 0.131005678329, 0.753778559232, 0.480407331802, 3.71088964879e-05, 0.493794429906, 22.3268318306
0.819495318707, 0.728020831103, 0.354859558746, 0.508346106767, 0.254815114739, 0.0286442140691, 0.435798579314, 0.136852442038, 0.382249520573, 0.518158397882, 0.106252809793, 0.00646554373385, 0.344538911416, 0.124133087059, 0.383168916301, 0.186850105525, 0.00459826822463, 0.172093696612, 0.0838547602695, 0.268433949851, 0.10124484153, 0.438466898821, 0.819495318707, 0.728020831103, 12.05719225
0.819495318707, 0.728020831103, 0.354859558746, 0.508346106767, 0.254815114739, 0.0286442140691, 0.435798579314, 0.136852442038, 0.382249520573, 0.518158397882, 0.106252809793, 0.00646554373385, 0.344538911416, 0.124133087059, 0.383168916301, 0.186850105525, 0.00459826822463, 0.172093696612, 0.0838547602695, 0.268433949851, 0.10124484153, 0.438466898821, 0.819495318707, 0.728020831103, 12.05719225
0.819495318707, 0.112988757757, 0.354859558746, 0.00519819450713, 0.227384786474, 0.0286442140691, 0.435798579314, 0.156337462891, 0.382249520573, 0.518158397882, 0.106252809793, 0.0985867100221, 0.344538911416, 0.405356808666, 0.383168916301, 0.503234283425, 0.00459826822463, 0.00169912336265, 0.144426740641, 0.268433949851, 0.10124484153, 0.438466898821, 0.819495318707, 0.112988757757, 12.3060952576
0.263172381093, 0.00115814102031, 0.594696015317, 0.966302454492, 0.000374649900581, 0.639116801124, 0.636751453781, 0.568068965642, 0.0462041370104, 0.0647197354974, 0.896647517545, 0.00113602203862, 0.920172200881, 0.579293511777, 0.213920911591, 0.381901699848, 0.560345842488, 0.567414147097, 0.0642149626021, 0.531354542223, 0.199771502231, 0.00189671767584, 0.263172381093, 0.00115814102031, 17.2906103896
0.460116264765, 0.0879220924846, 0.698626839616, 0.00519819450713, 0.511864364717, 0.339510365274, 0.0070945309079, 0.02200355982, 0.379138103958, 0.688612263813, 0.246493341487, 0.0572546497032, 0.388954756798, 0.482732707684, 0.383168916301, 0.29139356406, 0.199414711842, 0.000711553946198, 0.046330276607, 0.0972584855607, 0.10124484153, 0.09856099613, 0.460116264765, 0.0879220924846, 12.7789906745
0.622456539383, 0.0154118233463, 0.698626839616, 0.000957221064097, 0.562893788636, 0.188870389865, 0.251897432696, 0.02200355982, 0.311398002376, 0.688612263813, 0.380185689894, 0.193679805615, 0.388954756798, 0.627992193478, 0.318271934395, 0.438529191459, 0.0674812050502, 0.192446075485, 0.046330276607, 0.266752982103, 0.10124484153, 0.09856099613, 0.622456539383, 0.0154118233463, 13.8187027473
0.00033505495852, 0.00346072401197, 0.767925275775, 0.699600718586, 0.294619279357, 0.0664284861369, 0.131581432362, 0.495524521899, 0.618845594299, 0.703196255661, 0.851383434225, 0.0188849403551, 0.0217220631042, 0.372007841115, 0.19770689096, 0.972680934256, 0.821830585698, 0.781274933724, 0.0405474344307, 0.358415204635, 0.899757766339, 0.959372556055, 0.00033505495852, 0.00346072401197, 19.598000651
0.0833231842418, 0.00192016504194, 0.698626839616, 0.00519819450713, 0.511864364717, 0.339510365274, 0.385333768409, 0.02200355982, 0.382249520573, 0.688612263813, 0.380185689894, 0.34787596131, 0.388954756798, 0.627992193478, 0.383168916301, 0.438529191459, 0.0674812050502, 0.684784689519, 0.0118889600029, 0.266752982103, 0.109662568237, 0.09856099613, 0.0833231842418, 0.00192016504194, 15.2037745561
0.00143540023152, 0.203588227659, 0.390229309217, 0.756636654513, 0.99164509343, 0.749482557382, 0.0589914918234, 0.293996118038, 0.847008618245, 0.768149469896, 0.130277841894, 0.586218684243, 0.435708760754, 0.371194645098, 0.125569506714, 0.677441681064, 0.124971672782, 0.988340946535, 0.0638901311358, 0.0120989440949, 0.474522194966, 0.759193087868, 0.00143540023152, 0.203588227659, 18.8722961569
0.00181733701011, 0.360980172007, 0.325047714022, 0.011638905798, 0.867494887573, 0.0547947571272, 0.77715988951, 0.321991045162, 0.345768039952, 0.156052805731, 0.522474495757, 0.0188849403551, 0.0100986536002, 0.651359404833, 0.254961855172, 0.33674541372, 0.526974822088, 0.781274933724, 0.025070192301, 0.864122876963, 0.899757766339, 0.324611400109, 0.00181733701011, 0.360980172007, 16.8436767678
0.609214781241, 0.00270457376919, 0.0198034623548, 0.0351112040062, 0.434262151693, 0.0841788163114, 0.075576799825, 0.632662577901, 0.0632881317411, 0.310697177511, 0.022359986917, 0.73901045575, 0.0500382483742, 0.969606390534, 0.928840031079, 0.469374650319, 0.463027440802, 0.00973193526479, 0.028559967414, 0.500826676549, 0.242991022085, 0.00181853308618, 0.609214781241, 0.00270457376919, 14.1533201583
0.000728865460596, 0.624374471131, 0.617041969534, 0.33959965222, 0.900515176808, 0.0664284861369, 0.025245185409, 0.363417205328, 0.504053198411, 0.473667268239, 0.119237818432, 0.00752178917589, 0.0280579997374, 0.221958856532, 0.0941254999457, 0.555172445973, 0.0151548179416, 0.432332271486, 0.0858094977901, 0.698337735582, 0.899757766339, 0.959372556055, 0.000728865460596, 0.624374471131, 15.918608945
0.370900729589, 0.00115814102031, 0.766789946994, 0.0521141304238, 0.000374649900581, 0.639116801124, 0.636751453781, 0.926829221986, 0.0462041370104, 0.0852306623354, 0.950661523562, 0.00414519131049, 0.779951336668, 0.455914262549, 0.254070040998, 0.816314463696, 0.560345842488, 0.567414147097, 0.0642149626021, 0.531354542223, 0.199771502231, 0.00160792982316, 0.370900729589, 0.00115814102031, 17.2035010003
0.460116264765, 0.0879220924846, 0.698626839616, 0.00519819450713, 0.511864364717, 0.339510365274, 0.0070945309079, 0.02200355982, 0.379138103958, 0.688612263813, 0.246493341487, 0.0572546497032, 0.388954756798, 0.482732707684, 0.383168916301, 0.29139356406, 0.199414711842, 0.000711553946198, 0.046330276607, 0.0972584855607, 0.10124484153, 0.09856099613, 0.460116264765, 0.0879220924846, 12.7789906745
0.270083456905, 0.00192016504194, 0.698626839616, 0.00233114170628, 0.511864364717, 0.339510365274, 0.29790809732, 0.02200355982, 0.124809533753, 0.688612263813, 0.380185689894, 0.193679805615, 0.388954756798, 0.627992193478, 0.383168916301, 0.438529191459, 0.00828254314178, 0.628594373991, 0.0118889600029, 0.266752982103, 0.109662568237, 0.09856099613, 0.270083456905, 0.00192016504194, 14.317591682
0.0119937655221, 0.0571239066138, 0.390229309217, 0.756636654513, 0.882888741923, 0.749482557382, 0.0319789012655, 0.434672189124, 0.556884914378, 0.371521654598, 0.984225837668, 0.663331935048, 0.367377144677, 0.371194645098, 0.0614987950661, 0.677441681064, 0.124971672782, 0.982829699782, 0.189042330624, 0.247888995114, 0.477482431568, 0.000650186560568, 0.0119937655221, 0.0571239066138, 18.5614179304
0.00181733701011, 0.360980172007, 0.325047714022, 0.011638905798, 0.867494887573, 0.0547947571272, 0.77715988951, 0.321991045162, 0.345768039952, 0.156052805731, 0.522474495757, 0.0188849403551, 0.0100986536002, 0.651359404833, 0.254961855172, 0.33674541372, 0.526974822088, 0.781274933724, 0.025070192301, 0.864122876963, 0.899757766339, 0.324611400109, 0.00181733701011, 0.360980172007, 16.8436767678
0.00498791181568, 0.179800747682, 0.390229309217, 0.672136542435, 0.882888741923, 0.749482557382, 0.0619960638514, 0.434672189124, 0.57783540141, 0.371521654598, 0.961194326869, 0.00414519131049, 0.208123522043, 0.371194645098, 0.0614987950661, 0.677441681064, 0.124971672782, 0.453327323938, 0.0407050504793, 0.0806543792561, 0.477482431568, 0.000999483149035, 0.00498791181568, 0.179800747682, 16.1858700014
0.622456539383, 0.0154118233463, 0.698626839616, 0.000957221064097, 0.562893788636, 0.188870389865, 0.251897432696, 0.02200355982, 0.311398002376, 0.688612263813, 0.380185689894, 0.193679805615, 0.388954756798, 0.627992193478, 0.318271934395, 0.438529191459, 0.0674812050502, 0.192446075485, 0.046330276607, 0.266752982103, 0.10124484153, 0.09856099613, 0.622456539383, 0.0154118233463, 13.8187027473
0.370900729589, 0.00115814102031, 0.766789946994, 0.0521141304238, 0.000374649900581, 0.639116801124, 0.636751453781, 0.926829221986, 0.0462041370104, 0.0852306623354, 0.950661523562, 0.00414519131049, 0.779951336668, 0.455914262549, 0.254070040998, 0.816314463696, 0.560345842488, 0.567414147097, 0.0642149626021, 0.531354542223, 0.199771502231, 0.00160792982316, 0.370900729589, 0.00115814102031, 17.2035010003
0.000313961752724, 0.430428909156, 0.923430668522, 0.714215536108, 0.622767460544, 0.744944015352, 0.999575380078, 0.674405880275, 0.711498546275, 0.182766610262, 0.0110380455672, 0.291260806695, 0.0107474464135, 0.394606497007, 0.886327386911, 0.83224836169, 0.220736335192, 0.000711553946198, 0.389564377808, 0.0909229494373, 0.280898732288, 0.480407331802, 0.000313961752724, 0.430428909156, 18.7538007226
0.0127357691012, 0.0110343385306, 0.738452648423, 0.275182078739, 0.436581172268, 0.384596794805, 0.913340054056, 0.0107221699003, 0.0462041370104, 0.0647197354974, 0.950661523562, 0.194844842483, 0.779951336668, 0.813860800731, 0.122911254596, 0.816314463696, 0.059323801419, 0.567414147097, 0.167365997709, 0.228319971646, 0.791305952134, 0.161019878195, 0.0127357691012, 0.0110343385306, 17.5002031382
0.000728865460596, 0.624374471131, 0.617041969534, 0.33959965222, 0.900515176808, 0.0664284861369, 0.025245185409, 0.363417205328, 0.504053198411, 0.473667268239, 0.119237818432, 0.00752178917589, 0.0280579997374, 0.221958856532, 0.0941254999457, 0.555172445973, 0.0151548179416, 0.432332271486, 0.0858094977901, 0.698337735582, 0.899757766339, 0.959372556055, 0.000728865460596, 0.624374471131, 15.918608945
0.0343180484125, 0.0338655472337, 0.39596378859, 0.628976921483, 0.364516884716, 0.0626199823687, 0.0108138301614, 0.616996220651, 0.47880839223, 0.592080028229, 0.0450469083438, 0.335786603894, 0.111082390647, 0.287510478015, 0.764514570167, 0.0513360585506, 0.803737324531, 0.0459082639621, 0.259776834358, 0.0455397582249, 0.78166974396, 0.0256929329711, 0.0343180484125, 0.0338655472337, 15.038312868
0.000226637634015, 0.681180471034, 0.910999114053, 0.0284208744119, 0.864594469583, 0.0910431662267, 0.834876090484, 0.869161336505, 0.442567961268, 0.10443082882, 0.675483184541, 0.301564456838, 0.0995693634513, 0.425850541773, 0.333515930703, 0.229577510686, 0.205469702258, 0.230482559503, 0.192652874832, 0.148555796382, 0.563326620826, 0.143595115457, 0.000226637634015, 0.681180471034, 16.2231211945
0.000313961752724, 0.430428909156, 0.923430668522, 0.714215536108, 0.622767460544, 0.744944015352, 0.999575380078, 0.674405880275, 0.711498546275, 0.182766610262, 0.0110380455672, 0.291260806695, 0.0107474464135, 0.394606497007, 0.886327386911, 0.83224836169, 0.220736335192, 0.000711553946198, 0.389564377808, 0.0909229494373, 0.280898732288, 0.480407331802, 0.000313961752724, 0.430428909156, 18.7538007226
0.0788123446362, 0.00972340734753, 0.0198034623548, 0.0351112040062, 0.434262151693, 0.0841788163114, 0.075576799825, 0.721771974369, 0.0632881317411, 0.310697177511, 0.022359986917, 0.73901045575, 0.465340150635, 0.959123619012, 0.928840031079, 0.286892676371, 0.463027440802, 0.00973193526479, 0.028559967414, 0.500826676549, 0.242991022085, 0.00181853308618, 0.0788123446362, 0.00972340734753, 14.6028553243
0.000226637634015, 0.681180471034, 0.910999114053, 0.0284208744119, 0.864594469583, 0.0910431662267, 0.834876090484, 0.869161336505, 0.442567961268, 0.10443082882, 0.675483184541, 0.301564456838, 0.0995693634513, 0.425850541773, 0.333515930703, 0.229577510686, 0.205469702258, 0.230482559503, 0.192652874832, 0.148555796382, 0.563326620826, 0.143595115457, 0.000226637634015, 0.681180471034, 16.2231211945
0.0160212838412, 0.0856812586096, 0.39596378859, 0.920484828215, 0.806740789096, 0.0294422305262, 0.0309872997986, 0.671384596428, 0.826349453594, 0.981236284352, 0.0450469083438, 0.0188849403551, 0.284257490446, 0.0754383153184, 0.764514570167, 0.0791392613335, 0.803737324531, 0.00316601118928, 0.279747655548, 0.0455397582249, 0.78166974396, 0.0256929329711, 0.0160212838412, 0.0856812586096, 16.5877032794
0.0343180484125, 0.0142498979655, 0.284030820845, 0.416834460027, 0.980440233356, 0.0626199823687, 0.0309872997986, 0.808529392815, 0.826349453594, 0.250504248751, 0.0450469083438, 0.830784839093, 0.0303215266969, 0.0417258240611, 0.569813398525, 0.0990070909376, 0.803737324531, 0.00455003670567, 0.259776834358, 0.0455397582249, 0.78166974396, 0.0256929329711, 0.0343180484125, 0.0142498979655, 15.7045070153
0.0343180484125, 0.0338655472337, 0.39596378859, 0.628976921483, 0.364516884716, 0.0626199823687, 0.0108138301614, 0.616996220651, 0.47880839223, 0.592080028229, 0.0450469083438, 0.335786603894, 0.111082390647, 0.287510478015, 0.764514570167, 0.0513360585506, 0.803737324531, 0.0459082639621, 0.259776834358, 0.0455397582249, 0.78166974396, 0.0256929329711, 0.0343180484125, 0.0338655472337, 15.038312868
0.0119937655221, 0.0571239066138, 0.390229309217, 0.756636654513, 0.882888741923, 0.749482557382, 0.0319789012655, 0.434672189124, 0.556884914378, 0.371521654598, 0.984225837668, 0.663331935048, 0.367377144677, 0.371194645098, 0.0614987950661, 0.677441681064, 0.124971672782, 0.982829699782, 0.189042330624, 0.247888995114, 0.477482431568, 0.000650186560568, 0.0119937655221, 0.0571239066138, 18.5614179304
0.0160212838412, 0.0856812586096, 0.39596378859, 0.920484828215, 0.806740789096, 0.0294422305262, 0.0309872997986, 0.671384596428, 0.826349453594, 0.981236284352, 0.0450469083438, 0.0188849403551, 0.284257490446, 0.0754383153184, 0.764514570167, 0.0791392613335, 0.803737324531, 0.00316601118928, 0.279747655548, 0.0455397582249, 0.78166974396, 0.0256929329711, 0.0160212838412, 0.0856812586096, 16.5877032794
0.0788123446362, 0.00972340734753, 0.0198034623548, 0.0351112040062, 0.434262151693, 0.0841788163114, 0.075576799825, 0.721771974369, 0.0632881317411, 0.310697177511, 0.022359986917, 0.73901045575, 0.465340150635, 0.959123619012, 0.928840031079, 0.286892676371, 0.463027440802, 0.00973193526479, 0.028559967414, 0.500826676549, 0.242991022085, 0.00181853308618, 0.0788123446362, 0.00972340734753, 14.6028553243
0.0119937655221, 0.0111710201236, 0.100978939295, 0.70073890427, 0.99164509343, 0.749482557382, 0.0619960638514, 0.232907385222, 0.592442856331, 0.881458751288, 0.462967889997, 0.921781087769, 0.435708760754, 0.498119453821, 0.125569506714, 0.677441681064, 0.124971672782, 0.982829699782, 0.236569703811, 0.178855587367, 0.557301761819, 0.329694895244, 0.0119937655221, 0.0111710201236, 19.2824240013
0.00143540023152, 0.203588227659, 0.390229309217, 0.756636654513, 0.99164509343, 0.749482557382, 0.0589914918234, 0.293996118038, 0.847008618245, 0.768149469896, 0.130277841894, 0.586218684243, 0.435708760754, 0.371194645098, 0.125569506714, 0.677441681064, 0.124971672782, 0.988340946535, 0.0638901311358, 0.0120989440949, 0.474522194966, 0.759193087868, 0.00143540023152, 0.203588227659, 18.8722961569
0.00705320952049, 0.104018907902, 0.910999114053, 0.0317227130352, 0.319148315318, 0.193563380617, 0.55974108401, 0.0573855313559, 0.771174503451, 0.302795135671, 0.385572810044, 0.301564456838, 0.0862492403746, 0.0218919306256, 0.333515930703, 0.36940929412, 0.205469702258, 0.230482559503, 0.342184353712, 0.344090618041, 0.0973505411971, 0.324611400109, 0.00705320952049, 0.104018907902, 14.3168294063
0.00498791181568, 0.179800747682, 0.390229309217, 0.672136542435, 0.882888741923, 0.749482557382, 0.0619960638514, 0.434672189124, 0.57783540141, 0.371521654598, 0.961194326869, 0.00414519131049, 0.208123522043, 0.371194645098, 0.0614987950661, 0.677441681064, 0.124971672782, 0.453327323938, 0.0407050504793, 0.0806543792561, 0.477482431568, 0.000999483149035, 0.00498791181568, 0.179800747682, 16.1858700014
0.819495318707, 0.112988757757, 0.354859558746, 0.00519819450713, 0.227384786474, 0.0286442140691, 0.435798579314, 0.156337462891, 0.382249520573, 0.518158397882, 0.106252809793, 0.0985867100221, 0.344538911416, 0.405356808666, 0.383168916301, 0.503234283425, 0.00459826822463, 0.00169912336265, 0.144426740641, 0.268433949851, 0.10124484153, 0.438466898821, 0.819495318707, 0.112988757757, 12.3060952576
0.0119937655221, 0.0111710201236, 0.100978939295, 0.70073890427, 0.99164509343, 0.749482557382, 0.0619960638514, 0.232907385222, 0.592442856331, 0.881458751288, 0.462967889997, 0.921781087769, 0.435708760754, 0.498119453821, 0.125569506714, 0.677441681064, 0.124971672782, 0.982829699782, 0.236569703811, 0.178855587367, 0.557301761819, 0.329694895244, 0.0119937655221, 0.0111710201236, 19.2824240013
0.609214781241, 0.00270457376919, 0.0198034623548, 0.0351112040062, 0.434262151693, 0.0841788163114, 0.075576799825, 0.632662577901, 0.0632881317411, 0.310697177511, 0.022359986917, 0.73901045575, 0.0500382483742, 0.969606390534, 0.928840031079, 0.469374650319, 0.463027440802, 0.00973193526479, 0.028559967414, 0.500826676549, 0.242991022085, 0.00181853308618, 0.609214781241, 0.00270457376919, 14.1533201583
0.00033505495852, 0.00346072401197, 0.767925275775, 0.699600718586, 0.294619279357, 0.0664284861369, 0.131581432362, 0.495524521899, 0.618845594299, 0.703196255661, 0.851383434225, 0.0188849403551, 0.0217220631042, 0.372007841115, 0.19770689096, 0.972680934256, 0.821830585698, 0.781274933724, 0.0405474344307, 0.358415204635, 0.899757766339, 0.959372556055, 0.00033505495852, 0.00346072401197, 19.598000651
