0.961822252377, 0.948535421141, 0.570664820414, 0.656939901295, 0.999889018317, 0.69909115614, 0.198009803441, 0.608746193988, 0.600314270084, 0.494328380113, 0.0969254362305, 0.898138579831, 0.495084783127, 0.900178348168, 0.183980977127, 0.307709444954, 0.448460745329, 7.08682135187, 118.418862873
0.961822252377, 0.948535421141, 0.570664820414, 0.656939901295, 0.999889018317, 0.69909115614, 0.198009803441, 0.608746193988, 0.600314270084, 0.494328380113, 0.0969254362305, 0.898138579831, 0.495084783127, 0.900178348168, 0.183980977127, 0.307709444954, 0.448460745329, 7.08682135187, 118.418862873
0.961822252377, 0.948535421141, 0.570664820414, 0.656939901295, 0.999889018317, 0.69909115614, 0.198009803441, 0.608746193988, 0.600314270084, 0.494328380113, 0.0969254362305, 0.898138579831, 0.495084783127, 0.900178348168, 0.183980977127, 0.307709444954, 0.448460745329, 7.08682135187, 118.418862873
0.912733877552, 0.994108543647, 0.631707534339, 0.657282267221, 0.999888988048, 0.600753740249, 0.198247175008, 0.596446111288, 0.600314272269, 0.497207311534, 0.0969723000095, 0.79823567204, 0.503680199993, 0.900178348168, 0.0315667379326, 0.0528601068562, 0.094278810406, 12.1671826124, 88.2085980051
0.912733877552, 0.994108543647, 0.631707534339, 0.657282267221, 0.999888988048, 0.600753740249, 0.198247175008, 0.596446111288, 0.600314272269, 0.497207311534, 0.0969723000095, 0.79823567204, 0.503680199993, 0.900178348168, 0.0315667379326, 0.0528601068562, 0.094278810406, 12.1671826124, 88.2085980051
0.00599957931829, 0.993802809149, 0.631707534339, 0.638435516246, 0.999889016833, 0.699077252688, 0.198247179003, 0.596451527052, 0.600314272269, 0.49720714279, 0.0969727599554, 0.898138579831, 0.600808083254, 0.900178348168, 0.279268930091, 0.43767626723, 0.795020371745, 97.5395309232, 0.919294737278
0.00599957931829, 0.993802809149, 0.631707534339, 0.638435516246, 0.999889016833, 0.699077252688, 0.198247179003, 0.596451527052, 0.600314272269, 0.49720714279, 0.0969727599554, 0.898138579831, 0.600808083254, 0.900178348168, 0.279268930091, 0.43767626723, 0.795020371745, 97.5395309232, 0.919294737278
0.00599957931829, 0.993802809149, 0.631707534339, 0.638435516246, 0.999889016833, 0.699077252688, 0.198247179003, 0.596451527052, 0.600314272269, 0.49720714279, 0.0969727599554, 0.898138579831, 0.600808083254, 0.900178348168, 0.279268930091, 0.43767626723, 0.795020371745, 97.5395309232, 0.919294737278
0.855749474022, 0.897572623294, 0.610390132442, 0.657319195802, 0.999888936027, 0.600738593163, 0.198247175043, 0.596160187695, 0.600314272269, 0.497207311549, 0.0969723000095, 0.798236012531, 0.503385417248, 0.900178348168, 0.943797476636, 1.5806451223, 2.62285910196, 19.7446336077, 86.7629854189
0.750551418479, 0.993169548486, 0.609765320146, 0.656724323687, 0.999888988518, 0.600744396358, 0.198247175045, 0.596160187695, 0.600314272269, 0.497207311549, 0.0969722712881, 0.798577242113, 0.498838981452, 0.900178348168, 0.105126075495, 0.175688979988, 0.291086156275, 33.1677012357, 80.2751178455
0.00599957931829, 0.993152990246, 0.631707534339, 0.638662070038, 0.999889016837, 0.699077252688, 0.198247179004, 0.596456840926, 0.600314272269, 0.49720714279, 0.0969727599554, 0.898138579831, 0.600808083254, 0.900178348168, 0.308356055437, 0.483641709632, 0.878315263942, 97.5312369973, 0.919226181242
0.855360967691, 0.897572623294, 0.61036673057, 0.657319195802, 0.999888936047, 0.600730871054, 0.198247175043, 0.596160187695, 0.600314272268, 0.497207311549, 0.0969723000095, 0.798236012531, 0.503385417248, 0.900178348168, 0.946319661903, 1.58486920632, 2.62966280306, 19.7963620094, 86.7484290392
0.961822252377, 0.948535421141, 0.633001420703, 0.668995513706, 0.999889018317, 0.601227961022, 0.192106707359, 0.595503969892, 0.600314270074, 0.494285932985, 0.0969257175953, 0.89793268697, 0.495084783127, 0.900178348168, 0.152902143768, 0.267085910634, 0.473362680174, 6.96905565072, 116.451029945
0.862456431905, 0.99573774479, 0.610635684107, 0.679156855966, 0.999888936656, 0.600744461986, 0.198247174903, 0.596160187695, 0.600314272269, 0.497207311549, 0.0969706908933, 0.798578399097, 0.498838981452, 0.900178348168, 0.0345679178085, 0.0626820204119, 0.102067313588, 18.6201694023, 84.8400975115
0.00599957931829, 0.993172734243, 0.631707534339, 0.658097260439, 0.999888985872, 0.699077252688, 0.198442768353, 0.596456840926, 0.600314272269, 0.497207302577, 0.0969727599554, 0.899390261963, 0.598969997058, 0.900178348168, 0.290786425599, 0.488355817415, 0.870343897821, 96.9255837704, 0.913517630858
0.00599957931829, 0.993172734243, 0.631707534339, 0.658097260439, 0.999888985872, 0.699077252688, 0.198442768353, 0.596456840926, 0.600314272269, 0.497207302577, 0.0969727599554, 0.899390261963, 0.598969997058, 0.900178348168, 0.290786425599, 0.488355817415, 0.870343897821, 96.9255837704, 0.913517630858
0.00599957931829, 0.993172734243, 0.631707534339, 0.658097260439, 0.999888985872, 0.699077252688, 0.198442768353, 0.596456840926, 0.600314272269, 0.497207302577, 0.0969727599554, 0.899390261963, 0.598969997058, 0.900178348168, 0.290786425599, 0.488355817415, 0.870343897821, 96.9255837704, 0.913517630858
0.00599957931829, 0.993172734243, 0.631707534339, 0.658097260439, 0.999888985872, 0.699077252688, 0.198442768353, 0.596456840926, 0.600314272269, 0.497207302577, 0.0969727599554, 0.899390261963, 0.598969997058, 0.900178348168, 0.290786425599, 0.488355817415, 0.870343897821, 96.9255837704, 0.913517630858
0.00599957931829, 0.993172734243, 0.631707534339, 0.658097260439, 0.999888985872, 0.699077252688, 0.198442768353, 0.596456840926, 0.600314272269, 0.497207302577, 0.0969727599554, 0.899390261963, 0.598969997058, 0.900178348168, 0.290786425599, 0.488355817415, 0.870343897821, 96.9255837704, 0.913517630858
0.00599957931829, 0.993172734243, 0.631707534339, 0.658097260439, 0.999888985872, 0.699077252688, 0.198442768353, 0.596456840926, 0.600314272269, 0.497207302577, 0.0969727599554, 0.899390261963, 0.598969997058, 0.900178348168, 0.290786425599, 0.488355817415, 0.870343897821, 96.9255837704, 0.913517630858
0.00599957931829, 0.993172734243, 0.631707534339, 0.658097260439, 0.999888985872, 0.699077252688, 0.198442768353, 0.596456840926, 0.600314272269, 0.497207302577, 0.0969727599554, 0.899390261963, 0.598969997058, 0.900178348168, 0.290786425599, 0.488355817415, 0.870343897821, 96.9255837704, 0.913517630858
0.00599957931829, 0.993172734243, 0.631707534339, 0.658097260439, 0.999888985872, 0.699077252688, 0.198442768353, 0.596456840926, 0.600314272269, 0.497207302577, 0.0969727599554, 0.899390261963, 0.598969997058, 0.900178348168, 0.290786425599, 0.488355817415, 0.870343897821, 96.9255837704, 0.913517630858
0.00599957931829, 0.993172734243, 0.631707534339, 0.658097260439, 0.999888985872, 0.699077252688, 0.198442768353, 0.596456840926, 0.600314272269, 0.497207302577, 0.0969727599554, 0.899390261963, 0.598969997058, 0.900178348168, 0.290786425599, 0.488355817415, 0.870343897821, 96.9255837704, 0.913517630858
0.00599957931829, 0.993172734243, 0.631707534339, 0.658097260439, 0.999888985872, 0.699077252688, 0.198442768353, 0.596456840926, 0.600314272269, 0.497207302577, 0.0969727599554, 0.899390261963, 0.598969997058, 0.900178348168, 0.290786425599, 0.488355817415, 0.870343897821, 96.9255837704, 0.913517630858
0.00599957931829, 0.993172734243, 0.631707534339, 0.658097260439, 0.999888985872, 0.699077252688, 0.198442768353, 0.596456840926, 0.600314272269, 0.497207302577, 0.0969727599554, 0.899390261963, 0.598969997058, 0.900178348168, 0.290786425599, 0.488355817415, 0.870343897821, 96.9255837704, 0.913517630858
0.00599957931829, 0.993172734243, 0.631707534339, 0.658097260439, 0.999888985872, 0.699077252688, 0.198442768353, 0.596456840926, 0.600314272269, 0.497207302577, 0.0969727599554, 0.899390261963, 0.598969997058, 0.900178348168, 0.290786425599, 0.488355817415, 0.870343897821, 96.9255837704, 0.913517630858
0.00599957931829, 0.993172734243, 0.631707534339, 0.658097260439, 0.999888985872, 0.699077252688, 0.198442768353, 0.596456840926, 0.600314272269, 0.497207302577, 0.0969727599554, 0.899390261963, 0.598969997058, 0.900178348168, 0.290786425599, 0.488355817415, 0.870343897821, 96.9255837704, 0.913517630858
0.00599957931829, 0.993172734243, 0.631707534339, 0.658097260439, 0.999888985872, 0.699077252688, 0.198442768353, 0.596456840926, 0.600314272269, 0.497207302577, 0.0969727599554, 0.899390261963, 0.598969997058, 0.900178348168, 0.290786425599, 0.488355817415, 0.870343897821, 96.9255837704, 0.913517630858
0.00599957931829, 0.993172734243, 0.631707534339, 0.658097260439, 0.999888985872, 0.699077252688, 0.198442768353, 0.596456840926, 0.600314272269, 0.497207302577, 0.0969727599554, 0.899390261963, 0.598969997058, 0.900178348168, 0.290786425599, 0.488355817415, 0.870343897821, 96.9255837704, 0.913517630858
0.00599957931829, 0.993172734243, 0.631707534339, 0.658097260439, 0.999888985872, 0.699077252688, 0.198442768353, 0.596456840926, 0.600314272269, 0.497207302577, 0.0969727599554, 0.899390261963, 0.598969997058, 0.900178348168, 0.290786425599, 0.488355817415, 0.870343897821, 96.9255837704, 0.913517630858
0.00599957931829, 0.993172734243, 0.631707534339, 0.658097260439, 0.999888985872, 0.699077252688, 0.198442768353, 0.596456840926, 0.600314272269, 0.497207302577, 0.0969727599554, 0.899390261963, 0.598969997058, 0.900178348168, 0.290786425599, 0.488355817415, 0.870343897821, 96.9255837704, 0.913517630858
0.00599957931829, 0.993172734243, 0.631707534339, 0.658097260439, 0.999888985872, 0.699077252688, 0.198442768353, 0.596456840926, 0.600314272269, 0.497207302577, 0.0969727599554, 0.899390261963, 0.598969997058, 0.900178348168, 0.290786425599, 0.488355817415, 0.870343897821, 96.9255837704, 0.913517630858
0.00599957931829, 0.993172734243, 0.631707534339, 0.658097260439, 0.999888985872, 0.699077252688, 0.198442768353, 0.596456840926, 0.600314272269, 0.497207302577, 0.0969727599554, 0.899390261963, 0.598969997058, 0.900178348168, 0.290786425599, 0.488355817415, 0.870343897821, 96.9255837704, 0.913517630858
0.00599957931829, 0.993172734243, 0.631707534339, 0.658097260439, 0.999888985872, 0.699077252688, 0.198442768353, 0.596456840926, 0.600314272269, 0.497207302577, 0.0969727599554, 0.899390261963, 0.598969997058, 0.900178348168, 0.290786425599, 0.488355817415, 0.870343897821, 96.9255837704, 0.913517630858
0.00599957931829, 0.993172734243, 0.631707534339, 0.658097260439, 0.999888985872, 0.699077252688, 0.203051672016, 0.596456840926, 0.600314272269, 0.497207302577, 0.0969727599554, 0.899390261963, 0.598969997058, 0.900178348168, 0.29402168846, 0.493789219046, 0.880027263485, 98.0039688457, 0.92368134348
0.719940958417, 0.993129048226, 0.631707534339, 0.656864269814, 0.999888320656, 0.600149376395, 0.198247174941, 0.596160187695, 0.600314272269, 0.497207311882, 0.0969706907892, 0.799232072453, 0.498853914526, 0.900178348168, 0.111567804784, 0.186547597198, 0.332848136691, 36.831835402, 78.2573538308
0.00599957931829, 0.993172734243, 0.631707534339, 0.658097260439, 0.999888985872, 0.699077252688, 0.198442768353, 0.596456840926, 0.600314272269, 0.497207302577, 0.0969727599554, 0.899390261963, 0.598969997058, 0.900178348168, 0.290786425599, 0.488355817415, 0.870343897821, 96.9255837704, 0.913517630858
0.719940958417, 0.993214136927, 0.610928949529, 0.657182827731, 0.999888320656, 0.600757541137, 0.198247174904, 0.596160187695, 0.600314272269, 0.497207311882, 0.0969706907892, 0.799232072453, 0.498853914526, 0.900178348168, 0.115698587346, 0.193674434007, 0.321995919798, 36.8834444386, 78.3668962544
0.00599957931829, 0.993172734243, 0.631707534339, 0.658097260439, 0.999888985872, 0.699077252688, 0.198442768353, 0.596456840926, 0.600314272269, 0.497207302577, 0.0969727599554, 0.899390261963, 0.598969997058, 0.900178348168, 0.290786425599, 0.488355817415, 0.870343897821, 96.9255837704, 0.913517630858
0.00599957931829, 0.993172734243, 0.631707534339, 0.658097260439, 0.999888985872, 0.699077252688, 0.198442768353, 0.596456840926, 0.600314272269, 0.497207302577, 0.0969727599554, 0.899390261963, 0.598969997058, 0.900178348168, 0.290786425599, 0.488355817415, 0.870343897821, 96.9255837704, 0.913517630858
0.00599957931829, 0.993172734243, 0.631707534339, 0.658097260439, 0.999888985872, 0.699077252688, 0.198442768353, 0.596456840926, 0.600314272269, 0.497207302577, 0.0969727599554, 0.899390261963, 0.598969997058, 0.900178348168, 0.290786425599, 0.488355817415, 0.870343897821, 96.9255837704, 0.913517630858
0.00599957931829, 0.993172734243, 0.631707534339, 0.658097260439, 0.999888985872, 0.699077252688, 0.198442768353, 0.596456840926, 0.600314272269, 0.497207302577, 0.0969727599554, 0.899390261963, 0.598969997058, 0.900178348168, 0.290786425599, 0.488355817415, 0.870343897821, 96.9255837704, 0.913517630858
0.970697725252, 0.948535421141, 0.571016653287, 0.668995513706, 0.999889018317, 0.700391886886, 0.192106707359, 0.595503969892, 0.600314270074, 0.494285932985, 0.0969257175953, 0.89793268697, 0.495084783127, 0.900178348168, 0.137517890095, 0.240213053913, 0.346625109072, 5.47514090574, 119.258099192
0.00599957931829, 0.993126933916, 0.631707534339, 0.658097260439, 0.999888985872, 0.600795528866, 0.198442768353, 0.596456840926, 0.600314272269, 0.497207302577, 0.0969727599554, 0.899390261963, 0.598969997058, 0.900178348168, 0.283706526641, 0.476465613683, 0.849153270223, 93.9354862625, 0.88533683221
0.00599957931829, 0.993126933916, 0.631707534339, 0.658097260439, 0.999888985872, 0.600795528866, 0.198442768353, 0.596456840926, 0.600314272269, 0.497207302577, 0.0969727599554, 0.899390261963, 0.598969997058, 0.900178348168, 0.283706526641, 0.476465613683, 0.849153270223, 93.9354862625, 0.88533683221
0.00599957931829, 0.993126933916, 0.631707534339, 0.658097260439, 0.999888985872, 0.600795528866, 0.198442768353, 0.596456840926, 0.600314272269, 0.497207302577, 0.0969727599554, 0.899390261963, 0.598969997058, 0.900178348168, 0.283706526641, 0.476465613683, 0.849153270223, 93.9354862625, 0.88533683221
0.719940958417, 0.993129048226, 0.631707534339, 0.656864269814, 0.999888320656, 0.600149376395, 0.198247174941, 0.596160187695, 0.600314272269, 0.497207311882, 0.0969706907892, 0.799232072453, 0.498853914526, 0.900178348168, 0.111567804784, 0.186547597198, 0.332848136691, 36.831835402, 78.2573538308
0.833344320192, 0.99573774479, 0.610635684107, 0.679156855966, 0.999888936656, 0.600744461986, 0.198247174903, 0.596160187695, 0.600314272269, 0.497207311549, 0.0969706908933, 0.798578399097, 0.498838981452, 0.900178348168, 0.0417316269789, 0.0756719773695, 0.123219312225, 22.4789346031, 83.9001981189
0.833344320192, 0.99573774479, 0.610635684107, 0.679156855966, 0.999888936656, 0.600744461986, 0.198247174903, 0.596160187695, 0.600314272269, 0.497207311549, 0.0969706908933, 0.798578399097, 0.498838981452, 0.900178348168, 0.0417316269789, 0.0756719773695, 0.123219312225, 22.4789346031, 83.9001981189
0.833344320192, 0.99573774479, 0.610635684107, 0.679156855966, 0.999888936656, 0.600744461986, 0.198247174903, 0.596160187695, 0.600314272269, 0.497207311549, 0.0969706908933, 0.798578399097, 0.498838981452, 0.900178348168, 0.0417316269789, 0.0756719773695, 0.123219312225, 22.4789346031, 83.9001981189
0.833344320192, 0.99573774479, 0.610635684107, 0.679156855966, 0.999888936656, 0.600744461986, 0.198247174903, 0.596160187695, 0.600314272269, 0.497207311549, 0.0969706908933, 0.798578399097, 0.498838981452, 0.900178348168, 0.0417316269789, 0.0756719773695, 0.123219312225, 22.4789346031, 83.9001981189
0.833344320192, 0.99573774479, 0.610635684107, 0.679156855966, 0.999888936656, 0.600744461986, 0.198247174903, 0.596160187695, 0.600314272269, 0.497207311549, 0.0969706908933, 0.798578399097, 0.498838981452, 0.900178348168, 0.0417316269789, 0.0756719773695, 0.123219312225, 22.4789346031, 83.9001981189
0.833344320192, 0.99573774479, 0.610635684107, 0.679156855966, 0.999888936656, 0.600744461986, 0.198247174903, 0.596160187695, 0.600314272269, 0.497207311549, 0.0969706908933, 0.798578399097, 0.498838981452, 0.900178348168, 0.0417316269789, 0.0756719773695, 0.123219312225, 22.4789346031, 83.9001981189
0.833344320192, 0.99573774479, 0.610635684107, 0.679156855966, 0.999888936656, 0.600744461986, 0.198247174903, 0.596160187695, 0.600314272269, 0.497207311549, 0.0969706908933, 0.798578399097, 0.498838981452, 0.900178348168, 0.0417316269789, 0.0756719773695, 0.123219312225, 22.4789346031, 83.9001981189
0.918726715201, 0.98276387916, 0.570664820414, 0.656939901295, 0.999889022032, 0.69909115614, 0.198250081917, 0.608746193988, 0.6003142701, 0.494328380113, 0.0969254362305, 0.898138579831, 0.495084783127, 0.900178348168, 0.130809730579, 0.218780170753, 0.318853776015, 15.0740128488, 117.476767607
0.719940958417, 0.993125025559, 0.631707534339, 0.658133005404, 0.999888320656, 0.600149376395, 0.198443370266, 0.596160187695, 0.600314272269, 0.497207311198, 0.0969706907892, 0.799232072453, 0.498853914526, 0.900178348168, 0.111081109894, 0.186576920584, 0.332504804761, 36.7723130755, 78.1308908569
0.719940958417, 0.993125025559, 0.631707534339, 0.658133005404, 0.999888320656, 0.600149376395, 0.198443370266, 0.596160187695, 0.600314272269, 0.497207311198, 0.0969706907892, 0.799232072453, 0.498853914526, 0.900178348168, 0.111081109894, 0.186576920584, 0.332504804761, 36.7723130755, 78.1308908569
0.719940958417, 0.993125025559, 0.631707534339, 0.658133005404, 0.999888320656, 0.600149376395, 0.198443370266, 0.596160187695, 0.600314272269, 0.497207311198, 0.0969706907892, 0.799232072453, 0.498853914526, 0.900178348168, 0.111081109894, 0.186576920584, 0.332504804761, 36.7723130755, 78.1308908569
0.719940958417, 0.993125025559, 0.631707534339, 0.658133005404, 0.999888320656, 0.600149376395, 0.198443370266, 0.596160187695, 0.600314272269, 0.497207311198, 0.0969706907892, 0.799232072453, 0.498853914526, 0.900178348168, 0.111081109894, 0.186576920584, 0.332504804761, 36.7723130755, 78.1308908569
0.719940958417, 0.993125025559, 0.631707534339, 0.658133005404, 0.999888320656, 0.600149376395, 0.198443370266, 0.596160187695, 0.600314272269, 0.497207311198, 0.0969706907892, 0.799232072453, 0.498853914526, 0.900178348168, 0.111081109894, 0.186576920584, 0.332504804761, 36.7723130755, 78.1308908569
0.00599957931829, 0.993126885892, 0.631707534339, 0.658097260439, 0.999944007621, 0.600795528866, 0.198442768353, 0.596456840926, 0.600314272269, 0.497207311245, 0.0969727599554, 0.800593096745, 0.498055677212, 0.900178348168, 0.261484519496, 0.439145279896, 0.782641264801, 86.5771547112, 0.815984959528
0.00599957931829, 0.993126885892, 0.631707534339, 0.658097260439, 0.999944007621, 0.600795528866, 0.198442768353, 0.596456840926, 0.600314272269, 0.497207311245, 0.0969727599554, 0.800593096745, 0.498055677212, 0.900178348168, 0.261484519496, 0.439145279896, 0.782641264801, 86.5771547112, 0.815984959528
0.00599957931829, 0.993129039689, 0.631707534339, 0.656881967169, 0.999888926436, 0.600106130509, 0.198442768353, 0.596448911, 0.600314272269, 0.497207302577, 0.0969727599554, 0.901018928507, 0.598969997058, 0.900178348168, 0.284940821122, 0.476467025914, 0.850123655214, 94.0716566577, 0.886620199096
0.719940958417, 0.993129048226, 0.631707534339, 0.656864269814, 0.999888320656, 0.600149376395, 0.198247174941, 0.596160187695, 0.600314272269, 0.497207311882, 0.0969706907892, 0.799232072453, 0.498853914526, 0.900178348168, 0.111567804784, 0.186547597198, 0.332848136691, 36.831835402, 78.2573538308
0.961822252377, 0.948535421141, 0.570664820414, 0.656935770751, 0.999894109927, 0.69909115614, 0.198451402058, 0.595520337185, 0.600314270062, 0.494328380113, 0.0969719060463, 0.898138579831, 0.495084783127, 0.900178348168, 0.166222165376, 0.278003615327, 0.405168558314, 6.40269459494, 106.987290298
0.961822252377, 0.948535421141, 0.570664820414, 0.656935770751, 0.999894109927, 0.69909115614, 0.198451402058, 0.595520337185, 0.600314270062, 0.494328380113, 0.0969719060463, 0.898138579831, 0.495084783127, 0.900178348168, 0.166222165376, 0.278003615327, 0.405168558314, 6.40269459494, 106.987290298
0.961822252377, 0.948535421141, 0.570664820414, 0.656935770751, 0.999894109927, 0.69909115614, 0.198451402058, 0.595520337185, 0.600314270062, 0.494328380113, 0.0969719060463, 0.898138579831, 0.495084783127, 0.900178348168, 0.166222165376, 0.278003615327, 0.405168558314, 6.40269459494, 106.987290298
0.961822252377, 0.948535421141, 0.570664820414, 0.656935770751, 0.999894109927, 0.69909115614, 0.198451402058, 0.595520337185, 0.600314270062, 0.494328380113, 0.0969719060463, 0.898138579831, 0.495084783127, 0.900178348168, 0.166222165376, 0.278003615327, 0.405168558314, 6.40269459494, 106.987290298
0.719940958417, 0.999764078462, 0.631707534339, 0.656846884995, 0.999888320656, 0.600149376395, 0.198443599195, 0.596160187695, 0.600314272269, 0.497207311198, 0.0969706907892, 0.799232072453, 0.498853914526, 0.900178348168, 0.00382485232388, 0.00639497013809, 0.0114104319301, 36.7743891997, 78.1307512871
0.719940958417, 0.999764078462, 0.631707534339, 0.656846884995, 0.999888320656, 0.600149376395, 0.198443599195, 0.596160187695, 0.600314272269, 0.497207311198, 0.0969706907892, 0.799232072453, 0.498853914526, 0.900178348168, 0.00382485232388, 0.00639497013809, 0.0114104319301, 36.7743891997, 78.1307512871
0.719940958417, 0.999764078462, 0.631707534339, 0.656846884995, 0.999888320656, 0.600149376395, 0.198443599195, 0.596160187695, 0.600314272269, 0.497207311198, 0.0969706907892, 0.799232072453, 0.498853914526, 0.900178348168, 0.00382485232388, 0.00639497013809, 0.0114104319301, 36.7743891997, 78.1307512871
0.719940958417, 0.999764078462, 0.631707534339, 0.656846884995, 0.999888320656, 0.600149376395, 0.198443599195, 0.596160187695, 0.600314272269, 0.497207311198, 0.0969706907892, 0.799232072453, 0.498853914526, 0.900178348168, 0.00382485232388, 0.00639497013809, 0.0114104319301, 36.7743891997, 78.1307512871
0.719940958417, 0.999764078462, 0.631707534339, 0.656846884995, 0.999888320656, 0.600149376395, 0.198443599195, 0.596160187695, 0.600314272269, 0.497207311198, 0.0969706907892, 0.799232072453, 0.498853914526, 0.900178348168, 0.00382485232388, 0.00639497013809, 0.0114104319301, 36.7743891997, 78.1307512871
0.719940958417, 0.999764078462, 0.631707534339, 0.656846884995, 0.999888320656, 0.600149376395, 0.198443599195, 0.596160187695, 0.600314272269, 0.497207311198, 0.0969706907892, 0.799232072453, 0.498853914526, 0.900178348168, 0.00382485232388, 0.00639497013809, 0.0114104319301, 36.7743891997, 78.1307512871
0.719940958417, 0.999764078462, 0.631707534339, 0.656846884995, 0.999888320656, 0.600149376395, 0.198443599195, 0.596160187695, 0.600314272269, 0.497207311198, 0.0969706907892, 0.799232072453, 0.498853914526, 0.900178348168, 0.00382485232388, 0.00639497013809, 0.0114104319301, 36.7743891997, 78.1307512871
0.719940958417, 0.999764078462, 0.631707534339, 0.656846884995, 0.999888320656, 0.600149376395, 0.198443599195, 0.596160187695, 0.600314272269, 0.497207311198, 0.0969706907892, 0.799232072453, 0.498853914526, 0.900178348168, 0.00382485232388, 0.00639497013809, 0.0114104319301, 36.7743891997, 78.1307512871
0.851433991549, 0.995699098413, 0.610636077069, 0.656867996601, 0.999888988518, 0.6007443964, 0.198247174904, 0.596160187695, 0.600314272269, 0.497207311549, 0.0969722712881, 0.798578417672, 0.498838981452, 0.900178348168, 0.0399919722061, 0.0668696984905, 0.111099150938, 20.0857162087, 84.5030230387
0.851433991549, 0.995699098413, 0.610636077069, 0.656867996601, 0.999888988518, 0.6007443964, 0.198247174904, 0.596160187695, 0.600314272269, 0.497207311549, 0.0969722712881, 0.798578417672, 0.498838981452, 0.900178348168, 0.0399919722061, 0.0668696984905, 0.111099150938, 20.0857162087, 84.5030230387
0.719940958417, 0.999498746313, 0.631707534339, 0.656864534659, 0.999888320656, 0.600149376395, 0.297911138396, 0.596160187695, 0.600314272269, 0.497207311882, 0.0969706907892, 0.799232072453, 0.498853914526, 0.900178348168, 0.00769068942053, 0.0128592741419, 0.0229441946006, 34.803758174, 73.9439726696
0.719940958417, 0.999498746313, 0.631707534339, 0.656864534659, 0.999888320656, 0.600149376395, 0.297911138396, 0.596160187695, 0.600314272269, 0.497207311882, 0.0969706907892, 0.799232072453, 0.498853914526, 0.900178348168, 0.00769068942053, 0.0128592741419, 0.0229441946006, 34.803758174, 73.9439726696
0.719940958417, 0.999498746313, 0.631707534339, 0.656864534659, 0.999888320656, 0.600149376395, 0.297911138396, 0.596160187695, 0.600314272269, 0.497207311882, 0.0969706907892, 0.799232072453, 0.498853914526, 0.900178348168, 0.00769068942053, 0.0128592741419, 0.0229441946006, 34.803758174, 73.9439726696
0.719940958417, 0.999498746313, 0.631707534339, 0.656864534659, 0.999888320656, 0.600149376395, 0.297911138396, 0.596160187695, 0.600314272269, 0.497207311882, 0.0969706907892, 0.799232072453, 0.498853914526, 0.900178348168, 0.00769068942053, 0.0128592741419, 0.0229441946006, 34.803758174, 73.9439726696
0.719940958417, 0.999498746313, 0.631707534339, 0.656864534659, 0.999888320656, 0.600149376395, 0.297911138396, 0.596160187695, 0.600314272269, 0.497207311882, 0.0969706907892, 0.799232072453, 0.498853914526, 0.900178348168, 0.00769068942053, 0.0128592741419, 0.0229441946006, 34.803758174, 73.9439726696
0.719940958417, 0.999764078462, 0.631707534339, 0.656846884995, 0.999888320656, 0.600149376395, 0.198443599195, 0.596160187695, 0.600314272269, 0.497207311198, 0.0969706907892, 0.799232072453, 0.498853914526, 0.900178348168, 0.00382485232388, 0.00639497013809, 0.0114104319301, 36.7743891997, 78.1307512871
0.719940958417, 0.999764078462, 0.631707534339, 0.656846884995, 0.999888320656, 0.600149376395, 0.198443599195, 0.596160187695, 0.600314272269, 0.497207311198, 0.0969706907892, 0.799232072453, 0.498853914526, 0.900178348168, 0.00382485232388, 0.00639497013809, 0.0114104319301, 36.7743891997, 78.1307512871
0.719940958417, 0.999764078462, 0.631707534339, 0.656846884995, 0.999888320656, 0.600149376395, 0.198443599195, 0.596160187695, 0.600314272269, 0.497207311198, 0.0969706907892, 0.799232072453, 0.498853914526, 0.900178348168, 0.00382485232388, 0.00639497013809, 0.0114104319301, 36.7743891997, 78.1307512871
0.719940958417, 0.999764078462, 0.631707534339, 0.656846884995, 0.999888320656, 0.600149376395, 0.198443599195, 0.596160187695, 0.600314272269, 0.497207311198, 0.0969706907892, 0.799232072453, 0.498853914526, 0.900178348168, 0.00382485232388, 0.00639497013809, 0.0114104319301, 36.7743891997, 78.1307512871
0.719940958417, 0.993125025559, 0.74921144553, 0.658133005404, 0.999888320656, 0.600149376395, 0.198443370769, 0.596160187695, 0.600314272269, 0.497207311198, 0.0969706907892, 0.799232072453, 0.498853914526, 0.900178348168, 0.0779766258451, 0.130973112724, 0.366708458843, 36.7723129313, 78.1308905503
0.719940958417, 0.999764078462, 0.631707534339, 0.658198027391, 0.999888328057, 0.600149376395, 0.198443599195, 0.596163130478, 0.600314272269, 0.497207302642, 0.0969706264292, 0.79959241725, 0.498853914526, 0.900178348168, 0.00380834579517, 0.00639815864277, 0.0114016735729, 36.7461621143, 78.0707801105
0.719940958417, 0.999764078462, 0.631707534339, 0.658198027391, 0.999888328057, 0.600149376395, 0.198443599195, 0.596163130478, 0.600314272269, 0.497207302642, 0.0969706264292, 0.79959241725, 0.498853914526, 0.900178348168, 0.00380834579517, 0.00639815864277, 0.0114016735729, 36.7461621143, 78.0707801105
0.719940958417, 0.999764078462, 0.631707534339, 0.658198027391, 0.999888328057, 0.600149376395, 0.198443599195, 0.596163130478, 0.600314272269, 0.497207302642, 0.0969706264292, 0.79959241725, 0.498853914526, 0.900178348168, 0.00380834579517, 0.00639815864277, 0.0114016735729, 36.7461621143, 78.0707801105
0.719940958417, 0.999764078462, 0.631707534339, 0.658198027391, 0.999888328057, 0.600149376395, 0.198443599195, 0.596163130478, 0.600314272269, 0.497207302642, 0.0969706264292, 0.79959241725, 0.498853914526, 0.900178348168, 0.00380834579517, 0.00639815864277, 0.0114016735729, 36.7461621143, 78.0707801105
