0.372430527903, 7.97269178454e-08, 0.645837374464, 0.412906053041, 0.0707383650885, 0.820138217076, 0.799504901538, 0.529564857508, 0.874283703115, 0.977718505956, 0.324130934273, 0.738630587995, 0.648891556114, 0.104223919706, 0.00714377524181, 0.454006020599, 0.0549033139136, 0.881491437283, 0.751374353836, 0.714829900978, 0.201280613235, 0.554843557143, 0.372430527903, 7.97269178454e-08, 20.204537004
0.372430527903, 7.97269178454e-08, 0.645837374464, 0.412906053041, 0.0707383650885, 0.820138217076, 0.799504901538, 0.529564857508, 0.874283703115, 0.977718505956, 0.324130934273, 0.738630587995, 0.648891556114, 0.104223919706, 0.00714377524181, 0.454006020599, 0.0549033139136, 0.881491437283, 0.751374353836, 0.714829900978, 0.201280613235, 0.554843557143, 0.372430527903, 7.97269178454e-08, 20.204537004
0.000781820404447, 1.09502244494e-07, 0.645837374464, 0.252692425682, 0.0707383650885, 0.820138217076, 0.656646152948, 0.938030694671, 0.874283703115, 0.977718505956, 0.171893574155, 0.703617867927, 0.648891556114, 0.409589074541, 0.181152940068, 0.511167363446, 0.32807953945, 0.663549457296, 0.694696022686, 0.322870768777, 0.599480314499, 0.731366802189, 0.000781820404447, 1.09502244494e-07, 21.1230898693
0.000781820404447, 1.09502244494e-07, 0.645837374464, 0.252692425682, 0.0707383650885, 0.820138217076, 0.656646152948, 0.938030694671, 0.874283703115, 0.977718505956, 0.171893574155, 0.703617867927, 0.648891556114, 0.409589074541, 0.181152940068, 0.511167363446, 0.32807953945, 0.663549457296, 0.694696022686, 0.322870768777, 0.599480314499, 0.731366802189, 0.000781820404447, 1.09502244494e-07, 21.1230898693
0.126309950053, 1.09502244494e-07, 0.645837374464, 0.215564214523, 0.0707383650885, 0.840967651792, 0.656646152948, 0.938030694671, 0.572313704308, 0.977718505956, 0.171893574155, 0.703617867927, 0.683762471346, 0.409589074541, 0.351196020711, 0.511167363446, 0.32807953945, 0.663549457296, 0.694696022686, 0.322870768777, 0.599480314499, 0.731366802189, 0.126309950053, 1.09502244494e-07, 20.9071785162
0.126309950053, 1.09502244494e-07, 0.645837374464, 0.215564214523, 0.0707383650885, 0.840967651792, 0.656646152948, 0.938030694671, 0.572313704308, 0.977718505956, 0.171893574155, 0.703617867927, 0.683762471346, 0.409589074541, 0.351196020711, 0.511167363446, 0.32807953945, 0.663549457296, 0.694696022686, 0.322870768777, 0.599480314499, 0.731366802189, 0.126309950053, 1.09502244494e-07, 20.9071785162
0.00340407337579, 0.00565553021999, 0.355377556123, 0.0073879086676, 0.0130769833316, 0.0741902027398, 0.0619960638514, 0.0503381577058, 0.612364692324, 0.133775741806, 0.418423111482, 0.767236878577, 0.435708760754, 0.808038125451, 0.0974146275599, 0.123986138337, 0.136350050406, 0.556072646166, 0.661431582823, 0.632543219001, 0.042299993807, 0.988594792555, 0.00340407337579, 0.00565553021999, 15.4164837121
0.00340407337579, 0.00565553021999, 0.355377556123, 0.0073879086676, 0.0130769833316, 0.0741902027398, 0.0619960638514, 0.0503381577058, 0.612364692324, 0.133775741806, 0.418423111482, 0.767236878577, 0.435708760754, 0.808038125451, 0.0974146275599, 0.123986138337, 0.136350050406, 0.556072646166, 0.661431582823, 0.632543219001, 0.042299993807, 0.988594792555, 0.00340407337579, 0.00565553021999, 15.4164837121
0.000416179833317, 0.130567106257, 0.305933173847, 0.00533851768387, 0.133281881262, 0.579964477022, 0.882067759981, 0.940801986328, 0.0914321985627, 0.154088744622, 0.847764414329, 0.0437439484254, 0.010837369696, 0.104223919706, 0.972994341502, 0.201626732243, 0.122499566076, 0.0101249334695, 0.115043959433, 0.786018816959, 0.129920431763, 0.201507128051, 0.000416179833317, 0.130567106257, 14.9122262656
0.000416179833317, 0.130567106257, 0.305933173847, 0.00533851768387, 0.133281881262, 0.579964477022, 0.882067759981, 0.940801986328, 0.0914321985627, 0.154088744622, 0.847764414329, 0.0437439484254, 0.010837369696, 0.104223919706, 0.972994341502, 0.201626732243, 0.122499566076, 0.0101249334695, 0.115043959433, 0.786018816959, 0.129920431763, 0.201507128051, 0.000416179833317, 0.130567106257, 14.9122262656
0.390183590397, 0.0827900786285, 0.560982168579, 0.565660420131, 0.783148493473, 0.358700630509, 0.00721710392076, 0.284503319475, 0.417758388855, 0.183934983328, 0.0284266745018, 0.0216307887303, 0.469161327541, 0.0467920619332, 0.298293985037, 0.10590344303, 0.0454416390247, 0.0139091384598, 0.0318466863742, 0.0461572211644, 0.806186703636, 0.484697313164, 0.390183590397, 0.0827900786285, 13.4454697909
0.390183590397, 0.0827900786285, 0.560982168579, 0.565660420131, 0.783148493473, 0.358700630509, 0.00721710392076, 0.284503319475, 0.417758388855, 0.183934983328, 0.0284266745018, 0.0216307887303, 0.469161327541, 0.0467920619332, 0.298293985037, 0.10590344303, 0.0454416390247, 0.0139091384598, 0.0318466863742, 0.0461572211644, 0.806186703636, 0.484697313164, 0.390183590397, 0.0827900786285, 13.4454697909
0.00461485214808, 2.96197937769e-05, 0.645837374464, 0.231909524101, 0.437409743947, 0.182088611148, 0.0717445710525, 0.203672602347, 0.256827891726, 0.303925837301, 0.970417827866, 0.00414519131049, 0.586201963473, 0.999678737782, 0.122911254596, 0.173798815672, 0.32807953945, 0.0667038811998, 0.0809768595051, 0.951575330383, 0.000705597682081, 0.0126368345521, 0.00461485214808, 2.96197937769e-05, 14.9512182316
0.00461485214808, 2.96197937769e-05, 0.645837374464, 0.231909524101, 0.437409743947, 0.182088611148, 0.0717445710525, 0.203672602347, 0.256827891726, 0.303925837301, 0.970417827866, 0.00414519131049, 0.586201963473, 0.999678737782, 0.122911254596, 0.173798815672, 0.32807953945, 0.0667038811998, 0.0809768595051, 0.951575330383, 0.000705597682081, 0.0126368345521, 0.00461485214808, 2.96197937769e-05, 14.9512182316
0.18842812371, 2.52349169516e-06, 0.691640768442, 0.0712990643172, 0.0959922798211, 0.958610003575, 0.115654021684, 0.0925119608462, 0.854101499355, 0.968590681735, 0.649246186546, 0.0202928233255, 0.513045831142, 0.967240137264, 0.0798811933354, 0.52498579433, 0.580406233013, 0.932883032448, 0.79021682836, 0.874154460879, 0.0447705451481, 0.100649180966, 0.18842812371, 2.52349169516e-06, 19.3092178081
0.18842812371, 2.52349169516e-06, 0.691640768442, 0.0712990643172, 0.0959922798211, 0.958610003575, 0.115654021684, 0.0925119608462, 0.854101499355, 0.968590681735, 0.649246186546, 0.0202928233255, 0.513045831142, 0.967240137264, 0.0798811933354, 0.52498579433, 0.580406233013, 0.932883032448, 0.79021682836, 0.874154460879, 0.0447705451481, 0.100649180966, 0.18842812371, 2.52349169516e-06, 19.3092178081
0.415330867417, 1.05025336609e-05, 0.08610834456, 0.0933667016394, 0.653872404773, 0.0508495671088, 0.326466279476, 0.625351423736, 0.647847550453, 0.0423970484624, 0.754172574218, 0.719770306801, 0.602565652868, 0.0180637803385, 0.965262446484, 0.885147024021, 0.137852064116, 0.105486182076, 0.415057066115, 0.0478275991861, 0.166747590122, 0.243268024302, 0.415330867417, 1.05025336609e-05, 16.216386397
0.415330867417, 1.05025336609e-05, 0.08610834456, 0.0933667016394, 0.653872404773, 0.0508495671088, 0.326466279476, 0.625351423736, 0.647847550453, 0.0423970484624, 0.754172574218, 0.719770306801, 0.602565652868, 0.0180637803385, 0.965262446484, 0.885147024021, 0.137852064116, 0.105486182076, 0.415057066115, 0.0478275991861, 0.166747590122, 0.243268024302, 0.415330867417, 1.05025336609e-05, 16.216386397
0.555870576508, 1.09502244494e-07, 0.645837374464, 0.252692425682, 0.0707383650885, 0.224349837879, 0.656646152948, 0.529564857508, 0.874283703115, 0.977718505956, 0.324130934273, 0.841678036594, 0.648891556114, 0.409589074541, 0.181152940068, 0.120418776998, 0.32807953945, 0.663549457296, 0.751374353836, 0.399861524836, 0.201280613235, 0.529729685141, 0.555870576508, 1.09502244494e-07, 18.9845044051
0.555870576508, 1.09502244494e-07, 0.645837374464, 0.252692425682, 0.0707383650885, 0.224349837879, 0.656646152948, 0.529564857508, 0.874283703115, 0.977718505956, 0.324130934273, 0.841678036594, 0.648891556114, 0.409589074541, 0.181152940068, 0.120418776998, 0.32807953945, 0.663549457296, 0.751374353836, 0.399861524836, 0.201280613235, 0.529729685141, 0.555870576508, 1.09502244494e-07, 18.9845044051
0.498961056737, 0.00213568046997, 0.487195374727, 0.270469187927, 0.388666953258, 0.00794303099314, 0.100495066432, 0.0543834662917, 0.0914321985627, 0.0702399152797, 0.365170570782, 0.275633561882, 0.347234722476, 0.00350579833275, 0.475222961749, 0.885147024021, 0.027346838786, 0.527279298563, 0.415057066115, 0.0382161635857, 0.200039051595, 0.704554880734, 0.498961056737, 0.00213568046997, 13.7421542575
0.498961056737, 0.00213568046997, 0.487195374727, 0.270469187927, 0.388666953258, 0.00794303099314, 0.100495066432, 0.0543834662917, 0.0914321985627, 0.0702399152797, 0.365170570782, 0.275633561882, 0.347234722476, 0.00350579833275, 0.475222961749, 0.885147024021, 0.027346838786, 0.527279298563, 0.415057066115, 0.0382161635857, 0.200039051595, 0.704554880734, 0.498961056737, 0.00213568046997, 13.7421542575
0.898642536507, 0.00358649295882, 0.0741155983468, 0.194290899109, 0.0741777742262, 0.0489323202081, 0.130424941653, 0.0543834662917, 0.0914321985627, 0.0110079322917, 0.147837419713, 0.275633561882, 0.100857470993, 0.0570789195042, 0.589580098534, 0.223874789922, 0.121528068484, 0.955303747717, 0.0350969700294, 0.110580844704, 0.200039051595, 0.830067434204, 0.898642536507, 0.00358649295882, 11.5707795078
0.898642536507, 0.00358649295882, 0.0741155983468, 0.194290899109, 0.0741777742262, 0.0489323202081, 0.130424941653, 0.0543834662917, 0.0914321985627, 0.0110079322917, 0.147837419713, 0.275633561882, 0.100857470993, 0.0570789195042, 0.589580098534, 0.223874789922, 0.121528068484, 0.955303747717, 0.0350969700294, 0.110580844704, 0.200039051595, 0.830067434204, 0.898642536507, 0.00358649295882, 11.5707795078
0.000416179833317, 0.379251015149, 0.0319316807111, 0.00533851768387, 0.0520110794833, 0.579964477022, 0.882067759981, 0.940801986328, 0.310181369955, 0.154088744622, 0.27739402458, 0.0437439484254, 0.415327119884, 0.142862766661, 0.972994341502, 0.027041343911, 0.122499566076, 0.0101249334695, 0.115043959433, 0.313075026318, 0.129920431763, 0.201507128051, 0.000416179833317, 0.379251015149, 13.6916022496
0.000416179833317, 0.379251015149, 0.0319316807111, 0.00533851768387, 0.0520110794833, 0.579964477022, 0.882067759981, 0.940801986328, 0.310181369955, 0.154088744622, 0.27739402458, 0.0437439484254, 0.415327119884, 0.142862766661, 0.972994341502, 0.027041343911, 0.122499566076, 0.0101249334695, 0.115043959433, 0.313075026318, 0.129920431763, 0.201507128051, 0.000416179833317, 0.379251015149, 13.6916022496
0.577660264347, 0.0171450908564, 0.0938517837763, 0.00303449931868, 0.0340202298118, 0.192564865704, 0.0283362527892, 0.0205981844524, 0.0443994547756, 0.151113061438, 0.548923941969, 0.142377953219, 0.0282005264426, 0.0504717540264, 0.0949674413212, 0.0499981735023, 0.420864008739, 0.999167995943, 0.449457157469, 0.0869163102212, 0.00186386119378, 0.561209162937, 0.577660264347, 0.0171450908564, 11.3763485133
0.577660264347, 0.0171450908564, 0.0938517837763, 0.00303449931868, 0.0340202298118, 0.192564865704, 0.0283362527892, 0.0205981844524, 0.0443994547756, 0.151113061438, 0.548923941969, 0.142377953219, 0.0282005264426, 0.0504717540264, 0.0949674413212, 0.0499981735023, 0.420864008739, 0.999167995943, 0.449457157469, 0.0869163102212, 0.00186386119378, 0.561209162937, 0.577660264347, 0.0171450908564, 11.3763485133
0.0366314175494, 0.000509422236675, 0.563977451882, 0.138082401704, 0.315277199599, 0.0357691883306, 0.511637122179, 0.769999681634, 0.0100492656029, 0.0647197354974, 0.188151545546, 0.00414519131049, 0.972487143384, 0.314580130585, 0.251392833779, 0.190853961271, 0.977664199955, 0.567414147097, 0.0809768595051, 0.11416228083, 0.199771502231, 0.0295419532329, 0.0366314175494, 0.000509422236675, 14.4962374044
0.0366314175494, 0.000509422236675, 0.563977451882, 0.138082401704, 0.315277199599, 0.0357691883306, 0.511637122179, 0.769999681634, 0.0100492656029, 0.0647197354974, 0.188151545546, 0.00414519131049, 0.972487143384, 0.314580130585, 0.251392833779, 0.190853961271, 0.977664199955, 0.567414147097, 0.0809768595051, 0.11416228083, 0.199771502231, 0.0295419532329, 0.0366314175494, 0.000509422236675, 14.4962374044
0.372430527903, 7.73567708778e-08, 0.488954281126, 0.252692425682, 0.0707383650885, 0.936450837319, 0.656646152948, 0.529564857508, 0.874283703115, 0.977718505956, 0.885711548063, 0.773118913494, 0.648891556114, 0.544262739859, 0.215958800494, 0.511167363446, 0.0838444631853, 0.663549457296, 0.751374353836, 0.576019309444, 0.201280613235, 0.767627075343, 0.372430527903, 7.73567708778e-08, 21.3406536313
0.372430527903, 7.73567708778e-08, 0.488954281126, 0.252692425682, 0.0707383650885, 0.936450837319, 0.656646152948, 0.529564857508, 0.874283703115, 0.977718505956, 0.885711548063, 0.773118913494, 0.648891556114, 0.544262739859, 0.215958800494, 0.511167363446, 0.0838444631853, 0.663549457296, 0.751374353836, 0.576019309444, 0.201280613235, 0.767627075343, 0.372430527903, 7.73567708778e-08, 21.3406536313
0.0413021935226, 0.199287860161, 0.205671074412, 0.314734650517, 0.133281881262, 0.248978774535, 0.225876919818, 0.115112560485, 0.221688608858, 0.127765234416, 0.00635584754916, 0.0235795570888, 0.00256625876123, 0.306958754281, 0.0514547793502, 0.0340439208857, 0.244340623503, 0.633648859701, 0.126573927061, 0.0508879836656, 0.0116175334283, 0.411860340459, 0.0413021935226, 0.199287860161, 10.6533045422
0.0413021935226, 0.199287860161, 0.205671074412, 0.314734650517, 0.133281881262, 0.248978774535, 0.225876919818, 0.115112560485, 0.221688608858, 0.127765234416, 0.00635584754916, 0.0235795570888, 0.00256625876123, 0.306958754281, 0.0514547793502, 0.0340439208857, 0.244340623503, 0.633648859701, 0.126573927061, 0.0508879836656, 0.0116175334283, 0.411860340459, 0.0413021935226, 0.199287860161, 10.6533045422
0.000255872267402, 0.0104026340461, 0.00139551459168, 0.617400158625, 0.390399337728, 0.909518949082, 0.070516101839, 0.0148031277144, 0.429391437875, 0.533363953108, 0.509275836633, 0.946523940042, 0.120947941508, 0.232644479804, 0.568364861583, 0.527632358652, 0.538207149493, 0.105486182076, 0.0318466863742, 0.172548033993, 0.999923560317, 0.119439940495, 0.000255872267402, 0.0104026340461, 16.5809712558
0.000255872267402, 0.0104026340461, 0.00139551459168, 0.617400158625, 0.390399337728, 0.909518949082, 0.070516101839, 0.0148031277144, 0.429391437875, 0.533363953108, 0.509275836633, 0.946523940042, 0.120947941508, 0.232644479804, 0.568364861583, 0.527632358652, 0.538207149493, 0.105486182076, 0.0318466863742, 0.172548033993, 0.999923560317, 0.119439940495, 0.000255872267402, 0.0104026340461, 16.5809712558
0.372430527903, 6.07209071912e-08, 0.645837374464, 0.252692425682, 0.20320394222, 0.956694830631, 0.695424646589, 0.529564857508, 0.874283703115, 0.977718505956, 0.885711548063, 0.773118913494, 0.648891556114, 0.583801488254, 0.215958800494, 0.511167363446, 0.319619507173, 0.663549457296, 0.751374353836, 0.425480614515, 0.201280613235, 0.767627075343, 0.372430527903, 6.07209071912e-08, 21.9780336928
0.372430527903, 6.07209071912e-08, 0.645837374464, 0.252692425682, 0.20320394222, 0.956694830631, 0.695424646589, 0.529564857508, 0.874283703115, 0.977718505956, 0.885711548063, 0.773118913494, 0.648891556114, 0.583801488254, 0.215958800494, 0.511167363446, 0.319619507173, 0.663549457296, 0.751374353836, 0.425480614515, 0.201280613235, 0.767627075343, 0.372430527903, 6.07209071912e-08, 21.9780336928
0.000116477605435, 0.988512323167, 0.128426803146, 0.00533851768387, 0.696643613361, 0.579964477022, 0.602860267192, 0.940801986328, 0.273292684799, 0.508398175457, 0.294948792628, 0.473888366262, 0.0555639976271, 0.0206148012999, 0.972994341502, 0.449645491448, 0.0826809264054, 0.0191151023535, 0.115043959433, 0.239716454747, 0.129920431763, 0.201507128051, 0.000116477605435, 0.988512323167, 14.9472928714
0.000116477605435, 0.988512323167, 0.128426803146, 0.00533851768387, 0.696643613361, 0.579964477022, 0.602860267192, 0.940801986328, 0.273292684799, 0.508398175457, 0.294948792628, 0.473888366262, 0.0555639976271, 0.0206148012999, 0.972994341502, 0.449645491448, 0.0826809264054, 0.0191151023535, 0.115043959433, 0.239716454747, 0.129920431763, 0.201507128051, 0.000116477605435, 0.988512323167, 14.9472928714
0.44547702649, 4.24518754594e-08, 0.645837374464, 0.252692425682, 0.0707383650885, 0.947399968355, 0.656646152948, 0.529564857508, 0.988279335473, 0.977718505956, 0.324130934273, 0.773118913494, 0.648891556114, 0.583801488254, 0.0471650244206, 0.511167363446, 0.32807953945, 0.663549457296, 0.751374353836, 0.425480614515, 0.201280613235, 0.939020091658, 0.44547702649, 4.24518754594e-08, 21.1939891366
0.44547702649, 4.24518754594e-08, 0.645837374464, 0.252692425682, 0.0707383650885, 0.947399968355, 0.656646152948, 0.529564857508, 0.988279335473, 0.977718505956, 0.324130934273, 0.773118913494, 0.648891556114, 0.583801488254, 0.0471650244206, 0.511167363446, 0.32807953945, 0.663549457296, 0.751374353836, 0.425480614515, 0.201280613235, 0.939020091658, 0.44547702649, 4.24518754594e-08, 21.1939891366
8.08794118854e-05, 0.877864747302, 0.0319316807111, 0.0225660417477, 0.235451969739, 0.579964477022, 0.882067759981, 0.969591754266, 0.356150158482, 0.154088744622, 0.0376985058411, 0.574949259854, 0.631076118016, 0.104223919706, 0.367664524047, 0.718229314176, 0.0549033139136, 0.832684763699, 0.0416784898382, 0.599620904556, 0.129920431763, 0.201507128051, 8.08794118854e-05, 0.877864747302, 15.8036670809
8.08794118854e-05, 0.877864747302, 0.0319316807111, 0.0225660417477, 0.235451969739, 0.579964477022, 0.882067759981, 0.969591754266, 0.356150158482, 0.154088744622, 0.0376985058411, 0.574949259854, 0.631076118016, 0.104223919706, 0.367664524047, 0.718229314176, 0.0549033139136, 0.832684763699, 0.0416784898382, 0.599620904556, 0.129920431763, 0.201507128051, 8.08794118854e-05, 0.877864747302, 15.8036670809
0.00946187622425, 0.163144140379, 0.678022478257, 0.48718297403, 0.783148493473, 0.358890021981, 0.0309872997986, 0.172669077603, 0.460052471363, 0.0635215381965, 0.0532314000181, 0.0382098984115, 0.00889036651521, 0.0467920619332, 0.493331847484, 0.0290540539658, 0.0454416390247, 0.442596652543, 0.0247481930683, 0.0118043478966, 0.78166974396, 0.688023193448, 0.00946187622425, 0.163144140379, 13.6301366453
0.00946187622425, 0.163144140379, 0.678022478257, 0.48718297403, 0.783148493473, 0.358890021981, 0.0309872997986, 0.172669077603, 0.460052471363, 0.0635215381965, 0.0532314000181, 0.0382098984115, 0.00889036651521, 0.0467920619332, 0.493331847484, 0.0290540539658, 0.0454416390247, 0.442596652543, 0.0247481930683, 0.0118043478966, 0.78166974396, 0.688023193448, 0.00946187622425, 0.163144140379, 13.6301366453
0.0332375241364, 0.00389211786586, 0.338429720747, 0.0514615150525, 0.377184513444, 0.490355296215, 0.0400627858642, 0.00578795567519, 0.778907129637, 0.242498776588, 0.064898054574, 0.275633561882, 0.0148385971594, 0.713402009787, 0.273988127419, 0.984525809774, 0.774005794178, 0.65270878346, 0.00488270385305, 0.127375046788, 0.193934359956, 0.00576022691013, 0.0332375241364, 0.00389211786586, 14.6450380666
0.0332375241364, 0.00389211786586, 0.338429720747, 0.0514615150525, 0.377184513444, 0.490355296215, 0.0400627858642, 0.00578795567519, 0.778907129637, 0.242498776588, 0.064898054574, 0.275633561882, 0.0148385971594, 0.713402009787, 0.273988127419, 0.984525809774, 0.774005794178, 0.65270878346, 0.00488270385305, 0.127375046788, 0.193934359956, 0.00576022691013, 0.0332375241364, 0.00389211786586, 14.6450380666
0.372430527903, 2.52349169516e-06, 0.691640768442, 0.0906212074913, 0.073160698585, 0.0489323202081, 0.115654021684, 0.0925119608462, 0.854101499355, 0.968590681735, 0.649246186546, 0.0817328812573, 0.513045831142, 0.968622979334, 0.0798811933354, 0.850673094594, 0.725892146117, 0.653027442062, 0.751374353836, 0.874154460879, 0.219572818783, 0.00107612898159, 0.372430527903, 2.52349169516e-06, 18.503447616
0.372430527903, 2.52349169516e-06, 0.691640768442, 0.0906212074913, 0.073160698585, 0.0489323202081, 0.115654021684, 0.0925119608462, 0.854101499355, 0.968590681735, 0.649246186546, 0.0817328812573, 0.513045831142, 0.968622979334, 0.0798811933354, 0.850673094594, 0.725892146117, 0.653027442062, 0.751374353836, 0.874154460879, 0.219572818783, 0.00107612898159, 0.372430527903, 2.52349169516e-06, 18.503447616
0.817523816985, 0.00306616524971, 0.110055925417, 0.0730954440795, 0.0707383650885, 0.0288266585201, 0.803261299309, 0.0543834662917, 0.306912045867, 0.00108254516618, 0.156080978461, 0.929498419669, 0.273244164648, 0.0508015688477, 0.774999300301, 0.0574516207494, 0.105771811646, 0.963716814943, 0.0950945099896, 0.157376290103, 0.343604153039, 0.253711113572, 0.817523816985, 0.00306616524971, 13.2725517898
0.817523816985, 0.00306616524971, 0.110055925417, 0.0730954440795, 0.0707383650885, 0.0288266585201, 0.803261299309, 0.0543834662917, 0.306912045867, 0.00108254516618, 0.156080978461, 0.929498419669, 0.273244164648, 0.0508015688477, 0.774999300301, 0.0574516207494, 0.105771811646, 0.963716814943, 0.0950945099896, 0.157376290103, 0.343604153039, 0.253711113572, 0.817523816985, 0.00306616524971, 13.2725517898
0.572853320212, 1.05025336609e-05, 0.08610834456, 0.0933667016394, 0.653872404773, 0.169141555541, 0.326466279476, 0.625351423736, 0.647847550453, 0.00551625358721, 0.754172574218, 0.719770306801, 0.602565652868, 0.0389981439156, 0.965262446484, 0.885147024021, 0.137852064116, 0.105486182076, 0.415057066115, 0.0478275991861, 0.0444341613605, 0.243268024302, 0.572853320212, 1.05025336609e-05, 16.1885185653
0.572853320212, 1.05025336609e-05, 0.08610834456, 0.0933667016394, 0.653872404773, 0.169141555541, 0.326466279476, 0.625351423736, 0.647847550453, 0.00551625358721, 0.754172574218, 0.719770306801, 0.602565652868, 0.0389981439156, 0.965262446484, 0.885147024021, 0.137852064116, 0.105486182076, 0.415057066115, 0.0478275991861, 0.0444341613605, 0.243268024302, 0.572853320212, 1.05025336609e-05, 16.1885185653
0.00463128735518, 0.199287860161, 0.0343871346919, 0.0804607792694, 0.0303694415979, 0.0625208639154, 0.720634792571, 0.0771975700641, 0.512780825602, 0.127765234416, 0.0064409869629, 0.00139239912437, 0.00256625876123, 0.083163492804, 0.404750190162, 0.0340439208857, 0.00688600597923, 0.633648859701, 0.469550459569, 0.0210725602813, 0.316511516949, 0.122940893976, 0.00463128735518, 0.199287860161, 10.9999243376
0.00463128735518, 0.199287860161, 0.0343871346919, 0.0804607792694, 0.0303694415979, 0.0625208639154, 0.720634792571, 0.0771975700641, 0.512780825602, 0.127765234416, 0.0064409869629, 0.00139239912437, 0.00256625876123, 0.083163492804, 0.404750190162, 0.0340439208857, 0.00688600597923, 0.633648859701, 0.469550459569, 0.0210725602813, 0.316511516949, 0.122940893976, 0.00463128735518, 0.199287860161, 10.9999243376
0.269347213304, 7.97269178454e-08, 0.645837374464, 0.412906053041, 0.0707383650885, 0.820138217076, 0.799504901538, 0.529564857508, 0.874283703115, 0.977718505956, 0.324130934273, 0.738630587995, 0.648891556114, 0.104223919706, 0.00714377524181, 0.454006020599, 0.0549033139136, 0.831469509995, 0.751374353836, 0.940887531441, 0.201280613235, 0.554843557143, 0.269347213304, 7.97269178454e-08, 20.3948416652
0.269347213304, 7.97269178454e-08, 0.645837374464, 0.412906053041, 0.0707383650885, 0.820138217076, 0.799504901538, 0.529564857508, 0.874283703115, 0.977718505956, 0.324130934273, 0.738630587995, 0.648891556114, 0.104223919706, 0.00714377524181, 0.454006020599, 0.0549033139136, 0.831469509995, 0.751374353836, 0.940887531441, 0.201280613235, 0.554843557143, 0.269347213304, 7.97269178454e-08, 20.3948416652
0.0298945365193, 0.832855873878, 0.514007886342, 0.216725465154, 0.133281881262, 0.0297799617495, 0.167324915197, 0.139890271643, 0.127414669149, 0.127765234416, 0.00496219640014, 0.272641875931, 0.000795515183532, 0.557950338852, 0.214989464529, 0.095590746875, 0.0255910225232, 0.458349400316, 0.195404565995, 0.0508879836656, 0.406420276883, 0.0207158126934, 0.0298945365193, 0.832855873878, 10.8111217551
0.0298945365193, 0.832855873878, 0.514007886342, 0.216725465154, 0.133281881262, 0.0297799617495, 0.167324915197, 0.139890271643, 0.127414669149, 0.127765234416, 0.00496219640014, 0.272641875931, 0.000795515183532, 0.557950338852, 0.214989464529, 0.095590746875, 0.0255910225232, 0.458349400316, 0.195404565995, 0.0508879836656, 0.406420276883, 0.0207158126934, 0.0298945365193, 0.832855873878, 10.8111217551
8.08794118854e-05, 0.379251015149, 0.0319316807111, 0.123345500693, 0.281855886174, 0.579964477022, 0.672610903771, 0.993248678889, 0.299748247242, 0.154088744622, 0.749077051923, 0.0437439484254, 0.0555639976271, 0.104223919706, 0.976410425434, 0.985624220314, 0.0549033139136, 0.897321715961, 0.115043959433, 0.607057148915, 0.129920431763, 0.201507128051, 8.08794118854e-05, 0.379251015149, 16.828849042
8.08794118854e-05, 0.379251015149, 0.0319316807111, 0.123345500693, 0.281855886174, 0.579964477022, 0.672610903771, 0.993248678889, 0.299748247242, 0.154088744622, 0.749077051923, 0.0437439484254, 0.0555639976271, 0.104223919706, 0.976410425434, 0.985624220314, 0.0549033139136, 0.897321715961, 0.115043959433, 0.607057148915, 0.129920431763, 0.201507128051, 8.08794118854e-05, 0.379251015149, 16.828849042
0.0413318609618, 0.00389211786586, 0.338429720747, 0.0514615150525, 0.377184513444, 0.490355296215, 0.0400627858642, 0.00578795567519, 0.778907129637, 0.242498776588, 0.064898054574, 0.275633561882, 0.330083430159, 0.713402009787, 0.273988127419, 0.745789558886, 0.520614300086, 0.65270878346, 0.00488270385305, 0.127375046788, 0.193934359956, 0.00576022691013, 0.0413318609618, 0.00389211786586, 14.4037441243
0.0413318609618, 0.00389211786586, 0.338429720747, 0.0514615150525, 0.377184513444, 0.490355296215, 0.0400627858642, 0.00578795567519, 0.778907129637, 0.242498776588, 0.064898054574, 0.275633561882, 0.330083430159, 0.713402009787, 0.273988127419, 0.745789558886, 0.520614300086, 0.65270878346, 0.00488270385305, 0.127375046788, 0.193934359956, 0.00576022691013, 0.0413318609618, 0.00389211786586, 14.4037441243
0.566503499695, 7.97269178454e-08, 0.08610834456, 0.026588585675, 0.457487702673, 0.399885372293, 0.326466279476, 0.681237837022, 0.508123512549, 0.156982500578, 0.164464040923, 0.967472287063, 0.648891556114, 0.0208488747098, 0.997065101177, 0.966387504917, 0.594750762893, 0.0231987230133, 0.0133221809256, 0.000973905958594, 0.864776359728, 0.0663927571842, 0.566503499695, 7.97269178454e-08, 16.7379096939
0.566503499695, 7.97269178454e-08, 0.08610834456, 0.026588585675, 0.457487702673, 0.399885372293, 0.326466279476, 0.681237837022, 0.508123512549, 0.156982500578, 0.164464040923, 0.967472287063, 0.648891556114, 0.0208488747098, 0.997065101177, 0.966387504917, 0.594750762893, 0.0231987230133, 0.0133221809256, 0.000973905958594, 0.864776359728, 0.0663927571842, 0.566503499695, 7.97269178454e-08, 16.7379096939
0.0259503011248, 0.115211637207, 0.254759663616, 0.216725465154, 0.133281881262, 0.0113644778475, 0.167324915197, 0.139890271643, 0.127414669149, 0.127765234416, 0.00496219640014, 0.0235795570888, 0.000795515183532, 0.557950338852, 0.214989464529, 0.095590746875, 0.0255910225232, 0.458349400316, 0.195404565995, 0.0508879836656, 0.406420276883, 0.706528599039, 0.0259503011248, 0.115211637207, 11.2519312027
0.0259503011248, 0.115211637207, 0.254759663616, 0.216725465154, 0.133281881262, 0.0113644778475, 0.167324915197, 0.139890271643, 0.127414669149, 0.127765234416, 0.00496219640014, 0.0235795570888, 0.000795515183532, 0.557950338852, 0.214989464529, 0.095590746875, 0.0255910225232, 0.458349400316, 0.195404565995, 0.0508879836656, 0.406420276883, 0.706528599039, 0.0259503011248, 0.115211637207, 11.2519312027
0.000416179833317, 0.359457606692, 0.305933173847, 0.00533851768387, 0.0612188935917, 0.579964477022, 0.882067759981, 0.940801986328, 0.0914321985627, 0.482003297331, 0.847764414329, 0.0437439484254, 0.190143503894, 0.104223919706, 0.972994341502, 0.302847223537, 0.0841283639102, 0.0101249334695, 0.115043959433, 0.313075026318, 0.0140831026275, 0.0176931260082, 0.000416179833317, 0.359457606692, 14.5389833945
0.000416179833317, 0.359457606692, 0.305933173847, 0.00533851768387, 0.0612188935917, 0.579964477022, 0.882067759981, 0.940801986328, 0.0914321985627, 0.482003297331, 0.847764414329, 0.0437439484254, 0.190143503894, 0.104223919706, 0.972994341502, 0.302847223537, 0.0841283639102, 0.0101249334695, 0.115043959433, 0.313075026318, 0.0140831026275, 0.0176931260082, 0.000416179833317, 0.359457606692, 14.5389833945
0.000557005024866, 0.0909387486657, 0.305933173847, 0.00533851768387, 0.468210726513, 0.579964477022, 0.442056024761, 0.57898316383, 0.534635030353, 0.00384770354439, 0.339699111187, 0.0569899985474, 0.0555639976271, 0.0124916250923, 0.811300363942, 0.951057879528, 0.122499566076, 0.0126625069579, 0.115043959433, 0.117354102186, 0.129920431763, 0.626711473549, 0.000557005024866, 0.0909387486657, 14.4337289952
0.000557005024866, 0.0909387486657, 0.305933173847, 0.00533851768387, 0.468210726513, 0.579964477022, 0.442056024761, 0.57898316383, 0.534635030353, 0.00384770354439, 0.339699111187, 0.0569899985474, 0.0555639976271, 0.0124916250923, 0.811300363942, 0.951057879528, 0.122499566076, 0.0126625069579, 0.115043959433, 0.117354102186, 0.129920431763, 0.626711473549, 0.000557005024866, 0.0909387486657, 14.4337289952
0.0533988260056, 1.69900455826e-06, 0.15663133571, 0.0189586697866, 0.0709846329384, 0.997020856685, 0.656646152948, 0.0481932438763, 0.96793786291, 0.977718505956, 0.324130934273, 0.703617867927, 0.553865449762, 0.435669127244, 0.63127032013, 0.663971878103, 0.32807953945, 0.158908216098, 0.694696022686, 0.798688264251, 0.796077789013, 0.963997335139, 0.0533988260056, 1.69900455826e-06, 20.7581756225
0.0533988260056, 1.69900455826e-06, 0.15663133571, 0.0189586697866, 0.0709846329384, 0.997020856685, 0.656646152948, 0.0481932438763, 0.96793786291, 0.977718505956, 0.324130934273, 0.703617867927, 0.553865449762, 0.435669127244, 0.63127032013, 0.663971878103, 0.32807953945, 0.158908216098, 0.694696022686, 0.798688264251, 0.796077789013, 0.963997335139, 0.0533988260056, 1.69900455826e-06, 20.7581756225
0.00932067087409, 0.199287860161, 0.75075081094, 0.314734650517, 0.133281881262, 0.248978774535, 0.042969640186, 0.115112560485, 0.221688608858, 0.127765234416, 0.00635584754916, 0.0235795570888, 0.00256625876123, 0.306958754281, 0.0514547793502, 0.0340439208857, 0.244340623503, 0.633648859701, 0.126573927061, 0.273562988833, 0.0344392746827, 0.0207158126934, 0.00932067087409, 0.199287860161, 10.9513186127
0.00932067087409, 0.199287860161, 0.75075081094, 0.314734650517, 0.133281881262, 0.248978774535, 0.042969640186, 0.115112560485, 0.221688608858, 0.127765234416, 0.00635584754916, 0.0235795570888, 0.00256625876123, 0.306958754281, 0.0514547793502, 0.0340439208857, 0.244340623503, 0.633648859701, 0.126573927061, 0.273562988833, 0.0344392746827, 0.0207158126934, 0.00932067087409, 0.199287860161, 10.9513186127
0.0407282189753, 0.0827900786285, 0.719083799895, 0.565660420131, 0.783148493473, 0.358700630509, 0.00721710392076, 0.284503319475, 0.78995626603, 0.183934983328, 0.0601126655451, 0.227627349473, 0.43712962683, 0.0467920619332, 0.0794990772863, 0.10590344303, 0.0454416390247, 0.0139091384598, 0.000910573037527, 0.0461572211644, 0.806186703636, 0.484697313164, 0.0407282189753, 0.0827900786285, 14.1252486525
0.0407282189753, 0.0827900786285, 0.719083799895, 0.565660420131, 0.783148493473, 0.358700630509, 0.00721710392076, 0.284503319475, 0.78995626603, 0.183934983328, 0.0601126655451, 0.227627349473, 0.43712962683, 0.0467920619332, 0.0794990772863, 0.10590344303, 0.0454416390247, 0.0139091384598, 0.000910573037527, 0.0461572211644, 0.806186703636, 0.484697313164, 0.0407282189753, 0.0827900786285, 14.1252486525
0.898642536507, 0.00358649295882, 0.0741155983468, 0.194290899109, 0.0741777742262, 0.0489323202081, 0.37887806012, 0.0543834662917, 0.014998502166, 0.0110079322917, 0.147837419713, 0.275633561882, 0.100857470993, 0.0570789195042, 0.589580098534, 0.97357777484, 0.121528068484, 0.955303747717, 0.0350969700294, 0.110580844704, 0.200039051595, 0.704554880734, 0.898642536507, 0.00358649295882, 12.6255197438
0.000416179833317, 0.988512323167, 0.128426803146, 0.00533851768387, 0.696643613361, 0.579964477022, 0.602860267192, 0.970124939805, 0.273292684799, 0.154088744622, 0.273343665036, 0.0437439484254, 0.0555639976271, 0.00407971006636, 0.972994341502, 0.302847223537, 0.0826809264054, 0.0191151023535, 0.115043959433, 0.239716454747, 0.270125853605, 0.201507128051, 0.000416179833317, 0.988512323167, 13.8801632487
0.0906782634771, 0.199287860161, 0.514007886342, 0.216725465154, 0.133281881262, 0.0297799617495, 0.0275627718742, 0.139890271643, 0.127414669149, 0.127765234416, 0.00496219640014, 0.0235795570888, 0.000795515183532, 0.557950338852, 0.214989464529, 0.095590746875, 0.0255910225232, 0.458349400316, 0.23631166191, 0.0508879836656, 0.626855570584, 0.0207158126934, 0.0906782634771, 0.199287860161, 10.8202342824
0.372430527903, 6.07209071912e-08, 0.645837374464, 0.252692425682, 0.994918051732, 0.956694830631, 0.322416263689, 0.529564857508, 0.874283703115, 0.977718505956, 0.885711548063, 0.773118913494, 0.492872894531, 0.583801488254, 0.215958800494, 0.511167363446, 0.319619507173, 0.663549457296, 0.751374353836, 0.425480614515, 0.201280613235, 0.767627075343, 0.372430527903, 6.07209071912e-08, 22.3319112207
0.642517980527, 4.24518754594e-08, 0.645837374464, 0.252692425682, 0.0707383650885, 0.947399968355, 0.656646152948, 0.529564857508, 0.988279335473, 0.977718505956, 0.324130934273, 0.773118913494, 0.955658150652, 0.583801488254, 0.436198772617, 0.511167363446, 0.22535307475, 0.663549457296, 0.751374353836, 0.425480614515, 0.201280613235, 0.939020091658, 0.642517980527, 4.24518754594e-08, 21.8761346237
8.08794118854e-05, 0.877864747302, 0.0332902276389, 0.0225660417477, 0.235451969739, 0.579964477022, 0.882067759981, 0.969591754266, 0.356150158482, 0.131398513832, 0.0376985058411, 0.574949259854, 0.631076118016, 0.104223919706, 0.367664524047, 0.718229314176, 0.0549033139136, 0.832684763699, 0.115043959433, 0.599620904556, 0.129920431763, 0.201507128051, 8.08794118854e-05, 0.877864747302, 15.8726933452
0.000416179833317, 0.379251015149, 0.0319316807111, 0.00533851768387, 0.582090214301, 0.579964477022, 0.957022937833, 0.940801986328, 0.310181369955, 0.154088744622, 0.27739402458, 0.0437439484254, 0.421659745369, 0.142862766661, 0.972994341502, 0.027041343911, 0.122499566076, 0.0101249334695, 0.115043959433, 0.313075026318, 0.129920431763, 0.201507128051, 0.000416179833317, 0.379251015149, 14.5149602712
0.0906782634771, 0.199287860161, 0.514007886342, 0.216725465154, 0.133281881262, 0.0297799617495, 0.0275627718742, 0.139890271643, 0.127414669149, 0.127765234416, 0.00496219640014, 0.0235795570888, 0.000795515183532, 0.557950338852, 0.214989464529, 0.095590746875, 0.0255910225232, 0.458349400316, 0.23631166191, 0.0508879836656, 0.626855570584, 0.0207158126934, 0.0906782634771, 0.199287860161, 10.8202342824
0.18842812371, 2.52349169516e-06, 0.749763493202, 0.143669678318, 0.0959922798211, 0.958610003575, 0.115654021684, 0.0566461973091, 0.854101499355, 0.968590681735, 0.649246186546, 0.0202928233255, 0.513045831142, 0.967240137264, 0.0798811933354, 0.52498579433, 0.580406233013, 0.932883032448, 0.751374353836, 0.874154460879, 0.0439721355003, 0.287050840992, 0.18842812371, 2.52349169516e-06, 19.6339402705
0.268842776811, 4.45314091734e-05, 0.691988989756, 0.143055465284, 0.294539012888, 0.981710686722, 0.115654021684, 0.0925119608462, 0.224757470798, 0.968590681735, 0.325078094814, 0.703617867927, 0.874203667212, 0.967240137264, 0.0798811933354, 0.850673094594, 0.32807953945, 0.103802787612, 0.751374353836, 0.874154460879, 0.0333680446005, 0.00118670873326, 0.268842776811, 4.45314091734e-05, 18.5970221968
0.000416179833317, 0.359457606692, 0.305933173847, 0.00533851768387, 0.133281881262, 0.579964477022, 0.882067759981, 0.940801986328, 0.0914321985627, 0.154088744622, 0.847764414329, 0.0437439484254, 0.190143503894, 0.104223919706, 0.972994341502, 0.302847223537, 0.122499566076, 0.0101249334695, 0.115043959433, 0.313075026318, 0.129920431763, 0.201507128051, 0.000416179833317, 0.359457606692, 14.6495889953
0.498961056737, 0.00213568046997, 0.487195374727, 0.270469187927, 0.14696959174, 0.0563235260064, 0.37887806012, 0.0543834662917, 0.0914321985627, 0.0518678183118, 0.365170570782, 0.957415931878, 0.0221849779665, 0.00350579833275, 0.475222961749, 0.891964548336, 0.027346838786, 0.527279298563, 0.415057066115, 0.0382161635857, 0.200039051595, 0.704554880734, 0.498961056737, 0.00213568046997, 14.3229698954
0.18842812371, 2.52349169516e-06, 0.749763493202, 0.143669678318, 0.0959922798211, 0.958610003575, 0.115654021684, 0.0566461973091, 0.854101499355, 0.968590681735, 0.649246186546, 0.0202928233255, 0.513045831142, 0.967240137264, 0.0798811933354, 0.52498579433, 0.580406233013, 0.932883032448, 0.751374353836, 0.874154460879, 0.0439721355003, 0.287050840992, 0.18842812371, 2.52349169516e-06, 19.6339402705
0.898642536507, 0.00358649295882, 0.0741155983468, 0.194290899109, 0.0741777742262, 0.0489323202081, 0.37887806012, 0.0543834662917, 0.014998502166, 0.0110079322917, 0.147837419713, 0.275633561882, 0.100857470993, 0.0570789195042, 0.589580098534, 0.97357777484, 0.121528068484, 0.955303747717, 0.0350969700294, 0.110580844704, 0.200039051595, 0.704554880734, 0.898642536507, 0.00358649295882, 12.6255197438
