0.0555017132222, 0.146910475631, 0.0815676521892, 0.430817006731, 0.465931436983, 0.978979570297, 0.974539563498, 0.0247106932473, 0.819072497799, 0.315774920186, 0.914648222438, 0.154461739106, 0.190463281603, 0.023920946304, 0.134706953736, 0.136347709087, 0.479406393134, 0.338829056957, 0.698567398666, 0.231394720556, 0.57974188592, 0.925187753331, 0.0555017132222, 0.146910475631, 17.9272675991
0.828752803772, 0.282576778586, 0.27723857047, 0.177587441561, 0.906211684499, 0.292441359917, 0.831782109139, 0.900080179943, 0.848196135287, 0.0830156838484, 0.300363279796, 0.212449015011, 0.973316182753, 0.241650266109, 0.283318393106, 0.705272841009, 0.771715151496, 0.173583170929, 0.119293917496, 0.397030752847, 0.02109654036, 0.895856032305, 0.828752803772, 0.282576778586, 18.2137024794
0.880514742732, 0.0605303592865, 0.0913301067017, 0.202344836448, 0.130748910998, 0.742567744334, 0.346248937899, 0.32075251108, 0.0545668451504, 0.703030429885, 0.325344995011, 0.63812716289, 0.892617556298, 0.00521010642863, 0.361182546819, 0.0498771132582, 0.708761969389, 0.926454145732, 0.468591647815, 0.412112191852, 0.383129429917, 0.6544109751, 0.880514742732, 0.0605303592865, 16.9665539035
0.263172381093, 0.0110343385306, 0.433863337881, 0.540218116225, 0.807777347462, 0.639116801124, 0.636751453781, 0.926829221986, 0.0462041370104, 0.0647197354974, 0.950661523562, 0.00414519131049, 0.779951336668, 0.813860800731, 0.122911254596, 0.816314463696, 0.560345842488, 0.567414147097, 0.167365997709, 0.997901888715, 0.199771502231, 0.172829586188, 0.263172381093, 0.0110343385306, 19.7275184222
0.951459841408, 0.417388342097, 0.528848215029, 0.0677925626438, 0.413359015091, 0.265562323423, 0.676164030048, 0.611448696068, 0.811095973908, 0.804422890679, 0.656785754872, 0.381615679996, 0.363394998191, 0.00633234439126, 0.891830487965, 0.457651043692, 0.680915156518, 0.609464815719, 0.808143208837, 0.638693501152, 0.905045519736, 0.93900527639, 0.951459841408, 0.417388342097, 21.1544811004
0.0451370506074, 0.705874280753, 0.0254130519996, 0.0521141304238, 0.429200517133, 0.0664284861369, 0.77715988951, 0.668960897748, 0.46882281765, 0.473667268239, 0.923189430593, 0.0188849403551, 0.380459402171, 0.313525255455, 0.263510885089, 0.555172445973, 0.386439177768, 0.781274933724, 0.0978991932268, 0.701511283876, 0.718077866235, 0.959372556055, 0.891710781391, 0.552456810961, 22.0414334299
0.292135406407, 0.6242791769, 0.290286982509, 0.126225848932, 0.681989206814, 0.579964477022, 0.202731024105, 0.120585183018, 0.0923414494714, 0.147235548857, 0.634769674934, 0.513774758932, 0.969459440984, 0.136571088374, 0.972994341502, 0.936909440638, 0.558612528916, 0.718991814187, 0.412812553933, 0.795047093596, 0.0920145402763, 0.623213864381, 0.292135406407, 0.6242791769, 18.7804461867
0.263172381093, 0.0110343385306, 0.433863337881, 0.540218116225, 0.807777347462, 0.639116801124, 0.636751453781, 0.926829221986, 0.0462041370104, 0.0647197354974, 0.950661523562, 0.00414519131049, 0.388954756798, 0.813860800731, 0.383168916301, 0.951248396429, 0.560345842488, 0.567414147097, 0.167365997709, 0.997901888715, 0.199771502231, 0.172829586188, 0.263172381093, 0.0110343385306, 19.7331583982
0.114452521491, 0.0969118218328, 0.32473892918, 0.192965698274, 0.780481570891, 0.818211205099, 0.0588253638951, 0.283482849758, 0.848003136145, 0.524409082067, 0.547810926906, 0.545711013972, 0.853487501564, 0.489476191091, 0.638166954152, 0.926859801697, 0.0930291528718, 0.00148364201667, 0.711776853363, 0.689090941729, 0.0858701869048, 0.211554610186, 0.114452521491, 0.0969118218328, 18.9008147306
0.0490280032524, 0.0381564882802, 0.838045880353, 0.756636654513, 0.99164509343, 0.749482557382, 0.0619960638514, 0.434672189124, 0.479765512559, 0.511311812515, 0.418423111482, 0.0935828401467, 0.435708760754, 0.663958563204, 0.775658247966, 0.398207046945, 0.147952295192, 0.994704738771, 0.0638901311358, 0.247888995114, 0.0452044861824, 0.759193087868, 0.0490280032524, 0.0381564882802, 19.2918709711
0.0451370506074, 0.705874280753, 0.0254130519996, 0.0521141304238, 0.429200517133, 0.0664284861369, 0.77715988951, 0.331208128623, 0.567864790092, 0.473667268239, 0.923189430593, 0.0188849403551, 0.380459402171, 0.023920946304, 0.263510885089, 0.555172445973, 0.479406393134, 0.44434041582, 0.0978991932268, 0.236680669215, 0.718077866235, 0.959372556055, 0.919701665103, 0.0730745310791, 23.7132835479
0.495428413932, 0.0990332465844, 0.200063423119, 0.81479107259, 0.10539583214, 0.171284459875, 0.576214884484, 0.881004848199, 0.330776497044, 0.822305460432, 0.123046766291, 0.0393059005762, 0.0915617881114, 0.388458084156, 0.283842908891, 0.994600291039, 0.277241887161, 0.667598199787, 0.390702904787, 0.912849645369, 0.925326212357, 0.889201593759, 0.495428413932, 0.0990332465844, 19.301861203
0.770458753642, 0.0922760120677, 0.137229555604, 0.0730954440795, 0.135041797778, 0.342302151767, 0.93512820582, 0.0543834662917, 0.966627919319, 0.181095794989, 0.147837419713, 0.37590917078, 0.273244164648, 0.0552577687673, 0.273988127419, 0.600159322034, 0.420864008739, 0.934203363226, 0.726619516323, 0.42153776564, 0.696371592303, 0.515548257303, 0.770458753642, 0.0922760120677, 16.8100240028
0.919701665103, 0.0730745310791, 0.47949801469, 0.565927423639, 0.724836232463, 0.83488629972, 0.960690179442, 0.58191390995, 0.949695899592, 0.487324420949, 0.646343239559, 0.792008408686, 0.848567719653, 0.882900440353, 0.66343366656, 0.0353650396429, 0.864542379293, 0.590755882479, 0.978478043131, 0.901629317387, 0.540874553051, 0.146892878091, 0.0451370506074, 0.705874280753, 16.3407189889
0.0555017132222, 0.146910475631, 0.0815676521892, 0.430817006731, 0.465931436983, 0.978979570297, 0.656646152948, 0.0247106932473, 0.819072497799, 0.315774920186, 0.914648222438, 0.596729125514, 0.154813657896, 0.665831954732, 0.134706953736, 0.136347709087, 0.479406393134, 0.995286843003, 0.698567398666, 0.231394720556, 0.57974188592, 0.925187753331, 0.0555017132222, 0.146910475631, 19.7930916909
0.495428413932, 0.0990332465844, 0.200063423119, 0.81479107259, 0.616376098055, 0.171284459875, 0.824210467245, 0.881004848199, 0.330776497044, 0.822305460432, 0.343001969741, 0.966465142209, 0.188851635494, 0.195696678593, 0.283842908891, 0.990564124908, 0.277241887161, 0.154827018194, 0.390702904787, 0.295867691277, 0.948773313124, 0.889201593759, 0.495428413932, 0.0990332465844, 20.2456400768
0.376438746657, 0.235200755752, 0.614523911616, 0.975051538838, 0.597330462748, 0.114646025453, 0.971558246768, 0.167780340101, 0.497860478187, 0.0162642210521, 0.0140151133935, 0.219039700201, 0.482711439411, 0.447496343181, 0.622732338196, 0.373253173384, 0.97238956085, 0.0294299022233, 0.981879036056, 0.510924070645, 0.124706157071, 0.472730008266, 0.376438746657, 0.235200755752, 18.2756385341
0.375706900822, 0.0266865979087, 0.815167244651, 0.248039516576, 0.226990052887, 0.946504645579, 0.187350684804, 0.0545568033995, 0.769627884419, 0.314879960892, 0.837144397445, 0.614251680202, 0.851041391273, 0.00832388219738, 0.858480693785, 0.993932000427, 0.707864647713, 0.229450507193, 0.775306277184, 0.453714282852, 0.299708129281, 0.513706310608, 0.375706900822, 0.0266865979087, 20.38630732
