0.0555017132222, 0.146910475631, 0.0815676521892, 0.430817006731, 0.465931436983, 0.978979570297, 0.974539563498, 0.0247106932473, 0.819072497799, 0.315774920186, 0.914648222438, 0.154461739106, 0.190463281603, 0.023920946304, 0.134706953736, 0.136347709087, 0.479406393134, 0.338829056957, 0.698567398666, 0.231394720556, 0.57974188592, 0.925187753331, 0.0555017132222, 0.146910475631, 17.9272675991
0.828752803772, 0.282576778586, 0.27723857047, 0.177587441561, 0.906211684499, 0.292441359917, 0.831782109139, 0.900080179943, 0.848196135287, 0.0830156838484, 0.300363279796, 0.212449015011, 0.973316182753, 0.241650266109, 0.283318393106, 0.705272841009, 0.771715151496, 0.173583170929, 0.119293917496, 0.397030752847, 0.02109654036, 0.895856032305, 0.828752803772, 0.282576778586, 18.2137024794
0.0451370506074, 0.705874280753, 0.0254130519996, 0.0521141304238, 0.429200517133, 0.0664284861369, 0.77715988951, 0.668960897748, 0.46882281765, 0.473667268239, 0.923189430593, 0.0188849403551, 0.380459402171, 0.313525255455, 0.263510885089, 0.555172445973, 0.386439177768, 0.781274933724, 0.0978991932268, 0.701511283876, 0.718077866235, 0.959372556055, 0.891710781391, 0.552456810961, 22.0414334299
0.114452521491, 0.0969118218328, 0.32473892918, 0.192965698274, 0.780481570891, 0.818211205099, 0.0588253638951, 0.283482849758, 0.848003136145, 0.524409082067, 0.547810926906, 0.545711013972, 0.853487501564, 0.489476191091, 0.638166954152, 0.926859801697, 0.0930291528718, 0.00148364201667, 0.711776853363, 0.689090941729, 0.0858701869048, 0.211554610186, 0.114452521491, 0.0969118218328, 18.9008147306
0.0490280032524, 0.0381564882802, 0.838045880353, 0.756636654513, 0.99164509343, 0.749482557382, 0.0619960638514, 0.434672189124, 0.479765512559, 0.511311812515, 0.418423111482, 0.0935828401467, 0.435708760754, 0.663958563204, 0.775658247966, 0.398207046945, 0.147952295192, 0.994704738771, 0.0638901311358, 0.247888995114, 0.0452044861824, 0.759193087868, 0.0490280032524, 0.0381564882802, 19.2918709711
0.0451370506074, 0.705874280753, 0.0254130519996, 0.0521141304238, 0.429200517133, 0.0664284861369, 0.77715988951, 0.331208128623, 0.567864790092, 0.473667268239, 0.923189430593, 0.0188849403551, 0.380459402171, 0.023920946304, 0.263510885089, 0.555172445973, 0.479406393134, 0.44434041582, 0.0978991932268, 0.236680669215, 0.718077866235, 0.959372556055, 0.919701665103, 0.0730745310791, 23.7132835479
0.770458753642, 0.0922760120677, 0.137229555604, 0.0730954440795, 0.135041797778, 0.342302151767, 0.93512820582, 0.0543834662917, 0.966627919319, 0.181095794989, 0.147837419713, 0.37590917078, 0.273244164648, 0.0552577687673, 0.273988127419, 0.600159322034, 0.420864008739, 0.934203363226, 0.726619516323, 0.42153776564, 0.696371592303, 0.515548257303, 0.770458753642, 0.0922760120677, 16.8100240028
0.0674315679913, 0.280052733629, 0.910999114053, 0.266363247688, 0.129089419554, 0.216448127213, 0.834876090484, 0.301417966159, 0.407122958463, 0.844813911213, 0.217735217262, 0.360055615149, 0.114349102353, 0.926823976094, 0.333515930703, 0.36940929412, 0.888581696596, 0.128119701713, 0.192652874832, 0.224075652323, 0.315052758518, 0.7051570062, 0.78000945656, 0.0110343385306, 18.6188189033
0.0555017132222, 0.146910475631, 0.0815676521892, 0.430817006731, 0.465931436983, 0.978979570297, 0.656646152948, 0.0247106932473, 0.819072497799, 0.315774920186, 0.914648222438, 0.596729125514, 0.154813657896, 0.665831954732, 0.134706953736, 0.136347709087, 0.479406393134, 0.995286843003, 0.698567398666, 0.231394720556, 0.57974188592, 0.925187753331, 0.0555017132222, 0.146910475631, 19.7930916909
0.495428413932, 0.0990332465844, 0.200063423119, 0.81479107259, 0.616376098055, 0.171284459875, 0.824210467245, 0.881004848199, 0.330776497044, 0.822305460432, 0.343001969741, 0.966465142209, 0.188851635494, 0.195696678593, 0.283842908891, 0.990564124908, 0.277241887161, 0.154827018194, 0.390702904787, 0.295867691277, 0.948773313124, 0.889201593759, 0.495428413932, 0.0990332465844, 20.2456400768
0.376438746657, 0.235200755752, 0.614523911616, 0.975051538838, 0.597330462748, 0.114646025453, 0.971558246768, 0.167780340101, 0.497860478187, 0.0162642210521, 0.0140151133935, 0.219039700201, 0.482711439411, 0.447496343181, 0.622732338196, 0.373253173384, 0.97238956085, 0.0294299022233, 0.981879036056, 0.510924070645, 0.124706157071, 0.472730008266, 0.376438746657, 0.235200755752, 18.2756385341
0.375706900822, 0.0266865979087, 0.815167244651, 0.248039516576, 0.226990052887, 0.946504645579, 0.187350684804, 0.0545568033995, 0.769627884419, 0.314879960892, 0.837144397445, 0.614251680202, 0.851041391273, 0.00832388219738, 0.858480693785, 0.993932000427, 0.707864647713, 0.229450507193, 0.775306277184, 0.453714282852, 0.299708129281, 0.513706310608, 0.375706900822, 0.0266865979087, 20.38630732
0.0451370506074, 0.705874280753, 0.0254130519996, 0.0521141304238, 0.429200517133, 0.0664284861369, 0.77715988951, 0.331208128623, 0.567864790092, 0.473667268239, 0.923189430593, 0.218147546371, 0.380459402171, 0.517217588553, 0.911676245254, 0.555172445973, 0.386439177768, 0.961801791105, 0.0978991932268, 0.833421410996, 0.718077866235, 0.959372556055, 0.742390092237, 0.112988757757, 14.1891528464
0.828752803772, 0.282576778586, 0.27723857047, 0.177587441561, 0.906211684499, 0.292441359917, 0.831782109139, 0.900080179943, 0.848196135287, 0.0830156838484, 0.0746895796713, 0.212449015011, 0.114349102353, 0.241650266109, 0.176297569108, 0.777764710312, 0.771715151496, 0.173583170929, 0.192652874832, 0.397030752847, 0.02109654036, 0.895856032305, 0.828752803772, 0.282576778586, 16.8306737613
0.0555017132222, 0.146910475631, 0.0815676521892, 0.430817006731, 0.817247304718, 0.304873692463, 0.974539563498, 0.0247106932473, 0.819072497799, 0.315774920186, 0.914648222438, 0.154461739106, 0.190463281603, 0.291872282296, 0.134706953736, 0.136347709087, 0.479406393134, 0.338829056957, 0.698567398666, 0.231394720556, 0.57974188592, 0.925187753331, 0.828752803772, 0.792448792043, 18.50177091
0.495428413932, 0.0990332465844, 0.200063423119, 0.81479107259, 0.10539583214, 0.171284459875, 0.576214884484, 0.878227913192, 0.330776497044, 0.822305460432, 0.123046766291, 0.0393059005762, 0.0915617881114, 0.388458084156, 0.283842908891, 0.994600291039, 0.277241887161, 0.13039252763, 0.390702904787, 0.912849645369, 0.925326212357, 0.889201593759, 0.495428413932, 0.0990332465844, 18.5741403457
0.770458753642, 0.0922760120677, 0.094211670914, 0.0730954440795, 0.135041797778, 0.342302151767, 0.93512820582, 0.0543834662917, 0.966627919319, 0.165249662586, 0.147837419713, 0.37590917078, 0.273244164648, 0.136571088374, 0.273988127419, 0.600159322034, 0.420864008739, 0.934203363226, 0.726619516323, 0.702793098721, 0.696371592303, 0.515548257303, 0.770458753642, 0.0922760120677, 17.2135627534
0.74315384118, 0.235200755752, 0.777042057325, 0.975051538838, 0.272400636879, 0.114646025453, 0.971558246768, 0.167780340101, 0.497860478187, 0.74581425496, 0.0140151133935, 0.04497124041, 0.482711439411, 0.447496343181, 0.622732338196, 0.293654723176, 0.97238956085, 0.0205532937263, 0.981879036056, 0.510924070645, 0.124706157071, 0.802644673622, 0.74315384118, 0.235200755752, 18.8821542417
0.742390092237, 0.112988757757, 0.526506778105, 0.192965698274, 0.254815114739, 0.339510365274, 0.385333768409, 0.156337462891, 0.382249520573, 0.722329898591, 0.106252809793, 0.193679805615, 0.834284481231, 0.518969293968, 0.122911254596, 0.29139356406, 0.0674812050502, 0.00169912336265, 0.787069292315, 0.266752982103, 0.10124484153, 0.021528454703, 0.0451370506074, 0.705874280753, 19.4972608634
0.114452521491, 0.0969118218328, 0.655131028131, 0.00519819450713, 0.851696281276, 0.818211205099, 0.0588253638951, 0.283482849758, 0.848003136145, 0.524409082067, 0.547810926906, 0.545711013972, 0.853487501564, 0.876967543871, 0.638166954152, 0.926859801697, 0.0930291528718, 0.00148364201667, 0.711776853363, 0.689090941729, 0.576669293791, 0.211554610186, 0.880514742732, 0.0605303592865, 16.8782699445
