0.0, 0.0, 0.0, 0.0, 0.0, 0.0, 0.0, 0.0, 0.0, 0.0, 0.0, 0.0, 1.0, 0.0, 1.0, 0.0, 1.0, 0.0, 0.115950463769, 1.0, 0.0, 0.320569774718, 0.0, 0.0, 0.0, 0.0, 0.0, 0.0, 19.9821705366
0.0, 0.0, 0.0, 0.0, 0.0, 1.0, 0.0, 0.0, 0.0, 0.0, 0.0, 0.0, 0.0, 0.0, 0.0, 1.0, 0.0, 0.0, 0.0, 1.0, 0.118545636097, 0.0, 0.0, 0.0, 0.0, 0.0, 0.0, 0.0, 17.0167276812
0.0, 0.0, 0.0, 0.0, 0.0, 0.0, 0.0, 0.0, 0.0, 0.0, 0.0, 0.437522233236, 0.0, 1.0, 1.0, 0.0, 0.0, 0.0, 1.0, 1.0, 0.0, 1.0, 0.0, 1.0, 0.0, 0.0, 0.0, 0.0, 24.4844250248
1.0, 0.0, 0.0, 0.0, 0.0, 0.0, 0.0, 1.0, 0.0, 0.0, 1.0, 1.0, 0.0, 0.0, 0.0, 0.0, 0.0, 0.0, 0.0, 0.0, 0.0, 0.0, 0.0, 0.0, 1.0, 0.0, 0.0, 0.0, 16.6178500986
0.338206114057, 0.163203414089, 0.0317790690968, 0.276173432053, 0.679856423508, 0.197661873404, 0.42391521142, 0.264342759298, 0.0898422222456, 0.387249928864, 0.803088963009, 0.175829558127, 0.893191352845, 0.297289582316, 0.968223352326, 0.0825666952962, 0.772888807561, 0.748476628992, 0.50890357402, 0.826251447446, 0.0586570505617, 0.633885872764, 0.183905575861, 0.162469570206, 0.338206114057, 0.163203414089, 0.0317790690968, 0.276173432053, 30.3654291448
1.0, 0.0, 0.0, 0.0, 0.0, 0.0, 0.0, 1.0, 0.0, 1.0, 1.0, 1.0, 1.0, 0.0, 0.0, 0.14965782091, 0.0, 0.0, 1.0, 0.0, 0.727315924225, 0.0, 0.0, 0.0, 1.0, 0.0, 0.0, 0.0, 25.285159695
0.372026725463, 0.179523755498, 0.0349569760065, 0.303790775258, 0.747842065859, 0.217428060745, 0.466306732562, 0.290777035228, 0.0988264444702, 0.42597492175, 0.88339785931, 0.19341251394, 0.98251048813, 0.327018540548, 1.0, 0.0908233648259, 0.850177688317, 0.823324291891, 0.559793931422, 0.908876592191, 0.0645227556179, 0.69727446004, 0.202296133447, 0.178716527226, 0.372026725463, 0.179523755498, 0.0349569760065, 0.303790775258, 32.2857532608
0.372026725463, 0.179523755498, 0.0349569760065, 0.303790775258, 0.747842065859, 0.217428060745, 0.466306732562, 0.290777035228, 0.0988264444702, 0.42597492175, 0.88339785931, 0.19341251394, 0.98251048813, 0.327018540548, 1.0, 0.0908233648259, 0.850177688317, 0.823324291891, 0.559793931422, 0.908876592191, 0.0645227556179, 0.69727446004, 0.202296133447, 0.178716527226, 0.372026725463, 0.179523755498, 0.0349569760065, 0.303790775258, 32.2857532608
0.0, 0.0, 0.0, 0.0, 0.0, 0.0, 0.0, 1.0, 1.0, 1.0, 0.0, 0.0, 0.0, 0.145954496345, 0.0, 0.0, 0.0, 0.0, 0.0, 1.0, 1.0, 1.0, 1.0, 0.838673396764, 0.0, 0.0, 0.0, 0.0, 27.9654127595
0.0, 0.0, 0.0, 0.0, 1.0, 0.0, 1.0, 1.0, 0.130291194191, 0.0774632829638, 0.0, 0.662238685113, 0.443570901405, 0.753908457518, 0.0, 0.0, 0.0815664410522, 1.0, 0.363392259979, 0.930568197267, 0.790615512635, 1.0, 1.0, 0.645576237721, 0.0, 0.0, 0.0, 0.0, 34.4781801321
0.0, 0.0, 1.0, 0.0, 0.0, 0.0, 0.0, 0.0, 0.0, 0.0, 0.251538445801, 0.0, 0.834211009399, 0.829250938275, 0.0, 0.0, 0.214906745252, 0.0, 0.0636371800765, 0.0, 0.0, 1.0, 0.112415665647, 0.705909088828, 0.0, 0.0, 1.0, 0.0, 18.8792421021
0.0, 0.0, 0.0, 0.0, 0.0, 0.0, 0.0, 0.0, 0.0, 0.0, 1.0, 0.0, 0.0, 0.0, 0.0, 0.0, 0.975643154122, 0.0, 0.0, 0.0, 0.0, 0.0, 0.510349614555, 1.0, 0.0, 0.0, 0.0, 0.0, 17.8434837295
0.37444115492, 0.0262387485609, 0.0609124905436, 0.262291953282, 0.809485637272, 0.228093594009, 0.544402079725, 1.0, 0.891400588249, 1.0, 0.45416942305, 0.433226977055, 0.576413838846, 0.998843878354, 0.19410660369, 0.904543454096, 0.233534133818, 0.887217400543, 0.68091224139, 0.805231383733, 0.620762184062, 1.0, 1.0, 0.753724445256, 0.37444115492, 0.0262387485609, 0.0609124905436, 0.262291953282, 41.3210644902
0.0, 0.0, 0.0, 0.0, 0.0, 0.0, 0.567467316115, 0.777405760685, 1.0, 1.0, 0.388067079957, 0.0, 0.0, 1.0, 0.0, 1.0, 0.0, 0.705669258668, 1.0, 0.0, 1.0, 1.0, 1.0, 1.0, 0.0, 0.0, 0.0, 0.0, 35.7368711847
1.0, 0.439400059021, 0.0, 0.0, 0.0, 0.0, 0.526877540423, 0.721799517732, 0.0, 0.0, 0.36030943598, 1.0, 0.0, 0.0, 1.0, 1.0, 0.0, 0.655194180881, 1.0, 0.0, 1.0, 0.0, 0.0, 0.0, 1.0, 0.439400059021, 0.0, 0.0, 26.1377119199
0.0, 0.0, 0.0, 0.641637023608, 0.0, 0.0, 0.735425398297, 1.0, 1.0, 1.0, 0.0, 0.0, 0.591271098986, 0.0, 0.0, 1.0, 0.0, 1.0, 0.0, 0.0, 1.0, 1.0, 1.0, 0.0, 0.0, 0.0, 0.0, 0.641637023608, 30.8770088704
