0.678541655009, 1.11496824914, 5.93181820413, 0.479006835377, 56.9636753657, 48.468217115, 0.515400586438, 0.772036156868, 1.06417218503, 119.768800537, 0.426448198629, 0.466666666667
0.173656980159, 1.01144342721, 5.10598561964, 0.416677412403, 34.6999434814, 1.9625470058, 0.0853709746862, 0.668553091657, 1.79485274082, 78.1642831279, 0.0318956475888, 0.5
0.576237145357, 1.16657693859, 2.02408664856, 0.487111764006, 99.7694993345, 18.7331065606, 0.768767275189, 2.97143714836, 15.202515839, 142.073931474, 0.411011388844, 0.444444444444
0.756417948729, 0.827517317527, 2.93759983233, 0.475924655549, 74.5282836155, 15.5335192141, 0.796531090314, 2.2045514549, 7.04971919496, 151.117520012, 0.22264270195, 0.166666666667
0.109598099609, 0.860832257975, 2.51830600611, 0.545026625627, 48.589850937, 2.63962610722, 1.80035358162, 0.477044757926, 16.7584513615, 216.124908127, 0.0356978242369, 0.476923076923
0.473840779667, 0.928010337573, 3.62967675273, 0.480686788002, 81.8554067763, 4.38877901534, 0.854170352169, 0.673286711811, 36.7355409166, 179.371647774, 0.138898767144, 0.133333333333
0.134867393802, 1.04293134246, 7.6690216095, 0.413768152904, 18.2347558745, 2.551607931, 0.467825223277, 4.01354208036, 18.9618284144, 396.612005024, 0.0161909167853, 0.0
0.360991986003, 1.02765662111, 2.3763014799, 0.538121204821, 29.1905974838, 4.68728095559, 0.332224464034, 3.46732847722, 42.1442032492, 183.670373814, 0.0485811112497, 0.0
0.359949759349, 0.849825997181, 2.32306095976, 0.538022620734, 42.7225824927, 4.68728095559, 0.332224464034, 3.46732847722, 42.2327513148, 113.028302411, 0.151488772914, 0.529411764706
0.359949759349, 0.849825997181, 2.28326714152, 0.538022620734, 23.4355331625, 19.5472278159, 0.332224464034, 3.44336982778, 42.2327513148, 152.34623861, 0.364940125939, 0.333333333333
0.135947961148, 0.856462109165, 3.13106045758, 0.481897117286, 49.0131931571, 2.53899008558, 2.98047276199, 0.971073602257, 39.7090225048, 439.905533466, 0.0173242448004, 0.0
0.109611367398, 1.09741711262, 2.64223993133, 0.544323742088, 39.7987452649, 4.94980558435, 3.0888445892, 2.51862533185, 17.0329938133, 439.697497054, 0.0275291305477, 0.0
0.223636442987, 1.0557679368, 5.26283841844, 0.439718888563, 11.9880727618, 31.595251176, 0.0280365299891, 2.83460106053, 10.9935262849, 217.063371296, 0.23725464675, 0.125
0.299919410602, 1.15520447805, 2.02667286288, 0.487111764006, 99.6505177881, 18.7331065606, 1.42022535251, 1.86754895628, 15.1748369409, 188.557477833, 0.304136144177, 0.5
0.769292730849, 1.1924885264, 2.47326217545, 0.594312812925, 87.6694189344, 7.61777820254, 1.61724168883, 0.643948818368, 11.7935051064, 236.348416865, 0.221909195538, 0.0
0.24075706562, 0.915821767724, 5.36785645528, 0.590307007022, 26.7124519576, 40.8568474469, 0.906439306742, 3.17766833298, 12.6917348518, 222.963631644, 0.221920377888, 0.0
0.556512448073, 0.899968708301, 4.89814900455, 0.542140202394, 64.4624659208, 28.1486225013, 0.811940095689, 3.49999015361, 4.79537585621, 207.477141248, 0.150276241958, 0.25
0.36256710706, 1.04293134246, 7.6690216095, 0.413768152904, 60.7995551317, 2.4998155988, 0.467825223277, 3.74204011554, 23.7514207645, 415.974787066, 0.0529142879828, 0.2
0.390818960618, 0.95389539749, 4.61308906602, 0.520402785465, 60.3094624322, 18.78966415, 0.651524375048, 3.38108457959, 14.3267172116, 199.31181765, 0.252926988919, 0.0769230769231
0.713326145931, 1.15520447805, 2.04016919531, 0.479674174779, 99.6505177881, 11.9573868063, 1.42063849953, 1.89402668253, 15.1529152394, 187.465918158, 0.367560191881, 0.075
0.764647991759, 1.03282729857, 3.63623954168, 0.424705733591, 46.2818502108, 6.18020902416, 0.195722730556, 2.13231594313, 34.2759207112, 215.298820758, 0.135905497647, 0.3
0.211442005511, 1.11133293051, 2.41914637947, 0.465615583658, 39.7511723916, 19.8182604089, 1.74421772069, 4.53724250495, 42.9921703364, 349.951079986, 0.182166400444, 0.0454545454545
0.769292730849, 1.19354665525, 2.47515282053, 0.594312812925, 89.151380845, 7.61777820254, 2.26288913247, 0.629961839421, 11.7734809198, 388.897375191, 0.221529342582, 0.00961538461538
0.880625370791, 1.04395428817, 2.72400415164, 0.622560904353, 43.3283781132, 1.76474302363, 1.8724712249, 2.56586129929, 1.93823693737, 229.625033561, 0.0543442747212, 0.0689655172414
0.745804168611, 1.15520447805, 2.04016919531, 0.487111764006, 99.6505177881, 18.7331065606, 1.42063849953, 1.89402668253, 15.1748369409, 197.709730513, 0.398677514726, 0.0
0.51802632406, 1.117278746, 2.36715907659, 0.600926509701, 36.8967039475, 6.29971955163, 0.197207178242, 3.12028076155, 15.0139822932, 150.251055013, 0.329829151065, 0.619047619048
0.300353155077, 0.842702152794, 8.34507469848, 0.435776768951, 60.6569079734, 3.294902188, 1.58950129227, 3.92215248585, 21.2554208033, 534.656850732, 0.043940401288, 0.0
0.879414250212, 1.04395428817, 5.20801920214, 0.559649898787, 22.1322854202, 2.00282382094, 1.80428814845, 0.080866165553, 1.82292599941, 445.490376286, 0.0654380948194, 0.0
0.135869517752, 1.04293134246, 7.65162379479, 0.446624991224, 17.673411753, 2.551607931, 0.742109772613, 1.07659237103, 35.6501062307, 823.205271615, 0.027792843964, 0.65
0.227432961009, 0.833360841179, 7.61451638588, 0.603233578992, 17.3222750528, 20.7916512254, 0.63136285804, 0.542921326417, 35.3342403891, 555.520494513, 0.0327572679675, 0.0
0.746655750414, 1.0350555163, 4.98451626881, 0.640882023531, 37.8484708789, 15.7726520816, 0.187354115573, 2.22155618911, 15.0391840399, 307.269769053, 0.222996382724, 0.0
0.730695539282, 0.982228878134, 9.48769051737, 0.56147441021, 27.4016106845, 18.3049592408, 0.88082374774, 2.15190351074, 23.2261434879, 236.068617072, 0.383576657178, 0.0
0.576237145357, 1.16657693859, 2.02408664856, 0.544618148327, 57.3989615179, 15.9498604342, 1.38114451098, 0.783703577775, 15.2010029627, 215.575853973, 0.367231349129, 0.136363636364
0.576237145357, 1.16657693859, 2.02408664856, 0.564219863402, 11.630295148, 18.7331065606, 1.38114451098, 2.9783777726, 15.2010029627, 213.812820772, 0.353640931425, 0.162162162162
0.701659921704, 1.04875487156, 2.72400415164, 0.622560904353, 97.0762037041, 1.63968764772, 1.8724712249, 3.53513051962, 7.27529485825, 232.481152067, 0.083935808991, 0.122807017544
0.576237145357, 1.16657693859, 2.02408664856, 0.487111764006, 99.7694993345, 18.7331065606, 1.38114451098, 2.97143714836, 15.2010029627, 233.224305413, 0.280450821162, 0.0769230769231
0.29119100312, 0.916060383645, 7.84464211048, 0.483033653168, 85.1543974146, 3.2735907463, 0.830537044849, 4.35015029323, 28.8025284146, 407.815140111, 0.0547596846882, 0.65
0.545834734445, 0.868081298779, 8.43704296793, 0.563197709154, 11.5702643503, 27.7219823674, 0.299570185953, 4.17157379526, 35.1270361089, 491.572959295, 0.0973652219071, 0.0
0.771829183915, 0.842702152794, 8.31238268355, 0.435776768951, 60.6569079734, 3.294902188, 1.61729806798, 3.92215248585, 21.1044943143, 489.428351852, 0.133562412891, 0.0
0.132953849646, 0.860832257975, 8.43989967061, 0.478794949255, 48.2529040283, 2.63962610722, 1.88239967875, 0.00364780727166, 38.459345431, 744.013339837, 0.0347612753602, 0.25
0.250168850939, 0.996061217761, 8.43989967061, 0.524367899107, 45.2748146569, 2.63962610722, 1.88239967875, 0.00364780727166, 32.0271973915, 859.823669438, 0.035742702262, 0.0
0.769577990867, 0.926452536889, 7.58713801675, 0.421435021846, 42.3015947994, 1.46353387802, 1.26612681873, 3.76099305418, 34.7491667224, 638.916121172, 0.0723831219385, 0.225352112676
0.134882630377, 1.09741711262, 7.70649729837, 0.553542483245, 39.7987452649, 4.94094917185, 0.356985938255, 2.97857516041, 17.0329938133, 563.055147899, 0.047035031145, 0.529411764706
0.553668713121, 1.02709733663, 5.0044234077, 0.600609631773, 45.5953973871, 15.5816816833, 0.163371195107, 4.0054024725, 15.0391840399, 354.121084727, 0.230257936988, 0.0
0.72956493391, 1.0350555163, 4.98451626881, 0.62527447555, 28.3579978409, 15.7726520816, 0.189187741419, 4.08377561951, 15.0391840399, 332.223798782, 0.380540230642, 0.0384615384615
0.223636442987, 1.0557679368, 5.26283968394, 0.439718888563, 11.9880727618, 29.0727318828, 0.896036675809, 2.83460106053, 10.9935262849, 317.909417423, 0.226831406235, 0.111111111111
0.697992331186, 0.919535238662, 5.42231766832, 0.513194426274, 24.6038542139, 13.5367437742, 0.906439306742, 3.17766833298, 12.6634775054, 307.286758586, 0.40476867177, 0.0
0.300353155077, 0.842702152794, 4.60640249574, 0.435776768951, 60.6569079734, 31.0109527883, 1.58950129227, 3.92215248585, 21.2554208033, 288.021901357, 0.388012536693, 0.0294117647059
0.522914614238, 0.933236233972, 2.42921194957, 0.465615583658, 38.8092496064, 20.5778600657, 1.74421772069, 4.53724250495, 42.9921703364, 217.95823467, 0.4599149445, 0.3
0.769292730849, 1.1924885264, 2.47515282053, 0.594312812925, 87.826634056, 7.61777820254, 1.61724168883, 0.643948818368, 11.7734809198, 258.69478441, 0.275697309334, 0.170731707317
0.508434779443, 0.899922740154, 7.92045891091, 0.670965076877, 62.1739061564, 5.07346615176, 0.82437387544, 2.16188214404, 4.91069078904, 476.790020875, 0.154869992851, 0.125
0.320009916499, 1.09990894185, 7.11765663489, 0.510973682238, 23.2274475072, 19.0884319861, 0.868258648931, 2.54875839383, 3.28915255064, 514.515672584, 0.0972298669606, 0.166666666667
0.520155768518, 1.117278746, 2.09535352092, 0.630639919167, 36.8967039475, 6.29971955163, 3.36924247366, 3.08898221397, 40.5381630499, 421.154154584, 0.215946229161, 0.213310580205
0.540892278005, 1.04446417737, 5.20801920214, 0.550442556584, 19.042921708, 1.94057570885, 1.80428814845, 0.0136489782457, 1.64568694261, 456.649794522, 0.100018247007, 0.543209876543
0.21063601447, 1.18042137328, 4.63566963353, 0.607698418263, 39.5572199491, 31.4125792369, 0.481969000721, 3.859931204, 9.79288913214, 421.402431812, 0.224849291368, 0.166666666667
0.114335990376, 0.863787929353, 4.41133251408, 0.560834462398, 2.77391361965, 31.2703637437, 1.6183443494, 3.5228840389, 20.6843660178, 366.839330476, 0.213001981204, 0.236363636364
0.634941567605, 1.05779004061, 3.49055463038, 0.445888785075, 55.9477588426, 7.05195858403, 0.0869086779325, 4.88870597926, 20.7870376281, 239.249590366, 0.262612553635, 0.526315789474
0.678802144306, 1.117278746, 2.09535352092, 0.414981088181, 18.0926530902, 6.29971955163, 3.36924247366, 3.1171487347, 4.05035378062, 326.051067403, 0.217236699304, 0.234939759036
0.114335990376, 0.863787929353, 4.46750948307, 0.560834462398, 2.77391361965, 31.5970836082, 1.61400535281, 3.5228840389, 20.6843660178, 335.316133354, 0.206207371637, 0.25
0.70292181796, 1.18042137328, 3.16483314095, 0.62264446864, 69.8786972921, 1.36748186586, 0.444658193656, 3.53080275506, 10.6060233138, 241.542146997, 0.111163839643, 0.357142857143
0.229138152864, 1.11133293051, 2.41914637947, 0.465615583658, 39.7511723916, 8.96945673743, 2.42503228751, 4.53724250495, 42.3425710201, 394.551722649, 0.196285945249, 0.297619047619
0.726919323655, 1.16060274726, 3.61883371172, 0.513194426274, 46.4342309447, 13.5367437742, 0.85458805988, 3.17766833298, 12.6634775054, 238.112558828, 0.377088814277, 0.65
0.492578633502, 0.848803001728, 3.58889504054, 0.620868936685, 76.9179677811, 31.0948786943, 1.3060079191, 0.225033538548, 11.9007353636, 236.038909632, 0.467871154707, 0.196721311475
0.411175350766, 1.0350555163, 4.98451626881, 0.62527447555, 37.6500751737, 15.7726520816, 0.187354115573, 4.08377561951, 15.0391840399, 272.241902163, 0.370088892612, 0.125
0.101719875888, 1.17701940012, 7.68605775149, 0.482653933812, 12.4296709794, 3.02145636309, 3.18781148905, 3.96817313341, 40.3375953825, 2131.58125061, 0.0350731590829, 0.429133858268
0.117004005221, 0.83857924032, 8.05995099649, 0.521458718645, 23.6324448204, 14.1361086764, 3.76765497348, 3.90319592762, 22.2715711315, 1030.69888059, 0.0865355988303, 0.0
0.119184016277, 1.14803487947, 7.27242307882, 0.521013337347, 76.8243939266, 6.82612474281, 3.76765497348, 3.90319592762, 27.2264880971, 1674.77300627, 0.0707019484109, 0.29307568438
0.880625370791, 1.04395428817, 5.20801920214, 0.550442556584, 22.1322854202, 2.00282382094, 1.80428814845, 0.0590506736113, 1.64568694261, 325.990054644, 0.139769702401, 0.593495934959
0.319803624157, 1.11997133618, 7.06498893471, 0.510973682238, 23.2274475072, 19.2306358757, 0.690592684475, 2.60969751689, 3.28915255064, 510.331845912, 0.116384158156, 0.0909090909091
0.382734663888, 0.95389539749, 6.79707602944, 0.520402785465, 60.3094624322, 18.78966415, 0.623322273603, 3.38108457959, 14.3267172116, 397.842208726, 0.414618982652, 0.105263157895
0.351548328401, 0.833512996335, 8.34507469848, 0.697778052494, 60.557905459, 3.294902188, 1.58950129227, 4.3161383155, 21.2554208033, 633.256757982, 0.110467567209, 0.370967741935
0.337457414256, 1.04395428817, 8.43246588338, 0.622560904353, 43.3283781132, 1.76474302363, 1.8724712249, 4.37582136278, 1.93823693737, 700.588120504, 0.0694903685103, 0.545454545455
0.120880312441, 1.17294927663, 3.34560992501, 0.479931476986, 56.5929784963, 18.0136577706, 1.39676532915, 0.473088444433, 19.7395437445, 336.075323343, 0.223819841006, 0.295238095238
0.395531709794, 0.886412204542, 8.5827072055, 0.423474780839, 27.8468993819, 11.8996876667, 0.691638642641, 3.75909414028, 32.5285433432, 492.870132464, 0.120461322028, 0.0833333333333
0.64780642785, 0.985038109698, 9.59286109712, 0.560474640958, 55.0551161987, 7.99651154189, 1.87503741102, 2.25364351321, 18.231947527, 925.8770241, 0.167923343182, 0.0
0.182505482747, 0.987509280454, 6.21402211959, 0.560709532872, 27.3785567244, 44.8239765112, 0.493242498112, 1.05880418804, 38.4124696258, 363.182162708, 0.243757184416, 0.2
0.743699623222, 1.14863466438, 2.04482959317, 0.47616286529, 48.4368042199, 18.7662913854, 3.1717053202, 1.89215657834, 1.24883461073, 281.18515928, 0.401870083238, 0.353040540541
0.292973077286, 0.940280661998, 4.61010558916, 0.476427638179, 34.9829114308, 23.0787473331, 1.23677478084, 2.77854621476, 18.6946177321, 384.881104612, 0.352928902328, 0.161290322581
0.728426399385, 1.16657693859, 2.02408664856, 0.487111764006, 99.7694993345, 18.7331065606, 1.4401654214, 2.97143714836, 15.2010029627, 234.194518523, 0.525926955238, 0.444444444444
0.697992331186, 0.919535238662, 5.42231766832, 0.513194426274, 59.494909995, 18.7121938577, 0.645799287748, 3.38271402201, 14.3608965933, 304.886860169, 0.551670160792, 0.0909090909091
0.381886136507, 0.944418532558, 9.12063498393, 0.561900560607, 18.716973014, 6.50001540729, 1.78170047108, 0.0302451037545, 12.2835996709, 616.956044804, 0.126225904799, 0.0821917808219
0.227429846237, 1.01571316351, 9.69907089973, 0.415793121738, 17.3750737094, 17.8261971154, 0.171096145241, 0.544334922103, 1.79485274082, 644.073211236, 0.184126739839, 0.0
0.411175350766, 1.0355043419, 4.98451626881, 0.62527447555, 37.6755867292, 10.6714775506, 0.192652446272, 4.08377561951, 14.649476933, 322.713471105, 0.280778583969, 0.235294117647
0.768171813618, 0.898536051579, 2.6549178954, 0.424114520126, 55.0691672945, 14.8658650674, 1.17471329423, 2.11214498304, 41.862066033, 276.216829965, 0.46843338283, 0.35593220339
0.576237145357, 1.16657693859, 2.02408664856, 0.544618148327, 99.7694993345, 15.9498604342, 1.38114451098, 3.16225650844, 15.2010029627, 239.717270075, 0.477873912087, 0.513513513514
0.182505482747, 0.987509280454, 6.21402211959, 0.682495561335, 17.8406097353, 44.5279743277, 0.490272622005, 1.05880418804, 38.4124696258, 424.055610222, 0.253022544626, 0.0
0.508735308729, 0.899922740154, 6.41794752659, 0.521121169933, 90.0429777591, 5.07346615176, 0.257522622606, 2.16188214404, 4.96445334976, 257.323954856, 0.232193002496, 0.555555555556
0.300353155077, 0.843845627188, 8.33280785077, 0.435776768951, 39.6683405619, 31.3943338879, 0.486012363547, 3.92321851761, 9.53922324626, 335.685438204, 0.416358125402, 0.0
0.114335990376, 0.863787929353, 4.62886797368, 0.560834462398, 2.77391361965, 31.3155098309, 1.61400535281, 4.8261870905, 20.6843660178, 314.067585621, 0.327124028504, 0.364705882353
0.701443974026, 1.18053093778, 2.48237708916, 0.609602763452, 89.1470028327, 31.4125792369, 2.22865623318, 3.56745819921, 10.6060233138, 285.823432827, 0.513084005307, 0.255060728745
0.508480688908, 0.899922740154, 6.41794752659, 0.521121169933, 90.0429777591, 5.07346615176, 0.257522622606, 2.16701229392, 4.96445334976, 261.945602752, 0.204719795414, 0.4
0.769292730849, 1.19354665525, 2.49575046985, 0.592617489455, 91.27887335, 7.62662956664, 2.26288913247, 0.629961839421, 11.7734809198, 335.621670222, 0.319281463681, 0.188679245283
