0.103028135399, 0.991256274585, 91.7242892459, 0.615264258381, 39.7753106661, 3.77922098333, 0.16068918086, 0.182270726762, 10.1526218442, 5064.88375169, 0.00699981548095, 0.0
0.103028135399, 0.991256274585, 91.7242892459, 0.615264258381, 39.7753106661, 3.77922098333, 0.16068918086, 0.182270726762, 10.1526218442, 5064.88375169, 0.00699981548095, 0.0
0.193109988202, 0.826667344086, 81.791793991, 0.54318128213, 61.9752616436, 9.55061640915, 0.938082716691, 0.0660090870348, 14.0033746225, 1820.8302261, 0.189314433007, 0.125
0.193109988202, 0.826667344086, 81.791793991, 0.54318128213, 61.9752616436, 9.55061640915, 0.938082716691, 0.0660090870348, 14.0033746225, 1820.8302261, 0.189314433007, 0.125
0.751221256335, 0.826667344086, 81.791793991, 0.568051178938, 61.9752616436, 9.55061640915, 0.806536228021, 0.0660090870348, 14.0033746225, 1992.12784319, 0.186631128915, 0.0
0.751221256335, 0.826667344086, 81.791793991, 0.568051178938, 61.9752616436, 9.55061640915, 0.806536228021, 0.0660090870348, 14.0033746225, 1992.12784319, 0.186631128915, 0.0
0.122982552161, 0.867158439298, 93.7799357857, 0.467445788075, 14.7643624052, 3.64287105508, 0.688162214215, 3.82138586614, 7.88074483924, 2108.01782899, 0.00851227521964, 0.0
0.122982552161, 0.867158439298, 93.7799357857, 0.467445788075, 14.7643624052, 3.64287105508, 0.688162214215, 3.82138586614, 7.88074483924, 2108.01782899, 0.00851227521964, 0.0
0.300461742832, 0.825537864201, 94.2517638173, 0.464069083922, 92.9670915568, 15.9652820923, 0.334544007566, 4.83262858264, 13.4428504478, 1488.05891391, 0.369901594841, 0.2
0.300461742832, 0.825537864201, 94.2517638173, 0.464069083922, 92.9670915568, 15.9652820923, 0.334544007566, 4.83262858264, 13.4428504478, 1488.05891391, 0.369901594841, 0.2
0.453217284536, 0.832292524196, 82.1462785761, 0.498822232858, 42.1618204159, 19.8703571922, 0.0333080768646, 2.49170890369, 12.829861151, 1941.29793906, 0.28212396071, 0.0
0.453217284536, 0.832292524196, 82.1462785761, 0.498822232858, 42.1618204159, 19.8703571922, 0.0333080768646, 2.49170890369, 12.829861151, 1941.29793906, 0.28212396071, 0.0
0.224619242986, 0.845355223234, 85.3904509921, 0.421285352531, 88.6602849432, 17.9781351726, 0.61833958597, 4.81263987062, 9.54341277333, 1889.63537719, 0.240592809301, 0.533333333333
0.224619242986, 0.845355223234, 85.3904509921, 0.421285352531, 88.6602849432, 17.9781351726, 0.61833958597, 4.81263987062, 9.54341277333, 1889.63537719, 0.240592809301, 0.533333333333
0.491060978514, 0.824861452351, 81.791793991, 0.54318128213, 1.13163452901, 10.8326688238, 0.200013778916, 0.207300793709, 14.0033746225, 2272.16890738, 0.119970084991, 0.0
0.491060978514, 0.824861452351, 81.791793991, 0.54318128213, 1.13163452901, 10.8326688238, 0.200013778916, 0.207300793709, 14.0033746225, 2272.16890738, 0.119970084991, 0.0
0.104412541408, 0.840141411512, 93.7799357857, 0.467445788075, 72.0536998036, 3.64287105508, 1.84455035402, 4.00442468896, 18.7259596493, 3478.07958216, 0.0536981692715, 0.302631578947
0.104412541408, 0.840141411512, 93.7799357857, 0.467445788075, 72.0536998036, 3.64287105508, 1.84455035402, 4.00442468896, 18.7259596493, 3478.07958216, 0.0536981692715, 0.302631578947
0.211847386723, 1.25369733707, 86.282257202, 0.542444548701, 17.9344777045, 1.808739409, 1.58649993939, 3.05141580288, 15.9471969004, 26291.1774614, 0.0196549832614, 0.0
0.211847386723, 1.25369733707, 86.282257202, 0.542444548701, 17.9344777045, 1.808739409, 1.58649993939, 3.05141580288, 15.9471969004, 26291.1774614, 0.0196549832614, 0.0
0.122982552161, 0.839196257569, 93.7799357857, 0.467445788075, 14.7643624052, 1.60828279417, 1.52710032802, 3.82138586614, 7.88074483924, 2875.51340524, 0.0323738344112, 0.406779661017
0.122982552161, 0.839196257569, 93.7799357857, 0.467445788075, 14.7643624052, 1.60828279417, 1.52710032802, 3.82138586614, 7.88074483924, 2875.51340524, 0.0323738344112, 0.406779661017
0.181946871912, 1.10397681165, 80.8976635903, 0.523843298668, 34.2507222998, 2.4184475889, 0.752966586613, 4.23753992778, 2.18897461651, 6253.74999845, 0.00972038654864, 0.0833333333333
0.181946871912, 1.10397681165, 80.8976635903, 0.523843298668, 34.2507222998, 2.4184475889, 0.752966586613, 4.23753992778, 2.18897461651, 6253.74999845, 0.00972038654864, 0.0833333333333
0.193109988202, 0.991256274585, 89.6273809732, 0.615264258381, 39.7753106661, 8.7322694018, 0.415833166214, 0.951320928879, 10.1526218442, 5535.46193428, 0.0636871468386, 0.0
0.193109988202, 0.991256274585, 89.6273809732, 0.615264258381, 39.7753106661, 8.7322694018, 0.415833166214, 0.951320928879, 10.1526218442, 5535.46193428, 0.0636871468386, 0.0
0.103028135399, 0.991256274585, 91.7242892459, 0.615264258381, 39.7753106661, 8.7322694018, 0.16068918086, 0.182270726762, 10.1526218442, 5911.98408264, 0.0344132014952, 0.0
0.103028135399, 0.991256274585, 91.7242892459, 0.615264258381, 39.7753106661, 8.7322694018, 0.16068918086, 0.182270726762, 10.1526218442, 5911.98408264, 0.0344132014952, 0.0
0.150249982884, 0.856720366044, 80.8976635903, 0.416825208414, 43.9547605501, 2.16976262933, 1.32962103938, 4.23753992778, 10.7175593762, 4107.35277713, 0.0150828662864, 0.0909090909091
0.150249982884, 0.856720366044, 80.8976635903, 0.416825208414, 43.9547605501, 2.16976262933, 1.32962103938, 4.23753992778, 10.7175593762, 4107.35277713, 0.0150828662864, 0.0909090909091
0.562070021476, 0.867158439298, 93.7799357857, 0.467445788075, 9.66633700804, 3.04594699068, 1.59249563272, 4.00442468896, 7.88074483924, 5284.63418534, 0.070438609644, 0.0555555555556
0.562070021476, 0.867158439298, 93.7799357857, 0.467445788075, 9.66633700804, 3.04594699068, 1.59249563272, 4.00442468896, 7.88074483924, 5284.63418534, 0.070438609644, 0.0555555555556
0.150249982884, 1.10397681165, 89.9709105056, 0.605611580566, 81.0137534537, 3.02890369572, 1.32962103938, 3.59790315412, 1.24083094882, 9947.88363334, 0.0178765606271, 0.0769230769231
0.150249982884, 1.10397681165, 89.9709105056, 0.605611580566, 81.0137534537, 3.02890369572, 1.32962103938, 3.59790315412, 1.24083094882, 9947.88363334, 0.0178765606271, 0.0769230769231
0.193109988202, 0.991256274585, 91.7242892459, 0.615264258381, 34.2507222998, 1.91803548429, 0.193931072494, 0.951320928879, 10.1526218442, 5287.88038264, 0.0331664666927, 0.0625
0.193109988202, 0.991256274585, 91.7242892459, 0.615264258381, 34.2507222998, 1.91803548429, 0.193931072494, 0.951320928879, 10.1526218442, 5287.88038264, 0.0331664666927, 0.0625
0.220051182821, 1.02298520354, 80.1705620286, 0.464219319403, 31.6918151866, 10.2602266154, 0.886313163102, 4.98432353082, 1.44584325143, 4809.63876108, 0.0715856777463, 0.0
0.220051182821, 1.02298520354, 80.1705620286, 0.464219319403, 31.6918151866, 10.2602266154, 0.886313163102, 4.98432353082, 1.44584325143, 4809.63876108, 0.0715856777463, 0.0
0.194838681572, 0.874843194137, 85.1672034893, 0.449248004148, 45.2219480769, 17.1220087602, 0.641860668465, 1.24594378366, 14.2827236157, 2379.61359751, 0.0874032292043, 0.125
0.194838681572, 0.874843194137, 85.1672034893, 0.449248004148, 45.2219480769, 17.1220087602, 0.641860668465, 1.24594378366, 14.2827236157, 2379.61359751, 0.0874032292043, 0.125
0.150249982884, 0.850010936151, 93.6917811011, 0.699999916511, 43.6352860377, 33.6981941908, 0.715107376163, 0.877180892656, 15.5247231747, 2140.88435926, 0.153546780997, 0.0
0.150249982884, 0.850010936151, 93.6917811011, 0.699999916511, 43.6352860377, 33.6981941908, 0.715107376163, 0.877180892656, 15.5247231747, 2140.88435926, 0.153546780997, 0.0
0.208606006539, 0.825537864201, 94.4141117242, 0.464069083922, 79.917404804, 3.07280887337, 0.193952068875, 4.83262858264, 11.989233554, 2572.70192911, 0.0873944939527, 0.525
0.208606006539, 0.825537864201, 94.4141117242, 0.464069083922, 79.917404804, 3.07280887337, 0.193952068875, 4.83262858264, 11.989233554, 2572.70192911, 0.0873944939527, 0.525
0.220845548143, 0.844176164497, 82.1221150524, 0.45741911593, 42.1618204159, 40.6586085137, 0.907114807247, 1.29911895, 10.1217832738, 1737.48252364, 0.387340667909, 0.461538461538
0.220845548143, 0.844176164497, 82.1221150524, 0.45741911593, 42.1618204159, 40.6586085137, 0.907114807247, 1.29911895, 10.1217832738, 1737.48252364, 0.387340667909, 0.461538461538
0.414970662563, 0.829554979744, 91.4331147207, 0.632891432028, 94.7282201772, 38.3451946562, 0.0411628499631, 0.817921464167, 6.80836761776, 1791.69880722, 0.478859060957, 0.368421052632
0.414970662563, 0.829554979744, 91.4331147207, 0.632891432028, 94.7282201772, 38.3451946562, 0.0411628499631, 0.817921464167, 6.80836761776, 1791.69880722, 0.478859060957, 0.368421052632
0.224619242986, 0.845355223234, 85.3904509921, 0.421285352531, 88.6602849432, 17.9781351726, 0.61833958597, 4.81263987062, 9.54341277333, 2139.31283136, 0.288820408841, 0.48275862069
0.224619242986, 0.845355223234, 85.3904509921, 0.421285352531, 88.6602849432, 17.9781351726, 0.61833958597, 4.81263987062, 9.54341277333, 2139.31283136, 0.288820408841, 0.48275862069
0.300461742832, 0.825537864201, 94.2517638173, 0.464069083922, 91.154441679, 15.9652820923, 0.334544007566, 4.83262858264, 9.83482354117, 2134.46871938, 0.290985262982, 0.5
0.300461742832, 0.825537864201, 94.2517638173, 0.464069083922, 91.154441679, 15.9652820923, 0.334544007566, 4.83262858264, 9.83482354117, 2134.46871938, 0.290985262982, 0.5
0.85317722994, 0.845355223234, 91.8335633549, 0.510890088141, 79.0570722638, 32.2675700685, 0.326947473555, 4.6200775994, 3.63528829681, 2041.68718896, 0.492136009439, 0.357142857143
0.85317722994, 0.845355223234, 91.8335633549, 0.510890088141, 79.0570722638, 32.2675700685, 0.326947473555, 4.6200775994, 3.63528829681, 2041.68718896, 0.492136009439, 0.357142857143
0.491060978514, 0.824861452351, 81.791793991, 0.54318128213, 0.904578907597, 9.55061640915, 0.31401566743, 0.207300793709, 14.0033746225, 1945.92489529, 0.325996639316, 0.6
0.491060978514, 0.824861452351, 81.791793991, 0.54318128213, 0.904578907597, 9.55061640915, 0.31401566743, 0.207300793709, 14.0033746225, 1945.92489529, 0.325996639316, 0.6
0.150249982884, 1.01096279249, 80.8710911629, 0.523843298668, 66.7014116532, 1.58864061663, 0.752966586613, 4.23753992778, 10.7175593762, 4517.1725826, 0.0320772029715, 0.366666666667
0.150249982884, 1.01096279249, 80.8710911629, 0.523843298668, 66.7014116532, 1.58864061663, 0.752966586613, 4.23753992778, 10.7175593762, 4517.1725826, 0.0320772029715, 0.366666666667
0.104412541408, 0.867158439298, 93.7799357857, 0.467445788075, 14.7643624052, 3.64287105508, 1.84455035402, 4.00442468896, 7.88074483924, 4268.95488328, 0.0362443050114, 0.473684210526
0.104412541408, 0.867158439298, 93.7799357857, 0.467445788075, 14.7643624052, 3.64287105508, 1.84455035402, 4.00442468896, 7.88074483924, 4268.95488328, 0.0362443050114, 0.473684210526
0.122982552161, 0.867158439298, 94.0516908212, 0.467445788075, 14.7643624052, 3.64287105508, 1.52710032802, 3.82138586614, 7.88074483924, 4111.59216676, 0.0667861676219, 0.470588235294
0.122982552161, 0.867158439298, 94.0516908212, 0.467445788075, 14.7643624052, 3.64287105508, 1.52710032802, 3.82138586614, 7.88074483924, 4111.59216676, 0.0667861676219, 0.470588235294
0.107806433013, 0.867158439298, 93.9208356279, 0.542743554811, 9.66633700804, 3.04594699068, 1.84455035402, 4.00442468896, 7.88074483924, 4586.32349186, 0.0269267728612, 0.14
0.107806433013, 0.867158439298, 93.9208356279, 0.542743554811, 9.66633700804, 3.04594699068, 1.84455035402, 4.00442468896, 7.88074483924, 4586.32349186, 0.0269267728612, 0.14
0.150249982884, 1.01096279249, 80.8710911629, 0.523843298668, 66.7014116532, 1.58864061663, 0.752966586613, 4.23753992778, 10.7175593762, 5065.47081368, 0.0151581752578, 0.5
0.150249982884, 1.01096279249, 80.8710911629, 0.523843298668, 66.7014116532, 1.58864061663, 0.752966586613, 4.23753992778, 10.7175593762, 5065.47081368, 0.0151581752578, 0.5
0.211847386723, 1.10397681165, 89.9709105056, 0.605611580566, 24.5144385089, 1.808739409, 1.32962103938, 3.59790315412, 14.8356296441, 12000.9395518, 0.0265883486578, 0.188679245283
0.211847386723, 1.10397681165, 89.9709105056, 0.605611580566, 24.5144385089, 1.808739409, 1.32962103938, 3.59790315412, 14.8356296441, 12000.9395518, 0.0265883486578, 0.188679245283
0.150249982884, 1.25369733707, 86.282257202, 0.542444548701, 17.9344777045, 1.91803548429, 1.52767452884, 0.109798024267, 15.9471969004, 21907.841656, 0.0207037061846, 0.186046511628
0.150249982884, 1.25369733707, 86.282257202, 0.542444548701, 17.9344777045, 1.91803548429, 1.52767452884, 0.109798024267, 15.9471969004, 21907.841656, 0.0207037061846, 0.186046511628
0.220051182821, 1.02298520354, 82.5150101118, 0.464219319403, 31.6918151866, 10.2602266154, 0.886313163102, 4.98432353082, 14.9976262075, 7921.21774385, 0.077565706735, 0.0
0.220051182821, 1.02298520354, 82.5150101118, 0.464219319403, 31.6918151866, 10.2602266154, 0.886313163102, 4.98432353082, 14.9976262075, 7921.21774385, 0.077565706735, 0.0
0.220051182821, 1.02298520354, 93.1750266369, 0.464219319403, 20.2542124131, 10.2602266154, 0.886313163102, 4.9554636087, 3.95637710769, 5240.13448748, 0.0917027800622, 0.0
0.220051182821, 1.02298520354, 93.1750266369, 0.464219319403, 20.2542124131, 10.2602266154, 0.886313163102, 4.9554636087, 3.95637710769, 5240.13448748, 0.0917027800622, 0.0
0.194838681572, 0.874843194137, 85.1672034893, 0.449248004148, 45.2219480769, 17.1220087602, 0.641860668465, 3.03209084982, 14.2827236157, 2638.35582943, 0.132838379984, 0.2
0.194838681572, 0.874843194137, 85.1672034893, 0.449248004148, 45.2219480769, 17.1220087602, 0.641860668465, 3.03209084982, 14.2827236157, 2638.35582943, 0.132838379984, 0.2
0.454618262819, 0.845355223234, 82.8118004593, 0.421285352531, 88.6602849432, 15.8117971976, 0.61833958597, 4.81263987062, 9.54341277333, 2630.52971373, 0.318962478129, 0.210526315789
0.454618262819, 0.845355223234, 82.8118004593, 0.421285352531, 88.6602849432, 15.8117971976, 0.61833958597, 4.81263987062, 9.54341277333, 2630.52971373, 0.318962478129, 0.210526315789
0.456555521663, 0.84433320518, 85.1614236606, 0.632968144621, 51.8297157469, 10.9525934801, 1.64894717083, 2.652824459, 7.38443358179, 3714.88242814, 0.157439495864, 0.0
0.456555521663, 0.84433320518, 85.1614236606, 0.632968144621, 51.8297157469, 10.9525934801, 1.64894717083, 2.652824459, 7.38443358179, 3714.88242814, 0.157439495864, 0.0
0.456555521663, 0.84433320518, 85.2060992863, 0.632968144621, 51.8297157469, 7.98824325658, 1.64894717083, 2.652824459, 7.38443358179, 3237.68039995, 0.240085212267, 0.171428571429
0.456555521663, 0.84433320518, 85.2060992863, 0.632968144621, 51.8297157469, 7.98824325658, 1.64894717083, 2.652824459, 7.38443358179, 3237.68039995, 0.240085212267, 0.171428571429
0.624373652795, 0.845355223234, 90.0815912779, 0.404838982432, 79.0570722638, 26.8530277718, 0.326947473555, 4.6200775994, 3.63528829681, 2201.2559499, 0.33600437315, 0.0
0.624373652795, 0.845355223234, 90.0815912779, 0.404838982432, 79.0570722638, 26.8530277718, 0.326947473555, 4.6200775994, 3.63528829681, 2201.2559499, 0.33600437315, 0.0
0.211847386723, 1.25369733707, 86.282257202, 0.542444548701, 17.9344777045, 1.808739409, 1.58649993939, 3.05141580288, 15.9471969004, 24898.3710363, 0.0321782549646, 0.176470588235
0.122982552161, 0.839196257569, 93.7799357857, 0.467445788075, 14.7643624052, 1.60828279417, 1.52710032802, 3.82138586614, 7.88074483924, 5217.7792951, 0.0291552643398, 0.611111111111
0.122982552161, 0.839196257569, 93.7799357857, 0.467445788075, 14.7643624052, 1.60828279417, 1.52710032802, 3.82138586614, 7.88074483924, 5217.7792951, 0.0291552643398, 0.611111111111
0.193109988202, 1.04987312902, 91.7242892459, 0.615264258381, 58.9598755334, 8.7322694018, 0.0155695041881, 0.951320928879, 10.1526218442, 5532.10119434, 0.14910226587, 0.0
0.751221256335, 0.826667344086, 81.791793991, 0.54318128213, 61.9752616436, 9.55061640915, 0.806536228021, 1.69150537576, 14.0033746225, 2329.08364964, 0.345409012542, 0.307692307692
0.624373652795, 0.845355223234, 91.8335633549, 0.643020421898, 79.0570722638, 32.2675700685, 0.61833958597, 4.99209517031, 7.52393040369, 2345.61414692, 0.430707501908, 0.285714285714
0.211847386723, 1.25369733707, 86.282257202, 0.542444548701, 17.9344777045, 1.808739409, 1.58649993939, 3.05141580288, 15.9471969004, 24898.3710363, 0.0321782549646, 0.176470588235
0.182929707496, 1.10397681165, 80.8976635903, 0.605611580566, 34.2507222998, 2.4184475889, 1.32962103938, 0.394871340481, 10.3373124363, 10148.859715, 0.0320336202709, 0.184210526316
