0.11646726623, 0.861425171216, 2.48623875, 0.78375353237, 97.6645316222, 8.160973618, 0.925741293678, 2.23298680912, 17.2731943171, 39.5603429864, 0.00913657821509, 0.0
0.11646726623, 0.861425171216, 2.48623875, 0.78375353237, 97.6645316222, 8.160973618, 0.925741293678, 2.23298680912, 17.2731943171, 39.5603429864, 0.00913657821509, 0.0
0.11646726623, 0.861425171216, 2.48623875, 0.78375353237, 97.6645316222, 8.160973618, 0.925741293678, 2.23298680912, 17.2731943171, 39.5603429864, 0.00913657821509, 0.0
0.11646726623, 0.861425171216, 2.48623875, 0.78375353237, 97.6645316222, 8.160973618, 0.925741293678, 2.23298680912, 17.2731943171, 39.5603429864, 0.00913657821509, 0.0
0.11646726623, 0.861425171216, 2.48623875, 0.78375353237, 97.6645316222, 8.160973618, 0.925741293678, 2.23298680912, 17.2731943171, 39.5603429864, 0.00913657821509, 0.0
0.11646726623, 0.861425171216, 2.48623875, 0.78375353237, 97.6645316222, 8.160973618, 0.925741293678, 2.23298680912, 17.2731943171, 39.5603429864, 0.00913657821509, 0.0
0.11646726623, 0.861425171216, 2.48623875, 0.78375353237, 97.6645316222, 8.160973618, 0.925741293678, 2.23298680912, 17.2731943171, 39.5603429864, 0.00913657821509, 0.0
0.11646726623, 0.861425171216, 2.48623875, 0.78375353237, 97.6645316222, 8.160973618, 0.925741293678, 2.23298680912, 17.2731943171, 39.5603429864, 0.00913657821509, 0.0
0.11646726623, 0.861425171216, 2.48623875, 0.78375353237, 97.6645316222, 8.160973618, 0.925741293678, 2.23298680912, 17.2731943171, 39.5603429864, 0.00913657821509, 0.0
0.11646726623, 0.861425171216, 2.48623875, 0.78375353237, 97.6645316222, 8.160973618, 0.925741293678, 2.23298680912, 17.2731943171, 39.5603429864, 0.00913657821509, 0.0
0.11646726623, 0.861425171216, 2.48623875, 0.78375353237, 97.6645316222, 8.160973618, 0.925741293678, 2.23298680912, 17.2731943171, 39.5603429864, 0.00913657821509, 0.0
0.11646726623, 0.861425171216, 2.48623875, 0.78375353237, 97.6645316222, 8.160973618, 0.925741293678, 2.23298680912, 17.2731943171, 39.5603429864, 0.00913657821509, 0.0
0.11646726623, 0.861425171216, 2.48623875, 0.78375353237, 97.6645316222, 8.160973618, 0.925741293678, 2.23298680912, 17.2731943171, 39.5603429864, 0.00913657821509, 0.0
0.11646726623, 0.861425171216, 2.48623875, 0.78375353237, 97.6645316222, 8.160973618, 0.925741293678, 2.23298680912, 17.2731943171, 39.5603429864, 0.00913657821509, 0.0
0.11646726623, 0.861425171216, 2.48623875, 0.78375353237, 97.6645316222, 8.160973618, 0.925741293678, 2.23298680912, 17.2731943171, 39.5603429864, 0.00913657821509, 0.0
0.11646726623, 0.861425171216, 2.48623875, 0.78375353237, 97.6645316222, 8.160973618, 0.925741293678, 2.23298680912, 17.2731943171, 39.5603429864, 0.00913657821509, 0.0
0.11646726623, 0.861425171216, 2.48623875, 0.78375353237, 97.6645316222, 8.160973618, 0.925741293678, 2.23298680912, 17.2731943171, 39.5603429864, 0.00913657821509, 0.0
0.11646726623, 0.861425171216, 2.48623875, 0.78375353237, 97.6645316222, 8.160973618, 0.925741293678, 2.23298680912, 17.2731943171, 39.5603429864, 0.00913657821509, 0.0
0.11646726623, 0.861425171216, 2.48623875, 0.78375353237, 97.6645316222, 8.160973618, 0.925741293678, 2.23298680912, 17.2731943171, 39.5603429864, 0.00913657821509, 0.0
0.11646726623, 0.861425171216, 2.48623875, 0.78375353237, 97.6645316222, 8.160973618, 0.925741293678, 2.23298680912, 17.2731943171, 39.5603429864, 0.00913657821509, 0.0
0.114941599883, 0.861409311639, 2.48407788924, 0.759780118463, 97.6719939572, 8.16097362276, 0.925741293678, 2.23313733417, 17.2734640224, 62.3699605908, 0.0692830723167, 0.25
0.114941599883, 0.861409311639, 2.48407788924, 0.759780118463, 97.6719939572, 8.16097362276, 0.925741293678, 2.23313733417, 17.2734640224, 62.3699605908, 0.0692830723167, 0.25
0.114941599883, 0.861409311639, 2.48407788924, 0.759780118463, 97.6719939572, 8.16097362276, 0.925741293678, 2.23313733417, 17.2734640224, 62.3699605908, 0.0692830723167, 0.25
0.114941599883, 0.861409311639, 2.48407788924, 0.759780118463, 97.6719939572, 8.16097362276, 0.925741293678, 2.23313733417, 17.2734640224, 62.3699605908, 0.0692830723167, 0.25
0.114941599883, 0.861409311639, 2.48407788924, 0.759780118463, 97.6719939572, 8.16097362276, 0.925741293678, 2.23313733417, 17.2734640224, 62.3699605908, 0.0692830723167, 0.25
0.114941599883, 0.861425171216, 2.20526398404, 0.760341400906, 96.9911303465, 8.160973618, 0.925741293678, 2.23298680912, 17.2422102867, 63.0112321438, 0.0750616845775, 0.333333333333
0.114941599883, 0.861425171216, 2.20526398404, 0.760341400906, 96.9911303465, 8.160973618, 0.925741293678, 2.23298680912, 17.2422102867, 63.0112321438, 0.0750616845775, 0.333333333333
0.114941599883, 0.861425171216, 2.20526398404, 0.788157418426, 97.6645316222, 9.06677234301, 0.925741293678, 2.23298680912, 17.2422102867, 71.3334703515, 0.0585466442815, 0.0
0.114906571106, 0.861425171216, 2.20784376277, 0.759959494512, 97.6645316222, 8.160973618, 0.866596631373, 2.23298680912, 17.2739944504, 70.5347258428, 0.0331174930324, 0.0
0.114906571106, 0.861425171216, 2.20784376277, 0.759959494512, 97.6645316222, 8.160973618, 0.866596631373, 2.23298680912, 17.2739944504, 70.5347258428, 0.0331174930324, 0.0
0.114906571106, 0.861425171216, 2.20784376277, 0.759959494512, 97.6645316222, 8.160973618, 0.866596631373, 2.23298680912, 17.2739944504, 70.5347258428, 0.0331174930324, 0.0
0.114941599883, 0.861425171216, 2.20526398404, 0.759778764178, 97.6645104397, 8.16097362239, 0.925741293678, 2.23298680912, 17.2422102867, 58.4538159825, 0.105759451433, 0.333333333333
0.114941599883, 0.861425171216, 2.20526398404, 0.759778764178, 97.6645104397, 8.16097362239, 0.925741293678, 2.23298680912, 17.2422102867, 58.4538159825, 0.105759451433, 0.333333333333
0.114941599883, 0.861425171216, 2.20526398404, 0.759778764178, 97.6645104397, 8.16097362239, 0.925741293678, 2.23298680912, 17.2422102867, 58.4538159825, 0.105759451433, 0.333333333333
0.114941599883, 0.861425171216, 2.20526398404, 0.759778764178, 97.6645104397, 8.16097362239, 0.925741293678, 2.23298680912, 17.2422102867, 58.4538159825, 0.105759451433, 0.333333333333
0.114941599883, 0.861425171216, 2.20526398404, 0.759778764178, 97.6645104397, 8.16097362239, 0.925741293678, 2.23298680912, 17.2422102867, 58.4538159825, 0.105759451433, 0.333333333333
0.114941599883, 0.861425171216, 2.20526398404, 0.759778764178, 97.6645104397, 8.16097362239, 0.925741293678, 2.23298680912, 17.2422102867, 58.4538159825, 0.105759451433, 0.333333333333
0.114989910392, 0.861425524776, 2.20526398404, 0.760341400906, 97.6645316222, 8.16097362282, 0.925741293678, 2.23298680912, 17.2425403962, 52.3113952977, 0.0702700978948, 0.0
0.114989910392, 0.861425524776, 2.20526398404, 0.760341400906, 97.6645316222, 8.16097362282, 0.925741293678, 2.23298680912, 17.2425403962, 52.3113952977, 0.0702700978948, 0.0
0.114989910392, 0.861425524776, 2.20526398404, 0.760341400906, 97.6645316222, 8.16097362282, 0.925741293678, 2.23298680912, 17.2425403962, 52.3113952977, 0.0702700978948, 0.0
0.114989910392, 0.861425524776, 2.20526398404, 0.760341400906, 97.6645316222, 8.16097362282, 0.925741293678, 2.23298680912, 17.2425403962, 52.3113952977, 0.0702700978948, 0.0
0.114989910392, 0.861425524776, 2.20526398404, 0.760341400906, 97.6645316222, 8.16097362282, 0.925741293678, 2.23298680912, 17.2425403962, 52.3113952977, 0.0702700978948, 0.0
0.114989910392, 0.861425524776, 2.20526398404, 0.760341400906, 97.6645316222, 8.16097362282, 0.925741293678, 2.23298680912, 17.2425403962, 52.3113952977, 0.0702700978948, 0.0
0.114989910392, 0.861425524776, 2.20526398404, 0.760341400906, 97.6645316222, 8.16097362282, 0.925741293678, 2.23298680912, 17.2425403962, 52.3113952977, 0.0702700978948, 0.0
0.114989910392, 0.861425524776, 2.20526398404, 0.760341400906, 97.6645316222, 8.16097362282, 0.925741293678, 2.23298680912, 17.2425403962, 52.3113952977, 0.0702700978948, 0.0
0.114989910392, 0.861425524776, 2.20526398404, 0.760341400906, 97.6645316222, 8.16097362282, 0.925741293678, 2.23298680912, 17.2425403962, 52.3113952977, 0.0702700978948, 0.0
0.114989910392, 0.861425524776, 2.20526398404, 0.760341400906, 97.6645316222, 8.16097362282, 0.925741293678, 2.23298680912, 17.2425403962, 52.3113952977, 0.0702700978948, 0.0
0.114989910392, 0.861425524776, 2.20526398404, 0.760341400906, 97.6645316222, 8.16097362282, 0.925741293678, 2.23298680912, 17.2425403962, 52.3113952977, 0.0702700978948, 0.0
0.114941599883, 0.861425171216, 2.20526398404, 0.760353402286, 97.0008739959, 8.16097362239, 0.925741293678, 2.23298680912, 17.2422102867, 56.0477267048, 0.0910417416998, 0.416666666667
0.114941599883, 0.861425171216, 2.20526398404, 0.760353402286, 97.0008739959, 8.16097362239, 0.925741293678, 2.23298680912, 17.2422102867, 56.0477267048, 0.0910417416998, 0.416666666667
0.114941599883, 0.861425171216, 2.20526398404, 0.760353402286, 97.0008739959, 8.16097362239, 0.925741293678, 2.23298680912, 17.2422102867, 56.0477267048, 0.0910417416998, 0.416666666667
0.114941599883, 0.861425171216, 2.20526398404, 0.760353402286, 97.0008739959, 8.16097362239, 0.925741293678, 2.23298680912, 17.2422102867, 56.0477267048, 0.0910417416998, 0.416666666667
0.114941599883, 0.861425171216, 2.20526398404, 0.760353402286, 97.0008739959, 8.16097362239, 0.925741293678, 2.23298680912, 17.2422102867, 56.0477267048, 0.0910417416998, 0.416666666667
0.11646726623, 0.861425171216, 2.48623875, 0.78375353237, 97.6645316222, 8.160973618, 0.925741293678, 2.23298680912, 17.2731943171, 58.0218363801, 0.0434380537107, 0.0
0.11646726623, 0.861425171216, 2.48623875, 0.78375353237, 97.6645316222, 8.160973618, 0.925741293678, 2.23298680912, 17.2731943171, 58.0218363801, 0.0434380537107, 0.0
0.11646726623, 0.861425171216, 2.48623875, 0.78375353237, 97.6645316222, 8.160973618, 0.925741293678, 2.23298680912, 17.2731943171, 58.0218363801, 0.0434380537107, 0.0
0.11646726623, 0.861425171216, 2.48623875, 0.78375353237, 97.6645316222, 8.160973618, 0.925741293678, 2.23298680912, 17.2731943171, 58.0218363801, 0.0434380537107, 0.0
0.11646726623, 0.861425171216, 2.48623875, 0.78375353237, 97.6645316222, 8.160973618, 0.925741293678, 2.23298680912, 17.2731943171, 58.0218363801, 0.0434380537107, 0.0
0.11646726623, 0.861425171216, 2.48623875, 0.78375353237, 97.6645316222, 8.160973618, 0.925741293678, 2.23298680912, 17.2731943171, 58.0218363801, 0.0434380537107, 0.0
0.11646726623, 0.861425171216, 2.48623875, 0.78375353237, 97.6645316222, 8.160973618, 0.925741293678, 2.23298680912, 17.2731943171, 58.0218363801, 0.0434380537107, 0.0
0.114941599883, 0.895253735971, 2.20526398404, 0.759783580322, 97.6645104397, 7.68957008664, 0.925741293678, 2.23298680912, 17.2422102867, 84.0833254168, 0.0576685108827, 0.125
0.114941599883, 0.861409311639, 2.06551969184, 0.7597873608, 97.6719939572, 8.16097362276, 0.925741293678, 2.23313733417, 17.2734640224, 15.7364451194, 0.0379365605322, 0.0
0.114941599883, 0.861409311639, 2.06551969184, 0.7597873608, 97.6719939572, 8.16097362276, 0.925741293678, 2.23313733417, 17.2734640224, 15.7364451194, 0.0379365605322, 0.0
0.114941599883, 0.861409311639, 2.06551969184, 0.7597873608, 97.6719939572, 8.16097362276, 0.925741293678, 2.23313733417, 17.2734640224, 15.7364451194, 0.0379365605322, 0.0
0.114941599883, 0.861409311639, 2.06551969184, 0.7597873608, 97.6719939572, 8.16097362276, 0.925741293678, 2.23313733417, 17.2734640224, 15.7364451194, 0.0379365605322, 0.0
0.114941599883, 0.861409311639, 2.06551969184, 0.7597873608, 97.6719939572, 8.16097362276, 0.925741293678, 2.23313733417, 17.2734640224, 15.7364451194, 0.0379365605322, 0.0
0.114941599883, 0.861409311639, 2.06551969184, 0.7597873608, 97.6719939572, 8.16097362276, 0.925741293678, 2.23313733417, 17.2734640224, 15.7364451194, 0.0379365605322, 0.0
0.114941599883, 0.861409311639, 2.06551969184, 0.7597873608, 97.6719939572, 8.16097362276, 0.925741293678, 2.23313733417, 17.2734640224, 15.7364451194, 0.0379365605322, 0.0
0.114941599883, 0.861409311639, 2.06551969184, 0.7597873608, 97.6719939572, 8.16097362276, 0.925741293678, 2.23313733417, 17.2734640224, 15.7364451194, 0.0379365605322, 0.0
0.114941599883, 0.861409311639, 2.06551969184, 0.7597873608, 97.6719939572, 8.16097362276, 0.925741293678, 2.23313733417, 17.2734640224, 15.7364451194, 0.0379365605322, 0.0
0.114941599883, 0.861409311639, 2.06551969184, 0.7597873608, 97.6719939572, 8.16097362276, 0.925741293678, 2.23313733417, 17.2734640224, 15.7364451194, 0.0379365605322, 0.0
0.114941599883, 0.861409311639, 2.06551969184, 0.7597873608, 97.6719939572, 8.16097362276, 0.925741293678, 2.23313733417, 17.2734640224, 15.7364451194, 0.0379365605322, 0.0
0.114941599883, 0.861409311639, 2.06551969184, 0.7597873608, 97.6719939572, 8.16097362276, 0.925741293678, 2.23313733417, 17.2734640224, 15.7364451194, 0.0379365605322, 0.0
0.114941599883, 0.861409311639, 2.06551969184, 0.7597873608, 97.6719939572, 8.16097362276, 0.925741293678, 2.23313733417, 17.2734640224, 15.7364451194, 0.0379365605322, 0.0
0.114941599883, 0.861409311639, 2.06551969184, 0.7597873608, 97.6719939572, 8.16097362276, 0.925741293678, 2.23313733417, 17.2734640224, 15.7364451194, 0.0379365605322, 0.0
0.114941599883, 0.861409311639, 2.06551969184, 0.7597873608, 97.6719939572, 8.16097362276, 0.925741293678, 2.23313733417, 17.2734640224, 15.7364451194, 0.0379365605322, 0.0
0.114941599883, 0.861409311639, 2.06551969184, 0.7597873608, 97.6719939572, 8.16097362276, 0.925741293678, 2.23313733417, 17.2734640224, 15.7364451194, 0.0379365605322, 0.0
0.114941599883, 0.861409311639, 2.06551969184, 0.7597873608, 97.6719939572, 8.16097362276, 0.925741293678, 2.23313733417, 17.2734640224, 15.7364451194, 0.0379365605322, 0.0
0.114941599883, 0.861409311639, 2.06551969184, 0.7597873608, 97.6719939572, 8.16097362276, 0.925741293678, 2.23313733417, 17.2734640224, 15.7364451194, 0.0379365605322, 0.0
0.114941599883, 0.861409311639, 2.06551969184, 0.7597873608, 97.6719939572, 8.16097362276, 0.925741293678, 2.23313733417, 17.2734640224, 15.7364451194, 0.0379365605322, 0.0
0.114941599883, 0.861409311639, 2.06551969184, 0.7597873608, 97.6719939572, 8.16097362276, 0.925741293678, 2.23313733417, 17.2734640224, 15.7364451194, 0.0379365605322, 0.0
0.116541032354, 0.861425171216, 2.20526398404, 0.757522457053, 97.6645319457, 8.16097361806, 0.925741293678, 2.23298680912, 17.2425367584, 79.7880626257, 0.0645812062983, 0.1
0.116541032354, 0.861425171216, 2.20526398404, 0.757522457053, 97.6645319457, 8.16097361806, 0.925741293678, 2.23298680912, 17.2425367584, 79.7880626257, 0.0645812062983, 0.1
0.116541032354, 0.861425171216, 2.20526398404, 0.757522457053, 97.6645319457, 8.16097361806, 0.925741293678, 2.23298680912, 17.2425367584, 79.7880626257, 0.0645812062983, 0.1
0.116541032354, 0.861425171216, 2.20526398404, 0.757522457053, 97.6645319457, 8.16097361806, 0.925741293678, 2.23298680912, 17.2425367584, 79.7880626257, 0.0645812062983, 0.1
0.116541032354, 0.861425171216, 2.20526398404, 0.757522457053, 97.6645319457, 8.16097361806, 0.925741293678, 2.23298680912, 17.2425367584, 79.7880626257, 0.0645812062983, 0.1
0.116541032354, 0.861425171216, 2.20526398404, 0.757522457053, 97.6645319457, 8.16097361806, 0.925741293678, 2.23298680912, 17.2425367584, 79.7880626257, 0.0645812062983, 0.1
0.116541032354, 0.861425171216, 2.20526398404, 0.757522457053, 97.6645319457, 8.16097361806, 0.925741293678, 2.23298680912, 17.2425367584, 79.7880626257, 0.0645812062983, 0.1
0.116514897448, 0.861425171216, 2.20526398404, 0.760341400906, 98.2605473753, 8.160973618, 0.925741293678, 2.23298680912, 17.2422102867, 77.6742232717, 0.0455308571934, 0.0
0.11646726623, 0.833703838754, 2.16892672648, 0.78375353237, 97.6645316222, 8.160973618, 0.925741293678, 2.29501867, 16.661806298, 67.2948891024, 0.0527438369366, 0.0
0.11646726623, 0.833703838754, 2.16892672648, 0.78375353237, 97.6645316222, 8.160973618, 0.925741293678, 2.29501867, 16.661806298, 67.2948891024, 0.0527438369366, 0.0
0.114941599883, 0.839807872547, 2.07210614288, 0.772977812946, 96.8739362839, 8.16097362276, 0.925741293678, 2.23313733417, 17.2734640224, 68.1849752186, 0.0830083245952, 0.47619047619
