0.0381944823824, 0.0821808091018, 0.422417581019, 0.0557572700216, 0.297705487664, 0.316223341489, 0.922851627424, 0.999030985603, 0.499948547594, 0.438595190324, 0.528645995024, 0.0358325481224, 0.239179732327, 0.0218919306256, 0.201856146732, 0.350691197611, 0.205469702258, 0.240603924456, 0.43607739755, 0.566859436923, 0.354905723149, 0.477800548284, 0.0381944823824, 0.0821808091018, 16.2358422201
0.0438588364354, 0.146910475631, 0.0815676521892, 0.430817006731, 0.465931436983, 0.978979570297, 0.974539563498, 0.000569350447672, 0.819072497799, 0.315774920186, 0.914648222438, 0.154461739106, 0.190463281603, 0.223144231512, 0.692024984344, 0.0759689974649, 0.479406393134, 0.338829056957, 0.981879036056, 0.231394720556, 0.707550364549, 0.925187753331, 0.0438588364354, 0.146910475631, 19.3895394381
0.0490280032524, 0.0381564882802, 0.592683734207, 0.952741862376, 0.994221668294, 0.749482557382, 0.0619960638514, 0.434134313621, 0.563009791838, 0.371521654598, 0.781966628958, 0.201905812256, 0.435708760754, 0.663958563204, 0.125569506714, 0.184991479832, 0.226383647008, 0.104329875457, 0.0638901311358, 0.247888995114, 0.0452044861824, 0.759193087868, 0.376438746657, 0.235200755752, 19.1317604869
0.0333232091556, 0.0821808091018, 0.422417581019, 0.115020039824, 0.24601196149, 0.316223341489, 0.922851627424, 0.999030985603, 0.499948547594, 0.438595190324, 0.528645995024, 0.0358325481224, 0.112572247908, 0.884388652388, 0.201856146732, 0.276401517869, 0.205469702258, 0.240603924456, 0.43607739755, 0.566859436923, 0.354905723149, 0.477800548284, 0.0333232091556, 0.0821808091018, 17.1392463798
0.0381944823824, 0.0821808091018, 0.422417581019, 0.0557572700216, 0.297705487664, 0.316223341489, 0.922851627424, 0.999030985603, 0.917983674172, 0.598421089532, 0.528645995024, 0.0358325481224, 0.239179732327, 0.00765131163188, 0.201856146732, 0.350691197611, 0.205469702258, 0.240603924456, 0.554905359483, 0.566859436923, 0.178375173696, 0.477800548284, 0.0407282189753, 0.105372527654, 18.5080911491
0.101004959757, 0.146910475631, 0.0815676521892, 0.430817006731, 0.465931436983, 0.978979570297, 0.978613307654, 0.0247106932473, 0.819072497799, 0.872363081781, 0.914648222438, 0.154461739106, 0.190463281603, 0.0216906846636, 0.134706953736, 0.189881917736, 0.479406393134, 0.338829056957, 0.269721055891, 0.371788380138, 0.926499474382, 0.24199716857, 0.101004959757, 0.146910475631, 17.8868053953
0.0438588364354, 0.146910475631, 0.0815676521892, 0.430817006731, 0.465931436983, 0.978979570297, 0.974539563498, 0.000569350447672, 0.819072497799, 0.315774920186, 0.128048128539, 0.154461739106, 0.190463281603, 0.223144231512, 0.692024984344, 0.0759689974649, 0.479406393134, 0.0946164238637, 0.981879036056, 0.231394720556, 0.707550364549, 0.925187753331, 0.0438588364354, 0.146910475631, 18.0026884083
0.0490280032524, 0.0381564882802, 0.592683734207, 0.756636654513, 0.994221668294, 0.749482557382, 0.0619960638514, 0.816553744418, 0.479765512559, 0.221539935265, 0.781966628958, 0.201905812256, 0.435708760754, 0.663958563204, 0.125569506714, 0.398207046945, 0.226383647008, 0.184423632899, 0.0638901311358, 0.247888995114, 0.0381141612242, 0.759193087868, 0.0490280032524, 0.0381564882802, 17.8520041143
0.0381944823824, 0.0821808091018, 0.25091965696, 0.0201255172587, 0.366955918471, 0.316223341489, 0.922851627424, 0.999030985603, 0.499948547594, 0.438595190324, 0.949896299232, 0.0358325481224, 0.400555909089, 0.0218919306256, 0.201856146732, 0.276401517869, 0.205469702258, 0.240603924456, 0.43607739755, 0.566859436923, 0.354905723149, 0.922287187886, 0.0381944823824, 0.0821808091018, 17.3338772605
0.101004959757, 0.199287860161, 0.502289702501, 0.873113441533, 0.811657309071, 0.227495807456, 0.720634792571, 0.0202511472719, 0.721219117712, 0.405856424654, 0.0064409869629, 0.819537236802, 0.607921624583, 0.023920946304, 0.0559694502209, 0.058669165508, 0.0938058161356, 0.633648859701, 0.269721055891, 0.0508879836656, 0.0344392746827, 0.151040704306, 0.0438588364354, 0.146910475631, 19.5390231468
0.0438588364354, 0.146910475631, 0.0815676521892, 0.430817006731, 0.465931436983, 0.978979570297, 0.317748160128, 0.000569350447672, 0.819072497799, 0.315774920186, 0.914648222438, 0.0280741708545, 0.190463281603, 0.795185406987, 0.692024984344, 0.398207046945, 0.479406393134, 0.338829056957, 0.981879036056, 0.231394720556, 0.707550364549, 0.925187753331, 0.101004959757, 0.199287860161, 15.4515496773
0.598139328054, 0.0821808091018, 0.444255958731, 0.115020039824, 0.988151143148, 0.316223341489, 0.928361585636, 0.999030985603, 0.499948547594, 0.896708370846, 0.949896299232, 0.0358325481224, 0.227839529864, 0.0218919306256, 0.201856146732, 0.276401517869, 0.205469702258, 0.240603924456, 0.32125690496, 0.566859436923, 0.354905723149, 0.477800548284, 0.101004959757, 0.199287860161, 15.7413612515
0.101004959757, 0.107872633825, 0.0815676521892, 0.968013095709, 0.465931436983, 0.978979570297, 0.978613307654, 0.0247106932473, 0.819072497799, 0.603695812427, 0.914648222438, 0.154461739106, 0.190463281603, 0.0216906846636, 0.134706953736, 0.189881917736, 0.479406393134, 0.338829056957, 0.269721055891, 0.371788380138, 0.926499474382, 0.24199716857, 0.166473586672, 0.0577735891702, 20.5217451551
