0.359949759349, 0.849825997181, 2.32306095976, 0.525482081176, 42.7225824927, 4.68728095559, 0.332224464034, 4.39973324251, 32.2614808098, 155.988811929, 0.0398255159348, 0.0
0.359949759349, 0.849825997181, 2.32306095976, 0.525482081176, 42.7225824927, 4.68728095559, 0.332224464034, 4.39973324251, 32.2614808098, 155.988811929, 0.0398255159348, 0.0
0.211442005511, 0.976750461449, 2.00628028896, 0.465615583658, 89.4115074208, 41.8226804336, 0.553600176589, 1.91123496832, 42.9921703364, 119.547712926, 0.225183159301, 0.0
0.211442005511, 0.976750461449, 2.00628028896, 0.465615583658, 89.4115074208, 41.8226804336, 0.553600176589, 1.91123496832, 42.9921703364, 119.547712926, 0.225183159301, 0.0
0.359949759349, 0.849825997181, 2.32306095976, 0.527257856278, 42.7225824927, 4.68728095559, 0.332224464034, 3.46732847722, 32.2614808098, 115.343839806, 0.181560843682, 0.478260869565
0.359949759349, 0.849825997181, 2.32306095976, 0.527257856278, 42.7225824927, 4.68728095559, 0.332224464034, 3.46732847722, 32.2614808098, 115.343839806, 0.181560843682, 0.478260869565
0.132953849646, 0.860832257975, 8.43989967061, 0.478794949255, 48.2529040283, 1.77050608695, 1.57752086895, 1.10059445568, 38.459345431, 855.051663415, 0.0260042884431, 0.6375
0.132953849646, 0.860832257975, 8.43989967061, 0.478794949255, 48.2529040283, 1.77050608695, 1.57752086895, 1.10059445568, 38.459345431, 855.051663415, 0.0260042884431, 0.6375
0.473840779667, 0.928010337573, 3.13106045758, 0.644040701313, 81.8554067763, 47.2821425382, 0.854170352169, 0.976215976924, 36.7355409166, 114.322689483, 0.603131562462, 0.0
0.473840779667, 0.928010337573, 3.13106045758, 0.644040701313, 81.8554067763, 47.2821425382, 0.854170352169, 0.976215976924, 36.7355409166, 114.322689483, 0.603131562462, 0.0
0.216296871177, 0.860832257975, 8.43989967061, 0.643778309761, 48.2529040283, 2.63962610722, 1.57752086895, 0.00324833584504, 38.459345431, 533.341409012, 0.0319835403455, 0.0
0.216296871177, 0.860832257975, 8.43989967061, 0.643778309761, 48.2529040283, 2.63962610722, 1.57752086895, 0.00324833584504, 38.459345431, 533.341409012, 0.0319835403455, 0.0
0.359949759349, 0.849825997181, 2.32306095976, 0.527257856278, 42.7225824927, 4.68728095559, 0.283850390598, 3.46732847722, 32.2614808098, 154.957555052, 0.0942861443569, 0.416666666667
0.359949759349, 0.849825997181, 2.32306095976, 0.527257856278, 42.7225824927, 4.68728095559, 0.283850390598, 3.46732847722, 32.2614808098, 154.957555052, 0.0942861443569, 0.416666666667
0.359949759349, 0.849825997181, 2.32306095976, 0.527257856278, 42.7225824927, 4.68728095559, 0.283850390598, 3.86125941435, 32.2614808098, 141.237354865, 0.151988116442, 0.307692307692
0.359949759349, 0.849825997181, 2.32306095976, 0.527257856278, 42.7225824927, 4.68728095559, 0.283850390598, 3.86125941435, 32.2614808098, 141.237354865, 0.151988116442, 0.307692307692
0.63660645333, 1.01624112465, 3.49780822688, 0.483478880424, 55.879709654, 7.05195858403, 0.0869086779325, 1.18158069904, 35.3803901628, 225.77848676, 0.169596394523, 0.0666666666667
0.63660645333, 1.01624112465, 3.49780822688, 0.483478880424, 55.879709654, 7.05195858403, 0.0869086779325, 1.18158069904, 35.3803901628, 225.77848676, 0.169596394523, 0.0666666666667
0.618423789766, 1.19354665525, 2.47515282053, 0.657184356754, 89.151380845, 7.61777820254, 2.26288913247, 0.629961839421, 10.6095489736, 298.54776595, 0.154050577728, 0.00724637681159
0.618423789766, 1.19354665525, 2.47515282053, 0.657184356754, 89.151380845, 7.61777820254, 2.26288913247, 0.629961839421, 10.6095489736, 298.54776595, 0.154050577728, 0.00724637681159
0.109611367398, 0.925600566673, 2.64223993133, 0.580603164513, 50.8438434731, 4.94980558435, 3.0888445892, 2.51862533185, 17.0329938133, 392.856969898, 0.0419380336693, 0.16631130064
0.109611367398, 0.925600566673, 2.64223993133, 0.580603164513, 50.8438434731, 4.94980558435, 3.0888445892, 2.51862533185, 17.0329938133, 392.856969898, 0.0419380336693, 0.16631130064
0.100294609413, 0.925600566673, 2.64223993133, 0.580603164513, 50.8438434731, 4.94980558435, 3.0888445892, 2.51862533185, 17.0329938133, 381.859882591, 0.042646213104, 0.272268907563
0.100294609413, 0.925600566673, 2.64223993133, 0.580603164513, 50.8438434731, 4.94980558435, 3.0888445892, 2.51862533185, 17.0329938133, 381.859882591, 0.042646213104, 0.272268907563
0.359949759349, 0.849825997181, 2.32306095976, 0.527257856278, 42.7225824927, 4.68728095559, 0.332224464034, 3.46732847722, 32.2614808098, 177.95906713, 0.0923635586512, 0.35
0.359949759349, 0.849825997181, 2.32306095976, 0.527257856278, 42.7225824927, 4.68728095559, 0.332224464034, 3.46732847722, 32.2614808098, 177.95906713, 0.0923635586512, 0.35
0.211442005511, 1.11133293051, 2.00628028896, 0.465615583658, 39.7511723916, 40.4354660127, 0.458775688924, 4.10504890157, 41.4826538433, 275.944051082, 0.157212321021, 0.0
0.211442005511, 1.11133293051, 2.00628028896, 0.465615583658, 39.7511723916, 40.4354660127, 0.458775688924, 4.10504890157, 41.4826538433, 275.944051082, 0.157212321021, 0.0
0.231070993264, 0.848803001728, 3.54696254703, 0.620868936685, 92.1176389942, 31.0948786943, 0.860530851792, 0.225033538548, 11.9007353636, 169.578623471, 0.220383328193, 0.0
0.231070993264, 0.848803001728, 3.54696254703, 0.620868936685, 92.1176389942, 31.0948786943, 0.860530851792, 0.225033538548, 11.9007353636, 169.578623471, 0.220383328193, 0.0
0.359949759349, 0.849825997181, 7.47036064892, 0.525482081176, 96.1074786617, 4.68728095559, 0.332224464034, 3.46732847722, 40.9707628995, 480.987049669, 0.115143155917, 0.136363636364
0.359949759349, 0.849825997181, 7.47036064892, 0.525482081176, 96.1074786617, 4.68728095559, 0.332224464034, 3.46732847722, 40.9707628995, 480.987049669, 0.115143155917, 0.136363636364
0.508434779443, 0.948089782788, 6.72567735051, 0.598692319557, 99.2211104292, 5.07346615176, 0.82437387544, 4.99050933184, 1.25921904903, 330.525036862, 0.0498351103169, 0.1875
0.508434779443, 0.948089782788, 6.72567735051, 0.598692319557, 99.2211104292, 5.07346615176, 0.82437387544, 4.99050933184, 1.25921904903, 330.525036862, 0.0498351103169, 0.1875
0.299073933894, 0.826590641699, 2.78844199389, 0.62527447555, 37.6500751737, 34.6999569591, 0.187354115573, 4.08377561951, 15.0391840399, 164.517973526, 0.292047570504, 0.0
0.299073933894, 0.826590641699, 2.78844199389, 0.62527447555, 37.6500751737, 34.6999569591, 0.187354115573, 4.08377561951, 15.0391840399, 164.517973526, 0.292047570504, 0.0
0.359949759349, 0.849825997181, 2.32306095976, 0.464479552373, 96.1074786617, 4.68728095559, 0.332224464034, 3.46732847722, 40.9707628995, 125.436136865, 0.288067091144, 0.454545454545
0.359949759349, 0.849825997181, 2.32306095976, 0.464479552373, 96.1074786617, 4.68728095559, 0.332224464034, 3.46732847722, 40.9707628995, 125.436136865, 0.288067091144, 0.454545454545
0.299073933894, 0.826590641699, 2.78844199389, 0.62527447555, 37.6500751737, 15.7726520816, 0.187354115573, 4.08377561951, 17.8029746674, 131.301356347, 0.330632966333, 0.0
0.299073933894, 0.826590641699, 2.78844199389, 0.62527447555, 37.6500751737, 15.7726520816, 0.187354115573, 4.08377561951, 17.8029746674, 131.301356347, 0.330632966333, 0.0
0.33040342176, 1.00875059573, 2.93759983233, 0.439792794332, 91.5908357894, 15.5335192141, 0.796531090314, 2.2045514549, 7.04971919496, 162.726004675, 0.241473144691, 0.0769230769231
0.33040342176, 1.00875059573, 2.93759983233, 0.439792794332, 91.5908357894, 15.5335192141, 0.796531090314, 2.2045514549, 7.04971919496, 162.726004675, 0.241473144691, 0.0769230769231
0.216296871177, 0.860832257975, 8.43989967061, 0.643778309761, 48.2529040283, 2.63962610722, 1.57752086895, 0.00364780727166, 38.459345431, 621.168263898, 0.0586287536791, 0.111111111111
0.216296871177, 0.860832257975, 8.43989967061, 0.643778309761, 48.2529040283, 2.63962610722, 1.57752086895, 0.00364780727166, 38.459345431, 621.168263898, 0.0586287536791, 0.111111111111
0.359949759349, 0.849825997181, 2.32306095976, 0.525482081176, 51.2753833406, 4.68728095559, 0.332224464034, 3.46732847722, 32.2614808098, 141.990620758, 0.206270704095, 0.375
0.359949759349, 0.849825997181, 2.32306095976, 0.525482081176, 51.2753833406, 4.68728095559, 0.332224464034, 3.46732847722, 32.2614808098, 141.990620758, 0.206270704095, 0.375
0.207624119741, 1.04293134246, 7.6690216095, 0.413768152904, 18.2347558745, 2.551607931, 0.391745271057, 4.85922328193, 5.25363454949, 468.098775849, 0.0447756101242, 0.5
0.207624119741, 1.04293134246, 7.6690216095, 0.413768152904, 18.2347558745, 2.551607931, 0.391745271057, 4.85922328193, 5.25363454949, 468.098775849, 0.0447756101242, 0.5
0.167542360716, 0.820645140321, 2.93759983233, 0.475924655549, 74.5282836155, 10.1627199478, 0.796531090314, 2.2045514549, 35.3426954633, 236.367153362, 0.107989462252, 0.380952380952
0.167542360716, 0.820645140321, 2.93759983233, 0.475924655549, 74.5282836155, 10.1627199478, 0.796531090314, 2.2045514549, 35.3426954633, 236.367153362, 0.107989462252, 0.380952380952
0.508434779443, 0.899922740154, 7.92045891091, 0.598692319557, 62.1739061564, 5.07346615176, 0.82437387544, 2.16188214404, 1.25921904903, 224.617411581, 0.173616210843, 0.384615384615
0.508434779443, 0.899922740154, 7.92045891091, 0.598692319557, 62.1739061564, 5.07346615176, 0.82437387544, 2.16188214404, 1.25921904903, 224.617411581, 0.173616210843, 0.384615384615
0.223636442987, 1.0557679368, 5.45324907614, 0.439718888563, 22.426515886, 27.5606773956, 0.0280365299891, 2.83460106053, 10.9935262849, 397.770550783, 0.169816732968, 0.0
0.223636442987, 1.0557679368, 5.45324907614, 0.439718888563, 22.426515886, 27.5606773956, 0.0280365299891, 2.83460106053, 10.9935262849, 397.770550783, 0.169816732968, 0.0
0.227432961009, 0.831680295745, 7.61451638588, 0.461130722557, 17.3222750528, 26.0479229423, 0.63136285804, 0.542921326417, 35.3342403891, 375.471237796, 0.189117079902, 0.0
0.227432961009, 0.831680295745, 7.61451638588, 0.461130722557, 17.3222750528, 26.0479229423, 0.63136285804, 0.542921326417, 35.3342403891, 375.471237796, 0.189117079902, 0.0
0.639549536547, 0.925600566673, 2.52386642409, 0.580603164513, 50.8438434731, 14.0457797599, 3.0888445892, 2.09236684576, 5.3508239671, 297.464049479, 0.270298751693, 0.015873015873
0.639549536547, 0.925600566673, 2.52386642409, 0.580603164513, 50.8438434731, 14.0457797599, 3.0888445892, 2.09236684576, 5.3508239671, 297.464049479, 0.270298751693, 0.015873015873
0.639549536547, 0.925600566673, 2.52386642409, 0.580603164513, 50.8438434731, 14.0457797599, 3.0888445892, 2.09236684576, 17.0329938133, 348.142496222, 0.264471997792, 0.0
0.639549536547, 0.925600566673, 2.52386642409, 0.580603164513, 50.8438434731, 14.0457797599, 3.0888445892, 2.09236684576, 17.0329938133, 348.142496222, 0.264471997792, 0.0
0.697992331186, 0.919535238662, 5.42231766832, 0.513194426274, 24.6038542139, 5.21760307577, 0.906439306742, 4.46474224241, 12.6634775054, 323.421579538, 0.224299262512, 0.318181818182
0.697992331186, 0.919535238662, 5.42231766832, 0.513194426274, 24.6038542139, 5.21760307577, 0.906439306742, 4.46474224241, 12.6634775054, 323.421579538, 0.224299262512, 0.318181818182
0.145929173064, 1.05553356419, 3.22978601294, 0.544323742088, 39.7987452649, 4.94980558435, 3.0888445892, 2.51862533185, 23.6713114059, 537.778328684, 0.0803443888357, 0.393152302243
0.145929173064, 1.05553356419, 3.22978601294, 0.544323742088, 39.7987452649, 4.94980558435, 3.0888445892, 2.51862533185, 23.6713114059, 537.778328684, 0.0803443888357, 0.393152302243
0.207624119741, 1.04293134246, 7.6690216095, 0.413768152904, 18.2347558745, 2.551607931, 0.391745271057, 4.85922328193, 12.3331321069, 460.126852555, 0.0655533901484, 0.5625
0.207624119741, 1.04293134246, 7.6690216095, 0.413768152904, 18.2347558745, 2.551607931, 0.391745271057, 4.85922328193, 12.3331321069, 460.126852555, 0.0655533901484, 0.5625
0.880625370791, 1.04395428817, 2.72400415164, 0.622560904353, 32.9840756538, 1.76474302363, 2.51702808928, 1.68012383111, 35.2539003411, 381.498604774, 0.117024710659, 0.290476190476
0.880625370791, 1.04395428817, 2.72400415164, 0.622560904353, 32.9840756538, 1.76474302363, 2.51702808928, 1.68012383111, 35.2539003411, 381.498604774, 0.117024710659, 0.290476190476
0.508434779443, 0.822212912648, 7.92045891091, 0.670965076877, 62.1739061564, 5.07346615176, 1.68392486694, 2.16188214404, 1.25921904903, 365.789963345, 0.188712871029, 0.295774647887
0.508434779443, 0.822212912648, 7.92045891091, 0.670965076877, 62.1739061564, 5.07346615176, 1.68392486694, 2.16188214404, 1.25921904903, 365.789963345, 0.188712871029, 0.295774647887
0.299073933894, 0.826590641699, 2.78844199389, 0.62527447555, 37.6500751737, 15.7726520816, 0.187354115573, 4.74382032052, 15.0391840399, 172.005430359, 0.349959227605, 0.0
0.299073933894, 0.826590641699, 2.78844199389, 0.62527447555, 37.6500751737, 15.7726520816, 0.187354115573, 4.74382032052, 15.0391840399, 172.005430359, 0.349959227605, 0.0
0.492578633502, 0.848803001728, 3.54696254703, 0.620868936685, 76.9179677811, 40.7524663789, 0.860530851792, 0.225033538548, 11.9007353636, 156.96227074, 0.365411023196, 0.0
0.492578633502, 0.848803001728, 3.54696254703, 0.620868936685, 76.9179677811, 40.7524663789, 0.860530851792, 0.225033538548, 11.9007353636, 156.96227074, 0.365411023196, 0.0
0.769292730849, 1.18908518242, 2.47515282053, 0.594312812925, 76.0516139637, 7.61777820254, 0.865965190718, 0.629961839421, 10.6095489736, 143.8776181, 0.379408392305, 0.25
0.769292730849, 1.18908518242, 2.47515282053, 0.594312812925, 76.0516139637, 7.61777820254, 0.865965190718, 0.629961839421, 10.6095489736, 143.8776181, 0.379408392305, 0.25
0.211442005511, 0.976750461449, 2.00628028896, 0.465615583658, 39.7511723916, 41.8226804336, 0.553600176589, 0.820564183947, 42.9921703364, 145.717361526, 0.395921816254, 0.0
0.211442005511, 0.976750461449, 2.00628028896, 0.465615583658, 39.7511723916, 41.8226804336, 0.553600176589, 0.820564183947, 42.9921703364, 145.717361526, 0.395921816254, 0.0
0.854679321955, 1.19354665525, 2.47515282053, 0.657184356754, 89.151380845, 7.61777820254, 2.26288913247, 0.629961839421, 10.6095489736, 360.573018655, 0.255493053068, 0.157480314961
0.854679321955, 1.19354665525, 2.47515282053, 0.657184356754, 89.151380845, 7.61777820254, 2.26288913247, 0.629961839421, 10.6095489736, 360.573018655, 0.255493053068, 0.157480314961
0.769292730849, 1.19354665525, 2.47515282053, 0.594312812925, 76.0516139637, 7.61777820254, 0.865965190718, 0.629961839421, 10.6095489736, 176.759547941, 0.286558385205, 0.166666666667
0.769292730849, 1.19354665525, 2.47515282053, 0.594312812925, 76.0516139637, 7.61777820254, 0.865965190718, 0.629961839421, 10.6095489736, 176.759547941, 0.286558385205, 0.166666666667
0.433393012179, 1.11033521023, 4.6403182934, 0.600562324213, 63.7167007774, 2.70346314504, 3.7275408731, 0.205019680133, 2.74760292083, 739.465106316, 0.0890271645538, 0.3632
0.433393012179, 1.11033521023, 4.6403182934, 0.600562324213, 63.7167007774, 2.70346314504, 3.7275408731, 0.205019680133, 2.74760292083, 739.465106316, 0.0890271645538, 0.3632
0.33040342176, 0.926452536889, 2.93759983233, 0.475924655549, 74.5282836155, 15.5335192141, 0.796531090314, 2.2045514549, 7.04971919496, 177.001326072, 0.284223045163, 0.4375
0.33040342176, 0.926452536889, 2.93759983233, 0.475924655549, 74.5282836155, 15.5335192141, 0.796531090314, 2.2045514549, 7.04971919496, 177.001326072, 0.284223045163, 0.4375
0.508434779443, 0.899922740154, 7.92045891091, 0.670965076877, 62.1739061564, 5.07346615176, 0.82437387544, 2.16188214404, 1.25921904903, 254.838663321, 0.115634196222, 0.678571428571
0.177125224678, 0.987328545509, 2.64223993133, 0.544662914209, 43.7228863968, 27.8468368235, 3.0888445892, 2.51862533185, 36.996491784, 485.769802591, 0.202294975431, 0.0
0.433393012179, 1.12991885356, 9.76563039964, 0.525666620381, 35.4070191998, 1.40847036771, 3.9198606057, 1.02707138933, 12.5079622244, 2037.34472281, 0.0680028372616, 0.599274705349
0.433393012179, 1.12991885356, 9.76563039964, 0.525666620381, 35.4070191998, 1.40847036771, 3.9198606057, 1.02707138933, 12.5079622244, 2037.34472281, 0.0680028372616, 0.599274705349
0.492578633502, 0.848803001728, 3.58889504054, 0.620868936685, 76.9179677811, 31.0948786943, 0.860530851792, 0.225033538548, 11.9007353636, 149.259888127, 0.511967752678, 0.5
0.492578633502, 0.848803001728, 3.58889504054, 0.620868936685, 76.9179677811, 31.0948786943, 0.860530851792, 0.225033538548, 11.9007353636, 149.259888127, 0.511967752678, 0.5
