0.63489417682, 0.683954445567, 0.414198532875, 0.445941980112, 0.699464789119, 0.498077529218, 0.799461856537, 0.299670062005, 0.798382891033, 1.13264159505, 1.40724396308, 3.59216310099, 2.83353186874, 5.15579726264
0.652417214618, 0.68867975576, 0.79625743423, 0.512147241174, 0.699462427269, 0.501513302921, 0.799697032215, 0.299677691058, 0.798382891156, 2.55967533178, 2.43825324421, 1.27884619702, 2.83743937444, 4.85570256111
0.394362866269, 0.790861862647, 0.409050897863, 0.387868746375, 0.699456623955, 0.501555060189, 0.79938648577, 0.299670062005, 0.798382806236, 0.692890324197, 1.09351378975, 2.58078863219, 1.15487495291, 8.4804365207
0.651995517242, 0.844920571946, 0.408748940814, 0.346565679963, 0.699685130979, 0.498093875626, 0.795501372154, 0.299670062005, 0.798382910433, 1.24382510177, 2.345177427, 5.19145454501, 1.61159321511, 5.54678673387
0.57589123773, 0.725412588363, 0.413054780124, 0.415320960721, 0.6994625137, 0.49801665535, 0.799451151063, 0.299670062005, 0.798382891156, 1.01378343927, 1.42718038184, 3.46857636235, 2.23691368053, 5.99936626708
0.633949833056, 0.945628817651, 0.409105907512, 0.390909036452, 0.699464789119, 0.498077529218, 0.799461856537, 0.299670062005, 0.798382806412, 1.35383231058, 2.10946012918, 5.00222315454, 0.48674499282, 5.16914164429
0.65989564285, 0.68867975576, 0.705699321822, 0.416123576235, 0.699462423312, 0.501525412262, 0.702432702375, 0.299677691058, 0.798382891156, 1.61553475654, 2.26680897211, 1.61906970423, 2.48693439769, 4.11712356801
0.65989564285, 0.68867975576, 0.705699321822, 0.416123576235, 0.699462423312, 0.501525412262, 0.702432702375, 0.299677691058, 0.798382891156, 1.61553475654, 2.26680897211, 1.61906970423, 2.48693439769, 4.11712356801
0.63489417682, 0.937094052977, 0.409105907512, 0.445941980112, 0.699464789119, 0.498129630715, 0.799461856537, 0.299670062005, 0.798382806412, 1.53065508809, 1.90175351292, 4.95761593294, 0.563211811215, 5.14869854738
0.63489417682, 0.937094052977, 0.409105907512, 0.445941980112, 0.699464789119, 0.498129630715, 0.799461856537, 0.299670062005, 0.798382806412, 1.53065508809, 1.90175351292, 4.95761593294, 0.563211811215, 5.14869854738
0.63489417682, 0.937094052977, 0.409105907512, 0.445941980112, 0.699464789119, 0.498129630715, 0.799461856537, 0.299670062005, 0.798382806412, 1.53065508809, 1.90175351292, 4.95761593294, 0.563211811215, 5.14869854738
0.65989564285, 0.68867975576, 0.705699321822, 0.416123576235, 0.699462423312, 0.501525412262, 0.702432702375, 0.299677691058, 0.80016371477, 1.58858598226, 2.22899627692, 1.59206196341, 2.44544978495, 4.04844573036
0.707096392714, 0.799788400675, 0.705699321822, 0.267200667739, 0.699462423312, 0.501525412262, 0.702432702375, 0.299677691058, 0.80016371477, 1.2693666626, 3.48124520278, 1.98116712104, 1.68517102278, 3.4865897287
0.707096392714, 0.799788400675, 0.705699321822, 0.267200667739, 0.699462423312, 0.501525412262, 0.702432702375, 0.299677691058, 0.80016371477, 1.2693666626, 3.48124520278, 1.98116712104, 1.68517102278, 3.4865897287
0.639011878106, 0.58072813435, 0.622717476215, 0.411770212142, 0.699462679474, 0.498091780511, 0.79945528741, 0.299677606104, 0.798382891156, 1.34320083493, 1.91881471481, 1.97634000368, 3.78196780199, 5.09572622748
0.659458576833, 0.770060527837, 0.694374121147, 0.386170525584, 0.699462421841, 0.501525412262, 0.702432702375, 0.299677691058, 0.798382891156, 1.64841570682, 2.62020553072, 1.87881586811, 1.83561991835, 4.12241450136
0.394362866269, 0.688403703128, 0.409065487784, 0.387900583063, 0.699456491472, 0.498093671582, 0.79938648577, 0.299670062005, 0.798382806243, 0.608357890911, 0.95997667076, 2.26561038971, 1.73538149756, 8.55301347019
0.671044759242, 0.57741799037, 0.705883622994, 0.410263395414, 0.699462530124, 0.501525430387, 0.702915104984, 0.299669978764, 0.798382891043, 1.38797931876, 1.99516266826, 1.40963387123, 3.50758183441, 4.06894789887
0.671044759242, 0.57741799037, 0.705883622994, 0.410263395414, 0.699462530124, 0.501525430387, 0.702915104984, 0.299669978764, 0.798382891043, 1.38797931876, 1.99516266826, 1.40963387123, 3.50758183441, 4.06894789887
0.697386313494, 0.510326444764, 0.413241401024, 0.394007555697, 0.699464791845, 0.501512575442, 0.697596482749, 0.299677685594, 0.798382806177, 0.694831431083, 1.06866630148, 2.50397819843, 4.09477136146, 3.62859211842
0.632613236789, 0.729128923559, 0.409105907512, 0.445941980112, 0.699464806322, 0.501543197887, 0.799461856537, 0.299670062005, 0.800118339804, 1.16020683806, 1.44149223895, 3.75777662168, 2.3625424427, 5.06526551657
0.659458576833, 0.832584306737, 0.703682777339, 0.390829114884, 0.699462421841, 0.501525412262, 0.702432702375, 0.299677691058, 0.798382803608, 1.82794106824, 2.84914412994, 1.96949668332, 1.33649181772, 4.12242311236
0.65989564285, 0.68867975576, 0.705699321822, 0.466493661138, 0.699462426538, 0.501525412262, 0.70253846643, 0.299676973955, 0.798382891156, 1.819149987, 2.08047424919, 1.62627626506, 2.49800386799, 4.13544909244
0.653693246012, 0.769787025693, 0.694194595598, 0.467267455534, 0.699462421722, 0.499712638418, 0.702432702375, 0.299677691058, 0.798382891156, 1.93979177557, 2.21156041598, 1.82874649818, 1.78841193741, 4.11552010828
0.659261815385, 0.771596964281, 0.705344293886, 0.416732674511, 0.699462421723, 0.499652521828, 0.702432702375, 0.299677966693, 0.798382801337, 1.7774962962, 2.48781910842, 1.78182418606, 1.79003431048, 4.05062805896
0.395130356763, 0.790861862647, 0.409050897863, 0.387868746375, 0.699456623955, 0.501555060189, 0.70362514295, 0.299677773724, 0.798382801264, 0.63698349256, 1.00528208958, 2.37255406676, 1.06169224087, 7.7711769878
0.395130356763, 0.790861862647, 0.409050897863, 0.387868746375, 0.699456623955, 0.501555060189, 0.70362514295, 0.299677773724, 0.798382801264, 0.63698349256, 1.00528208958, 2.37255406676, 1.06169224087, 7.7711769878
0.653707583906, 0.769828127618, 0.694374121147, 0.466245256073, 0.699462421722, 0.499712638418, 0.702432702375, 0.299677691058, 0.79838280492, 1.93619871555, 2.21654855711, 1.82781442483, 1.78813560381, 4.11535834156
0.659459100877, 0.687248866585, 0.705885643131, 0.414241729465, 0.699462528808, 0.501525431004, 0.702432574618, 0.299669988667, 0.798382891153, 1.60432634488, 2.2685967113, 1.6136923664, 2.49683233462, 4.12260665404
0.659458576833, 0.832584306737, 0.577992311912, 0.390829114884, 0.699462421721, 0.501615861076, 0.702432702375, 0.299677691058, 0.798382794864, 1.50491220449, 2.34565098841, 2.81139945529, 1.33958457565, 4.13196275684
0.653693246012, 0.750424829238, 0.408267852217, 0.385784331863, 0.699462421722, 0.499692865442, 0.703973122782, 0.299678100678, 0.798382805885, 0.99541222485, 1.58481756323, 3.73971378346, 2.10187740946, 4.46162401768
0.653693246012, 0.769787025693, 0.694194595598, 0.467267455534, 0.699462421722, 0.499712638418, 0.702432702375, 0.299677691058, 0.798382891156, 1.93979177557, 2.21156041598, 1.82874649818, 1.78841193741, 4.11552010828
0.653693246012, 0.769787025693, 0.694194595598, 0.467267455534, 0.699462421722, 0.499712638418, 0.702432702375, 0.299677691058, 0.798382891156, 1.93979177557, 2.21156041598, 1.82874649818, 1.78841193741, 4.11552010828
0.659906094287, 0.768248463682, 0.705349845825, 0.416732674511, 0.699462421723, 0.499655222685, 0.702432702375, 0.299677966693, 0.798382801337, 1.77149848708, 2.4794244557, 1.7757643358, 1.81802385783, 4.0429062145
0.653693246012, 0.579068725239, 0.694194595598, 0.406974910336, 0.69946241944, 0.501509995016, 0.702432702375, 0.299677691058, 0.798382891162, 1.29410383493, 1.88570848781, 1.40076543299, 3.32967115961, 4.19060873249
0.394362866269, 0.74164143394, 0.332816662167, 0.387900583063, 0.699464907807, 0.497747793137, 0.799383260325, 0.299670062005, 0.798382806243, 0.538570509828, 0.849853569286, 2.7833144092, 1.45326882304, 8.63852455857
0.394362866269, 0.74164143394, 0.332816662167, 0.387900583063, 0.699464907807, 0.497747793137, 0.799383260325, 0.299670062005, 0.798382806243, 0.538570509828, 0.849853569286, 2.7833144092, 1.45326882304, 8.63852455857
0.456780761315, 0.624724171813, 0.409065487784, 0.387900583063, 0.699462671116, 0.498113190784, 0.701612420559, 0.29967012257, 0.798382806243, 0.538134112594, 0.849164943118, 2.00408715785, 2.03722751163, 6.45589233317
0.659898632279, 0.686229250864, 0.684167704616, 0.416733533998, 0.699462423461, 0.499652521828, 0.702432702375, 0.299677966693, 0.798382801337, 1.53486092329, 2.14821422683, 1.70021775493, 2.46145125046, 4.04305765493
0.653627400474, 0.68871926584, 0.694235570383, 0.463699899484, 0.699462421722, 0.501535787572, 0.702432702375, 0.300995679259, 0.798382891156, 1.76360574802, 2.0397285852, 1.67511490717, 2.47609699074, 4.21530195051
0.706992682984, 0.799788400675, 0.705699321822, 0.267200667739, 0.699462423312, 0.501525412262, 0.702432702375, 0.299677691058, 0.80016371477, 1.26918048476, 3.48073460902, 1.98087654354, 1.68492385898, 3.4878242416
0.706992682984, 0.799788400675, 0.705699321822, 0.267200667739, 0.699462423312, 0.501525412262, 0.702432702375, 0.299677691058, 0.80016371477, 1.26918048476, 3.48073460902, 1.98087654354, 1.68492385898, 3.4878242416
0.706992682984, 0.799788400675, 0.705699321822, 0.267200667739, 0.699462423312, 0.501525412262, 0.702432702375, 0.299677691058, 0.80016371477, 1.26918048476, 3.48073460902, 1.98087654354, 1.68492385898, 3.4878242416
0.706992682984, 0.799788400675, 0.705699321822, 0.267200667739, 0.699462423312, 0.501525412262, 0.702432702375, 0.299677691058, 0.80016371477, 1.26918048476, 3.48073460902, 1.98087654354, 1.68492385898, 3.4878242416
0.706992682984, 0.799788400675, 0.705699321822, 0.267200667739, 0.699462423312, 0.501525412262, 0.702432702375, 0.299677691058, 0.80016371477, 1.26918048476, 3.48073460902, 1.98087654354, 1.68492385898, 3.4878242416
0.515439969981, 0.686293978313, 0.564539247627, 0.465736395681, 0.69946244182, 0.499731729586, 0.700775882538, 0.299670004778, 0.798382889839, 1.05347744317, 1.20848329887, 1.74477705617, 1.83148594384, 5.48845653512
0.515439969981, 0.686293978313, 0.564539247627, 0.465736395681, 0.69946244182, 0.499731729586, 0.700775882538, 0.299670004778, 0.798382889839, 1.05347744317, 1.20848329887, 1.74477705617, 1.83148594384, 5.48845653512
0.515439969981, 0.686293978313, 0.564539247627, 0.465736395681, 0.69946244182, 0.499731729586, 0.700775882538, 0.299670004778, 0.798382889839, 1.05347744317, 1.20848329887, 1.74477705617, 1.83148594384, 5.48845653512
0.515439969981, 0.686293978313, 0.564539247627, 0.465736395681, 0.69946244182, 0.499731729586, 0.700775882538, 0.299670004778, 0.798382889839, 1.05347744317, 1.20848329887, 1.74477705617, 1.83148594384, 5.48845653512
0.515439969981, 0.686293978313, 0.564539247627, 0.465736395681, 0.69946244182, 0.499731729586, 0.700775882538, 0.299670004778, 0.798382889839, 1.05347744317, 1.20848329887, 1.74477705617, 1.83148594384, 5.48845653512
0.707098506071, 0.799788400675, 0.705699321822, 0.267200667739, 0.699462423312, 0.501525412262, 0.702432702375, 0.299677691058, 0.80016371477, 1.26937045646, 3.48125560746, 1.98117304232, 1.68517605939, 3.48656457227
0.707098506071, 0.799788400675, 0.705699321822, 0.267200667739, 0.699462423312, 0.501525412262, 0.702432702375, 0.299677691058, 0.80016371477, 1.26937045646, 3.48125560746, 1.98117304232, 1.68517605939, 3.48656457227
0.707098506071, 0.799788400675, 0.705699321822, 0.267200667739, 0.699462423312, 0.501525412262, 0.702432702375, 0.299677691058, 0.80016371477, 1.26937045646, 3.48125560746, 1.98117304232, 1.68517605939, 3.48656457227
0.605579978723, 0.726191891824, 0.607442426314, 0.467267455534, 0.699462363191, 0.499712638418, 0.702432702375, 0.299677691058, 0.798357002351, 1.48433892307, 1.69229772365, 2.05289048064, 1.97177487868, 4.69027674337
0.652557192271, 0.769669710394, 0.607442426314, 0.474973565878, 0.699462363191, 0.499712638418, 0.702432702375, 0.299677691058, 0.798357002351, 1.72320542929, 1.90479737567, 2.3445843042, 1.78734813124, 4.13164350902
0.652557192271, 0.769669710394, 0.607442426314, 0.474973565878, 0.699462363191, 0.499712638418, 0.702432702375, 0.299677691058, 0.798357002351, 1.72320542929, 1.90479737567, 2.3445843042, 1.78734813124, 4.13164350902
0.652557192271, 0.769669710394, 0.607442426314, 0.474973565878, 0.699462363191, 0.499712638418, 0.702432702375, 0.299677691058, 0.798357002351, 1.72320542929, 1.90479737567, 2.3445843042, 1.78734813124, 4.13164350902
0.515439969981, 0.686293978313, 0.649169356935, 0.410436138623, 0.69946244182, 0.501532158306, 0.700788542293, 0.299670004778, 0.798382891056, 1.08893527698, 1.56418216203, 1.43382445168, 1.86814735654, 5.59832064344
0.515439969981, 0.686293978313, 0.649169356935, 0.410436138623, 0.69946244182, 0.501532158306, 0.700788542293, 0.299670004778, 0.798382891056, 1.08893527698, 1.56418216203, 1.43382445168, 1.86814735654, 5.59832064344
0.515439969981, 0.686293978313, 0.649169356935, 0.410436138623, 0.69946244182, 0.501532158306, 0.700788542293, 0.299670004778, 0.798382891056, 1.08893527698, 1.56418216203, 1.43382445168, 1.86814735654, 5.59832064344
0.659500603925, 0.769669710394, 0.607442426314, 0.474973565878, 0.699462421936, 0.499712638418, 0.702432702375, 0.299677734269, 0.798357002351, 1.74153960093, 1.92506360826, 2.36952968234, 1.80636475391, 4.04907242859
0.659500603925, 0.769669710394, 0.607442426314, 0.474973565878, 0.699462421936, 0.499712638418, 0.702432702375, 0.299677734269, 0.798357002351, 1.74153960093, 1.92506360826, 2.36952968234, 1.80636475391, 4.04907242859
0.659500603925, 0.769669710394, 0.607442426314, 0.474973565878, 0.699462421936, 0.499712638418, 0.702432702375, 0.299677734269, 0.798357002351, 1.74153960093, 1.92506360826, 2.36952968234, 1.80636475391, 4.04907242859
0.707098506071, 0.597998633896, 0.705881619832, 0.267200667739, 0.699462423312, 0.501525412262, 0.702432702375, 0.299677691058, 0.80009138837, 0.949030108153, 2.60272040274, 1.47990127193, 3.38250085502, 3.48539539627
0.659261815385, 0.771596964281, 0.705344293886, 0.403950372667, 0.699462423449, 0.499652521828, 0.702432702375, 0.299677966693, 0.798382801337, 1.72297572569, 2.54233962558, 1.78182416378, 1.79003428809, 4.0506280083
0.717521630287, 0.770060527837, 0.694374121147, 0.262444495345, 0.699462423348, 0.501525412262, 0.702432702375, 0.299677691058, 0.798411755748, 1.21808140635, 3.42321009702, 2.04284513425, 1.99587797941, 3.41720203909
0.659763586581, 0.597998633896, 0.705901383588, 0.426444292801, 0.699462423312, 0.501525412262, 0.702432702375, 0.299677691058, 0.80009138837, 1.41327065173, 1.90080969965, 1.38074024032, 3.15606789798, 4.04865954443
0.659763586581, 0.597998633896, 0.705901383588, 0.426444292801, 0.699462423312, 0.501525412262, 0.702432702375, 0.299677691058, 0.80009138837, 1.41327065173, 1.90080969965, 1.38074024032, 3.15606789798, 4.04865954443
0.653693246012, 0.579068725239, 0.694194595598, 0.463899571002, 0.69946241944, 0.501395040812, 0.702432702375, 0.299677691058, 0.798382891162, 1.47109934776, 1.70005975588, 1.39695353185, 3.32061012985, 4.17920483444
0.972701274888, 0.597998633896, 0.705881305705, 0.263939563726, 0.699462423312, 0.501525412262, 0.702432702375, 0.299677691058, 0.80009138837, 1.2895741479, 3.59629491127, 2.03578904352, 4.65304744069, 0.324842490738
0.972701274888, 0.597998633896, 0.705881305705, 0.263939563726, 0.699462423312, 0.501525412262, 0.702432702375, 0.299677691058, 0.80009138837, 1.2895741479, 3.59629491127, 2.03578904352, 4.65304744069, 0.324842490738
0.972701274888, 0.597998633896, 0.705881305705, 0.263939563726, 0.699462423312, 0.501525412262, 0.702432702375, 0.299677691058, 0.80009138837, 1.2895741479, 3.59629491127, 2.03578904352, 4.65304744069, 0.324842490738
0.972701274888, 0.597998633896, 0.705881305705, 0.263939563726, 0.699462423312, 0.501525412262, 0.702432702375, 0.299677691058, 0.80009138837, 1.2895741479, 3.59629491127, 2.03578904352, 4.65304744069, 0.324842490738
0.972701274888, 0.597998633896, 0.705881305705, 0.263939563726, 0.699462423312, 0.501525412262, 0.702432702375, 0.299677691058, 0.80009138837, 1.2895741479, 3.59629491127, 2.03578904352, 4.65304744069, 0.324842490738
0.972701274888, 0.597998633896, 0.705881305705, 0.263939563726, 0.699462423312, 0.501525412262, 0.702432702375, 0.299677691058, 0.80009138837, 1.2895741479, 3.59629491127, 2.03578904352, 4.65304744069, 0.324842490738
0.653188216161, 0.800761765016, 0.694194595598, 0.46396818839, 0.69946241944, 0.501530549716, 0.702432702375, 0.299677691058, 0.798382891162, 2.03961571523, 2.35640919826, 1.9365293031, 1.57560835217, 4.19885708209
0.652377462413, 0.769669710394, 0.607442426314, 0.474973565878, 0.699462423825, 0.499712638418, 0.702432702375, 0.299677691058, 0.798350159485, 1.72302208043, 1.90459470546, 2.3443348407, 1.78715795761, 4.13447968159
0.652377462413, 0.769669710394, 0.607442426314, 0.474973565878, 0.699462423825, 0.499712638418, 0.702432702375, 0.299677691058, 0.798350159485, 1.72302208043, 1.90459470546, 2.3443348407, 1.78715795761, 4.13447968159
0.652377462413, 0.769669710394, 0.607442426314, 0.474973565878, 0.699462423825, 0.499712638418, 0.702432702375, 0.299677691058, 0.798350159485, 1.72302208043, 1.90459470546, 2.3443348407, 1.78715795761, 4.13447968159
0.652377462413, 0.769669710394, 0.607442426314, 0.474973565878, 0.699462423825, 0.499712638418, 0.702432702375, 0.299677691058, 0.798350159485, 1.72302208043, 1.90459470546, 2.3443348407, 1.78715795761, 4.13447968159
0.652377462413, 0.769669710394, 0.607442426314, 0.474973565878, 0.699462423825, 0.499712638418, 0.702432702375, 0.299677691058, 0.798350159485, 1.72302208043, 1.90459470546, 2.3443348407, 1.78715795761, 4.13447968159
0.652377462413, 0.769669710394, 0.607442426314, 0.474973565878, 0.699462423825, 0.499712638418, 0.702432702375, 0.299677691058, 0.798350159485, 1.72302208043, 1.90459470546, 2.3443348407, 1.78715795761, 4.13447968159
0.652377462413, 0.769669710394, 0.607442426314, 0.474973565878, 0.699462423825, 0.499712638418, 0.702432702375, 0.299677691058, 0.798350159485, 1.72302208043, 1.90459470546, 2.3443348407, 1.78715795761, 4.13447968159
0.652377462413, 0.769669710394, 0.607442426314, 0.474973565878, 0.699462423825, 0.499712638418, 0.702432702375, 0.299677691058, 0.798350159485, 1.72302208043, 1.90459470546, 2.3443348407, 1.78715795761, 4.13447968159
0.652377462413, 0.769669710394, 0.607442426314, 0.474973565878, 0.699462423825, 0.499712638418, 0.702432702375, 0.299677691058, 0.798350159485, 1.72302208043, 1.90459470546, 2.3443348407, 1.78715795761, 4.13447968159
0.652377462413, 0.769669710394, 0.607442426314, 0.474973565878, 0.699462423825, 0.499712638418, 0.702432702375, 0.299677691058, 0.798350159485, 1.72302208043, 1.90459470546, 2.3443348407, 1.78715795761, 4.13447968159
0.652554869385, 0.597998633896, 0.707064549747, 0.426444292801, 0.699462423312, 0.501497015168, 0.702432702375, 0.299677691058, 0.800084764038, 1.39909960578, 1.88175003718, 1.35924954478, 3.11928172842, 4.13139069586
0.652554869385, 0.597998633896, 0.707064549747, 0.426444292801, 0.699462423312, 0.501497015168, 0.702432702375, 0.299677691058, 0.800084764038, 1.39909960578, 1.88175003718, 1.35924954478, 3.11928172842, 4.13139069586
0.652554869385, 0.597998633896, 0.707064549747, 0.426444292801, 0.699462423312, 0.501497015168, 0.702432702375, 0.299677691058, 0.800084764038, 1.39909960578, 1.88175003718, 1.35924954478, 3.11928172842, 4.13139069586
0.652554869385, 0.597998633896, 0.707064549747, 0.426444292801, 0.699462423312, 0.501497015168, 0.702432702375, 0.299677691058, 0.800084764038, 1.39909960578, 1.88175003718, 1.35924954478, 3.11928172842, 4.13139069586
0.652554869385, 0.597998633896, 0.707064549747, 0.426444292801, 0.699462423312, 0.501497015168, 0.702432702375, 0.299677691058, 0.800084764038, 1.39909960578, 1.88175003718, 1.35924954478, 3.11928172842, 4.13139069586
0.652554869385, 0.597998633896, 0.707064549747, 0.426444292801, 0.699462423312, 0.501497015168, 0.702432702375, 0.299677691058, 0.800084764038, 1.39909960578, 1.88175003718, 1.35924954478, 3.11928172842, 4.13139069586
