0.394362866269, 0.790861862647, 0.409050897863, 0.387868746375, 0.699456623955, 0.501555060189, 0.79938648577, 0.299670062005, 0.798382806236, 0.692890324197, 1.09351378975, 2.58078863219, 1.15487495291, 8.4804365207
0.63489417682, 0.937094052977, 0.409105907512, 0.445941980112, 0.699464789119, 0.498129630715, 0.799461856537, 0.299670062005, 0.798382806412, 1.53065508809, 1.90175351292, 4.95761593294, 0.563211811215, 5.14869854738
0.639011878106, 0.58072813435, 0.622717476215, 0.411770212142, 0.699462679474, 0.498091780511, 0.79945528741, 0.299677606104, 0.798382891156, 1.34320083493, 1.91881471481, 1.97634000368, 3.78196780199, 5.09572622748
0.394362866269, 0.688403703128, 0.409065487784, 0.387900583063, 0.699456491472, 0.498093671582, 0.79938648577, 0.299670062005, 0.798382806243, 0.608357890911, 0.95997667076, 2.26561038971, 1.73538149756, 8.55301347019
0.632613236789, 0.729128923559, 0.409105907512, 0.445941980112, 0.699464806322, 0.501543197887, 0.799461856537, 0.299670062005, 0.800118339804, 1.16020683806, 1.44149223895, 3.75777662168, 2.3625424427, 5.06526551657
0.395130356763, 0.790861862647, 0.409050897863, 0.387868746375, 0.699456623955, 0.501555060189, 0.70362514295, 0.299677773724, 0.798382801264, 0.63698349256, 1.00528208958, 2.37255406676, 1.06169224087, 7.7711769878
0.395130356763, 0.790861862647, 0.409050897863, 0.387868746375, 0.699456623955, 0.501555060189, 0.70362514295, 0.299677773724, 0.798382801264, 0.63698349256, 1.00528208958, 2.37255406676, 1.06169224087, 7.7711769878
0.653707583906, 0.769828127618, 0.694374121147, 0.466245256073, 0.699462421722, 0.499712638418, 0.702432702375, 0.299677691058, 0.79838280492, 1.93619871555, 2.21654855711, 1.82781442483, 1.78813560381, 4.11535834156
0.394362866269, 0.74164143394, 0.332816662167, 0.387900583063, 0.699464907807, 0.497747793137, 0.799383260325, 0.299670062005, 0.798382806243, 0.538570509828, 0.849853569286, 2.7833144092, 1.45326882304, 8.63852455857
0.394362866269, 0.74164143394, 0.332816662167, 0.387900583063, 0.699464907807, 0.497747793137, 0.799383260325, 0.299670062005, 0.798382806243, 0.538570509828, 0.849853569286, 2.7833144092, 1.45326882304, 8.63852455857
0.515439969981, 0.686293978313, 0.564539247627, 0.465736395681, 0.69946244182, 0.499731729586, 0.700775882538, 0.299670004778, 0.798382889839, 1.05347744317, 1.20848329887, 1.74477705617, 1.83148594384, 5.48845653512
0.515439969981, 0.686293978313, 0.564539247627, 0.465736395681, 0.69946244182, 0.499731729586, 0.700775882538, 0.299670004778, 0.798382889839, 1.05347744317, 1.20848329887, 1.74477705617, 1.83148594384, 5.48845653512
0.515439969981, 0.686293978313, 0.564539247627, 0.465736395681, 0.69946244182, 0.499731729586, 0.700775882538, 0.299670004778, 0.798382889839, 1.05347744317, 1.20848329887, 1.74477705617, 1.83148594384, 5.48845653512
0.605579978723, 0.726191891824, 0.607442426314, 0.467267455534, 0.699462363191, 0.499712638418, 0.702432702375, 0.299677691058, 0.798357002351, 1.48433892307, 1.69229772365, 2.05289048064, 1.97177487868, 4.69027674337
0.515439969981, 0.686293978313, 0.649169356935, 0.410436138623, 0.69946244182, 0.501532158306, 0.700788542293, 0.299670004778, 0.798382891056, 1.08893527698, 1.56418216203, 1.43382445168, 1.86814735654, 5.59832064344
0.972701274888, 0.597998633896, 0.705881305705, 0.263939563726, 0.699462423312, 0.501525412262, 0.702432702375, 0.299677691058, 0.80009138837, 1.2895741479, 3.59629491127, 2.03578904352, 4.65304744069, 0.324842490738
0.972701274888, 0.597998633896, 0.705881305705, 0.263939563726, 0.699462423312, 0.501525412262, 0.702432702375, 0.299677691058, 0.80009138837, 1.2895741479, 3.59629491127, 2.03578904352, 4.65304744069, 0.324842490738
0.972701274888, 0.597998633896, 0.705881305705, 0.263939563726, 0.699462423312, 0.501525412262, 0.702432702375, 0.299677691058, 0.80009138837, 1.2895741479, 3.59629491127, 2.03578904352, 4.65304744069, 0.324842490738
0.652377462413, 0.769669710394, 0.607442426314, 0.474973565878, 0.699462423825, 0.499712638418, 0.702432702375, 0.299677691058, 0.798350159485, 1.72302208043, 1.90459470546, 2.3443348407, 1.78715795761, 4.13447968159
0.652377462413, 0.769669710394, 0.607442426314, 0.474973565878, 0.699462423825, 0.499712638418, 0.702432702375, 0.299677691058, 0.798350159485, 1.72302208043, 1.90459470546, 2.3443348407, 1.78715795761, 4.13447968159
0.652554869385, 0.597998633896, 0.709440208362, 0.424886492234, 0.699462441106, 0.501552763308, 0.702424088465, 0.399802297127, 0.8000933059, 1.2224691004, 1.65469720813, 1.17837815402, 2.72631795765, 3.61092252154
0.652554869385, 0.597998633896, 0.709440208362, 0.424886492234, 0.699462441106, 0.501552763308, 0.702424088465, 0.399802297127, 0.8000933059, 1.2224691004, 1.65469720813, 1.17837815402, 2.72631795765, 3.61092252154
0.652554869385, 0.597998633896, 0.709440208362, 0.424886492234, 0.699462441106, 0.501552763308, 0.702424088465, 0.399802297127, 0.8000933059, 1.2224691004, 1.65469720813, 1.17837815402, 2.72631795765, 3.61092252154
0.652554869385, 0.597998633896, 0.709398896487, 0.424911213678, 0.699462423312, 0.501497015168, 0.702424106588, 0.299677691058, 0.800084764038, 1.39816901743, 1.89232784973, 1.34793277159, 3.11815938308, 4.12990418471
0.652548208113, 0.813114886579, 0.709440208362, 0.425491627728, 0.699462440933, 0.501412927593, 0.702432754823, 0.399802297127, 0.798293919603, 1.6959234927, 2.28987406989, 1.6324314518, 1.29128538157, 3.67899739528
0.652548208113, 0.813114886579, 0.709440208362, 0.425491627728, 0.699462440933, 0.501412927593, 0.702432754823, 0.399802297127, 0.798293919603, 1.6959234927, 2.28987406989, 1.6324314518, 1.29128538157, 3.67899739528
0.707148755272, 0.513401417901, 0.413241401024, 0.268392256359, 0.699462434377, 0.501512575442, 0.697621683984, 0.299677685594, 0.798409592823, 0.482069051235, 1.31406716288, 2.55032135201, 4.11954469755, 3.50602229347
0.707148755272, 0.513401417901, 0.413241401024, 0.268392256359, 0.699462434377, 0.501512575442, 0.697621683984, 0.299677685594, 0.798409592823, 0.482069051235, 1.31406716288, 2.55032135201, 4.11954469755, 3.50602229347
0.652554869385, 0.612159519223, 0.709440208362, 0.424886492234, 0.699462441106, 0.501552763308, 0.702424088465, 0.399802297127, 0.8000933059, 1.25141773635, 1.69388120636, 1.20628269588, 2.63028078161, 3.61092252154
0.753830450487, 0.799788400675, 0.705699321822, 0.268390798257, 0.699462423312, 0.501512646434, 0.702432702375, 0.302703476525, 0.80016371477, 1.4329880338, 3.90619662939, 2.22662204526, 1.89395377578, 3.08916278906
0.753830450487, 0.799788400675, 0.705699321822, 0.268390798257, 0.699462423312, 0.501512646434, 0.702432702375, 0.302703476525, 0.80016371477, 1.4329880338, 3.90619662939, 2.22662204526, 1.89395377578, 3.08916278906
0.652377462413, 0.769669710394, 0.607442426314, 0.474973565878, 0.699462423825, 0.499712638418, 0.702432702375, 0.299677691058, 0.798350159485, 1.72302208043, 1.90459470546, 2.3443348407, 1.78715795761, 4.13447968159
0.660409013777, 0.799788400675, 0.705699321822, 0.267200667739, 0.699462434249, 0.501512772138, 0.702537703724, 0.299677691058, 0.798418348535, 1.20960231667, 3.31734114834, 1.88788977207, 1.60582976786, 4.12433023049
0.659763586581, 0.597998633896, 0.705901383588, 0.458624586767, 0.699462423312, 0.501552829725, 0.702432702375, 0.299677691058, 0.80009138837, 1.52098155917, 1.79541621595, 1.38170574504, 3.15827482899, 4.05149063443
0.704010923019, 0.765093463751, 0.694439121786, 0.429001324814, 0.699462441171, 0.501525319347, 0.702348398521, 0.399808547084, 0.798383651497, 1.69336625059, 2.25386223716, 1.73682410076, 1.74517384958, 3.12348829286
0.704010923019, 0.765093463751, 0.694439121786, 0.429001324814, 0.699462441171, 0.501525319347, 0.702348398521, 0.399808547084, 0.798383651497, 1.69336625059, 2.25386223716, 1.73682410076, 1.74517384958, 3.12348829286
0.704010923019, 0.765093463751, 0.694439121786, 0.429001324814, 0.699462441171, 0.501525319347, 0.702348398521, 0.399808547084, 0.798383651497, 1.69336625059, 2.25386223716, 1.73682410076, 1.74517384958, 3.12348829286
0.704010923019, 0.765093463751, 0.694439121786, 0.429001324814, 0.699462441171, 0.501525319347, 0.702348398521, 0.399808547084, 0.798383651497, 1.69336625059, 2.25386223716, 1.73682410076, 1.74517384958, 3.12348829286
0.704010923019, 0.765093463751, 0.694439121786, 0.429001324814, 0.699462441171, 0.501525319347, 0.702348398521, 0.399808547084, 0.798383651497, 1.69336625059, 2.25386223716, 1.73682410076, 1.74517384958, 3.12348829286
0.794785448119, 0.595845798476, 0.705746536642, 0.424886492234, 0.699462441106, 0.501552763308, 0.702424088465, 0.399802297127, 0.8000933059, 1.47583365158, 1.99764380311, 1.44822924077, 3.33832754167, 2.13275070461
0.798154160335, 0.769064514138, 0.692801082078, 0.424886492234, 0.699462423621, 0.501525624699, 0.702424088465, 0.39795331893, 0.8000933059, 1.95365125586, 2.64440326358, 2.03884983649, 1.99293648827, 2.18240730669
0.798154160335, 0.769064514138, 0.692801082078, 0.424886492234, 0.699462423621, 0.501525624699, 0.702424088465, 0.39795331893, 0.8000933059, 1.95365125586, 2.64440326358, 2.03884983649, 1.99293648827, 2.18240730669
0.798154160335, 0.769064514138, 0.692801082078, 0.424886492234, 0.699462423621, 0.501525624699, 0.702424088465, 0.39795331893, 0.8000933059, 1.95365125586, 2.64440326358, 2.03884983649, 1.99293648827, 2.18240730669
0.717521630287, 0.771164777733, 0.694374121147, 0.262444495345, 0.699462423348, 0.498181519446, 0.702432702375, 0.299677691058, 0.798411755748, 1.22956789054, 3.45549090226, 2.06210912449, 2.00215273649, 3.44448686988
0.798154160335, 0.769067780631, 0.694379845819, 0.424886492234, 0.699462421662, 0.501525624699, 0.702424088465, 0.300267701502, 0.8000933059, 2.15156166054, 2.91228880275, 2.22877257838, 2.18979609658, 2.39801650876
0.798154160335, 0.769067780631, 0.694379845819, 0.424886492234, 0.699462421662, 0.501525624699, 0.702424088465, 0.300267701502, 0.8000933059, 2.15156166054, 2.91228880275, 2.22877257838, 2.18979609658, 2.39801650876
0.798154160335, 0.769067780631, 0.694379845819, 0.424886492234, 0.699462421662, 0.501525624699, 0.702424088465, 0.300267701502, 0.8000933059, 2.15156166054, 2.91228880275, 2.22877257838, 2.18979609658, 2.39801650876
0.798154160335, 0.769067780631, 0.694379845819, 0.424886492234, 0.699462421662, 0.501525624699, 0.702424088465, 0.300267701502, 0.8000933059, 2.15156166054, 2.91228880275, 2.22877257838, 2.18979609658, 2.39801650876
0.798154160335, 0.769067780631, 0.694379845819, 0.424886492234, 0.699462421662, 0.501525624699, 0.702424088465, 0.300267701502, 0.8000933059, 2.15156166054, 2.91228880275, 2.22877257838, 2.18979609658, 2.39801650876
0.798154160335, 0.769067780631, 0.694379845819, 0.424886492234, 0.699462421662, 0.501525624699, 0.702424088465, 0.300267701502, 0.8000933059, 2.15156166054, 2.91228880275, 2.22877257838, 2.18979609658, 2.39801650876
0.798154160335, 0.769067780631, 0.694379845819, 0.424886492234, 0.699462421662, 0.501525624699, 0.702424088465, 0.300267701502, 0.8000933059, 2.15156166054, 2.91228880275, 2.22877257838, 2.18979609658, 2.39801650876
0.798154160335, 0.769067780631, 0.694379845819, 0.424886492234, 0.699462421662, 0.501525624699, 0.702424088465, 0.300267701502, 0.8000933059, 2.15156166054, 2.91228880275, 2.22877257838, 2.18979609658, 2.39801650876
0.71835516607, 0.752030914371, 0.694439121786, 0.424895824553, 0.69946242355, 0.501552318232, 0.702424070776, 0.397931674986, 0.798460389582, 1.75554342583, 2.37615974559, 1.81799499765, 1.96180926416, 3.10185727397
0.71835516607, 0.752030914371, 0.694439121786, 0.424895824553, 0.69946242355, 0.501552318232, 0.702424070776, 0.397931674986, 0.798460389582, 1.75554342583, 2.37615974559, 1.81799499765, 1.96180926416, 3.10185727397
0.71835516607, 0.752030914371, 0.694439121786, 0.424895824553, 0.69946242355, 0.501552318232, 0.702424070776, 0.397931674986, 0.798460389582, 1.75554342583, 2.37615974559, 1.81799499765, 1.96180926416, 3.10185727397
0.71835516607, 0.752030914371, 0.694439121786, 0.424895824553, 0.69946242355, 0.501552318232, 0.702424070776, 0.397931674986, 0.798460389582, 1.75554342583, 2.37615974559, 1.81799499765, 1.96180926416, 3.10185727397
0.794785448119, 0.597435063393, 0.705746536642, 0.421831179349, 0.699462441106, 0.501552763308, 0.702424088465, 0.399802297127, 0.800214913802, 1.47016810013, 2.01503681621, 1.45311888036, 3.3275516085, 2.13425890119
0.794785448119, 0.597435063393, 0.705746536642, 0.421831179349, 0.699462441106, 0.501552763308, 0.702424088465, 0.399802297127, 0.800214913802, 1.47016810013, 2.01503681621, 1.45311888036, 3.3275516085, 2.13425890119
0.794785448119, 0.597435063393, 0.705746536642, 0.421831179349, 0.699462441106, 0.501552763308, 0.702424088465, 0.399802297127, 0.800214913802, 1.47016810013, 2.01503681621, 1.45311888036, 3.3275516085, 2.13425890119
0.794785448119, 0.597435063393, 0.705746536642, 0.421831179349, 0.699462441106, 0.501552763308, 0.702424088465, 0.399802297127, 0.800214913802, 1.47016810013, 2.01503681621, 1.45311888036, 3.3275516085, 2.13425890119
0.798154160335, 0.769064514138, 0.692801082078, 0.424886492234, 0.699462423621, 0.50155217829, 0.702424088465, 0.39795331893, 0.80021171691, 1.9563934619, 2.64811503074, 2.04171162992, 1.99573383629, 2.18547060187
0.71835516607, 0.751935608817, 0.694439121786, 0.424895824553, 0.69946242355, 0.499701273776, 0.702424070776, 0.397931674986, 0.798460389582, 1.71883106793, 2.32646890586, 1.77997663705, 1.92176521367, 3.03737539754
0.71835516607, 0.751935608817, 0.694439121786, 0.424895824553, 0.69946242355, 0.499701273776, 0.702424070776, 0.397931674986, 0.798460389582, 1.71883106793, 2.32646890586, 1.77997663705, 1.92176521367, 3.03737539754
0.513477774107, 0.765093463751, 0.694439121786, 0.429001324814, 0.699462441157, 0.501525319347, 0.700768945952, 0.399808547084, 0.798383633811, 1.17458848402, 1.56337155498, 1.20473263643, 1.21052436566, 4.88269356876
0.513477774107, 0.765093463751, 0.694439121786, 0.429001324814, 0.699462441157, 0.501525319347, 0.700768945952, 0.399808547084, 0.798383633811, 1.17458848402, 1.56337155498, 1.20473263643, 1.21052436566, 4.88269356876
0.513477774107, 0.765093463751, 0.694439121786, 0.429001324814, 0.699462441157, 0.501525319347, 0.700768945952, 0.399808547084, 0.798383633811, 1.17458848402, 1.56337155498, 1.20473263643, 1.21052436566, 4.88269356876
0.513477774107, 0.765093463751, 0.694439121786, 0.429001324814, 0.699462441157, 0.501525319347, 0.700768945952, 0.399808547084, 0.798383633811, 1.17458848402, 1.56337155498, 1.20473263643, 1.21052436566, 4.88269356876
0.71835516607, 0.751935608817, 0.694439121786, 0.424895824553, 0.69946242355, 0.49954959273, 0.702424070776, 0.39799983007, 0.798460389582, 1.71615843081, 2.32285144323, 1.77720892374, 1.91877703109, 3.03265253537
0.71835516607, 0.751935608817, 0.694439121786, 0.424895824553, 0.69946242355, 0.49954959273, 0.702424070776, 0.39799983007, 0.798460389582, 1.71615843081, 2.32285144323, 1.77720892374, 1.91877703109, 3.03265253537
0.71835516607, 0.751935608817, 0.694439121786, 0.424895824553, 0.69946242355, 0.49954959273, 0.702424070776, 0.39799983007, 0.798460389582, 1.71615843081, 2.32285144323, 1.77720892374, 1.91877703109, 3.03265253537
0.71835516607, 0.751935608817, 0.694439121786, 0.424895824553, 0.69946242355, 0.49954959273, 0.702424070776, 0.39799983007, 0.798460389582, 1.71615843081, 2.32285144323, 1.77720892374, 1.91877703109, 3.03265253537
0.513477774107, 0.765093463751, 0.694439121786, 0.429001324814, 0.699462441157, 0.501525319347, 0.700768945952, 0.399808547084, 0.798383633811, 1.17458848402, 1.56337155498, 1.20473263643, 1.21052436566, 4.88269356876
0.513477774107, 0.765093463751, 0.694439121786, 0.429001324814, 0.699462441157, 0.501525319347, 0.700768945952, 0.399808547084, 0.798383633811, 1.17458848402, 1.56337155498, 1.20473263643, 1.21052436566, 4.88269356876
0.513477774107, 0.765093463751, 0.694439121786, 0.429001324814, 0.699462441157, 0.501525319347, 0.700768945952, 0.399808547084, 0.798383633811, 1.17458848402, 1.56337155498, 1.20473263643, 1.21052436566, 4.88269356876
0.798154160335, 0.771117035361, 0.45575831411, 0.424886492234, 0.699462434142, 0.501525624699, 0.702424088465, 0.299666563387, 0.8000933059, 1.41784471998, 1.91915173883, 3.98485890948, 2.17327316932, 2.40123059886
0.704010923019, 0.600060302221, 0.694439121786, 0.429001324814, 0.699462441171, 0.501525314296, 0.702348398521, 0.399808547084, 0.798383651497, 1.32810142287, 1.76769652937, 1.36218526777, 2.97124214869, 3.12348784325
0.716419038339, 0.597998633896, 0.694604054283, 0.424886492234, 0.699462441107, 0.501552763308, 0.702348186185, 0.399802297127, 0.8000933059, 1.3093452255, 1.77229010402, 1.35489985987, 2.98243692512, 2.93666015862
0.71835516607, 0.752069755151, 0.694439121786, 0.424895824553, 0.69946242355, 0.49954959273, 0.702424070776, 0.398014797589, 0.798460389582, 1.71550421478, 2.32196595002, 1.77653143468, 1.91666641325, 3.03095573257
0.71835516607, 0.752069755151, 0.694439121786, 0.424895824553, 0.69946242355, 0.49954959273, 0.702424070776, 0.398014797589, 0.798460389582, 1.71550421478, 2.32196595002, 1.77653143468, 1.91666641325, 3.03095573257
0.71835516607, 0.752069755151, 0.694439121786, 0.424895824553, 0.69946242355, 0.49954959273, 0.702424070776, 0.398014797589, 0.798460389582, 1.71550421478, 2.32196595002, 1.77653143468, 1.91666641325, 3.03095573257
0.71835516607, 0.752069755151, 0.694439121786, 0.424895824553, 0.69946242355, 0.49954959273, 0.702424070776, 0.398014797589, 0.798460389582, 1.71550421478, 2.32196595002, 1.77653143468, 1.91666641325, 3.03095573257
0.71835516607, 0.752069755151, 0.694439121786, 0.424895824553, 0.69946242355, 0.49954959273, 0.702424070776, 0.398014797589, 0.798460389582, 1.71550421478, 2.32196595002, 1.77653143468, 1.91666641325, 3.03095573257
0.707148755272, 0.513401417901, 0.682632225152, 0.267493295316, 0.699462423731, 0.501512575442, 0.697368973038, 0.299677685594, 0.800053939362, 0.788324058278, 2.15875563337, 1.37014938583, 4.09184212285, 3.48244545389
0.71835516607, 0.752069755151, 0.694439121786, 0.424895824553, 0.69946242355, 0.49954959273, 0.702424070776, 0.398014797589, 0.798460389582, 1.71550421478, 2.32196595002, 1.77653143468, 1.91666641325, 3.03095573257
0.71835516607, 0.752069755151, 0.694439121786, 0.424895824553, 0.69946242355, 0.49954959273, 0.702424070776, 0.398014797589, 0.798460389582, 1.71550421478, 2.32196595002, 1.77653143468, 1.91666641325, 3.03095573257
0.71835516607, 0.752069755151, 0.694439121786, 0.424895824553, 0.69946242355, 0.49954959273, 0.702424070776, 0.398014797589, 0.798460389582, 1.71550421478, 2.32196595002, 1.77653143468, 1.91666641325, 3.03095573257
0.71835516607, 0.752069755151, 0.694439121786, 0.424895824553, 0.69946242355, 0.49954959273, 0.702424070776, 0.398014797589, 0.798460389582, 1.71550421478, 2.32196595002, 1.77653143468, 1.91666641325, 3.03095573257
0.71835516607, 0.752069755151, 0.694439121786, 0.424895824553, 0.69946242355, 0.49954959273, 0.702424070776, 0.398014797589, 0.798460389582, 1.71550421478, 2.32196595002, 1.77653143468, 1.91666641325, 3.03095573257
0.71835516607, 0.752069755151, 0.694439121786, 0.424895824553, 0.69946242355, 0.49954959273, 0.702424070776, 0.398014797589, 0.798460389582, 1.71550421478, 2.32196595002, 1.77653143468, 1.91666641325, 3.03095573257
0.71835516607, 0.752069755151, 0.694439121786, 0.424895824553, 0.69946242355, 0.49954959273, 0.702424070776, 0.398014797589, 0.798460389582, 1.71550421478, 2.32196595002, 1.77653143468, 1.91666641325, 3.03095573257
0.71835516607, 0.752069755151, 0.694439121786, 0.424895824553, 0.69946242355, 0.49954959273, 0.702424070776, 0.398014797589, 0.798460389582, 1.71550421478, 2.32196595002, 1.77653143468, 1.91666641325, 3.03095573257
0.71835516607, 0.752069755151, 0.694439121786, 0.424895824553, 0.69946242355, 0.49954959273, 0.702424070776, 0.398014797589, 0.798460389582, 1.71550421478, 2.32196595002, 1.77653143468, 1.91666641325, 3.03095573257
