0.00230977256365, 0.363418796646, 0.111994947276, 0.404964324934, 0.983033150423, 0.17110033536, 0.288549025414, 0.482345950123, 0.93013792297, 0.995438829099, 0.956226690192, 0.887566002801, 0.701114118766, 0.935758414587, 0.621473597193, 0.532592200752, 0.197672872613, 0.378561834375, 0.292573823537, 0.420067907077, 0.287913636338, 0.557647644838, 0.13168692808, 0.918516408305, 0.00230977256365, 0.363418796646, 0.111994947276, 0.404964324934, 36.1024050042
0.0149735130995, 0.283011159674, 0.959378451544, 0.753422594141, 0.0226528768138, 0.343866512467, 0.510215101223, 0.197923034082, 0.608184277995, 0.101383172953, 0.48587429642, 0.710614070369, 0.459442374763, 0.194479427774, 0.439937415366, 0.39685235708, 0.0336244878226, 0.477334156582, 0.325717750316, 0.886049728204, 0.0903101256386, 0.280406895175, 0.296384063381, 0.118230988174, 0.0149735130995, 0.283011159674, 0.959378451544, 0.753422594141, 25.1260973027
0.00101658684972, 0.454819419324, 0.237852814116, 0.22246859496, 0.920713026887, 0.47383149396, 0.149577157262, 0.795836900332, 0.855033333213, 0.496652709188, 0.835987968568, 0.0174325615501, 0.146438387132, 0.876237569418, 0.584726889659, 0.0767181748447, 0.689393783066, 0.185576629274, 0.985264441301, 0.164654663192, 0.395854515818, 0.864860367128, 0.715015495527, 0.470160464202, 0.00101658684972, 0.454819419324, 0.237852814116, 0.22246859496, 33.8666397737
0.00284169339118, 0.305446445981, 0.132144507303, 0.168174133737, 0.246761307748, 0.0127032930303, 0.615252817548, 0.709377132913, 0.959404575014, 0.795509832997, 0.67125109269, 0.546460544857, 0.00800019978296, 0.00891338689812, 0.288389595597, 0.175371793814, 0.819482381563, 0.463886871704, 0.500761563167, 0.461084155806, 0.0445462740024, 0.850434531474, 0.824941202183, 0.0948914797553, 0.00284169339118, 0.305446445981, 0.132144507303, 0.168174133737, 30.2563261759
0.0281437645324, 0.812772910567, 0.117299964969, 0.0396555730312, 0.44174448163, 0.177112090182, 0.844653206461, 0.492890024794, 0.928932453919, 0.240965622052, 0.0156469645947, 0.888877285611, 0.288994468448, 0.58107167647, 0.156492928481, 0.326544539437, 0.924078043312, 0.185148172807, 0.304524267262, 0.80687298523, 0.888867133935, 0.677821285051, 0.131824436667, 0.44108279245, 0.0281437645324, 0.812772910567, 0.117299964969, 0.0396555730312, 31.4919659464
0.0726159564904, 0.0799448726361, 0.026122686571, 0.679280625863, 0.504065348099, 0.865467901243, 0.535149661866, 0.119407732662, 0.0553747723812, 0.628122418839, 0.707492823949, 0.622197664177, 0.973526433208, 0.406061304931, 0.851507086717, 0.965297317907, 0.933664597903, 0.635042378566, 0.472303310991, 0.633717469705, 0.178779739452, 0.257516470166, 0.330985058428, 0.156261194742, 0.0726159564904, 0.0799448726361, 0.026122686571, 0.679280625863, 34.1229553369
0.614616700552, 0.295978002639, 0.271700840029, 0.0603315750778, 0.803353677488, 0.403480843842, 0.816237823172, 0.729837889557, 0.40699020134, 0.858359249793, 0.670368619207, 0.4611592448, 0.106193280051, 0.598387206691, 0.981732583894, 0.0506626334106, 0.45952854581, 0.761769866528, 0.673851137429, 0.415967565295, 0.411957503315, 0.655649861786, 0.304211671002, 0.597703172807, 0.614616700552, 0.295978002639, 0.271700840029, 0.0603315750778, 34.8273191773
0.292848029852, 0.00615584413525, 0.146962575415, 0.288761495249, 0.217638938724, 0.0515452041037, 0.106608151187, 0.708080859246, 0.271240658467, 0.503087462825, 0.746929604417, 0.444478755278, 0.597214557846, 0.802731946878, 0.0527448012796, 0.581032121375, 0.236772526511, 0.759929660598, 0.405114382104, 0.171272401814, 0.322631502606, 0.91869929208, 0.199977048853, 0.282685031814, 0.292848029852, 0.00615584413525, 0.146962575415, 0.288761495249, 28.6260236271
0.0281437645324, 0.656541227075, 0.11803086312, 0.0396555730312, 0.435103405513, 0.196648151198, 0.818040605434, 0.492890024794, 0.031558612679, 0.240798383132, 0.527041658813, 0.151529359049, 0.499856389683, 0.297718948317, 0.226432374529, 0.326544539437, 0.926390109947, 0.477799383926, 0.508624545511, 0.877739318138, 0.883598845908, 0.677821285051, 0.135707362145, 0.409903597731, 0.0281437645324, 0.656541227075, 0.11803086312, 0.0396555730312, 30.3715769616
0.939162147063, 0.163792096824, 0.490559230358, 0.00746537952307, 0.595467729772, 0.83398395378, 0.632603879115, 0.677686778525, 0.640901683646, 0.428297342105, 0.347092191929, 0.0454005219315, 0.377865569262, 0.916463808732, 0.141242270787, 0.357062890533, 0.686530260324, 0.767444462405, 0.201848616217, 0.401251717412, 0.421672173422, 0.449713470777, 0.22815507112, 0.429994360091, 0.939162147063, 0.163792096824, 0.490559230358, 0.00746537952307, 31.1583623295
0.175131244871, 0.655625752102, 0.0297385018309, 0.398996391566, 0.710186650762, 0.767237068496, 0.21510965368, 0.256768285892, 0.0567966268541, 0.389946904167, 0.527145122545, 0.504134952187, 0.894863492879, 0.762888207936, 0.993477684867, 0.381388482248, 0.769332739549, 0.743238593465, 0.867764525286, 0.896506884873, 0.0607711972597, 0.633081048864, 0.615180141692, 0.774720098027, 0.175131244871, 0.655625752102, 0.0297385018309, 0.398996391566, 36.3109402576
0.489262113058, 0.00563247883014, 0.421347972637, 0.0503285944927, 0.0466507211441, 0.091444493597, 0.863306177309, 0.318155158209, 0.581646037343, 0.759285668362, 0.59139430416, 0.447125691732, 0.260350395012, 0.743232164827, 0.839501806678, 0.410523487798, 0.23633489651, 0.493469413565, 0.278677602883, 0.858630428985, 0.286365556917, 0.642431808206, 0.532958176731, 0.0559555948592, 0.489262113058, 0.00563247883014, 0.421347972637, 0.0503285944927, 30.9669483564
0.936194094229, 0.463622335953, 0.0756930450602, 0.653713848702, 0.377870119494, 0.0204585041979, 0.492521209136, 0.11936073485, 0.144902725865, 0.582131292567, 0.694396085084, 0.529479894591, 0.788798326967, 0.463085765519, 0.223132682296, 0.277759406407, 0.294882611191, 0.254898652984, 0.591524660217, 0.580360889242, 0.380268660104, 0.075644432358, 0.0630271955245, 0.192615452437, 0.936194094229, 0.463622335953, 0.0756930450602, 0.653713848702, 25.660870625
0.00701666698005, 0.00984479476941, 0.0859391759591, 0.120841387905, 0.306267236541, 0.0913013240235, 0.192948604266, 0.255576418009, 0.0687630702289, 0.302555646753, 0.633177073577, 0.84264184448, 0.264409831354, 0.743879259074, 0.0475346016468, 0.0753917309398, 0.239709236503, 0.17441973807, 0.129850555467, 0.825114894793, 0.286524001063, 0.745652867717, 0.550235660623, 0.0575887620704, 0.00701666698005, 0.00984479476941, 0.0859391759591, 0.120841387905, 25.3010536383
0.436323289363, 0.81326139467, 0.0308346644622, 0.996683305651, 0.515365358335, 0.277727260688, 0.694186470801, 0.937107385862, 0.354542106986, 0.144367736593, 0.217658516186, 0.0835815260237, 0.202089862245, 0.100455172109, 0.411725523574, 0.366895076689, 0.979200159191, 0.812946675291, 0.622667501265, 0.0471343942284, 0.995797460104, 0.133828627348, 0.186401705626, 0.0923719444956, 0.436323289363, 0.81326139467, 0.0308346644622, 0.996683305651, 27.8306862903
0.489262113058, 0.00563247883014, 0.420975915101, 0.0503285944927, 0.0466507211441, 0.091444493597, 0.863306177309, 0.732154068328, 0.584151011113, 0.759285668362, 0.59139430416, 0.447125691732, 0.260350395012, 0.744047822822, 0.839501806678, 0.410523487798, 0.146532909075, 0.757217154998, 0.238025916343, 0.858630428985, 0.286365556917, 0.642431808206, 0.532958176731, 0.0559555948592, 0.489262113058, 0.00563247883014, 0.420975915101, 0.0503285944927, 32.2043181478
0.162256642386, 0.672510717767, 0.0890440859423, 0.787771075917, 0.815006089548, 0.31630608537, 0.0803243592849, 0.845325299583, 0.0929396777981, 0.108173736782, 0.514424865628, 0.0025950123605, 0.0783948865322, 0.84350536594, 0.128607165496, 0.191212147523, 0.539994414159, 0.578432778985, 0.0166183818266, 0.683870463107, 0.0138009691143, 0.321270756014, 0.695735994063, 0.0478333538361, 0.162256642386, 0.672510717767, 0.0890440859423, 0.787771075917, 25.0495676908
0.001659633841, 0.443159115507, 0.209049600774, 0.287333887973, 0.862166002176, 0.203424840213, 0.758669311347, 0.822984104645, 0.863416337427, 0.318310982459, 0.488560582549, 0.572758411468, 0.771623829002, 0.225163057581, 0.568928275627, 0.876616228165, 0.438950709122, 0.319847577253, 0.144223082401, 0.407734498642, 0.334322216783, 0.500544472394, 0.014455511385, 0.336530342098, 0.001659633841, 0.443159115507, 0.209049600774, 0.287333887973, 31.9183835543
0.00246705740028, 0.35451761975, 0.928335892857, 0.2173151857, 0.0990169962923, 0.322607935078, 0.27269413866, 0.0863694977461, 0.705051637018, 0.284796463063, 0.184668366749, 0.696808824056, 0.701114118766, 0.935758414587, 0.842758920632, 0.894425327901, 0.288680412142, 0.378828199714, 0.150088822723, 0.118810478771, 0.57603207288, 0.515598411528, 0.72845302014, 0.930825774033, 0.00246705740028, 0.35451761975, 0.928335892857, 0.2173151857, 31.3597813882
0.753490874019, 0.839285820359, 0.831155171645, 0.990114841559, 0.397393885637, 0.0704039634827, 0.380391419415, 0.146595821873, 0.617899047205, 0.488858333105, 0.883063075057, 0.140451389807, 0.648330140699, 0.496039385542, 0.0282744226173, 0.204246331097, 0.209905215944, 0.0261554362836, 0.3225595223, 0.670265577093, 0.808083569944, 0.173087702194, 0.136434760734, 0.217193998956, 0.753490874019, 0.839285820359, 0.831155171645, 0.990114841559, 24.8066489302
0.00163897776039, 0.454819419324, 0.237611923772, 0.17850692946, 0.920713026887, 0.49511834802, 0.135376426769, 0.796311088891, 0.85775304363, 0.491450598863, 0.486918899574, 0.187750682034, 0.248111734153, 0.222525027226, 0.993910599935, 0.084888575904, 0.705373947013, 0.276016377666, 0.848087917481, 0.894799153435, 0.125293465154, 0.864860367128, 0.71561044875, 0.476859304778, 0.00163897776039, 0.454819419324, 0.237611923772, 0.17850692946, 34.1666736594
0.00284169339118, 0.367580117035, 0.640734060579, 0.782314627731, 0.237290414528, 0.777499117572, 0.615252817548, 0.711063974552, 0.00541453200574, 0.795509832997, 0.67125109269, 0.546460544857, 0.00800019978296, 0.754819023487, 0.288389595597, 0.173022148526, 0.675778021507, 0.14792301764, 0.500761563167, 0.457339332007, 0.0445462740024, 0.878300698023, 0.437930748703, 0.0992857804677, 0.00284169339118, 0.367580117035, 0.640734060579, 0.782314627731, 29.3851504154
0.292848029852, 0.0511789119923, 0.0301573925027, 0.919413179192, 0.217638938724, 0.0490926729771, 0.423132457047, 0.708080859246, 0.280124952177, 0.49822559825, 0.741720721496, 0.510220564155, 0.597185450534, 0.801305177825, 0.534988917709, 0.580724826033, 0.236004782526, 0.683613567793, 0.405114382104, 0.173708286991, 0.322086050701, 0.405933148604, 0.201413756981, 0.282685031814, 0.292848029852, 0.0511789119923, 0.0301573925027, 0.919413179192, 29.0323074105
0.0149735130995, 0.283011159674, 0.959378451544, 0.754933469298, 0.0226528768138, 0.340675035069, 0.510215101223, 0.197923034082, 0.608184277995, 0.101383172953, 0.219780254603, 0.710614070369, 0.20377146763, 0.194479427774, 0.439937415366, 0.39685235708, 0.0336244878226, 0.47578673179, 0.325717750316, 0.901697356434, 0.0661366198603, 0.282319921162, 0.26359190215, 0.118230988174, 0.0149735130995, 0.283011159674, 0.959378451544, 0.754933469298, 23.8744199441
0.491920146408, 0.00589874207819, 0.174976584282, 0.217507677808, 0.0466507211441, 0.775953776452, 0.935559461497, 0.383162179892, 0.0690755291448, 0.304612573187, 0.59139430416, 0.696674504884, 0.621367402034, 0.503414041295, 0.0338127487175, 0.402395173635, 0.23633489651, 0.494143338635, 0.278677602883, 0.858630428985, 0.277658031352, 0.642431808206, 0.528500849848, 0.186560724993, 0.491920146408, 0.00589874207819, 0.174976584282, 0.217507677808, 29.7865015905
0.821982112584, 0.423210016435, 0.180905827199, 0.632366492864, 0.60842523308, 0.589793106789, 0.48946156591, 0.444641677582, 0.013012608938, 0.105926333191, 0.54382599887, 0.00780428425886, 0.0786230208643, 0.462153137484, 0.29941041983, 0.081993074603, 0.420624031801, 0.256249519757, 0.529154072379, 0.573314395687, 0.325755033563, 0.311787745708, 0.145400958254, 0.550526307937, 0.821982112584, 0.423210016435, 0.180905827199, 0.632366492864, 24.9095362533
0.321466797608, 0.0788577695044, 0.999308514013, 0.0831293330852, 0.800965011538, 0.843731745421, 0.280720497311, 0.250869728993, 0.00530525551175, 0.303126099689, 0.623895852043, 0.572040517711, 0.495343515948, 0.499368004777, 0.851610025904, 0.305350035173, 0.677516238653, 0.126404264783, 0.922400654807, 0.658833106678, 0.406969463831, 0.0705607612155, 0.831601308987, 0.238012575996, 0.321466797608, 0.0788577695044, 0.999308514013, 0.0831293330852, 31.6017277091
0.484486705118, 0.162524317308, 0.0183759290252, 0.788000709463, 0.681769434228, 0.779344757889, 0.42391521142, 0.268014894178, 0.0898422222456, 0.351917883713, 0.62772378523, 0.171613141949, 0.893191352845, 0.806670307695, 0.991535655816, 0.0879168055303, 0.774521290756, 0.745196320882, 0.508807167794, 0.426777785192, 0.0573134071481, 0.631203231557, 0.529427501156, 0.730525362479, 0.484486705118, 0.162524317308, 0.0183759290252, 0.788000709463, 33.362334904
0.00051587616168, 0.198412818792, 0.0859391759591, 0.448021348302, 0.31160738776, 0.395246235632, 0.189829867754, 0.792061253506, 0.587021963077, 0.250599931342, 0.625259354286, 0.836839045132, 0.238429756329, 0.379772081356, 0.912287024794, 0.0682932967943, 0.68936129463, 0.17441973807, 0.129850555467, 0.820990734628, 0.284536827464, 0.875069915973, 0.605212465825, 0.478794322648, 0.00051587616168, 0.198412818792, 0.0859391759591, 0.448021348302, 31.5704725436
0.00236327846775, 0.00775426326743, 0.0749379169335, 0.448021348302, 0.313874224383, 0.395246235632, 0.276296895123, 0.792061253506, 0.734348423461, 0.256545653303, 0.737217075638, 0.837466590942, 0.246205841685, 0.379772081356, 0.917331041629, 0.0100024370083, 0.68936129463, 0.490149464749, 0.129850555467, 0.821238758769, 0.284669691878, 0.873138580362, 0.534190238848, 0.478794322648, 0.00236327846775, 0.00775426326743, 0.0749379169335, 0.448021348302, 32.9018623718
0.483619833773, 0.337006268, 0.188252817655, 0.0318072234269, 0.939920410087, 0.715322057158, 0.426070044244, 0.493519583822, 0.079116370107, 0.710670927337, 0.339666863043, 0.525451496963, 0.818719069523, 0.573168711156, 0.228295498596, 0.296619378681, 0.924324176828, 0.801425728637, 0.261809328182, 0.807704539462, 0.0572910680825, 0.634133315797, 0.0169854881177, 0.405399997852, 0.483619833773, 0.337006268, 0.188252817655, 0.0318072234269, 32.4547336628
0.292848029852, 0.0511789119923, 0.0302305261014, 0.919413179192, 0.219857554778, 0.0490926729771, 0.0337686333774, 0.714469421841, 0.285952361385, 0.948282526053, 0.741720721496, 0.510220564155, 0.796501175712, 0.746446820566, 0.534988917709, 0.280301379248, 0.236004782526, 0.68042436692, 0.592593232328, 0.172500580931, 0.321670916199, 0.0764493082112, 0.201413756981, 0.282685031814, 0.292848029852, 0.0511789119923, 0.0302305261014, 0.919413179192, 28.5260711667
0.00701666698005, 0.00720456781611, 0.0859391759591, 0.44862465231, 0.306267236541, 0.0913013240235, 0.189829867754, 0.771801228067, 0.587022777267, 0.755467889461, 0.838997687486, 0.84264184448, 0.262577388414, 0.743879259074, 0.087972814083, 0.0753917309398, 0.238854850288, 0.17441973807, 0.129850555467, 0.825114894793, 0.286524001063, 0.746387372405, 0.531577284897, 0.0575887620704, 0.00701666698005, 0.00720456781611, 0.0859391759591, 0.44862465231, 29.1776913167
0.321785534023, 0.0664754928108, 0.187835868343, 0.0318072234269, 0.938209110826, 0.716034544311, 0.284611329985, 0.490049665339, 0.979544305576, 0.710670927337, 0.620527524315, 0.525451496963, 0.818713681206, 0.57980352964, 0.228295498596, 0.296619378681, 0.924324176828, 0.802529884836, 0.261809328182, 0.809033996017, 0.0483666100001, 0.679490374112, 0.0231754436062, 0.405399997852, 0.321785534023, 0.0664754928108, 0.187835868343, 0.0318072234269, 34.8593739596
0.0221608185072, 0.455236127755, 0.96806802259, 0.754831775011, 0.433010900736, 0.0306867305644, 0.030810170677, 0.119467677949, 0.285989864726, 0.94889651206, 0.693451525126, 0.143627688431, 0.807914037781, 0.691952065014, 0.437779747831, 0.277759406407, 0.00406004811156, 0.0547927595373, 0.596356925172, 0.0382722728154, 0.0887767699403, 0.0781563580505, 0.518174148045, 0.191359185345, 0.0221608185072, 0.455236127755, 0.96806802259, 0.754831775011, 24.0796419716
0.00236327846775, 0.198412818792, 0.0749379169335, 0.448021348302, 0.315719932125, 0.395246235632, 0.189829867754, 0.792061253506, 0.047252084795, 0.251148025196, 0.739762336945, 0.837466590942, 0.238429756329, 0.379772081356, 0.918943362413, 0.0100024370083, 0.68936129463, 0.175758960223, 0.129850555467, 0.821238758769, 0.284536827464, 0.87508437887, 0.21883461714, 0.478794322648, 0.00236327846775, 0.198412818792, 0.0749379169335, 0.448021348302, 29.6547418338
0.309455499934, 0.021684916166, 0.0503409012757, 0.216770209324, 0.66899639444, 0.188507102487, 0.449919074153, 0.981524634287, 0.736694701032, 0.909987639468, 0.37534663062, 0.358038824012, 0.476375073426, 0.825490808557, 0.160418680735, 0.747556573633, 0.193003416379, 0.73323752111, 0.562737389578, 0.665480482424, 0.513026598398, 0.966716859678, 0.979721465448, 0.622912764674, 0.309455499934, 0.021684916166, 0.0503409012757, 0.216770209324, 37.0356861238
0.753490874019, 0.839285820359, 0.837850444547, 0.990288291055, 0.402771996607, 0.207248983643, 0.380391419415, 0.146595821873, 0.617899047205, 0.488858333105, 0.156571251823, 0.140451389807, 0.51060974885, 0.460250234118, 0.696037436537, 0.204246331097, 0.155858701974, 0.0261554362836, 0.225795055022, 0.357428735934, 0.799459137768, 0.172917748624, 0.136434760734, 0.217092970835, 0.753490874019, 0.839285820359, 0.837850444547, 0.990288291055, 23.5823777123
0.936194094229, 0.456929187356, 0.0814857973755, 0.670934880543, 0.433010900736, 0.0280612697474, 0.030810170677, 0.119467677949, 0.285989864726, 0.94889651206, 0.693451525126, 0.143627688431, 0.807914037781, 0.691952065014, 0.224702575034, 0.277759406407, 0.00406004811156, 0.0585873296259, 0.591524660217, 0.0382722728154, 0.380084238728, 0.0781563580505, 0.518174148045, 0.191318880203, 0.936194094229, 0.456929187356, 0.0814857973755, 0.670934880543, 24.2987968945
0.00119014165692, 0.358236340162, 0.296217182803, 0.218010198362, 0.247367737617, 0.782503388773, 0.615252817548, 0.360663372186, 0.54435520825, 0.712823203743, 0.676537274794, 0.476616534727, 0.164729798533, 0.754819023487, 0.289883840181, 0.175371793814, 0.681293156461, 0.291513806861, 0.500761563167, 0.456129270999, 0.0492617811892, 0.878300698023, 0.82672291763, 0.0908189147098, 0.00119014165692, 0.358236340162, 0.296217182803, 0.218010198362, 31.3036081626
0.0281437645324, 0.812772910567, 0.028945721398, 0.0396555730312, 0.442990232474, 0.197546286356, 0.844653206461, 0.492890024794, 0.928932453919, 0.240798383132, 0.0201744141792, 0.147889323992, 0.928773392258, 0.297718948317, 0.156492928481, 0.326544539437, 0.926390109947, 0.786995995292, 0.508624545511, 0.877660616459, 0.888867133935, 0.677821285051, 0.131824436667, 0.439348113115, 0.0281437645324, 0.812772910567, 0.028945721398, 0.0396555730312, 32.6899667482
0.292848029852, 0.0417949314492, 0.0301573925027, 0.0917443007769, 0.217638938724, 0.0490926729771, 0.495087814719, 0.708080859246, 0.280124952177, 0.486623947537, 0.741720721496, 0.509524724363, 0.597185450534, 0.801391441361, 0.534988917709, 0.58129715406, 0.236004782526, 0.664352672882, 0.404767833273, 0.0397677702239, 0.322204750729, 0.405933148604, 0.203583936934, 0.282685031814, 0.292848029852, 0.0417949314492, 0.0301573925027, 0.0917443007769, 29.1259606597
0.00248187919333, 0.194851248439, 0.196705236894, 0.448021348302, 0.31160738776, 0.395246235632, 0.165147008809, 0.792061253506, 0.587021963077, 0.249569225152, 0.625259354286, 0.570458774889, 0.238429756329, 0.379772081356, 0.0403602112296, 0.0682932967943, 0.689126834369, 0.17441973807, 0.776938001205, 0.820990734628, 0.383080477862, 0.875069915973, 0.605212465825, 0.478794322648, 0.00248187919333, 0.194851248439, 0.196705236894, 0.448021348302, 30.5804332902
0.496677110323, 0.666040218825, 0.84643677862, 0.0180611461669, 0.438520859519, 0.564175951731, 0.777415191831, 0.252789639755, 0.208724103016, 0.14881095404, 0.386450470788, 0.221334904565, 0.623725481451, 0.50382183637, 0.841109321916, 0.547751656119, 0.465766873583, 0.444053627827, 0.357423843024, 0.658487448462, 0.904185800133, 0.68216489782, 0.308798841788, 0.331453730753, 0.496677110323, 0.666040218825, 0.84643677862, 0.0180611461669, 31.2198395318
0.327687358814, 0.657706384736, 0.997297224708, 0.0844434878808, 0.213483776812, 0.868417351886, 0.280590257425, 0.250486712533, 0.638173200491, 0.2062127264, 0.630764525981, 0.0849644104669, 0.495343515948, 0.202404069044, 0.851610025904, 0.305788002707, 0.246424050227, 0.882710965761, 0.945833915616, 0.476011745814, 0.407611866633, 0.0943921808205, 0.831601308987, 0.238012575996, 0.327687358814, 0.657706384736, 0.997297224708, 0.0844434878808, 30.1292419054
0.124257368656, 0.0550758950899, 0.0497160252575, 0.361104689108, 0.649949680415, 0.832909028867, 0.814085623822, 0.444900768371, 0.0210964899402, 0.303080575292, 0.276930293733, 0.222465747074, 0.0405537252952, 0.271431656372, 0.0310698369171, 0.771970954581, 0.644276626665, 0.216011466433, 0.16561350314, 0.66731901199, 0.507988544679, 0.0531756256723, 0.147629148168, 0.49285572062, 0.124257368656, 0.0550758950899, 0.0497160252575, 0.361104689108, 26.914023887
0.238634330303, 0.852247397058, 0.0886260583601, 0.101673232275, 0.813607525431, 0.585175536493, 0.0869366751038, 0.844921933446, 0.473471752611, 0.327142808465, 0.516232825948, 0.0248620565168, 0.148336405877, 0.0585849142798, 0.576739415966, 0.828142189966, 0.793871797143, 0.579829720678, 0.022534740649, 0.874733416947, 0.169815144529, 0.802435682833, 0.130983752742, 0.725664907999, 0.238634330303, 0.852247397058, 0.0886260583601, 0.101673232275, 30.5728320226
0.951003951428, 0.626787688843, 0.175741387238, 0.015375934704, 0.765899979564, 0.274830035507, 0.838722724914, 0.380732266634, 0.739757655732, 0.864369363972, 0.263043060217, 0.797635966404, 0.620935678125, 0.44235416617, 0.140867591606, 0.833843866028, 0.985900043703, 0.104365323266, 0.201929289275, 0.66710900871, 0.663859466078, 0.26591744551, 0.20156668103, 0.229904273886, 0.951003951428, 0.626787688843, 0.175741387238, 0.015375934704, 32.6425715689
0.167927996191, 0.339650809391, 0.786065335524, 0.0332878341156, 0.934767092221, 0.384626176424, 0.836229347494, 0.652956510878, 0.920004739717, 0.696848105057, 0.904290916234, 0.251443643137, 0.771038760979, 0.581351914717, 0.124301906743, 0.642015213318, 0.790703957522, 0.330409374898, 0.692578352162, 0.64830884475, 0.0726934389638, 0.941935770587, 0.697294185582, 0.403273806635, 0.167927996191, 0.339650809391, 0.786065335524, 0.0332878341156, 37.0641827176
0.00163897776039, 0.454819419324, 0.237852814116, 0.179206003769, 0.920713026887, 0.476435181657, 0.149577157262, 0.794137643869, 0.855033333213, 0.491450598863, 0.83487337796, 0.57201652263, 0.241155070716, 0.222583662647, 0.0822745280394, 0.084888575904, 0.689393783066, 0.185576629274, 0.144201239107, 0.156645154472, 0.336155577801, 0.864860367128, 0.715015495527, 0.476133502446, 0.00163897776039, 0.454819419324, 0.237852814116, 0.179206003769, 30.728859906
0.001659633841, 0.920376814251, 0.196604795817, 0.284229824452, 0.862166002176, 0.203443336732, 0.724361367129, 0.443773337352, 0.0154441704356, 0.350106448148, 0.802760670098, 0.573119322683, 0.623957593733, 0.0650107832228, 0.577704992038, 0.880212841003, 0.392732534662, 0.321245175939, 0.631412747946, 0.341911082503, 0.244468378096, 0.0700362935054, 0.0123305220297, 0.344698224179, 0.001659633841, 0.920376814251, 0.196604795817, 0.284229824452, 28.5914100286
0.00284169339118, 0.00137294698921, 0.132144507303, 0.170464868789, 0.298107770452, 0.776758763349, 0.615252817548, 0.709377132913, 0.00541453200574, 0.795509832997, 0.672809958409, 0.546460544857, 0.00286311206239, 0.754819023487, 0.288389595597, 0.174095689953, 0.6839461265, 0.174243609051, 0.498842954972, 0.540969104683, 0.0445462740024, 0.746339377044, 0.82672291763, 0.0948914797553, 0.00284169339118, 0.00137294698921, 0.132144507303, 0.170464868789, 30.6814732943
0.174380671516, 0.0688382592317, 0.0941179185774, 0.624294826336, 0.91913170885, 0.00459548235685, 0.115074221364, 0.708358991758, 0.629519644181, 0.302473622913, 0.968927367354, 0.487694646676, 0.199018416276, 0.986122371979, 0.890998912208, 0.634986760219, 0.507236646524, 0.64559538377, 0.776755406297, 0.522538164141, 0.292083776167, 0.232501402121, 0.289466934423, 0.152973566962, 0.174380671516, 0.0688382592317, 0.0941179185774, 0.624294826336, 32.8656160444
0.164616371927, 0.358552541683, 0.295529418271, 0.219612198054, 0.358002161024, 0.321498090898, 0.272753185001, 0.357633686493, 0.516253083988, 0.712297494779, 0.184661328669, 0.480255395663, 0.155364631553, 0.265285532731, 0.0622300072087, 0.568727758272, 0.575632995709, 0.287159890325, 0.639954829716, 0.121679910139, 0.598229298794, 0.123811554618, 0.728146798123, 0.670341580085, 0.164616371927, 0.358552541683, 0.295529418271, 0.219612198054, 27.7128424029
0.175131244871, 0.296718212021, 0.118544907914, 0.398996391566, 0.710186650762, 0.411443738132, 0.219213828837, 0.793902633916, 0.0567966268541, 0.861320641149, 0.682693682353, 0.504134952187, 0.502049792783, 0.762261767856, 0.981676417472, 0.0527827056199, 0.30239775296, 0.478950712406, 0.863589979289, 0.880141755676, 0.38581450573, 0.839426495525, 0.60333044946, 0.597842608506, 0.175131244871, 0.296718212021, 0.118544907914, 0.398996391566, 35.5723160091
0.830505130277, 0.0701321005273, 0.396909224173, 0.359460644096, 0.765078808709, 0.0423177751582, 0.178408634863, 0.0218363248699, 0.0327579359595, 0.303080575292, 0.805162295766, 0.568157757469, 0.623685803714, 0.496798504179, 0.0261889063779, 0.780648456816, 0.689588791801, 0.450062398389, 0.794465558143, 0.159447565467, 0.3808948091, 0.0679010688922, 0.72153146333, 0.22543545174, 0.830505130277, 0.0701321005273, 0.396909224173, 0.359460644096, 27.8462286148
0.425750206046, 0.198393229746, 0.0859685012173, 0.118851638986, 0.228046868399, 0.393677111656, 0.923990968413, 0.250866369678, 0.0823082187915, 0.299042356646, 0.631903102353, 0.543342796991, 0.491809418669, 0.52104127502, 0.0492524541384, 0.859963507889, 0.364522472286, 0.375216654351, 0.713204287447, 0.82092333095, 0.40631487635, 0.870495498001, 0.600236937894, 0.238459104844, 0.425750206046, 0.198393229746, 0.0859685012173, 0.118851638986, 31.5523065365
0.426202229706, 0.471607877689, 0.178479731398, 0.794512148065, 0.29484623235, 0.587275104246, 0.91611890533, 0.131456541935, 0.0849683393434, 0.108774876749, 0.527145176264, 0.0868990042793, 0.0820807683398, 0.322969817845, 0.683557786682, 0.197014062946, 0.259964151343, 0.477786391464, 0.524263440321, 0.787670990973, 0.0138009691143, 0.248665849235, 0.0327909681814, 0.826583110238, 0.426202229706, 0.471607877689, 0.178479731398, 0.794512148065, 25.8017855807
0.0773873965926, 0.474294106227, 0.779617379288, 0.165088152006, 0.268840965796, 0.772591349489, 0.943527616629, 0.0850410235684, 0.259141501866, 0.785458475162, 0.227780407696, 0.145951829303, 0.583591552763, 0.584667104948, 0.0600024436861, 0.174213966864, 0.970792259574, 0.00353238139515, 0.500044713414, 0.458697385331, 0.952287634547, 0.129253768029, 0.826845907765, 0.0857853527467, 0.0773873965926, 0.474294106227, 0.779617379288, 0.165088152006, 29.4278232012
0.296691763192, 0.906239399351, 0.964580414154, 0.560533099114, 0.75653997768, 0.0710987060953, 0.300310721857, 0.848457112023, 0.279935167169, 0.485678227276, 0.887857966303, 0.000114423777124, 0.641272251849, 0.320002104959, 0.698108133681, 0.169116422155, 0.525073710139, 0.455800362125, 0.307948366899, 0.175627577019, 0.0100323262594, 0.0679010688922, 0.102684201507, 0.285080192019, 0.296691763192, 0.906239399351, 0.964580414154, 0.560533099114, 25.96706016
0.174380671516, 0.0688382592317, 0.834546420765, 0.807004303948, 0.91913170885, 0.0016536931224, 0.110618851199, 0.210475467697, 0.764596091158, 0.296037792189, 0.96708070082, 0.519796247011, 0.197967683443, 0.189052222937, 0.890998912208, 0.620544867016, 0.0652581398733, 0.383024922131, 0.776755406297, 0.351894444448, 0.68756919216, 0.569427560886, 0.301147965466, 0.243611240594, 0.174380671516, 0.0688382592317, 0.834546420765, 0.807004303948, 29.5951145076
0.0116432188219, 0.672335498206, 0.0890440859423, 0.787771075917, 0.815006089548, 0.315653157856, 0.0940064907453, 0.845325299583, 0.0849203408449, 0.108173736782, 0.514424865628, 0.0025950123605, 0.0783948865322, 0.701551205407, 0.706616505901, 0.191212147523, 0.537497622466, 0.582705463176, 0.0166183818266, 0.683870463107, 0.0138009691143, 0.323198379448, 0.791427131581, 0.823302037611, 0.0116432188219, 0.672335498206, 0.0890440859423, 0.787771075917, 28.0280808658
0.102016363524, 0.0767815267423, 0.79691934025, 0.799487167228, 0.516157684698, 0.278081384159, 0.364472326082, 0.70928118626, 0.357457981657, 0.67388433127, 0.263693402192, 0.0755921791286, 0.603502291184, 0.0244066325742, 0.903866308054, 0.364206136636, 0.989194885388, 0.857509478906, 0.595188518074, 0.38760216853, 0.665446383155, 0.490602171517, 0.60241635528, 0.252109787619, 0.102016363524, 0.0767815267423, 0.79691934025, 0.799487167228, 31.6642262555
0.338206114057, 0.163203414089, 0.0317790690968, 0.276173432053, 0.679856423508, 0.197661873404, 0.42391521142, 0.264342759298, 0.0898422222456, 0.387249928864, 0.803088963009, 0.175829558127, 0.893191352845, 0.297289582316, 0.968223352326, 0.0825666952962, 0.772888807561, 0.748476628992, 0.50890357402, 0.826251447446, 0.0586570505617, 0.633885872764, 0.183905575861, 0.162469570206, 0.338206114057, 0.163203414089, 0.0317790690968, 0.276173432053, 30.3654291448
0.00817446307253, 0.958021719277, 0.0883482493079, 0.449708426366, 0.167836612949, 0.231212992133, 0.437185801843, 0.0773849050027, 0.0881428910066, 0.255556384277, 0.83992662135, 0.462345776033, 0.379125435333, 0.69384819931, 0.774684304034, 0.0833418366305, 0.106822843992, 0.0531329584404, 0.540243052763, 0.82328305966, 0.279267981698, 0.553088427188, 0.60616071623, 0.797983459051, 0.00817446307253, 0.958021719277, 0.0883482493079, 0.449708426366, 28.2464734893
0.170671513315, 0.0768013020096, 0.843463432469, 0.290930160184, 0.91913170885, 0.203836653524, 0.484660604424, 0.70859163658, 0.267858540261, 0.296137973445, 0.968927367354, 0.519967788102, 0.603823663037, 0.0741214435334, 0.907602307235, 0.548344962108, 0.464884605595, 0.642642843099, 0.776561125347, 0.302435196326, 0.296836287191, 0.501608292246, 0.289466934423, 0.244800630769, 0.170671513315, 0.0768013020096, 0.843463432469, 0.290930160184, 31.9663788071
0.881999083714, 0.118405913089, 0.862889510752, 0.193490242153, 0.633198159833, 0.592134099104, 0.465213524813, 0.0151134537836, 0.0525015734189, 0.509382443481, 0.00132045778315, 0.754657674281, 0.59644318518, 0.238119003231, 0.702771465924, 0.355962309986, 0.100721022447, 0.904945918573, 0.841952656312, 0.4149102348, 0.0440135091417, 0.374768202856, 0.978748857227, 0.345815502888, 0.881999083714, 0.118405913089, 0.862889510752, 0.193490242153, 29.2234458485
0.672186261006, 0.283364389459, 0.959378451544, 0.753422594141, 0.0226528768138, 0.343866512467, 0.511063308631, 0.197923034082, 0.600394034588, 0.101750353126, 0.48587429642, 0.710614070369, 0.323980071952, 0.194479427774, 0.438923321463, 0.39685235708, 0.0336244878226, 0.269460639476, 0.325124832675, 0.886049728204, 0.87742528134, 0.280406895175, 0.296384063381, 0.118326348688, 0.672186261006, 0.283364389459, 0.959378451544, 0.753422594141, 25.9540205026
0.801025998458, 0.209737367461, 0.19579695069, 0.143153541145, 0.917356901749, 0.560154857311, 0.775022389646, 0.843996884463, 0.127050187029, 0.145764821875, 0.949159718776, 0.172902332778, 0.161574934206, 0.293839868449, 0.870709556336, 0.612165902582, 0.197002886431, 0.276022237663, 0.161783231255, 0.438617022409, 0.290449880713, 0.44063366175, 0.273350739463, 0.24367516075, 0.801025998458, 0.209737367461, 0.19579695069, 0.143153541145, 29.1302854463
0.87768022776, 0.844196318017, 0.287168648148, 0.0965213189933, 0.710135972033, 0.583387668461, 0.18175341903, 0.0373363998469, 0.452545705675, 0.303176875585, 0.698641478649, 0.566644114683, 0.148336405877, 0.492592058707, 0.575903881738, 0.828142189966, 0.856122809222, 0.718081304642, 0.853713858583, 0.166985367158, 0.169815144529, 0.804298495169, 0.130983752742, 0.230725598255, 0.87768022776, 0.844196318017, 0.287168648148, 0.0965213189933, 30.5200837025
0.174380671516, 0.0768013020096, 0.211986767126, 0.291390522412, 0.91913170885, 0.203836653524, 0.109210349702, 0.70859163658, 0.267858540261, 0.296137973445, 0.968927367354, 0.519967788102, 0.603823663037, 0.0741214435334, 0.890627316785, 0.629340368244, 0.389914760391, 0.643346975511, 0.776561125347, 0.323719796196, 0.290540374363, 0.500809715759, 0.289466934423, 0.244505439186, 0.174380671516, 0.0768013020096, 0.211986767126, 0.291390522412, 31.4260381353
0.0665254241734, 0.483324383818, 0.785115674402, 0.449080478406, 0.667042337566, 0.375558050254, 0.943530898856, 0.0786623559364, 0.259141501866, 0.136714300446, 0.23271458688, 0.147709573095, 0.582701875639, 0.00585802724699, 0.0600024436861, 0.222094945131, 0.970210688965, 0.231734129686, 0.540233596613, 0.722798379094, 0.952287634547, 0.239403592036, 0.82205126651, 0.674927055703, 0.0665254241734, 0.483324383818, 0.785115674402, 0.449080478406, 29.5934205289
0.902428560448, 0.604262834073, 0.862889510752, 0.193490242153, 0.540572698628, 0.800858901834, 0.465213524813, 0.0151134537836, 0.0525015734189, 0.509158467514, 0.00152480226874, 0.669590921873, 0.0292024947883, 0.238119003231, 0.702771465924, 0.355962309986, 0.100721022447, 0.904945918573, 0.564860205933, 0.11771466414, 0.0440135091417, 0.222671029787, 0.978748857227, 0.345815502888, 0.902428560448, 0.604262834073, 0.862889510752, 0.193490242153, 26.4487914006
0.974336243666, 0.268758109347, 0.16081196583, 0.102839134889, 0.719516570724, 0.206553988033, 0.352523714438, 0.581240196989, 0.466126771644, 0.935201559511, 0.734843256497, 0.796159564589, 0.53842190756, 0.628178704962, 0.733792056313, 0.713102267557, 0.214828075749, 0.488540754609, 0.880385362643, 0.598634263922, 0.861395084358, 0.00263876907811, 0.20612860615, 0.204553644118, 0.974336243666, 0.268758109347, 0.16081196583, 0.102839134889, 33.9311573632
0.328733708046, 0.454819419324, 0.237852814116, 0.179206003769, 0.903897955401, 0.473608950872, 0.180995480025, 0.0775070714182, 0.855033333213, 0.490496455806, 0.488114285768, 0.57201652263, 0.764418946389, 0.224778144163, 0.395355643015, 0.268874793858, 0.703218379879, 0.185576629274, 0.144618086827, 0.156645154472, 0.336155577801, 0.864854853466, 0.715015495527, 0.337343367698, 0.328733708046, 0.454819419324, 0.237852814116, 0.179206003769, 30.3084007955
0.391659181947, 0.337006268, 0.187835868343, 0.0318072234269, 0.939920410087, 0.716034544311, 0.845218177914, 0.493519583822, 0.979544305576, 0.710670927337, 0.339666863043, 0.525451496963, 0.818713681206, 0.57980352964, 0.228295498596, 0.296619378681, 0.924324176828, 0.802529884836, 0.261809328182, 0.807704539462, 0.0483666100001, 0.679490374112, 0.018094419111, 0.405399997852, 0.391659181947, 0.337006268, 0.187835868343, 0.0318072234269, 35.4708841574
0.906087398314, 0.638644609606, 0.854779303663, 0.193194627468, 0.540572698628, 0.0523419070688, 0.465213524813, 0.0151134537836, 0.0525015734189, 0.509158467514, 0.00152480226874, 0.669590921873, 0.0292024947883, 0.790288625419, 0.702771465924, 0.355962309986, 0.100721022447, 0.903224620125, 0.403074469004, 0.11771466414, 0.0385530816819, 0.222671029787, 0.979886304024, 0.346624219323, 0.906087398314, 0.638644609606, 0.854779303663, 0.193194627468, 25.6135846305
0.829375929177, 0.0550758950899, 0.0538713091782, 0.361104689108, 0.403263819021, 0.83322519407, 0.330892850666, 0.444900768371, 0.028742114856, 0.303080575292, 0.815579781963, 0.572823930426, 0.624259747651, 0.271431656372, 0.694954268618, 0.784401011772, 0.644276626665, 0.219138363711, 0.222051456543, 0.66731901199, 0.802003562807, 0.0685548564476, 0.149257981756, 0.486342758876, 0.829375929177, 0.0550758950899, 0.0538713091782, 0.361104689108, 30.6146339425
0.333724225215, 0.163203414089, 0.423572998028, 0.276603272047, 0.0582228101084, 0.197661873404, 0.429947961967, 0.085320261385, 0.0898422222456, 0.387774272313, 0.134009230756, 0.177554390019, 0.26074649747, 0.276994762092, 0.973399448433, 0.645626503574, 0.34076557833, 0.757378917392, 0.50890357402, 0.335324106186, 0.0586570505617, 0.633885872764, 0.737914840611, 0.162469570206, 0.333724225215, 0.163203414089, 0.423572998028, 0.276603272047, 26.0897810018
0.215147110351, 0.626787688843, 0.0880564908093, 0.717260534962, 0.607505307443, 0.221944396099, 0.83567122245, 0.0776180791112, 0.759843406006, 0.823298791032, 0.769780547487, 0.816873947135, 0.407322185755, 0.44235416617, 0.651541754386, 0.0840962130512, 0.96581898707, 0.101274671263, 0.151293270565, 0.941784420589, 0.663859466078, 0.255267298877, 0.547817604814, 0.234238165102, 0.215147110351, 0.626787688843, 0.0880564908093, 0.717260534962, 32.8423312121
0.142441862397, 0.781450903423, 0.612890927618, 0.14980599434, 0.44464981867, 0.30655816653, 0.667213755951, 0.106187324508, 0.757540213448, 0.428452267794, 0.438680968026, 0.0476324955275, 0.635883707449, 0.911876210315, 0.0853692525759, 0.102236484112, 0.159013944636, 0.700402017247, 0.208638786025, 0.0178839037082, 0.831722639915, 0.188796949205, 0.233579436138, 0.227068830504, 0.142441862397, 0.781450903423, 0.612890927618, 0.14980599434, 26.4091560945
0.821982112584, 0.423210016435, 0.149272065918, 0.631853733727, 0.460797618706, 0.834237719666, 0.489275040789, 0.445766843208, 0.013012608938, 0.386825700823, 0.79204641528, 0.171408911111, 0.622243687081, 0.462153137484, 0.297076586611, 0.081993074603, 0.420624031801, 0.255404779544, 0.016681554635, 0.576255043285, 0.328102119723, 0.311787745708, 0.148374288487, 0.550526307937, 0.821982112584, 0.423210016435, 0.149272065918, 0.631853733727, 26.7549758839
0.00300789315968, 0.358235207606, 0.290175955378, 0.851834537781, 0.407274150864, 0.0129820767149, 0.255462925402, 0.157584084854, 0.960175688534, 0.0902538787358, 0.914039356733, 0.851587734182, 0.168467870712, 0.00839039689185, 0.577938642191, 0.499066831437, 0.817563098547, 0.464785546424, 0.806621170449, 0.471319502456, 0.00258898571158, 0.881271075725, 0.859058380472, 0.0952546562201, 0.00300789315968, 0.358235207606, 0.290175955378, 0.851834537781, 30.4078407729
0.484486705118, 0.624319956331, 0.0375145483188, 0.256512172545, 0.679856423508, 0.779344757889, 0.42391521142, 0.264342759298, 0.0898422222456, 0.390791925856, 0.629386412787, 0.171613141949, 0.606764254415, 0.876696308945, 0.969132643809, 0.0868309067857, 0.965012946512, 0.748307384596, 0.20372140594, 0.662562610454, 0.0337324741944, 0.267613946971, 0.525659161249, 0.23021113898, 0.484486705118, 0.624319956331, 0.0375145483188, 0.256512172545, 31.419182311
0.373509869204, 0.117418982909, 0.272137826975, 0.0971921161753, 0.633489202809, 0.590178786376, 0.42339084195, 0.0431019193398, 0.0122695357358, 0.498151039579, 0.221338017702, 0.754848522899, 0.594512590875, 0.886638760643, 0.985673640415, 0.262032570984, 0.66532568556, 0.0228933713386, 0.841480027613, 0.415406192301, 0.391472399715, 0.373131039255, 0.43903444102, 0.722508293976, 0.373509869204, 0.117418982909, 0.272137826975, 0.0971921161753, 31.7607635023
0.817904453528, 0.911891083725, 0.100669588585, 0.560872321055, 0.75653997768, 0.00345901587897, 0.300310721857, 0.708443584786, 0.622127628009, 0.302446739048, 0.887857966303, 0.000114423777124, 0.641272251849, 0.326614924177, 0.697726642567, 0.169116422155, 0.525092103746, 0.45778385685, 0.307948366899, 0.668297512618, 0.306017323964, 0.0679010688922, 0.102684201507, 0.432312504884, 0.817904453528, 0.911891083725, 0.100669588585, 0.560872321055, 27.9193434119
0.963875335707, 0.463622335953, 0.352939090907, 0.652108396318, 0.368336041078, 0.428897437628, 0.492521209136, 0.123094036339, 0.972254994911, 0.582131292567, 0.684012724014, 0.536648661667, 0.611434515717, 0.0352566452036, 0.223132682296, 0.277759406407, 0.290270054125, 0.254898652984, 0.208933015543, 0.580360889242, 0.376007476617, 0.0507572593826, 0.0630271955245, 0.180200214365, 0.963875335707, 0.463622335953, 0.352939090907, 0.652108396318, 26.0945978966
0.315152387808, 0.355675924888, 0.871072957578, 0.132687479902, 0.698716795986, 0.319744520257, 0.214731927954, 0.0769642366382, 0.516362787217, 0.712185348715, 0.512986755683, 0.46904511054, 0.141695833936, 0.903554274646, 0.164684703376, 0.635734995757, 0.485135864114, 0.234010992978, 0.621707998817, 0.229109388095, 0.385020700963, 0.119670586084, 0.934950270888, 0.833703913156, 0.315152387808, 0.355675924888, 0.871072957578, 0.132687479902, 30.1550108339
0.32780000707, 0.163203414089, 0.998242939085, 0.276603272047, 0.679856423508, 0.197661873404, 0.42391521142, 0.2421278001, 0.0898422222456, 0.383501128438, 0.592899683428, 0.175829558127, 0.240790184706, 0.369758293935, 0.976267847629, 0.0850827106398, 0.230554499638, 0.748476628992, 0.50890357402, 0.826251447446, 0.0534204720992, 0.637149677504, 0.183905575861, 0.236145512368, 0.32780000707, 0.163203414089, 0.998242939085, 0.276603272047, 27.3116856891
0.001659633841, 0.920376814251, 0.209049600774, 0.288257342171, 0.862166002176, 0.203424840213, 0.724361367129, 0.820603894518, 0.262940097682, 0.318310982459, 0.56546680999, 0.754872209214, 0.608208743865, 0.0668098533605, 0.568928275627, 0.876616228165, 0.392732534662, 0.319847577253, 0.63339704595, 0.407734498642, 0.243917693491, 0.500544472394, 0.0123305220297, 0.546369824106, 0.001659633841, 0.920376814251, 0.209049600774, 0.288257342171, 31.2726430975
0.00173638451539, 0.363418796646, 0.865319543423, 0.404955812137, 0.983033150423, 0.207774373391, 0.482126595941, 0.0863694977461, 0.588157702708, 0.983201709075, 0.956226690192, 0.521261506934, 0.700337848208, 0.935758414587, 0.620367281526, 0.548210515666, 0.193618599273, 0.378108473502, 0.150088822723, 0.422061678264, 0.296486740148, 0.557647644838, 0.654823473887, 0.912562772749, 0.00173638451539, 0.363418796646, 0.865319543423, 0.404955812137, 34.6407490446
0.00817566345313, 0.958021719277, 0.132326316356, 0.168630373482, 0.16581587321, 0.776365881668, 0.437185801843, 0.0834763733415, 0.00610908626427, 0.255556384277, 0.670241688406, 0.462345776033, 0.379125435333, 0.678074513217, 0.774684304034, 0.082950657048, 0.102201928574, 0.0531329584404, 0.501075314257, 0.82328305966, 0.279267981698, 0.555766147319, 0.60616071623, 0.797983459051, 0.00817566345313, 0.958021719277, 0.132326316356, 0.168630373482, 28.7002790382
