0.986504777193, 0.99316991572, 0.295919373861, 0.0746820433485, 0.27302609744, 0.78334137048, 0.436473570257, 0.398348693608, 0.333428738633, 0.73027140963, 0.0508113423264, 0.737186375249, 0.772542235849, 0.364517750821, 1.01954244245, 3.35849254148e-113, 2.09828813417e-53, 1.03215346664, 0.619692664536
0.562231337343, 0.96911557105, 0.00172642774799, 0.88520320551, 0.284531536348, 0.479230327975, 0.775541698756, 0.591297968523, 0.425043994963, 0.683470619532, 0.417987293361, 0.71985714395, 0.262477719279, 0.221547034113, 1.35625390095, 1.07834733785e-05, 1.10484571609e-276, 0.0926172255809, 2.0939967668e-25
0.973082027144, 0.99998677481, 0.00425304011743, 0.0326420156607, 0.301665718736, 0.265779446448, 0.244600673841, 0.548611722337, 0.863696759505, 0.243651015965, 0.687938786837, 0.332604492174, 0.682427999068, 0.0064068738172, 0.00351079819682, 1.3158992052e-151, 4.08764970692e-240, 1.69109386107, 0.174084748228
0.99999215689, 0.0322253447413, 0.382449871188, 0.336356538727, 0.576060590127, 0.254680158465, 0.777487641946, 0.115322130332, 0.671798367593, 0.754349469591, 0.416388338556, 0.717858145125, 0.304150497853, 0.463829965312, 0.00182174253262, 1.36960189416e-50, 5.17676884958e-45, 1.8895747679e-152, 1.47926908313
0.992214239163, 0.0710460896851, 0.990640378077, 0.0145956736406, 0.293028846813, 0.286021963777, 0.611724292643, 0.697687458904, 0.415858823833, 0.4265595523, 0.358840495056, 0.360082662603, 0.414130228716, 0.156417383428, 0.810784789707, 3.3685257145e-184, 0.570749311853, 2.2204582263e-115, 0.8677001752
0.98874025768, 0.996655875305, 0.295281224395, 0.839363438692, 0.273468178494, 0.169543180263, 0.357720897728, 0.652242336013, 0.333050359352, 0.661259621471, 0.360878804511, 0.38826510946, 0.638430842298, 0.277903850754, 0.513569011411, 2.00319625774e-08, 8.51730086942e-54, 1.07104593199, 0.658533707234
0.994087137297, 0.0937734989724, 0.998938046697, 0.86243263643, 0.585380466403, 0.285626737102, 0.265868186406, 0.691098360718, 0.46632041228, 0.17525791203, 0.570430827708, 0.207595746481, 0.49224509253, 0.299092734373, 0.140838632184, 8.26722887302e-08, 0.882029249555, 2.26507211631e-103, 1.05464411354
0.996811141038, 0.281083141165, 0.000845269662329, 0.847423323906, 0.584844867085, 0.266647222066, 0.77557791237, 0.298424330077, 0.335233048344, 0.180891934854, 0.624200353824, 0.33029653825, 0.393381273517, 0.354674762758, 0.576253676866, 5.84487048518e-08, 4.53170656342e-308, 6.92171015239e-56, 1.258237353
0.992859927253, 0.281050388436, 0.00403446998995, 0.341706866853, 0.581061947997, 0.261660006963, 0.264273818407, 0.330282520509, 0.673808242577, 0.209111158814, 0.568879780328, 0.331999758183, 0.498534157699, 0.109644828016, 1.04227938873, 3.79729783966e-47, 6.20515968088e-240, 1.23743675875e-55, 1.00505209943
0.0144179611479, 0.120475409544, 0.984778539214, 0.86125715219, 0.366555446281, 0.286117135128, 0.77254919767, 0.691001164029, 0.466837907568, 0.841710153136, 0.618828409382, 0.755980817879, 0.788850566453, 0.296440540738, 1.41160645253, 7.22965642457e-07, 0.497474323248, 2.89131905335e-92, 1.82658537547e-184
0.033134670877, 0.987251016862, 0.568130443748, 0.839138258043, 0.567329540791, 0.443320736184, 0.629720929181, 0.690256169023, 0.337804403697, 0.175114837586, 0.420208167351, 0.728219969635, 0.70359258859, 0.196550546674, 1.25543445395, 4.76723007828e-08, 5.49186829922e-25, 0.583979694914, 2.32120665488e-148
0.0164614776183, 0.0477215923378, 0.972740123654, 0.0283233907363, 0.300910992825, 0.282274328451, 0.682747124489, 0.570982895116, 0.855106366983, 0.454588735414, 0.688231636374, 0.00495452428995, 0.863245241609, 0.23990706167, 1.72523952689, 4.441131662e-155, 0.171425520631, 2.02579416931e-132, 1.20777005328e-178
0.0293993254381, 0.991109994313, 0.997548451107, 0.0328652486822, 0.299187924285, 0.392805959908, 0.612901498108, 0.627531214805, 0.333366095842, 0.119255822693, 0.406224008503, 0.758043225402, 0.706666052348, 0.199123704541, 0.392280683895, 2.90675937731e-149, 1.10234015736, 0.876883972553, 1.56623378711e-153
0.0301507326703, 0.997309139708, 0.994013183696, 0.861818712222, 0.62676331246, 0.266673081896, 0.771811007121, 0.725739933061, 0.333008357697, 0.450993461153, 0.632726894928, 0.367317920008, 0.793845598841, 0.304326963753, 0.327110616532, 1.78816035983e-07, 0.381232895624, 1.29121978122, 1.85144554152e-152
0.983996493693, 0.993146712494, 0.997548451107, 0.0312694297087, 0.582412063603, 0.770741640963, 0.47446320049, 0.0706839383947, 0.333341036609, 0.841454042296, 0.406224008503, 0.733311465766, 0.7719683115, 0.195827954375, 0.368121572762, 1.87978081054e-151, 1.03445111907, 1.1074817237, 0.504636259478
0.978895141753, 0.0720901163085, 0.00636691379021, 0.533688585926, 0.393922369479, 0.663352813437, 0.756401955216, 0.583157775385, 0.412840792844, 0.417488618422, 0.622615573574, 0.576975431832, 0.868467189255, 0.168082420387, 1.36786337155, 1.15067865159e-27, 5.30957232263e-220, 1.31745326392e-114, 0.257533825135
0.71177986629, 0.991023142298, 0.991893042744, 0.0787020776584, 0.74808896182, 0.180598084108, 0.59156724803, 0.220919296498, 0.455477189819, 0.428430232688, 0.421287412006, 0.738046811785, 0.816713882706, 0.515357665728, 0.875890104569, 5.4599572613e-111, 0.731771166862, 0.8454059211, 3.82898839104e-15
0.37233122262, 0.998028963215, 0.0140566817139, 0.026743133985, 0.376519121625, 0.399441805077, 0.263481276852, 0.112761250677, 0.334997861173, 0.752526144584, 0.579211262272, 0.719654598904, 0.912032005771, 0.0154479250391, 0.494434200405, 4.08750595968e-158, 4.76990247842e-186, 1.71133952144, 3.46585742491e-43
0.993455560735, 0.991338634405, 0.00172642774799, 0.836283114046, 0.305987771138, 0.479230327975, 0.773064032579, 0.570844486157, 0.454462715165, 0.683470619532, 0.417987293361, 0.71985714395, 0.262477719279, 0.221547034113, 0.728681726876, 1.96784337983e-08, 5.93606317919e-277, 0.563373287877, 0.976569556792
0.99637714236, 0.0179189527803, 0.990463446643, 0.0272199971831, 0.605446951712, 0.280815300854, 0.682747124489, 0.570700988701, 0.558150472584, 0.454588735414, 0.407442715552, 0.00495452428995, 0.863245241609, 0.23990706167, 0.589944239574, 2.85586999927e-157, 0.405781166645, 2.41163116442e-175, 1.38172566683
0.563821909196, 0.976299125572, 0.162510232983, 0.00285016898784, 0.305987771138, 0.476211278102, 0.781270568875, 0.591432417072, 0.447093550324, 0.703814960269, 0.417987293361, 0.71985714395, 0.262477719279, 0.221877363384, 1.34504059148, 6.48509432596e-255, 2.58777528937e-79, 0.193244474162, 2.77642972028e-25
0.998796203411, 0.996919593991, 0.00412635319299, 0.831545267284, 0.299037085236, 0.783778212981, 0.65598335449, 0.732583930161, 0.327638645559, 0.246264976553, 0.574246687238, 0.922970856169, 0.638285735732, 0.378925346213, 0.108555088134, 1.66096191275e-09, 6.14341571708e-240, 0.245063814346, 1.48767875253
0.984020109772, 0.0882933805252, 0.988486375133, 0.0291377300969, 0.304952100675, 0.248223576728, 0.312349864153, 0.489419278584, 0.336454139132, 0.844986840818, 0.395441832531, 0.733070724046, 0.7028414223, 0.917237702186, 1.30941318548, 5.7381011272e-154, 0.704134338003, 9.14464161589e-106, 0.482316561244
0.70999180869, 0.0251738746171, 0.994581789587, 0.524982332129, 0.574672919751, 0.242185729346, 0.622570231876, 0.706084030852, 0.760891062695, 0.64106687237, 0.430510860176, 0.30009658595, 0.910590636123, 0.193466930033, 0.933010089956, 1.5152175727e-28, 1.20607965418, 2.98092144952e-160, 3.19652330053e-15
0.0319913152814, 0.996655875305, 0.998895192088, 0.843480383409, 0.273358094257, 0.171922805447, 0.356707295456, 0.727433226463, 0.335095099215, 0.138273435735, 0.620870319075, 0.349988511623, 0.638430842298, 0.406222173738, 0.102904163797, 6.54713811261e-09, 0.620343534587, 1.31140265158, 7.27787168081e-150
0.994971357511, 0.129844596135, 0.996437090816, 0.0295626513396, 0.303817749716, 0.799873616723, 0.552761944726, 0.471232629984, 0.770281249452, 0.495108744933, 0.638983831659, 0.733407421205, 0.706222906494, 0.195920918875, 0.374203424737, 6.97534626301e-154, 0.73391243117, 2.84664037399e-89, 1.14909493631
0.975505074187, 0.993000934014, 0.981055993584, 0.336356538727, 0.576040753029, 0.254680158465, 0.777487641946, 0.115322130332, 0.670506035796, 0.754439119143, 0.416388338556, 0.730190871383, 0.886153973605, 0.581114292199, 1.09967743106, 8.26747065278e-48, 0.259810279947, 1.11377840216, 0.209920721703
0.0309075949016, 0.982462624686, 0.999744556845, 0.818439245323, 0.301351085566, 0.432824729859, 0.771685946464, 0.651563488391, 0.341957906387, 0.835638494196, 0.641278498684, 0.345535393615, 0.498121771678, 0.353229129713, 0.0513314156205, 1.60379089079e-10, 1.29485771519, 0.355501777297, 2.14269601743e-151
0.986507190833, 0.993856000237, 0.297367809028, 0.328796460345, 0.577299461903, 0.259330483962, 0.357720897728, 0.602696639998, 0.648479911006, 0.661518256531, 0.167080900024, 0.356801568985, 0.636893009944, 0.277484046211, 0.816449520176, 6.32066197572e-49, 2.73806981776e-53, 0.925907554847, 0.527431872988
0.987669032379, 0.0221114633727, 0.0119687951335, 0.0123360001001, 0.29302798195, 0.266165252497, 0.61473921197, 0.545792153649, 0.413922525058, 0.191271163569, 0.400386956877, 0.360082662603, 0.928354955931, 0.295871913241, 1.32108990622, 2.71949756526e-191, 1.3246330476e-192, 6.00898107136e-166, 0.645044561402
0.979531871475, 0.373500782423, 0.999935898164, 0.0311481170607, 0.303829134556, 0.249024569969, 0.312349864153, 0.585767978915, 0.459948352058, 0.42577754204, 0.400405481189, 0.0296931134438, 0.700936957891, 0.324416861752, 0.0143017486196, 4.95095337294e-153, 1.42482506483, 3.79362932088e-43, 0.286763139964
0.71205858192, 0.458042447272, 0.999987633642, 0.798982521391, 0.567331911363, 0.284935868883, 0.358460335187, 0.028218547947, 0.460843349563, 0.426443621034, 0.416888953105, 0.300229312857, 0.772609686426, 0.535514349268, 0.00276197262729, 7.78156810361e-13, 1.42273156892, 2.75306397021e-34, 3.98856034796e-15
0.992600669605, 0.999170929061, 0.00172642774799, 0.836283114046, 0.308981325616, 0.479440520257, 0.775541698756, 0.553503249932, 0.457169124585, 0.683470619532, 0.308674423531, 0.719910467033, 0.690181426396, 0.203593091011, 0.124403055004, 3.3595700179e-09, 1.013425158e-277, 0.989815344793, 0.924603670207
0.979612845425, 0.634605431989, 0.994579126597, 0.0333824674865, 0.605796289404, 0.417228698199, 0.613307730564, 0.571081248313, 0.562013835741, 0.453279025201, 0.420488393146, 0.337935093802, 0.863245241609, 0.189771375221, 0.781431101061, 2.75965020814e-148, 1.00962750003, 3.56935573368e-20, 0.259130366101
0.998796203411, 0.0143549413053, 0.00412635319299, 0.075073138093, 0.299024047025, 0.776999806685, 0.65598335449, 0.667760070593, 0.328943806751, 0.661011053687, 0.575108589755, 0.922970856169, 0.68566453649, 0.37889887772, 0.258603160141, 1.4361860398e-113, 1.46350276694e-239, 2.03655345332e-185, 1.43535185371
0.984328487538, 0.0231180046252, 0.979780383172, 0.0117014692645, 0.29442591222, 0.292457051597, 0.756449053194, 0.689583774209, 0.610499683044, 0.566790598439, 0.421910609371, 0.728742865831, 0.698272827814, 0.155119379213, 1.318785842, 1.38144556228e-193, 0.272416805451, 5.25293650202e-164, 0.451775342464
0.994064822185, 0.0710460896851, 0.990640378077, 0.0145956736406, 0.293028846813, 0.286021963777, 0.611724292643, 0.697687458904, 0.415858823833, 0.42396818463, 0.358840495056, 0.360082662603, 0.414130228716, 0.156417383428, 0.69811503398, 2.9004224962e-184, 0.491435804293, 1.91189485765e-115, 1.00408039832
0.988207595467, 0.000480336424312, 0.997330579349, 0.338356639192, 0.812666247586, 0.663722874552, 0.796615307585, 0.553268665616, 0.411457359124, 0.712028462452, 0.307470598073, 0.730820997034, 0.857735652885, 0.30077949078, 0.487641326665, 6.63270434287e-48, 1.26309403077, 0.0, 0.704309638422
0.0215297607524, 0.992254205599, 0.999208074194, 0.852520929457, 0.284339083327, 0.432635301741, 0.435319274821, 0.533499473365, 0.333004484083, 0.6434016978, 0.586400225764, 0.316443857688, 0.873635466566, 0.29930091328, 0.118785506091, 2.1947664125e-08, 0.988092448172, 0.876032012962, 4.19308321583e-167
0.0038532608667, 0.992804532448, 0.00177048884374, 0.839842433006, 0.273511669662, 0.171922805447, 0.357720897728, 0.246391289415, 0.333881238291, 0.663642384383, 0.620870319075, 0.186659091841, 0.638430842298, 0.277903850754, 1.06913132369, 4.41501605937e-08, 1.0826058812e-275, 1.02217350505, 8.89145545416e-242
0.712142604884, 0.0023036986572, 0.998337928497, 0.798982521391, 0.56478714568, 0.287684615888, 0.46608392704, 0.0629264087056, 0.46115570615, 0.425874961666, 0.331426331463, 0.0297223750415, 0.772609686426, 0.406204272562, 0.37694823137, 1.06201209417e-10, 1.53556442014, 4.34171160082e-264, 4.48529420474e-15
0.0309075949016, 0.995859668254, 0.0905862122719, 0.843697524866, 0.365128502201, 0.289433425826, 0.766525321567, 0.687389325454, 0.341957906387, 0.835638494196, 0.39722192589, 0.345535393615, 0.498121771678, 0.357180352453, 0.692116376085, 4.51831500194e-08, 5.52724948639e-105, 1.17203183147, 2.17040938186e-151
0.988300957633, 0.661103643044, 0.999137341845, 0.844436822924, 0.81314375445, 0.663722874552, 0.801318652298, 0.655876812561, 0.411457359124, 0.661589488151, 0.307470598073, 0.355521482961, 0.703966407926, 0.29272260516, 0.16235701775, 1.15693045345e-08, 1.24302285895, 2.09520903021e-18, 0.659364501124
0.996811141038, 0.988467814196, 0.000845269662329, 0.847423323906, 0.584844867085, 0.266647222066, 0.77557791237, 0.298424330077, 0.335233048344, 0.182650588788, 0.624200353824, 0.732684493848, 0.397305409671, 0.352866026528, 0.5165588348, 5.23939301143e-08, 4.06226138945e-308, 0.277162417906, 1.27999515217
0.975249238851, 0.998248653853, 0.981274527985, 0.0259977136831, 0.569818811769, 0.342729801741, 0.613977984225, 0.607091548313, 0.605071000919, 0.638830815704, 0.417929740366, 0.195798122454, 0.885904791975, 0.57836835516, 0.322489473262, 1.57816013636e-159, 0.077972933624, 1.28562326631, 0.171073462776
0.978189921946, 0.0882933805252, 0.996477887605, 0.0291458376397, 0.303829134556, 0.249024569969, 0.312349864153, 0.489419278584, 0.766568991691, 0.494285465943, 0.400582913943, 0.676670108778, 0.700936957891, 0.917237702186, 0.64901323484, 2.9243379388e-154, 1.28719999819, 8.86681860198e-106, 0.25214063362
0.71177986629, 0.952548926666, 0.991893042744, 0.0787020776584, 0.305202197732, 0.913714782917, 0.178715608221, 0.220919296498, 0.454812480799, 0.499758186936, 0.421287412006, 0.761963183617, 0.816713882706, 0.515357665728, 1.20293223758, 7.49861035212e-111, 1.00500179481, 0.0190581018647, 4.22601528215e-15
0.027989168313, 0.0269359552169, 0.0119687951335, 0.0123360001001, 0.29302798195, 0.17237581735, 0.61473921197, 0.652606325608, 0.413922525058, 0.652516872547, 0.400386956877, 0.360082662603, 0.928354955931, 0.122844988171, 1.57253301768, 3.23709968016e-191, 1.57675052535e-192, 2.66659943789e-157, 1.23514807805e-155
0.0155817981703, 0.982955253641, 0.982271749299, 0.0101347765004, 0.305674308878, 0.479230327975, 0.785461064861, 0.591432417072, 0.46111411673, 0.684303746146, 0.417987293361, 0.341474341213, 0.262477719279, 0.295739343379, 1.20000398119, 7.18985511709e-200, 0.322562660532, 0.359348294698, 3.71235619725e-181
0.995295114152, 0.995426052926, 0.994009846099, 0.526191837363, 0.574818189939, 0.2849080406, 0.622570231876, 0.702261301389, 0.339347649807, 0.453052496568, 0.421074728499, 0.298969986512, 0.886098326602, 0.371443705644, 0.267014879786, 5.45840824761e-29, 0.311011892047, 0.628895121728, 1.11968888188
0.0215830218535, 0.99998677481, 0.00425304011743, 0.0677280050344, 0.301665718736, 0.265779446448, 0.436633795694, 0.548611722337, 0.863696759505, 0.186602569479, 0.691969891957, 0.332604492174, 0.681778887014, 0.0064068738172, 0.00347243562825, 6.51002148372e-120, 4.04298386931e-240, 1.67261524152, 6.77238921923e-167
0.950436689512, 0.0472635451535, 0.993557515631, 0.872286745207, 0.275871391967, 0.306055154058, 0.62972375183, 0.548640442507, 0.459814283303, 0.676825899838, 0.677342017057, 0.748559078874, 0.707988405434, 0.186088761514, 0.934918920856, 1.7093112404e-06, 1.0080928289, 6.12375038632e-133, 0.013388165847
0.993366892691, 0.99689688039, 0.295919373861, 0.0283221606886, 0.300538426957, 0.286644040486, 0.439987904193, 0.656196483731, 0.342380256012, 0.731731295801, 0.616623913383, 0.385506433797, 0.413373040545, 0.364517750821, 0.350520922001, 8.9840481189e-156, 7.21396050608e-54, 0.785725152396, 0.899080546965
0.996811141038, 0.281083141165, 0.980993157749, 0.524832027887, 0.584844867085, 0.265538460203, 0.77557791237, 0.298424330077, 0.760474937669, 0.180891934854, 0.624200353824, 0.33029653825, 0.885381237812, 0.354674762758, 0.633316614915, 9.99479197833e-29, 0.148637528173, 7.81382771987e-56, 1.42040762913
0.994073104191, 0.0179189527803, 0.990463446643, 0.0146087494462, 0.285978069501, 0.280815300854, 0.611074891688, 0.570700988701, 0.558150472584, 0.454588735414, 0.407442715552, 0.00495452428995, 0.863483396952, 0.23990706167, 0.837224587393, 3.80422249623e-184, 0.575867932979, 3.422487705e-175, 1.19684317147
0.708741510731, 0.99023681716, 0.990839517833, 0.53506173347, 0.570257561755, 0.2849080406, 0.360533100761, 0.652803968479, 0.758816259894, 0.655089443323, 0.417084408898, 0.298351333983, 0.896726821522, 0.194230993311, 0.999804301067, 1.08748706546e-27, 0.722595780644, 0.823960117639, 2.60725616136e-15
0.0354500108167, 0.715314943028, 0.998448143066, 0.393601401574, 0.301567199213, 0.660058678674, 0.762988267139, 0.266118698231, 0.59713622293, 0.723744158522, 0.41978442858, 0.568762700799, 0.697206850375, 0.409354814928, 0.292731720703, 1.47317142622e-41, 1.27341103956, 5.78096618778e-15, 1.87891819236e-145
0.0365282823876, 0.996655875305, 0.295281224395, 0.839842433006, 0.273468178494, 0.171922805447, 0.357720897728, 0.652242336013, 0.333881238291, 0.661518256531, 0.620870319075, 0.356801568985, 0.638430842298, 0.277903850754, 0.587871692989, 2.42763719282e-08, 9.749575949e-54, 1.22600385015, 3.91269264782e-144
0.00900656879721, 0.0397389708226, 0.031032935727, 0.0297255918823, 0.301241507714, 0.916185148355, 0.184867959862, 0.94396159353, 0.568836884385, 0.745569552343, 0.626413642836, 0.0125478246782, 0.409137257485, 0.298906562893, 1.87645267765, 6.0605017123e-153, 4.48480627206e-151, 2.46104202777e-140, 8.42159919754e-205
0.998061489118, 0.001543021213, 0.0364952255244, 0.735398242107, 0.586036402332, 0.287094041924, 0.26811618452, 0.612090726651, 0.415131134205, 0.17525791203, 0.565673911423, 0.207595746481, 0.851880395886, 0.300763347192, 0.406188545021, 2.86487902994e-14, 1.06770855612e-144, 4.38568276678e-282, 1.42842455955
0.0328367255711, 0.991774852186, 0.99840844436, 0.8812004391, 0.604291119173, 0.417441977719, 0.636917959832, 0.62658600972, 0.333311206931, 0.453614772187, 0.421031956036, 0.339314764719, 0.794099214674, 0.196107632361, 0.229074943827, 1.15762515258e-06, 0.972694264734, 0.820985007503, 8.78625128789e-149
0.0150517330448, 0.047119086338, 0.999339933999, 0.863938504776, 0.562355664318, 0.245948832968, 0.620447606192, 0.488122765178, 0.456160350742, 0.483303465727, 0.676493203538, 0.677416893884, 0.703915732516, 0.186088761514, 0.129058782194, 9.01966661565e-08, 1.28154603091, 4.22407172943e-133, 1.16063571376e-182
0.0299915275206, 0.0974115111771, 0.981570915289, 0.0333521906322, 0.470538826671, 0.483810809792, 0.0446236865146, 0.590680491727, 0.467343743146, 0.65721008522, 0.419619108061, 0.12342141778, 0.26251610655, 0.233446777238, 1.47306759345, 4.75093398715e-148, 0.36752588189, 1.73174418604e-101, 1.19485232373e-152
0.568032439158, 0.999804267008, 0.0138654061358, 0.0734509923529, 0.301665718736, 0.377687676072, 0.254695965021, 0.308258701899, 0.852357335629, 0.760695648267, 0.390693044613, 0.723657596388, 0.411341667212, 0.0154024891896, 0.0501738956703, 3.13591632259e-115, 1.22986435484e-187, 1.64725532964, 7.08591555785e-25
0.562231337343, 0.991338634405, 0.00172642774799, 0.836283114046, 0.305987771138, 0.479230327975, 0.775541698756, 0.591432417072, 0.457009795275, 0.683470619532, 0.417987293361, 0.71985714395, 0.262477719279, 0.221547034113, 1.06555370839, 2.87758390746e-08, 8.68032489434e-277, 0.823822629232, 2.07469349474e-25
0.433372439259, 0.997975615207, 0.971142112285, 0.0295285853316, 0.536069056036, 0.0809036209692, 0.583689695046, 0.111320713509, 0.334540367161, 0.384465390411, 0.413195343499, 0.825050867029, 0.710475316278, 0.143647302129, 0.470108444668, 7.80875934835e-154, 0.0395931770361, 1.59178297178, 1.26594641676e-36
0.992176375201, 0.00093666796749, 0.998364288632, 0.0267742602633, 0.293039074248, 0.818970325771, 0.594777428893, 0.696266289157, 0.411641002405, 0.168967612991, 0.376093134158, 0.819293312782, 0.635109694139, 0.576653768415, 0.257181474376, 2.38840311351e-158, 1.06381749556, 2.47678280228e-303, 0.952501531382
0.978189921946, 0.0882933805252, 0.988486375133, 0.0291458376397, 0.304952100675, 0.248223576728, 0.312349864153, 0.489419278584, 0.766568991691, 0.494285465943, 0.395441832531, 0.171156025212, 0.7028414223, 0.917237702186, 1.33791524627, 6.02840759409e-154, 0.719461264547, 9.3436934768e-106, 0.265701250848
0.97837663531, 0.0911097805403, 0.000845269662329, 0.847423323906, 0.564684699228, 0.261492898217, 0.779474058694, 0.650876770024, 0.780186366495, 0.213004992621, 0.625591866094, 0.33029653825, 0.40425709246, 0.988323776877, 1.58992090313, 1.6126373043e-07, 1.25032694477e-307, 2.25941209838e-104, 0.28356009946
0.975418741456, 0.99826182284, 0.994451432095, 0.0259977136831, 0.569818811769, 0.343294797949, 0.778124788098, 0.120589756845, 0.605071000919, 0.621671164891, 0.416373902486, 0.20117453408, 0.885900605739, 0.578369391234, 0.233588773745, 1.14310860226e-159, 0.29465362601, 1.46755783261, 0.19865619738
0.992214239163, 0.0710460896851, 0.990450105535, 0.00929496308848, 0.293028846813, 0.286021963777, 0.611724292643, 0.697687458904, 0.412607782809, 0.4265595523, 0.358840495056, 0.360082662603, 0.414130228716, 0.155130180941, 0.818285621049, 8.58601699816e-204, 0.561864076672, 2.22289145515e-115, 0.868651020872
0.970635013167, 0.986745956622, 0.030641490607, 0.0306792068575, 0.777058739958, 0.689339665548, 0.436376140813, 0.61226705438, 0.413922696818, 0.169098594259, 0.378109930546, 0.855685073061, 0.861201718342, 0.199026902301, 1.46822497663, 1.11512937286e-151, 9.86055434439e-152, 0.644555259806, 0.128144436451
0.979612845425, 0.653191474451, 0.999167753591, 0.0333824674865, 0.605446951712, 0.418252398287, 0.243662169408, 0.570700988701, 0.562013835741, 0.453297401395, 0.420488393146, 0.338293160785, 0.863245241609, 0.296483899555, 0.159499729827, 5.63278658882e-149, 1.26436781942, 6.38958271579e-19, 0.258659674841
0.975418197697, 0.993000934014, 0.99479469263, 0.0382637669124, 0.543626798601, 0.255785511243, 0.848308327956, 0.665013536951, 0.331518013378, 0.823526878813, 0.416311418587, 0.730373988319, 0.885562722244, 0.614218910668, 0.658774412678, 1.96620516147e-142, 0.88722828941, 1.08924263321, 0.203455136304
0.996811141038, 0.985430998862, 0.000845269662329, 0.847423323906, 0.628226108743, 0.233038549949, 0.77557791237, 0.298424330077, 0.335233048344, 0.180891934854, 0.624027746738, 0.330376158981, 0.392663022989, 0.353563541312, 0.549207252042, 5.57054190989e-08, 4.31901124223e-308, 0.207995584532, 1.28230002165
0.992859927253, 0.27691272315, 0.999530017028, 0.341706866853, 0.581061947997, 0.285029959944, 0.263577458975, 0.330282520509, 0.673808242577, 0.180886917389, 0.568879780328, 0.797671481116, 0.498534157699, 0.109644828016, 0.0786113060445, 2.86401655681e-48, 1.08791443186, 2.9385731731e-56, 1.0517923546
0.985512886133, 0.919935729696, 0.992231685956, 0.847691436408, 0.61446590254, 0.821960406982, 0.595716052719, 0.506893669428, 0.457956633319, 0.455624119413, 0.416323999215, 0.362477416374, 0.793845598841, 0.221875512438, 0.926383814542, 9.69818397318e-08, 0.812763922325, 0.000459848634721, 0.470989974326
0.983708262384, 0.0179189527803, 0.972740123654, 0.0283233907363, 0.300629287061, 0.280815300854, 0.682747124489, 0.570700988701, 0.855106366983, 0.454588735414, 0.407442715552, 0.00495452428995, 0.863245241609, 0.23990706167, 1.62134210153, 4.17367770088e-155, 0.161101927903, 5.48770092787e-175, 0.51100694546
0.710031577208, 0.0251738746171, 0.990860028341, 0.524982332129, 0.580511876479, 0.240932818939, 0.768175395336, 0.59471208247, 0.748362577777, 0.641117471951, 0.418103431568, 0.300107717613, 0.886103438696, 0.222991105225, 1.22151096155, 1.98374582881e-28, 0.885245168169, 2.94909283489e-160, 3.1801552095e-15
0.987768637527, 0.145169070835, 0.0119687951335, 0.82314691685, 0.29302798195, 0.476978780362, 0.61473007503, 0.545792153649, 0.413922525058, 0.387386709564, 0.425182864883, 0.360082662603, 0.939143353281, 0.295871913241, 1.19998363246, 6.65320314542e-09, 1.20320196881e-192, 2.90205012861e-84, 0.592769175647
0.994971357511, 0.129844596135, 0.997548451107, 0.0325347463758, 0.303140953082, 0.381852060726, 0.546182412218, 0.0828843485317, 0.334345989843, 0.703450249369, 0.637663837835, 0.733407421205, 0.777562869977, 0.195920918875, 0.300946403053, 8.11617847527e-150, 0.845683509073, 3.10175752786e-89, 1.25207732648
0.967486663554, 0.091856546933, 0.987933326518, 0.339690138601, 0.563069191977, 0.286569506935, 0.305894256914, 0.653594629033, 0.766568991691, 0.4587996919, 0.401409315578, 0.75751225859, 0.766234567592, 0.974791691492, 1.38731454229, 2.79633204358e-47, 0.698670262541, 4.9933319693e-104, 0.0896104617042
0.986530586176, 0.0231180046252, 0.999707254557, 0.0117014692645, 0.29442591222, 0.292643670673, 0.755874956396, 0.608541082541, 0.412571949257, 0.566790598439, 0.329554138231, 0.84076688196, 0.884556317438, 0.155119379213, 0.0660794820564, 6.92191289426e-195, 1.45692704934, 5.68903426004e-164, 0.624775916024
0.992239963396, 0.695599423664, 0.0042804200771, 0.845101553529, 0.301567199213, 0.425567168643, 0.762988267139, 0.64735278517, 0.335233048344, 0.833980027153, 0.413233111438, 0.358402525363, 0.410977560982, 0.408047103498, 0.990549510755, 7.63635431431e-08, 2.19096433285e-237, 2.67865890311e-16, 0.870113932858
0.986032349343, 0.993000934014, 0.292581850565, 0.334251822579, 0.576040753029, 0.254680158465, 0.777487641946, 0.115322130332, 0.670300373732, 0.729963649332, 0.416388338556, 0.730191982451, 0.765746964105, 0.581114292199, 0.996763429943, 4.0002798563e-48, 6.5985759565e-54, 0.98249611032, 0.566818144609
0.999846033878, 0.0493173854394, 0.00502344969967, 0.333677537659, 0.30120437114, 0.328967597858, 0.745184680861, 0.544805622365, 0.456624624763, 0.112506396094, 0.624099170532, 0.354204542702, 0.920903577686, 0.467846828948, 0.0359455368812, 1.21468048224e-49, 7.111654504e-232, 1.12659882347e-132, 1.49734674511
0.99637714236, 0.0179189527803, 0.990463446643, 0.00308314286003, 0.188421619667, 0.280815300854, 0.783511972416, 0.570503854456, 0.558586825825, 0.630222305614, 0.407442715552, 0.0636500723083, 0.863245241609, 0.237732525386, 0.625703497934, 7.79566771511e-252, 0.430377446433, 2.55781132195e-175, 1.46547847224
0.0150517330448, 0.0351034236693, 0.996977240036, 0.863938504776, 0.562355664318, 0.429655109762, 0.62972375183, 0.547585933138, 0.455628325554, 0.769569759362, 0.676493203538, 0.748559078874, 0.726293880956, 0.173038838818, 0.539932315297, 3.77348166176e-07, 1.24126270819, 7.28720515918e-146, 1.21973122773e-182
0.998888527675, 0.14468388638, 0.00616829067333, 0.80632758173, 0.280555221518, 0.474175966132, 0.599769470509, 0.594499914446, 0.831005404031, 0.384721008868, 0.424895966044, 0.847548217624, 0.633824728572, 0.144046908997, 0.240538325078, 1.69221577388e-10, 3.9245265635e-222, 4.16217896817e-85, 1.44167418571
0.992859927253, 0.27691272315, 0.994230014713, 0.341706866853, 0.581061947997, 0.285029959944, 0.264273818407, 0.330282520509, 0.673808242577, 0.742273699772, 0.568879780328, 0.203849561946, 0.498534157699, 0.109644828016, 0.674087083924, 2.45587647151e-47, 0.816511002914, 2.85252807775e-56, 1.02099455985
0.978895141753, 0.0231180046252, 0.999722782022, 0.0363120950247, 0.303269524253, 0.648410175348, 0.756440467182, 0.613892070967, 0.334137393578, 0.71497413275, 0.328476231355, 0.570949105955, 0.88459140953, 0.196176784541, 0.0627854629667, 9.97951882347e-146, 1.46082120127, 5.70364284312e-164, 0.275289327722
0.563821909196, 0.997830416958, 0.162510232983, 0.00285016898784, 0.305987771138, 0.479230327975, 0.781270568875, 0.591432417072, 0.447093550324, 0.683470619532, 0.417987293361, 0.71985714395, 0.262477719279, 0.221050407466, 0.407925545979, 1.96680729221e-255, 7.84823636157e-80, 1.28825650454, 2.76099746054e-25
