0.165414045746, 0.0739969203881, 0.411048053176, 0.943656004861, 0.28553854424, 0.427429132256, 0.254076630739, 0.671188466164, 0.327278253443, 0.433807750514, 0.764228679153, 0.702891803953, 0.39645424224, 0.528785899561, 1.29777579343, 0.00617580547979, 4.99555823274e-39, 1.70094011213e-113, 1.46744844251e-78
0.0351091615528, 0.994124037293, 0.294686920813, 0.515225258646, 0.86382208342, 0.337373799676, 0.367842515928, 0.97771973451, 0.76429482271, 0.0208979289924, 0.617875915968, 0.197506395429, 0.335641095919, 0.280834946136, 1.21316497338, 3.0182439094e-29, 1.64484820068e-53, 1.44185008654, 1.03115211606e-145
0.0396068187661, 0.169909092474, 0.058340295631, 0.965149434934, 0.243658657326, 0.303110522104, 0.243457994215, 0.192446555178, 0.565931989924, 0.0598794838273, 0.604691484505, 0.0228140268818, 0.789909733577, 0.373599455452, 1.79978008774, 0.0814876686141, 1.11852722225e-123, 2.97471955785e-77, 1.69348018059e-140
0.998393998435, 0.779503940346, 0.635696267829, 0.0658511854634, 0.804640842419, 0.114073595401, 0.481643010452, 0.490107511416, 0.083069452114, 0.511156436154, 0.393470861578, 0.88161362902, 0.383178374416, 0.591473438505, 0.368664501503, 4.16016886367e-119, 1.22381949855e-20, 8.80202676885e-12, 1.55194037755
0.0351091615528, 0.0928704129971, 0.988441806925, 0.515225258646, 0.86382208342, 0.337373799676, 0.367842515928, 0.0677147382816, 0.690589644129, 0.0319066147977, 0.617875915968, 0.197506395429, 0.335641095919, 0.284518466981, 1.58494118279, 3.94318924193e-29, 0.847769148477, 1.73184616941e-103, 9.83597553714e-146
0.553591605873, 0.529576563844, 0.99367483196, 0.14396023769, 0.0186223440649, 0.276014755043, 0.599982047417, 0.801660676988, 0.829274265932, 0.377734526615, 0.171109515075, 0.0202798044529, 0.886053274086, 0.156754535504, 1.42055000636, 1.48878473444e-84, 1.56208518346, 8.1953814806e-28, 6.91262607875e-26
0.583751376519, 0.525098568199, 0.999554716238, 0.14396023769, 0.0186223440649, 0.286021963777, 0.605112337816, 0.795196404578, 0.817581259868, 0.376255881934, 0.416573971682, 0.0228445449578, 0.886053274086, 0.156819329143, 0.136287394727, 1.42833826234e-85, 1.98865377898, 3.30963388105e-28, 1.31367613966e-23
0.977666437138, 0.281041137441, 0.584633268532, 0.0293173869501, 0.581061947997, 0.241855066508, 0.760469963995, 0.608765277619, 0.412404575056, 0.139628727776, 0.161564717965, 0.353153279872, 0.63653496086, 0.289352975059, 1.46952275734, 1.19075416361e-153, 1.1262860797e-23, 1.73894417923e-55, 0.243383616014
0.994441493045, 0.0861135820372, 0.996707516717, 0.862441209713, 0.0195807408297, 0.538238411961, 0.621963238639, 0.0591289759225, 0.393213694215, 0.187338370073, 0.518425390831, 0.0281814616439, 0.082615839422, 0.195805654143, 0.541970996992, 3.18453429804e-07, 1.14741010504, 6.40820498739e-107, 1.59774890064
0.1968897377, 0.045517037031, 0.00595354502969, 0.0107771072159, 0.723292332897, 0.177618474727, 0.162752016894, 0.284381111765, 0.2360393521, 0.68764940677, 0.883564617599, 0.567169772715, 0.708233620331, 0.578183966148, 1.62001211178, 4.5275002559e-197, 7.64191873514e-223, 1.67123104103e-134, 6.72893260775e-71
0.99471881367, 0.603240017444, 0.042893001251, 0.0311545438311, 0.172097816936, 0.800995595812, 0.342762835275, 0.31006948768, 0.335606018344, 0.493047819132, 0.401732810908, 0.913297083103, 0.218854466581, 0.943089960173, 1.04826080139, 3.70449392716e-151, 2.85254654772e-137, 1.84333218739e-22, 1.39108812537
0.991674496851, 0.0396996285522, 0.0309677904369, 0.0289682327034, 0.743435456232, 0.798340474924, 0.471338692244, 0.959302457425, 0.67028625591, 0.787708082834, 0.684225051907, 0.839535135845, 0.778371967974, 0.237374799693, 1.37345016383, 3.35840320718e-154, 2.66044767515e-151, 1.63146257245e-140, 1.1125272566
0.162553573876, 0.227095049254, 0.0183493021049, 0.862440577753, 0.973653963783, 0.808188926661, 0.529458732435, 0.726842063304, 0.970578169198, 0.513474168894, 0.684225051907, 0.000777349813226, 0.821444760787, 0.572909710741, 1.98508368144, 1.16631773697e-06, 7.17552688667e-174, 1.30216300446e-64, 3.92239135017e-79
0.998402537225, 0.0396996285522, 0.0278922060806, 0.0830782890446, 0.767700373468, 0.827472030868, 0.468460802579, 0.957679151471, 0.67028625591, 0.513474168894, 0.174172019598, 0.845738924843, 0.886530414708, 0.560345742348, 0.413387039059, 5.77073486305e-109, 2.29489734999e-156, 4.91044742592e-141, 1.74910535252
0.994579201248, 0.0372192458556, 0.378600165388, 0.326837186473, 0.569515501954, 0.199157249041, 0.169691519542, 0.112441915573, 0.557830780621, 0.4202881361, 0.356542471379, 0.842318934811, 0.48830767818, 0.90445273947, 1.01958703917, 4.34200692495e-49, 1.05347471847e-42, 1.91117781158e-143, 1.31734924857
0.992239963396, 0.695599423664, 0.0042804200771, 0.395301499136, 0.301567199213, 0.807126189225, 0.762988267139, 0.619945062437, 0.905035134411, 0.734470427667, 0.413233111438, 0.356803309205, 0.209318088269, 0.408047103498, 1.1699801198, 9.06033999545e-41, 2.5878410769e-237, 3.16387785804e-16, 1.02772854093
0.978824727417, 0.588206251943, 0.404246874317, 0.0281478104202, 0.62118775818, 0.788832010956, 0.546182412218, 0.0654465292234, 0.178908453621, 0.732795834429, 0.467284004588, 0.737967148968, 0.214443816386, 0.502206015426, 1.55863222521, 2.1543946439e-155, 1.13117705153e-39, 2.19698530422e-23, 0.291298555915
0.583751376519, 0.367940001716, 0.999145654199, 0.864175512373, 0.0157469734088, 0.286021963777, 0.621945736743, 0.432832656095, 0.460843349563, 0.182968699945, 0.601971998758, 0.0281814616439, 0.869809503896, 0.189355240089, 0.23970938373, 1.72187052947e-07, 1.85253791911, 1.10966836286e-43, 1.23107458816e-23
0.0326388904992, 0.995766337167, 0.295300334878, 0.513448247197, 0.295993277935, 0.337373799676, 0.367842515928, 0.970365015085, 0.762357297622, 0.0208979289924, 0.617875915968, 0.197506395429, 0.209826638912, 0.364409705575, 0.937013746679, 1.6501879066e-29, 1.56408296502e-53, 1.55223591742, 6.73111381133e-149
0.033983324008, 0.391830658469, 0.163070376102, 0.952729450609, 0.894191888629, 0.235324467075, 0.250631705393, 0.776959156265, 0.327896242697, 0.315901926794, 0.701309290707, 0.68244235674, 0.888097855816, 0.756295316525, 1.71782911941, 0.021285364334, 4.66273205197e-79, 5.50775450695e-41, 3.61175926934e-147
0.973728287262, 0.281179225492, 0.569650757121, 0.0293173869501, 0.578958800631, 0.983439750975, 0.759992326331, 0.665361041208, 0.412404575056, 0.145032650941, 0.684791543156, 0.35747233448, 0.63653496086, 0.288653849971, 1.57681261404, 1.27769112524e-153, 9.01089348611e-25, 1.95985073315e-55, 0.173549419253
0.994507326825, 0.279956953696, 0.00183952861093, 0.0321094764365, 0.172097816936, 0.800995595812, 0.342762835275, 0.209556212937, 0.335606018344, 0.489574666237, 0.401732810908, 0.0257028128458, 0.218854466581, 0.922466847977, 1.12737477389, 8.15662714125e-150, 5.23411050737e-274, 9.06387915196e-56, 1.43701565489
0.98953667689, 0.281041137441, 0.584633268532, 0.0293173869501, 0.581061947997, 0.237356716932, 0.760469963995, 0.608758000145, 0.558531567937, 0.139628727776, 0.161564717965, 0.353153279872, 0.89951174262, 0.247739980665, 1.40599237676, 1.1392755017e-153, 1.0775945008e-23, 1.66376617673e-55, 0.859446184207
0.612012573204, 0.144748360554, 0.999554716238, 0.866156380395, 0.0157468196622, 0.286021963777, 0.77781191757, 0.732082739858, 0.460843349563, 0.0538857418257, 0.423284508098, 0.0228445449578, 0.887297932278, 0.156819329143, 0.144485051973, 1.30488934372e-07, 2.10827087264, 3.82321857013e-84, 1.57433885352e-21
0.176920595109, 0.229342741094, 0.0182587241965, 0.862955880374, 0.982332137486, 0.301535011852, 0.529093286044, 0.731852613103, 0.961346717357, 0.678413034193, 0.602919892242, 0.00123522689867, 0.203997791967, 0.395570528265, 1.92918832509, 1.20324412307e-06, 4.25145272559e-174, 3.3883977854e-64, 1.81691100768e-75
0.998402537225, 0.0396996285522, 0.0309677904369, 0.0685103748032, 0.743435456232, 0.808188926661, 0.471338692244, 0.957679151471, 0.67028625591, 0.513474168894, 0.684225051907, 0.841322363446, 0.818201298521, 0.590675040173, 0.380343016203, 2.24869040887e-117, 7.36745110864e-152, 4.51793164375e-141, 1.60929091281
0.587609624143, 0.99316991572, 0.295919373861, 0.0740137750819, 0.27302609744, 0.403042118183, 0.436473570257, 0.398348693608, 0.00752171044222, 0.560920965632, 0.0508113423264, 0.200126839604, 0.76503466592, 0.364517750821, 1.19595341057, 1.60357671214e-113, 2.46135398188e-53, 1.21074651458, 2.16733005159e-23
0.0300963205943, 0.35225132705, 0.0389509922196, 0.352664622806, 0.524927969735, 0.916185148355, 0.0311855604791, 0.69241605153, 0.572887090114, 0.696132575693, 0.926389286867, 0.777593172649, 0.164795235436, 0.46573873986, 1.84682477372, 1.58028410847e-45, 3.2688732812e-141, 1.40543045601e-45, 2.06008914751e-152
0.994242689575, 0.351616468771, 0.584633268532, 0.38320860576, 0.581061947997, 0.241855066508, 0.454342898431, 0.504789570959, 0.411891810802, 0.181845686563, 0.386359700145, 0.232841756817, 0.63653496086, 0.2905638294, 0.846280974416, 2.93197191707e-42, 6.48614984859e-24, 5.37718849809e-46, 1.0274355523
0.583751376519, 0.144748360554, 0.999554716238, 0.862275062417, 0.0157468196622, 0.286021963777, 0.77781191757, 0.0513462388428, 0.460843349563, 0.0603782282218, 0.425482934539, 0.0228445449578, 0.886053274086, 0.156819329143, 0.15408327585, 8.88092084113e-08, 2.2483245014, 4.07719714623e-84, 1.48521089137e-23
0.425977100784, 0.028627123084, 0.583907654938, 0.0293173869501, 0.575591901612, 0.241855066508, 0.123476829471, 0.608765277619, 0.412404575056, 0.139628727776, 0.162602663914, 0.353153279872, 0.63653496086, 0.289352975059, 1.56190782442, 1.2656137755e-153, 1.05728521633e-23, 1.16827694463e-154, 2.13010306502e-37
0.584101913925, 0.365045104848, 0.999145654199, 0.861840729769, 0.013200242894, 0.286021963777, 0.621963238639, 0.0514980873877, 0.460843349563, 0.430347977279, 0.425482934539, 0.0281814616439, 0.87577304879, 0.189355240089, 0.252934996771, 1.38621392972e-07, 1.95474897685, 5.31458543849e-44, 1.379365685e-23
0.0577621050557, 0.678644064257, 0.755098951568, 0.0343623498596, 0.777551114569, 0.808837456743, 0.97128699903, 0.462724031529, 0.856440912821, 0.590892695957, 0.362032375938, 0.274297028436, 0.834078660312, 0.634343603315, 1.73086138737, 1.10323414491e-146, 1.71699445677e-12, 3.96814612724e-17, 3.96902079755e-124
0.583751376519, 0.365045104848, 0.999145654199, 0.862441209713, 0.0157468196622, 0.286021963777, 0.621963238639, 0.0513462388428, 0.460843349563, 0.181762252343, 0.425482934539, 0.0281814616439, 0.87577304879, 0.189355240089, 0.265008769548, 1.55714885222e-07, 2.04805830646, 5.56827550829e-44, 1.36100454956e-23
0.033362992753, 0.353357859974, 0.569654868356, 0.0623758007695, 0.808569107042, 0.966554268938, 0.840881064115, 0.664476155239, 0.761242254315, 0.792474006278, 0.688577477612, 0.744071811303, 0.778977211844, 0.234954271655, 1.85313868196, 9.23934544151e-121, 1.0597639115e-24, 1.92976046389e-45, 6.17344967026e-148
0.583751376519, 0.37132158942, 0.999145654199, 0.859370340375, 0.0213939158094, 0.269716847154, 0.619610018957, 0.432832656095, 0.458130574559, 0.182968699945, 0.601491392809, 0.0281814616439, 0.869809503896, 0.194087127596, 0.239510075655, 9.85098677825e-08, 1.85099761326, 2.76790658115e-43, 1.23005100242e-23
0.958782657936, 0.286984996485, 0.182748034666, 0.00423869867589, 0.709542576736, 0.0418960673692, 0.164574248973, 0.990025873101, 0.236982464983, 0.491126516387, 0.168804745431, 0.573988410153, 0.678352485415, 0.676884984619, 1.85341751786, 1.53938609238e-237, 4.46030596415e-74, 1.77833014712e-54, 0.0432702131426
0.189116091758, 0.89387159168, 0.999145654199, 0.866496643864, 0.0986988908804, 0.286021963777, 0.624208055309, 0.689577749904, 0.46632041228, 0.855682424561, 0.316901869451, 0.0281814616439, 0.869809503896, 0.189355240089, 0.240640458985, 2.26035689965e-07, 1.8597335165, 3.95084253999e-05, 1.38683449553e-72
0.0908818984844, 0.144748360554, 0.999554716238, 0.862275062417, 0.0112732548601, 0.92279810608, 0.774282063304, 0.981193073966, 0.460843349563, 0.105402958843, 0.683017083917, 0.0228445449578, 0.777347692879, 0.154527754679, 0.159927504681, 9.21776553334e-08, 2.33360126359, 4.23184126955e-84, 2.58763541065e-104
0.033983324008, 0.0464702825068, 0.477882718418, 0.832064337832, 0.893032990806, 0.235324467075, 0.140369807458, 0.776959156265, 0.655055159066, 0.683781601344, 0.991424874786, 0.681898941716, 0.182508808078, 0.0413464790647, 2.07413544033, 3.37790825452e-08, 2.78669564518e-32, 1.70015398836e-133, 4.36056346011e-147
0.954570328959, 0.286984996485, 0.184000621435, 0.00688403600825, 0.980887604421, 0.284301728425, 0.164623267359, 0.733256239172, 0.236815282153, 0.676983147379, 0.168660217064, 0.573988410153, 0.274865965325, 0.128504869522, 1.84899936993, 1.7675429364e-216, 8.81019696597e-74, 1.7740909913e-54, 0.0277896091075
0.175314330594, 0.054695617578, 0.662916960914, 0.237195393253, 0.352203401127, 0.707243151872, 0.980181696068, 0.623025141428, 0.898672423829, 0.921999597821, 0.675688413091, 0.440572388609, 0.929067445835, 0.350562180289, 1.88835516191, 9.61232749149e-63, 4.15065491059e-18, 1.85121387243e-126, 7.14406395416e-76
0.0901158779148, 0.935114635284, 0.100677895616, 0.284447954187, 0.805014648194, 0.656098796656, 0.392516159004, 0.502087046434, 0.592181032005, 0.712223714545, 0.853823641084, 0.718290195324, 0.694261031289, 0.562205180293, 1.39694019394, 5.51542708824e-55, 4.31231640735e-100, 0.00267783388406, 6.62872934522e-105
0.1968897377, 0.0413786437165, 0.00595354502969, 0.838982951974, 0.723292332897, 0.481226557504, 0.162736594863, 0.281789109613, 0.236056606868, 0.68764940677, 0.883564617599, 0.567169772715, 0.17898752767, 0.388811170486, 1.58349847728, 5.90270580373e-08, 7.46967667254e-223, 1.18402992811e-138, 6.57726844177e-71
0.0489586999615, 0.35225132705, 0.375803532928, 0.122942390707, 0.525276906151, 0.916185148355, 0.0283862835539, 0.0730107734149, 0.207364168773, 0.635146703688, 0.921855571929, 0.77655430332, 0.164795235436, 0.46573873986, 2.05046913248, 3.00703524026e-91, 1.00938993854e-42, 1.56040346052e-45, 3.09713992016e-131
0.0365118381222, 0.056059035198, 0.376282977183, 0.228705203341, 0.527809477478, 0.719957067654, 0.12299665703, 0.500738196189, 0.766318679615, 0.50971636439, 0.407140039842, 0.687468395063, 0.339189552084, 0.462122469783, 1.33336866984, 1.77286094022e-64, 7.45636703124e-43, 1.53331728421e-125, 3.66808887805e-144
0.196093183895, 0.0310241615107, 0.00595354502969, 0.838982951974, 0.362373424344, 0.481226557504, 0.255889772931, 0.281789109613, 0.531020866799, 0.686229597566, 0.891239284545, 0.568230273517, 0.17898752767, 0.0196262418884, 1.65367457217, 6.16429673578e-08, 7.80071124345e-223, 3.84215774728e-151, 4.57951759335e-71
0.0378711334905, 0.938083539205, 0.404281416453, 0.0290158134079, 0.360329516375, 0.788832010956, 0.53819947451, 0.0670794207324, 0.178908453621, 0.758992709647, 0.468661494228, 0.990490967729, 0.214443816386, 0.502206015426, 1.78509271638, 5.14346313173e-154, 1.30664773193e-39, 0.00469821830872, 1.89938298246e-142
0.954570328959, 0.145615213339, 0.00309759204029, 0.011280303669, 0.986322065691, 0.274432809331, 0.765409313299, 0.732093458031, 0.236815282153, 0.676985295111, 0.0777524235137, 0.564783960862, 0.887760863209, 0.156352418297, 1.96300960449, 5.26164344991e-195, 3.90359062473e-251, 6.45234208487e-84, 0.0295031304339
0.124388755121, 0.286060826171, 0.424406221599, 0.227264388698, 0.365748978545, 0.776725087895, 0.436806562445, 0.619945062437, 0.551934765365, 0.594519212572, 0.414511205233, 0.366542453356, 0.213337298767, 0.0542981161252, 1.43055636534, 1.01102933917e-64, 1.34833880719e-37, 9.94176996559e-55, 6.75673668685e-91
0.907605170006, 0.039405912812, 0.00501355334135, 0.843962072061, 0.311895054626, 0.43115443733, 0.632316815998, 0.588658960167, 0.236827062, 0.833136169585, 0.691035229812, 0.721587805985, 0.179139355041, 0.601805199496, 1.44464249592, 9.73135319702e-08, 2.34662805083e-230, 8.16618987152e-141, 0.000139822278266
0.243046271438, 0.0325897442802, 0.431181340075, 0.227016086066, 0.401228567558, 0.24171925064, 0.440700947275, 0.61187733665, 0.506262045599, 0.594509011369, 0.699700970192, 0.466800406644, 0.886797812866, 0.65299070147, 1.31547021718, 8.33420310102e-65, 6.04222217598e-37, 4.20045338894e-149, 7.65767964496e-62
0.424377135777, 0.273658805772, 0.536361983174, 0.321846569023, 0.517359196654, 0.429808149835, 0.731121845822, 0.502118541869, 0.71659740341, 0.694519664425, 0.681530680145, 0.463442257286, 0.347823768769, 0.594090690153, 1.2097028881, 1.10582644894e-49, 1.67724839013e-27, 9.99404577401e-57, 1.13239078442e-37
0.856810536865, 0.00115469431309, 0.048214931173, 0.588233200061, 0.693078805619, 0.414821771239, 0.857546462577, 0.80881810664, 0.871053755066, 0.992059079079, 0.518930627675, 0.217860609861, 0.0871816633261, 0.28427075742, 1.94446496751, 2.75342504044e-23, 6.35440826159e-132, 5.390421059e-294, 5.93471504888e-07
0.0489479198013, 0.935114635284, 0.0365443002116, 0.328575522971, 0.528342432619, 0.656098796656, 0.22210057334, 0.314748220982, 0.53058702961, 0.760357637553, 0.712300581113, 0.719076512095, 0.0998753520806, 0.303259653996, 1.49730790808, 1.08380656175e-48, 4.50190154538e-144, 0.00287023157365, 2.21235987329e-131
0.907605170006, 0.682922512721, 0.00501355334135, 0.843962072061, 0.31673744165, 0.43249541541, 0.63318190965, 0.592036809734, 0.331448417007, 0.833136169585, 0.691035229812, 0.617260159559, 0.497958636627, 0.601805199496, 1.26435243719, 8.51688924183e-08, 2.05377102198e-230, 5.43414203696e-17, 0.000122372586158
0.178835593961, 0.229342741094, 0.00893925651764, 0.322027804959, 0.789002778624, 0.27983937881, 0.526600961319, 0.730828111737, 0.535592026371, 0.712575495417, 0.60174051916, 0.0077840549838, 0.205912227561, 0.59500575343, 1.58057904793, 1.52852755823e-49, 3.35024122938e-205, 2.77610561706e-64, 4.368499023e-75
0.913286637023, 0.673551581058, 0.00501355334135, 0.849656848972, 0.31673744165, 0.43249541541, 0.63318190965, 0.592036809734, 0.333873843569, 0.833214841931, 0.691035229812, 0.617109747701, 0.411105049409, 0.601805199496, 1.27145600255, 1.6779440238e-07, 2.06530981153e-230, 1.37248372959e-17, 0.000229684421047
0.846494224033, 0.0257821947001, 0.446501900695, 0.549005979532, 0.0158936694987, 0.306614921986, 0.622793783301, 0.428884271989, 0.513597424399, 0.166511681531, 0.599995726815, 0.0681441448111, 0.361749383915, 0.375428256996, 1.63442181317, 2.32911798462e-26, 2.46499034567e-35, 3.47914398311e-159, 1.48553858293e-07
0.128520770803, 0.933218801515, 0.150689003222, 0.275287713019, 0.805642769379, 0.440247593493, 0.23699601805, 0.538836842774, 0.532408576803, 0.655046200642, 0.676012819709, 0.798165297572, 0.949900965456, 0.563307245547, 1.51905677119, 2.27183438155e-56, 1.53408666005e-82, 0.00237707140906, 1.88376433511e-89
0.033362992753, 0.351549739545, 0.578236878973, 0.874656965779, 0.525128375952, 0.966554268938, 0.835279858768, 0.499898469573, 0.764850775315, 0.792474006278, 0.407101545921, 0.744072112415, 0.791684909028, 0.462615522347, 1.64108289683, 3.93573925174e-06, 4.18628773356e-24, 1.02312441307e-45, 5.46701807422e-148
0.214346255733, 0.126868839311, 0.360058828849, 0.206674064111, 0.452774660451, 0.68385814666, 0.549380686585, 0.37672490667, 0.862269080547, 0.821505559102, 0.673977084898, 0.620027655483, 0.359836747632, 0.343658254481, 1.37703710574, 7.30572780527e-69, 9.384518044e-45, 4.68341005498e-90, 2.79676304328e-67
0.167322494521, 0.287552603133, 0.666155047119, 0.00658686149414, 0.352203401127, 0.708358044074, 0.975547256775, 0.624345289299, 0.898672423829, 0.924689489088, 0.67053285517, 0.437132507149, 0.69807877882, 0.126064968062, 1.85826110431, 2.15317709164e-218, 6.64903900767e-18, 2.17248588504e-54, 6.61697776859e-78
0.033362992753, 0.351549739545, 0.578576247233, 0.874656965779, 0.525128375952, 0.966554268938, 0.835279858768, 0.499898469573, 0.764850775315, 0.792474006278, 0.412562479587, 0.744191884065, 0.791684909028, 0.462615522347, 1.64015657422, 3.93351769166e-06, 4.43675256482e-24, 1.02254690216e-45, 5.46393217133e-148
0.719221550627, 0.0395883462843, 0.0331052872475, 0.0679946623084, 0.319815603053, 0.809644993356, 0.826005945046, 0.897727573158, 0.133703217764, 0.922276827836, 0.600532358109, 0.851968432889, 0.704185537927, 0.0279634021666, 2.10380340584, 5.84261343425e-117, 3.2274615888e-148, 1.88738750157e-140, 1.60470141363e-14
0.127886296442, 0.158051307666, 0.150502222133, 0.275287713019, 0.767799239285, 0.450176837667, 0.23699601805, 0.538043240558, 0.0190277449863, 0.655046200642, 0.676012819709, 0.798165297572, 0.959453061579, 0.563307245547, 1.73517877768, 2.59505693271e-56, 1.54794429753e-82, 2.06668099052e-80, 1.31179252637e-89
0.0243792129221, 0.046479615426, 0.0295173750099, 0.829787267534, 0.743435456232, 0.798340474924, 0.471338692244, 0.959302457425, 0.669968050941, 0.787708082834, 0.988710489553, 0.839535135845, 0.185402943555, 0.0417850464835, 2.13476746018, 2.64330400093e-08, 3.41384455974e-153, 1.78534871074e-133, 1.68825673688e-161
0.419693650996, 0.0530472338413, 0.157053373225, 0.234226474546, 0.968039911307, 0.71338058213, 0.492599954065, 0.626325210325, 0.672137897856, 0.924818740787, 0.349731696775, 0.69224893311, 0.278519234313, 0.593990470307, 1.60813602257, 2.32295515366e-63, 1.01664546474e-80, 7.39123316543e-128, 4.96229518975e-38
0.196887491043, 0.0455266315975, 0.013310532067, 0.849249374147, 0.723292332897, 0.481226557504, 0.162736594863, 0.281789109613, 0.236056606868, 0.593539385345, 0.883564617599, 0.567169772715, 0.17898752767, 0.574661089655, 1.55024711653, 1.95004376422e-07, 6.39826779778e-188, 1.63332542246e-134, 6.43181115764e-71
0.907605170006, 0.14044735543, 0.00487821146583, 0.210070956886, 0.31673744165, 0.474175966132, 0.63318190965, 0.591432417072, 0.49671235146, 0.833136169585, 0.975603640087, 0.617260159559, 0.497958636627, 0.601805199496, 1.42165709672, 3.85049090959e-68, 1.49615641214e-231, 1.25971220111e-85, 0.000137597595764
0.0295157237997, 0.254450911871, 0.18292020498, 0.787944984221, 0.45731793586, 0.447753367095, 0.983439667558, 0.29724604025, 0.163762248094, 0.408855479838, 0.613498805852, 0.897052592981, 0.587204713663, 0.0712328328359, 1.76271638522, 1.23563968693e-10, 4.66090505768e-74, 1.0062444013e-59, 2.80314837631e-153
0.431304280764, 0.559485490868, 0.544433062788, 0.641670628362, 0.525115587802, 0.430326378481, 0.474223191597, 0.359947820891, 0.715457749348, 0.694519664425, 0.698257696341, 0.462688314725, 0.343823798604, 0.539730158355, 1.17669197199, 9.95402473663e-20, 7.26493646812e-27, 1.11087581831e-25, 5.56108493909e-37
0.0866191196787, 0.938661956037, 0.0380086973706, 0.032326215079, 0.352470314701, 0.656098796656, 0.254685417272, 0.308258701899, 0.854905867502, 0.759914202543, 0.572310629258, 0.718566307586, 0.929282531886, 0.0161346845979, 1.80799148973, 2.56331555322e-149, 2.76448880825e-142, 0.00506103126609, 1.63943620972e-106
0.032783649333, 0.292609441934, 0.350851277382, 0.874656965779, 0.581578450231, 0.966554268938, 0.158589158006, 0.499898469573, 0.757711485381, 0.791460372838, 0.682381037219, 0.205664098549, 0.791684909028, 0.652928044537, 1.72061719995, 4.12648298521e-06, 8.7924588025e-46, 1.14984081883e-53, 9.94337243395e-149
0.227220910093, 0.648811670458, 0.171339033945, 0.301659398847, 0.424563479792, 0.367284918643, 0.1495532746, 0.502299681649, 0.86197242185, 0.523699695005, 0.384075635708, 0.214630109031, 0.172309874316, 0.662102230249, 1.50624025143, 2.11689954832e-52, 5.74970438472e-77, 3.85371361963e-19, 1.04434411997e-64
0.123885614419, 0.559485490868, 0.378762553746, 0.641670628362, 0.535877853065, 0.768571005364, 0.475282070068, 0.359947820891, 0.553520057963, 0.743444855158, 0.698257696341, 0.726111881842, 0.343823798604, 0.539730158355, 1.27217517694, 1.07617485986e-19, 1.37205145706e-42, 1.20101834154e-25, 4.00640365073e-91
0.332542181283, 0.678508598157, 0.755098951568, 0.0314476693485, 0.447808734097, 0.808368270513, 0.161917429966, 0.462724031529, 0.859512557913, 0.512377523492, 0.335478766669, 0.270369587045, 0.687987607051, 0.50979732266, 1.45813941357, 1.31451449001e-150, 1.44645741627e-12, 3.27683424279e-17, 3.50423355489e-48
0.12397713121, 0.549927871603, 0.0993977307705, 0.285436885155, 0.992400441626, 0.643989288995, 0.00436748003339, 0.887890015693, 0.592088806231, 0.246624392362, 0.849289264636, 0.731002119618, 0.693264987892, 0.562580307216, 1.94861353621, 1.08856643252e-54, 1.67298696778e-100, 3.2841177489e-26, 6.60699323752e-91
0.233339061009, 0.654350873756, 0.170462021113, 0.236692430134, 0.444607928339, 0.24171925064, 0.149432053155, 0.608758046862, 0.560459532866, 0.512573531628, 0.682748450127, 0.794713077588, 0.894716178803, 0.653769650931, 1.5080156355, 6.20815543172e-63, 3.44579204454e-77, 9.02805898349e-19, 1.49028835631e-63
0.124388755121, 0.697022035568, 0.0042804200771, 0.392941551193, 0.304242353933, 0.800792096756, 0.609534414104, 0.619945062437, 0.903440759812, 0.734470427667, 0.412433531495, 0.699404816361, 0.209318088269, 0.0542981161252, 1.70349868576, 7.24865125276e-41, 3.76791348745e-237, 5.65083315439e-16, 8.04588504512e-91
0.722142034158, 0.0941544196098, 0.0380044308899, 0.352682067945, 0.524953261425, 0.434342765109, 0.322977168765, 0.357817529569, 0.133703217764, 0.696559515019, 0.599860090381, 0.466913770558, 0.702147732174, 0.588752466819, 1.28910289327, 1.10852456276e-45, 1.94908510694e-142, 4.90318773723e-103, 1.47458549415e-14
0.033983324008, 0.386692595773, 0.163070376102, 0.832539159063, 0.894135380646, 0.235324467075, 0.141440985752, 0.776959156265, 0.297724502251, 0.315901926794, 0.701309290707, 0.68244235674, 0.885351017173, 0.739756659504, 1.78526356076, 3.07814602124e-08, 4.84539852339e-79, 1.52900133358e-41, 3.7532529932e-147
0.242855391473, 0.0325897442802, 0.430049839137, 0.232496676565, 0.401228567558, 0.967010981534, 0.440700947275, 0.61187733665, 0.506262045599, 0.595103719084, 0.699700970192, 0.74921537754, 0.886797812866, 0.65299070147, 1.52797938412, 1.05174945197e-63, 5.39655151172e-37, 4.87902051939e-149, 8.22265960368e-62
0.468092642923, 0.151764981686, 0.153406748904, 0.233068979064, 0.265665434314, 0.68505885355, 0.245918417587, 0.52172284058, 0.592510163459, 0.459421690396, 0.234122286329, 0.862722812983, 0.95776057475, 0.654269311901, 1.5999960919, 1.40827081038e-63, 9.65351369066e-82, 3.29151760384e-82, 2.71281595075e-33
0.0412784837145, 0.0474809015234, 0.042893001251, 0.59102187576, 0.172097816936, 0.44660754839, 0.342762835275, 0.31006948768, 0.335606018344, 0.493047819132, 0.188203797994, 0.90237364338, 0.177182490225, 0.680333926663, 1.59409432525, 3.62234227593e-23, 4.33787875899e-137, 1.12338734445e-132, 9.35421800019e-139
0.12397713121, 0.549927871603, 0.288982632614, 0.285436885155, 0.280497007723, 0.407165545701, 0.0362753150294, 0.113093040777, 0.592088806231, 0.564977830915, 0.842204758066, 0.187982510543, 0.693264987892, 0.562580307216, 1.68996650538, 9.4407678878e-55, 3.24468311676e-54, 2.84820406521e-26, 5.73002140505e-91
0.07625987613, 0.935114635284, 0.59245926802, 0.0656214527261, 0.35913254992, 0.664896751297, 0.222170764363, 0.310551299069, 0.532208463689, 0.511217592812, 0.387306290928, 0.717291281861, 0.0998753520806, 0.305479420517, 1.41912844664, 1.12908240157e-118, 4.11141531432e-23, 0.00272036716872, 3.78226480357e-112
0.954570328959, 0.286984996485, 0.00597040393391, 0.00688040442062, 0.986322065691, 0.274432809331, 0.162736594863, 0.733195930417, 0.236815282153, 0.676985295111, 0.163798530288, 0.573988410153, 0.275342803259, 0.128504869522, 1.86288145845, 1.6892803037e-216, 1.16594099921e-222, 1.78741067577e-54, 0.0279982505056
0.123977265581, 0.115594136711, 0.0290385162946, 0.349666478603, 0.992479960431, 0.232317007543, 0.00818320557314, 0.897443270458, 0.566482725168, 0.237991999135, 0.599444359273, 0.131335596501, 0.703596350149, 0.110000371259, 2.12645756086, 7.74776761429e-46, 6.62550299836e-154, 6.56685136085e-94, 7.21077487836e-91
0.125928675559, 0.697022035568, 0.0042804200771, 0.385888978974, 0.301567199213, 0.800792096756, 0.609534414104, 0.619945062437, 0.903440759812, 0.734470427667, 0.412433531495, 0.695808926972, 0.209318088269, 0.361219849503, 1.52374182217, 1.05990951391e-41, 3.37031511156e-237, 5.05454502515e-16, 2.46317256445e-90
0.305122550108, 0.678644064257, 0.755098951568, 0.0314476693485, 0.734917312771, 0.808368270513, 0.97128699903, 0.462724031529, 0.856440912821, 0.590892695957, 0.362946779426, 0.270369587045, 0.687987607051, 0.50979732266, 1.61603871365, 1.45686090488e-150, 1.60309169383e-12, 3.70490543601e-17, 7.11217079504e-52
0.0350857470958, 0.351549739545, 0.578236878973, 0.00862596339309, 0.525128375952, 0.966554268938, 0.167886786752, 0.283484567308, 0.760237485561, 0.792474006278, 0.916796175256, 0.567795588845, 0.791684909028, 0.578986158039, 1.79838122628, 1.07587722093e-206, 4.58754477447e-24, 1.12119122085e-45, 9.20607471866e-146
