0.186200959918, 0.967232148681, 0.89162722637, 0.0326512584256, 0.995268117093, 0.487475634312, 0.584806595604, 0.837687224276, 0.0434091816758, 0.655811856352, 0.532325314639, 0.882411164069, 0.978856285346, 0.440044266963, 9.90208971907, 0.508308880511, 57.6812338518, 1136.07296583, 342.547683546
0.00377681440709, 0.352468705926, 0.10583085428, 0.50536452082, 0.973528140705, 0.78135208271, 0.997816501244, 0.373422706552, 0.113363053473, 0.0383844668654, 0.880650703636, 0.898143042906, 0.0190734621332, 0.383212843249, 481.087669242, 489.264603746, 115.130037963, 430.08153519, 4.85266135679
0.175216727724, 0.00764613964726, 0.000161081793367, 0.373258951939, 0.0772506985763, 0.568251392282, 0.96578513762, 0.683948445711, 0.261289653674, 0.731201307479, 0.933322050278, 0.978083656077, 0.778930211397, 0.986218528955, 971.737532655, 645.457232308, 0.295173709832, 14.0118129554, 329.459711419
0.175216727724, 0.000660521602159, 0.685279065416, 0.983211404585, 0.102861892047, 0.568251392282, 0.96578513762, 0.683948445711, 0.913766841811, 0.739502630129, 0.933322050278, 0.96013522266, 0.00571617969661, 0.601480990101, 12.3539285218, 468.349596401, 869.217549716, 1.02451652558, 278.85073073
0.747061661071, 0.999463069462, 0.0677663930028, 0.00407640474094, 0.281391561064, 0.899831686541, 0.0613083731205, 0.344123980353, 0.5778963354, 0.502401786489, 0.241490137046, 0.403090923337, 0.137739129182, 0.296599671676, 0.30629661797, 0.00196130579753, 0.0327287963582, 365.239868155, 870.382926642
0.994357966066, 0.885712307822, 0.397319503371, 0.151412485204, 0.215147264238, 0.225513069196, 0.450115110455, 0.582522127188, 0.637367641767, 0.940968417714, 0.00672894846043, 0.686672390832, 0.507828144081, 0.86892304544, 1.2797472466, 0.310244802875, 0.948277540809, 8.94179147326, 1025.40119747
0.0773883545727, 0.497406843952, 0.999972732988, 0.765557596966, 0.688300673828, 0.757992288783, 0.581108380092, 0.0415597746928, 0.00208892412893, 0.0836548322113, 0.501311733375, 0.876672071186, 0.504431104336, 0.0012575111588, 0.00781832396461, 0.020261853595, 507.062155158, 502.948038152, 87.2481991754
0.0773883545727, 0.22441403169, 0.0140839714612, 0.802846513033, 0.528344883038, 0.757992288783, 0.615517849767, 0.0584660774767, 0.00208892412893, 0.649276032941, 0.501311733375, 0.273878279453, 0.643678689618, 0.0012575111588, 319.857103556, 999.605004465, 23.2226521561, 386.190395665, 136.648748604
0.0773883545727, 0.0981274869837, 0.866106837724, 0.765557596966, 0.528344883038, 0.757992288783, 0.265562227495, 0.0398044697024, 0.00208892412893, 0.904614641099, 0.501311733375, 0.95416599809, 0.0543357058478, 0.0012575111588, 87.288989655, 226.216863979, 1135.83616225, 180.452046207, 143.586773496
0.175216727724, 0.00764613964726, 0.415361601337, 0.373258951939, 0.0772506985763, 0.568251392282, 0.96578513762, 0.683948445711, 0.671193078898, 0.731201307479, 0.933322050278, 0.96013522266, 0.602231994995, 0.986218528955, 747.751853165, 496.679221886, 685.892246688, 13.5692073965, 319.052728386
0.843332548903, 0.175213099023, 0.0850880342953, 0.78701909606, 0.815342787538, 0.626013334946, 0.764095611288, 0.113598978641, 0.294746809237, 0.19457736358, 0.987134944466, 0.00013252919235, 0.111201322843, 0.639736685498, 53.8992302678, 155.053834791, 22.0718643774, 46.7729362347, 685.193222938
0.0298822749916, 0.213343524907, 0.14994445204, 0.709911451946, 0.973528140705, 0.98890133101, 0.99960543344, 0.058786962184, 0.333938055102, 0.0383844668654, 0.880650703636, 0.795950823766, 0.400028565751, 0.113885155824, 365.183480436, 745.16986584, 199.150765536, 297.20198222, 42.4487163482
0.0773883545727, 0.22441403169, 0.0140839714612, 0.11383761786, 0.528344883038, 0.684035595362, 0.717041391419, 0.0584660774767, 0.00208892412893, 0.439762828941, 0.501311733375, 0.0227774995186, 0.643678689618, 0.0012575111588, 887.810976742, 160.468539242, 19.9625952051, 331.975972809, 117.46563809
0.0773883545727, 0.0981274869837, 0.866106837724, 0.765557596966, 0.528344883038, 0.757992288783, 0.265562227495, 0.0398044697024, 0.00208892412893, 0.904614641099, 0.501311733375, 0.95416599809, 0.0543357058478, 0.0012575111588, 87.288989655, 226.216863979, 1135.83616225, 180.452046207, 143.586773496
0.0893002135468, 0.051415688507, 0.0376517065601, 0.829999062788, 0.241132466327, 0.0759157621488, 0.990460276478, 0.0360253266988, 0.799616040828, 0.385182629797, 0.514195724507, 0.896567125261, 0.364631339298, 0.321495009477, 229.141667434, 837.596021409, 51.4183369661, 70.4089615098, 123.23061363
0.0713473961798, 0.40659599467, 0.419258346159, 0.0513158540448, 0.38579899107, 0.731561782161, 0.392984644276, 0.985626291749, 0.136430670042, 0.988851188822, 0.421343937385, 0.328208868918, 0.0979549685866, 0.591608462863, 450.351800858, 36.3802243284, 349.624313969, 424.182360945, 80.0809219041
0.0198655821037, 0.308931578556, 0.477691566763, 0.292034747503, 0.685181538969, 0.122545592607, 0.396897178281, 0.126080748375, 0.261289653674, 0.777615142617, 0.987134944466, 0.468346660149, 0.602231994995, 0.646866123655, 543.808656665, 268.567746888, 565.427810024, 437.256229148, 29.2615171765
0.0198655821037, 0.0265212508561, 0.477691566763, 0.292034747503, 0.937721995856, 0.122545592607, 0.396897178281, 0.126080748375, 0.0707301159242, 0.777615142617, 0.724810360093, 0.714514916255, 0.602231994995, 0.646866123655, 655.099068463, 323.530121578, 681.142580373, 41.6373422361, 31.2073516766
0.0198655821037, 0.0732277909886, 0.416162471591, 0.292034747503, 0.685181538969, 0.122545592607, 0.396897178281, 0.126080748375, 0.261289653674, 0.777615142617, 0.987134944466, 0.468346660149, 0.602231994995, 0.646866123655, 662.815287759, 327.340887746, 566.309378996, 107.590114759, 29.2615171765
0.364435349656, 0.621617944196, 0.00713872861334, 0.416032826475, 0.421887541987, 0.626013334946, 0.405463464467, 0.0276279509257, 0.0704464123052, 0.203256909799, 0.080048418987, 0.0762961657192, 0.905910785897, 0.435087444283, 326.0030047, 249.635608081, 4.60449973111, 607.539466281, 472.561439913
0.0893002135468, 0.051415688507, 0.0376517065601, 0.829999062788, 0.241132466327, 0.0759157621488, 0.990460276478, 0.0360253266988, 0.799616040828, 0.385182629797, 0.514195724507, 0.896567125261, 0.364631339298, 0.321495009477, 229.141667434, 837.596021409, 51.4183369661, 70.4089615098, 123.23061363
0.467113063865, 0.929456562758, 0.89162722637, 0.00142910907383, 0.988763893848, 0.757992288783, 0.0146686304491, 0.146246856505, 0.856076916464, 0.904614641099, 0.815682366706, 0.0316837242776, 0.608250795788, 0.989674518994, 14.1635222178, 0.031794884479, 82.3964667459, 751.402698277, 681.701602441
0.0773883545727, 0.22441403169, 0.0140839714612, 0.765557596966, 0.66752504901, 0.684035595362, 0.526822213666, 0.0584660774767, 0.00208892412893, 0.439762828941, 0.501311733375, 0.0227774995186, 0.643678689618, 0.0012575111588, 352.229887874, 912.833805838, 21.6494584472, 360.028340753, 127.391625421
0.994357966066, 0.885712307822, 0.397319503371, 0.151412485204, 0.215147264238, 0.225513069196, 0.450115110455, 0.582522127188, 0.637367641767, 0.940968417714, 0.00672894846043, 0.686672390832, 0.507828144081, 0.86892304544, 1.2797472466, 0.310244802875, 0.948277540809, 8.94179147326, 1025.40119747
0.996819538719, 0.203997451776, 0.877051494128, 0.950877995931, 0.528344883038, 0.487475634312, 0.194360549904, 0.174976545828, 0.544209512428, 0.604990675441, 0.0243374623582, 0.47316448627, 0.998388154389, 0.262895588006, 0.0636393396627, 0.82312655986, 4.22153773242, 1.42756747261, 907.185940649
0.0773883545727, 0.179275487569, 0.899168731442, 0.765557596966, 0.528344883038, 0.833577302564, 0.581108380092, 0.294169446141, 0.00193083078892, 0.795727258828, 0.384455752447, 0.865652131509, 0.82073462036, 0.670781821954, 44.5797644441, 115.532262996, 775.308690026, 227.134477345, 99.8480686
0.106425392393, 0.885712307822, 0.93359042608, 0.544948765563, 0.120704042551, 0.0761927520112, 0.810648035291, 0.00715213800739, 0.874820767342, 0.3465189055, 0.876847117143, 0.129037349198, 0.918145253999, 0.112395308675, 11.3059957997, 13.026888308, 164.752536009, 912.807242965, 156.549875334
0.101854856017, 0.0379078820979, 0.945738254521, 0.697611472127, 0.66330016562, 0.487475634312, 0.680991680159, 0.458239257924, 0.719818298168, 0.0232630545334, 0.235267862166, 0.714514916255, 0.255719373413, 0.999229521645, 41.1898633979, 80.0953332505, 1054.12787527, 63.0718933626, 171.030167521
0.175216727724, 0.000660521602159, 0.685279065416, 0.983211404585, 0.102861892047, 0.568251392282, 0.96578513762, 0.683948445711, 0.913766841811, 0.739502630129, 0.933322050278, 0.96013522266, 0.00571617969661, 0.601480990101, 12.3539285218, 468.349596401, 869.217549716, 1.02451652558, 278.85073073
0.0193824693916, 0.894223738227, 0.903032357504, 0.223352474848, 0.38579899107, 0.22125022413, 0.964838249117, 0.103295502905, 0.101325893255, 0.9228558989, 0.000873901266226, 0.993565930908, 0.382250609838, 0.723995909859, 15.4830328488, 5.66651330381, 107.405873298, 647.970119902, 20.0097062052
0.182817484635, 0.198036581169, 0.144822270813, 0.983211404585, 0.594478059414, 0.00737493239219, 0.893629323507, 0.126080748375, 0.00126927052993, 0.59536469839, 0.412361934566, 0.861733601611, 0.885772110196, 0.562954031344, 15.3631891388, 582.433629911, 134.876437643, 192.279137172, 185.526031
0.0713473961798, 0.0721071713849, 0.521535421455, 0.50536452082, 0.973528140705, 0.78135208271, 0.335937915025, 0.318574737903, 0.251114671709, 0.0383844668654, 0.90052099114, 0.273878279453, 0.375290880732, 0.591608462863, 508.607920834, 517.252610613, 776.235683414, 120.85500528, 120.341918494
0.0298822749916, 0.213343524907, 0.14994445204, 0.709911451946, 0.973528140705, 0.98890133101, 0.99960543344, 0.058786962184, 0.333938055102, 0.0383844668654, 0.880650703636, 0.795950823766, 0.400028565751, 0.113885155824, 365.183480436, 745.16986584, 199.150765536, 297.20198222, 42.4487163482
0.0773883545727, 0.22441403169, 0.0140839714612, 0.802846513033, 0.528344883038, 0.757992288783, 0.615517849767, 0.0584660774767, 0.00208892412893, 0.649276032941, 0.501311733375, 0.273878279453, 0.643678689618, 0.0012575111588, 319.857103556, 999.605004465, 23.2226521561, 386.190395665, 136.648748604
0.101854856017, 0.0379078820979, 0.945738254521, 0.697611472127, 0.66330016562, 0.487475634312, 0.680991680159, 0.458239257924, 0.719818298168, 0.0232630545334, 0.235267862166, 0.714514916255, 0.255719373413, 0.999229521645, 41.1898633979, 80.0953332505, 1054.12787527, 63.0718933626, 171.030167521
0.31065446859, 0.806358939648, 0.963531384322, 0.697611472127, 0.995268117093, 0.639487682265, 0.568250534531, 0.939119775139, 0.411332436645, 0.575019862439, 0.218443199824, 0.882411164069, 0.978856285346, 0.999229521645, 6.48597837951, 12.6122438121, 247.303914703, 789.107434971, 439.002202109
0.0382624858487, 0.356782132573, 0.00673916068835, 0.264836781135, 0.395290674062, 0.124861575078, 0.316959834612, 0.575018482056, 0.758761765547, 0.596347466093, 0.348721941727, 0.994185117541, 0.984224271738, 0.774239936655, 684.005318262, 302.185968542, 7.91621507055, 469.298798082, 53.1275692145
0.101854856017, 0.0175185505628, 0.945738254521, 0.171608476315, 0.281391561064, 0.487475634312, 0.680991680159, 0.458239257924, 0.719818298168, 0.0232630545334, 0.863645468237, 0.714514916255, 0.137739129182, 0.617345651123, 80.6885545633, 22.2931668731, 979.757065146, 27.066091886, 158.742016429
0.139943306745, 0.259085033014, 0.00713872861334, 0.341604842881, 0.421887541987, 0.78135208271, 0.132011820374, 0.302540885, 0.214893619462, 0.134607451104, 0.74990385535, 0.882411164069, 0.210394712833, 0.08918882768, 674.347295067, 401.105819553, 8.79870777782, 338.219081807, 190.914261296
0.0773883545727, 0.158672728142, 0.534091952373, 0.765557596966, 0.528344883038, 0.757992288783, 0.586512526689, 0.0398044697024, 0.00208892412893, 0.904614641099, 0.501311733375, 0.898143042906, 0.0543357058478, 0.0012575111588, 198.22368412, 513.713589368, 613.004891459, 209.735990865, 103.872069134
0.23793694543, 0.696359628193, 0.963531384322, 0.118785916652, 0.120704042551, 0.289638743167, 0.810648035291, 0.00715213800739, 0.182340222601, 0.3465189055, 0.532325314639, 0.403090923337, 0.918145253999, 0.112395308675, 17.1080228607, 3.22972857369, 303.591471712, 588.467578139, 259.780191717
0.296024527157, 0.993994660503, 0.89162722637, 0.146911279692, 0.988763893848, 0.734212117542, 0.810648035291, 0.656294370352, 0.856076916464, 0.575019862439, 0.532325314639, 0.882411164069, 0.736802473305, 0.989674518994, 1.63040809367, 0.38306975254, 9.74317646121, 1047.98130854, 525.779291876
0.54550224242, 0.00380579893013, 0.792793764277, 0.00668407339093, 0.274056777284, 0.343453085998, 0.995176325863, 0.377611938824, 0.301966036107, 0.28489420968, 0.384455752447, 0.285436029469, 0.778930211397, 0.0797391847876, 153.275754127, 1.60935000998, 454.200991493, 2.86576641032, 553.314900035
0.0298822749916, 0.239834949239, 0.564553088322, 0.50536452082, 0.38579899107, 0.393544973464, 0.663963105374, 0.458239257924, 0.101325893255, 0.717879276008, 0.28730634947, 0.887844823233, 0.084418721731, 0.484479546174, 272.872817, 277.510772398, 477.365034156, 243.67262682, 31.113517126
0.0198655821037, 0.0732277909886, 0.477691566763, 0.0100292447701, 0.685181538969, 0.113729445591, 0.850437052391, 0.126080748375, 0.34030751659, 0.777615142617, 0.724810360093, 0.468346660149, 0.7323437066, 0.336647323855, 920.427532842, 14.5015237965, 858.186048976, 145.404658617, 39.5460207955
0.175216727724, 0.0237900110924, 0.0850880342953, 0.143256506668, 0.82243837757, 0.568251392282, 0.305906532228, 0.912051149489, 0.00126927052993, 0.59536469839, 0.774783257257, 0.96013522266, 0.374934005115, 0.986218528955, 737.208403754, 168.749634306, 101.686971795, 28.5290622767, 215.642174784
0.0713473961798, 0.40659599467, 0.0678228581414, 0.857123182613, 0.764596872089, 0.338789537702, 0.298383989142, 0.755375509469, 0.0847069181864, 0.19457736358, 0.987134944466, 0.593019947616, 0.111201322843, 0.824624927213, 148.333528045, 649.799080982, 71.2775966692, 497.704394721, 93.9610658873
0.0382624858487, 0.10222281065, 0.399323582962, 0.491647769053, 0.82243837757, 0.684035595362, 0.912878380428, 0.143766642402, 0.178647782052, 0.9228558989, 0.276842611377, 0.861733601611, 0.507828144081, 0.491810651099, 511.785651125, 498.52990041, 517.928418686, 142.92549045, 53.7930642442
0.0277723183438, 0.990160129913, 0.0815404115187, 0.50536452082, 0.971665052781, 0.877409303414, 0.425073455282, 0.426259962515, 0.333938055102, 0.00770623320651, 0.814846820833, 0.519989159865, 0.849657776902, 0.997202758024, 10.7623995778, 10.9453255642, 1.97693123123, 1001.25124095, 43.7121918597
0.175216727724, 0.0237900110924, 0.770702215957, 0.857123182613, 0.82243837757, 0.568251392282, 0.99700599456, 0.854123698958, 0.178647782052, 0.0924907167063, 0.00471941348133, 0.96013522266, 0.507828144081, 0.986218528955, 67.0558405528, 293.748986759, 800.04942462, 31.9620805436, 241.591276018
0.59558212939, 0.198036581169, 0.0678228581414, 0.470488015638, 0.815342787538, 0.0174725166896, 0.764095611288, 0.755375509469, 0.308141202305, 0.19457736358, 0.987134944466, 0.784148754424, 0.722126013456, 0.098725259982, 309.751469039, 282.286500526, 44.817205699, 135.509483144, 600.546413531
0.101854856017, 0.0250015837807, 0.945738254521, 0.171608476315, 0.567627596604, 0.487475634312, 0.680991680159, 0.0839336592983, 0.719818298168, 0.0232630545334, 0.235196321218, 0.714514916255, 0.255719373413, 0.617345651123, 77.3598304951, 21.3734849984, 939.338186144, 37.0435148803, 152.253052693
0.59558212939, 0.198036581169, 0.0678228581414, 0.470488015638, 0.815342787538, 0.0174725166896, 0.764095611288, 0.755375509469, 0.308141202305, 0.19457736358, 0.987134944466, 0.784148754424, 0.722126013456, 0.098725259982, 309.751469039, 282.286500526, 44.817205699, 135.509483144, 600.546413531
0.259217323106, 0.696359628193, 0.875570918962, 0.957721927791, 0.445870639047, 0.984707401757, 0.893629323507, 0.765399569372, 0.101325893255, 0.0452696050319, 0.584698682149, 0.879208282168, 0.306822645253, 0.876094765525, 5.0832683959, 76.4308819011, 386.90593262, 763.262919651, 370.532826788
0.59558212939, 0.198036581169, 0.0678228581414, 0.857123182613, 0.692041775685, 0.338789537702, 0.298383989142, 0.755375509469, 0.0847069181864, 0.19457736358, 0.987134944466, 0.593019947616, 0.0194401027849, 0.639736685498, 101.500442926, 444.639154762, 48.7732458602, 147.470982063, 653.556986001
0.182817484635, 0.198036581169, 0.144822270813, 0.983211404585, 0.594478059414, 0.00737493239219, 0.893629323507, 0.126080748375, 0.00126927052993, 0.59536469839, 0.412361934566, 0.861733601611, 0.885772110196, 0.562954031344, 15.3631891388, 582.433629911, 134.876437643, 192.279137172, 185.526031
0.259145062283, 0.153525874572, 0.792793764277, 0.194756240093, 0.274056777284, 0.324816376216, 0.798134275324, 0.377611938824, 0.50078582181, 0.28489420968, 0.384455752447, 0.0316837242776, 0.602231994995, 0.0797391847876, 177.71167071, 56.1279794015, 552.222692501, 143.341776071, 258.7691957
0.0298822749916, 0.475948616506, 0.14994445204, 0.652812769679, 0.973528140705, 0.98890133101, 0.997816501244, 0.318574737903, 0.333938055102, 0.0383844668654, 0.880650703636, 0.406578523633, 0.210394712833, 0.113885155824, 291.918592175, 481.126576984, 135.05488165, 536.582488865, 37.0721537985
0.259217323106, 0.696359628193, 0.903032357504, 0.957721927791, 0.215446672438, 0.820177678176, 0.920745813822, 0.742752529652, 0.101325893255, 0.0452696050319, 0.584698682149, 0.535647439407, 0.306822645253, 0.232821989578, 4.3518400157, 65.4332890549, 427.202262025, 836.39423067, 406.035077325
0.23793694543, 0.696359628193, 0.963531384322, 0.118785916652, 0.120704042551, 0.289638743167, 0.810648035291, 0.00715213800739, 0.182340222601, 0.3465189055, 0.532325314639, 0.403090923337, 0.918145253999, 0.112395308675, 17.1080228607, 3.22972857369, 303.591471712, 588.467578139, 259.780191717
0.0773883545727, 0.158672728142, 0.534091952373, 0.765557596966, 0.528344883038, 0.757992288783, 0.586512526689, 0.0398044697024, 0.00208892412893, 0.904614641099, 0.501311733375, 0.898143042906, 0.0543357058478, 0.0012575111588, 198.22368412, 513.713589368, 613.004891459, 209.735990865, 103.872069134
0.182817484635, 0.175213099023, 0.0850880342953, 0.983211404585, 0.594478059414, 0.00737493239219, 0.406072740485, 0.126080748375, 0.00126927052993, 0.59536469839, 0.276842611377, 0.861733601611, 0.885772110196, 0.562954031344, 16.9724688203, 643.443007454, 86.5458779074, 183.401128221, 199.307334749
0.139943306745, 0.259085033014, 0.00713872861334, 0.78701909606, 0.421887541987, 0.626013334946, 0.178560434083, 0.302540885, 0.0703068510691, 0.777615142617, 0.0737924540935, 0.0762961657192, 0.351550724983, 0.467479081252, 325.217879851, 935.565854336, 11.1071990318, 426.956634185, 241.003878272
0.175216727724, 0.0237900110924, 0.0850880342953, 0.143256506668, 0.82243837757, 0.568251392282, 0.305906532228, 0.912051149489, 0.00126927052993, 0.59536469839, 0.774783257257, 0.96013522266, 0.374934005115, 0.986218528955, 737.208403754, 168.749634306, 101.686971795, 28.5290622767, 215.642174784
0.0893002135468, 0.252991049552, 0.0376517065601, 0.950877995931, 0.120269248165, 0.0759157621488, 0.990460276478, 0.0762235868815, 0.121214953728, 0.385182629797, 0.514195724507, 0.896567125261, 0.364631339298, 0.321495009477, 54.9133927282, 710.263058764, 42.1817591366, 299.531224901, 109.28053049
0.0713473961798, 0.40659599467, 0.419258346159, 0.0513158540448, 0.38579899107, 0.731561782161, 0.392984644276, 0.985626291749, 0.136430670042, 0.988851188822, 0.421343937385, 0.328208868918, 0.0979549685866, 0.591608462863, 450.351800858, 36.3802243284, 349.624313969, 424.182360945, 80.0809219041
0.175216727724, 0.0237900110924, 0.587696294971, 0.189356903694, 0.82243837757, 0.568251392282, 0.831691315617, 0.683948445711, 0.178647782052, 0.59536469839, 0.00471941348133, 0.96013522266, 0.507828144081, 0.986218528955, 461.956882961, 141.605830332, 638.699598512, 29.9418782532, 226.321204707
0.0773883545727, 0.22441403169, 0.534091952373, 0.963435487187, 0.478842348742, 0.757992288783, 0.581108380092, 0.0584660774767, 0.00197263189947, 0.904614641099, 0.501311733375, 0.898143042906, 0.82073462036, 0.0012575111588, 25.4549135908, 442.704602452, 493.667116528, 244.115052781, 86.3771260299
0.0773883545727, 0.22441403169, 0.534091952373, 0.963435487187, 0.478842348742, 0.757992288783, 0.581108380092, 0.0584660774767, 0.00197263189947, 0.904614641099, 0.501311733375, 0.898143042906, 0.82073462036, 0.0012575111588, 25.4549135908, 442.704602452, 493.667116528, 244.115052781, 86.3771260299
0.0118164498173, 0.329710246003, 0.0823321814106, 0.652812769679, 0.82243837757, 0.98890133101, 0.353577303906, 0.160356282649, 0.172832618841, 0.0836548322113, 0.618697295801, 0.671121943292, 0.495134813435, 0.805680251127, 417.09604005, 687.438194765, 104.572642662, 462.011007823, 17.3240086665
0.0298822749916, 0.475948616506, 0.14994445204, 0.652812769679, 0.973528140705, 0.98890133101, 0.997816501244, 0.318574737903, 0.333938055102, 0.0383844668654, 0.880650703636, 0.406578523633, 0.210394712833, 0.113885155824, 291.918592175, 481.126576984, 135.05488165, 536.582488865, 37.0721537985
0.175216727724, 0.0237900110924, 0.587696294971, 0.189356903694, 0.82243837757, 0.568251392282, 0.831691315617, 0.683948445711, 0.178647782052, 0.59536469839, 0.00471941348133, 0.96013522266, 0.507828144081, 0.986218528955, 461.956882961, 141.605830332, 638.699598512, 29.9418782532, 226.321204707
0.0198655821037, 0.0732277909886, 0.477691566763, 0.0100292447701, 0.685181538969, 0.113729445591, 0.850437052391, 0.126080748375, 0.34030751659, 0.777615142617, 0.724810360093, 0.468346660149, 0.7323437066, 0.336647323855, 920.427532842, 14.5015237965, 858.186048976, 145.404658617, 39.5460207955
0.175216727724, 0.00764613964726, 0.000161081793367, 0.373258951939, 0.0772506985763, 0.568251392282, 0.96578513762, 0.683948445711, 0.261289653674, 0.731201307479, 0.933322050278, 0.978083656077, 0.778930211397, 0.986218528955, 971.737532655, 645.457232308, 0.295173709832, 14.0118129554, 329.459711419
0.0118164498173, 0.329710246003, 0.0823321814106, 0.652812769679, 0.82243837757, 0.98890133101, 0.353577303906, 0.160356282649, 0.172832618841, 0.0836548322113, 0.618697295801, 0.671121943292, 0.495134813435, 0.805680251127, 417.09604005, 687.438194765, 104.572642662, 462.011007823, 17.3240086665
0.139943306745, 0.259085033014, 0.00713872861334, 0.341604842881, 0.421887541987, 0.78135208271, 0.132011820374, 0.302540885, 0.214893619462, 0.134607451104, 0.74990385535, 0.882411164069, 0.210394712833, 0.08918882768, 674.347295067, 401.105819553, 8.79870777782, 338.219081807, 190.914261296
0.59558212939, 0.198036581169, 0.0678228581414, 0.857123182613, 0.692041775685, 0.338789537702, 0.298383989142, 0.755375509469, 0.0847069181864, 0.19457736358, 0.987134944466, 0.593019947616, 0.0194401027849, 0.639736685498, 101.500442926, 444.639154762, 48.7732458602, 147.470982063, 653.556986001
0.259217323106, 0.696359628193, 0.875570918962, 0.957721927791, 0.445870639047, 0.984707401757, 0.893629323507, 0.765399569372, 0.101325893255, 0.0452696050319, 0.584698682149, 0.879208282168, 0.306822645253, 0.876094765525, 5.0832683959, 76.4308819011, 386.90593262, 763.262919651, 370.532826788
0.0198655821037, 0.308931578556, 0.477691566763, 0.292034747503, 0.685181538969, 0.122545592607, 0.396897178281, 0.126080748375, 0.261289653674, 0.777615142617, 0.987134944466, 0.468346660149, 0.602231994995, 0.646866123655, 543.808656665, 268.567746888, 565.427810024, 437.256229148, 29.2615171765
0.247920389586, 0.10222281065, 0.399323582962, 0.983211404585, 0.102861892047, 0.684035595362, 0.912878380428, 0.143766642402, 0.913766841811, 0.9228558989, 0.276842611377, 0.861733601611, 0.0479728913643, 0.491810651099, 19.3206034655, 732.463104295, 531.162137926, 146.577415589, 376.240625299
0.0298822749916, 0.817014258008, 0.870694795684, 0.0513158540448, 0.886761418869, 0.731561782161, 0.469002081401, 0.985626291749, 0.136430670042, 0.988851188822, 0.421343937385, 0.328208868918, 0.0979549685866, 0.113885155824, 50.5313046662, 4.08200921116, 246.153883765, 850.146807223, 41.6427546284
0.252491082427, 0.985630159453, 0.910680002571, 0.707755360448, 0.973828068095, 0.67970383746, 0.00397350520268, 0.566377873258, 0.799616040828, 0.795727258828, 0.458008248888, 0.848992208944, 0.971189789371, 0.0450774279221, 1.50617624276, 3.04724589776, 24.067993816, 1076.67085629, 451.03043472
0.23793694543, 0.885712307822, 0.93359042608, 0.544948765563, 0.120704042551, 0.588820041506, 0.810648035291, 0.00715213800739, 0.874820767342, 0.3465189055, 0.876847117143, 0.129037349198, 0.918145253999, 0.112395308675, 9.69844798008, 11.1746546554, 141.327126631, 783.019357037, 312.103596322
0.54550224242, 0.00380579893013, 0.792793764277, 0.00668407339093, 0.274056777284, 0.343453085998, 0.995176325863, 0.377611938824, 0.301966036107, 0.28489420968, 0.384455752447, 0.285436029469, 0.778930211397, 0.0797391847876, 153.275754127, 1.60935000998, 454.200991493, 2.86576641032, 553.314900035
0.259217323106, 0.696359628193, 0.903032357504, 0.957721927791, 0.215446672438, 0.820177678176, 0.920745813822, 0.742752529652, 0.101325893255, 0.0452696050319, 0.584698682149, 0.535647439407, 0.306822645253, 0.232821989578, 4.3518400157, 65.4332890549, 427.202262025, 836.39423067, 406.035077325
0.152865923229, 0.925886207488, 0.0677663930028, 0.00407640474094, 0.281391561064, 0.988447214877, 0.0613083731205, 0.377611938824, 0.5778963354, 0.502401786489, 0.080048418987, 0.161141600297, 0.823982538462, 0.296599671676, 96.9850391626, 0.621023244867, 10.363168936, 834.049171244, 205.604648545
0.747061661071, 0.999463069462, 0.0677663930028, 0.00407640474094, 0.281391561064, 0.899831686541, 0.0613083731205, 0.344123980353, 0.5778963354, 0.502401786489, 0.241490137046, 0.403090923337, 0.137739129182, 0.296599671676, 0.30629661797, 0.00196130579753, 0.0327287963582, 365.239868155, 870.382926642
0.296024527157, 0.993994660503, 0.89162722637, 0.146911279692, 0.988763893848, 0.734212117542, 0.810648035291, 0.656294370352, 0.856076916464, 0.575019862439, 0.532325314639, 0.882411164069, 0.736802473305, 0.989674518994, 1.63040809367, 0.38306975254, 9.74317646121, 1047.98130854, 525.779291876
0.00972747068334, 0.301679702737, 0.899168731442, 0.11383761786, 0.528344883038, 0.833577302564, 0.581108380092, 0.294169446141, 0.00193083078892, 0.795727258828, 0.384455752447, 0.865652131509, 0.82073462036, 0.582707770516, 103.349342858, 18.6800101761, 657.537096274, 341.494537364, 11.4353381277
0.101854856017, 0.0175185505628, 0.945738254521, 0.171608476315, 0.281391561064, 0.487475634312, 0.680991680159, 0.458239257924, 0.719818298168, 0.0232630545334, 0.863645468237, 0.714514916255, 0.137739129182, 0.617345651123, 80.6885545633, 22.2931668731, 979.757065146, 27.066091886, 158.742016429
0.0277723183438, 0.990160129913, 0.0815404115187, 0.50536452082, 0.971665052781, 0.877409303414, 0.425073455282, 0.426259962515, 0.333938055102, 0.00770623320651, 0.814846820833, 0.519989159865, 0.849657776902, 0.997202758024, 10.7623995778, 10.9453255642, 1.97693123123, 1001.25124095, 43.7121918597
0.106425392393, 0.885712307822, 0.93359042608, 0.544948765563, 0.120704042551, 0.0761927520112, 0.810648035291, 0.00715213800739, 0.874820767342, 0.3465189055, 0.876847117143, 0.129037349198, 0.918145253999, 0.112395308675, 11.3059957997, 13.026888308, 164.752536009, 912.807242965, 156.549875334
