0.653184882653, 0.82, 3.0489664704, 0.630125935188, 72.8285597275, 3.33102329981, 0.729094573692, 0.729210970099, 16.4031510061, 156.487190489, 0.163839328978, 0.0
0.168584322271, 0.927951202299, 4.28529017821, 0.558532549509, 90.0367896362, 37.1949857379, 1.89863536268, 4.83306314144, 25.606053372, 371.200774732, 0.359605589547, 0.037037037037
0.80834328655, 1.06043031568, 4.96692318636, 0.415756195281, 4.20199945311, 9.75387089052, 0.988701274061, 4.67335152165, 10.4672641849, 263.083399992, 0.203951376118, 0.0
0.393289939371, 1.04497023206, 5.15753286446, 0.627003185987, 5.99931634503, 27.7227591481, 1.62264873987, 2.37508379945, 12.0006269347, 441.790523635, 0.284646165178, 0.0
0.145478296411, 1.10693850393, 2.0, 0.665644092036, 31.4504305141, 30.7171144286, 0.397680836314, 3.5972455176, 15.4298028928, 132.105064683, 0.238096348458, 0.0
0.707543619352, 1.0439893562, 2.0, 0.447001066341, 78.5212645534, 28.6255526125, 2.72668931707, 0.32408447455, 23.9545010179, 259.247345749, 0.564240485222, 0.268867924528
0.1, 1.08467949093, 2.75271368724, 0.591251548711, 1.0, 32.3787152703, 2.2182284202, 1.79265052227, 44.0, 476.922927029, 0.151146936603, 0.0
0.89310141649, 0.82, 9.6084771575, 0.594509826328, 1.0, 29.5434240091, 2.02329873761, 0.0, 25.4045411676, 807.258288575, 0.521530414994, 0.122448979592
0.405400268016, 1.2, 8.36644839926, 0.400780538091, 2.91044286979, 50.0, 0.0, 5.0, 10.1732694103, 888.377318308, 0.413153506315, 0.0
0.1, 0.82, 4.92701159595, 0.5750272708, 28.9588230581, 33.6769219541, 0.0, 3.07770782862, 27.6686556678, 200.567785832, 0.185980397496, 0.0
0.645481384886, 0.897218574396, 2.30987431914, 0.635195564442, 100.0, 1.0, 1.25546885374, 3.63353065041, 29.0572815748, 271.000165018, 0.0487559284964, 0.2
0.547392768852, 1.01414587619, 5.26136265368, 0.485552423433, 4.01008260645, 18.5089305627, 0.545379301886, 2.8466903728, 37.6898481836, 471.534704765, 0.437184958275, 0.0
0.371291545708, 1.17172386855, 6.89686792341, 0.599283578201, 8.70822528189, 36.6218210103, 0.0, 2.99576435827, 31.6009172407, 631.973648843, 0.230177842957, 0.0
0.492571841788, 0.964504276964, 3.72583540396, 0.64765779961, 1.0, 12.4874471351, 3.33399134127, 3.71088727042, 25.8018830644, 625.690880998, 0.24612491963, 0.0
0.145385220558, 0.9459258307, 2.1632178797, 0.548507998032, 70.0468470523, 3.7426789563, 3.17775111852, 0.638301632451, 11.4397739525, 284.519652243, 0.0382061515665, 0.101364522417
0.144861725853, 0.893201673862, 7.95714923159, 0.407641764435, 32.320236607, 49.6791883548, 2.90535906183, 1.20485407402, 14.1279488031, 739.210723027, 0.34911679643, 0.0594059405941
0.715652794119, 0.848997456309, 6.30637704727, 0.553580281532, 41.2031753043, 18.7413317353, 0.240672669724, 0.0, 33.282006711, 166.19185215, 0.285865023466, 0.25
0.345877419883, 1.12583953404, 3.4799905632, 0.674299468264, 66.6156322515, 49.6069820808, 0.997276133032, 2.01292380079, 42.7175253985, 252.143384255, 0.399658354347, 0.0
0.751568168718, 0.957242382812, 5.68968470673, 0.565781243169, 100.0, 43.8932474714, 0.117932811505, 4.77859753546, 44.0, 279.691944004, 0.566120475305, 0.0
0.9, 1.15395201043, 2.0, 0.488810062512, 23.2733641677, 20.8435684071, 0.0, 1.89671242665, 26.0041460016, 209.295157462, 0.634681644645, 0.0
0.301714742535, 0.82, 3.97505518107, 0.4352170695, 90.1208194804, 6.32454209915, 3.33148654448, 0.0, 15.0297091208, 494.239479699, 0.0877330772284, 0.00286532951289
0.150628826262, 0.996518947415, 2.0, 0.4, 72.0184486266, 38.5018358486, 0.0337213858953, 4.56274500324, 5.03413665673, 133.678778879, 0.350334270125, 0.0
0.1, 1.01649848987, 6.05024563973, 0.4, 44.4018723623, 16.509669435, 1.7267355853, 4.69108366553, 11.348088988, 452.359472672, 0.0771113316215, 0.0294117647059
0.213188052551, 1.01173500568, 2.0, 0.665335714443, 20.8217800375, 19.2534536106, 2.8610982317, 0.903148902849, 44.0, 302.610629342, 0.175927967684, 0.0
0.542058186181, 0.84207756794, 8.16905259912, 0.559328969614, 41.1398567692, 1.0, 3.53131492441, 0.0, 24.5997501748, 890.34501901, 0.0411699025387, 0.0687022900763
0.314232802608, 1.03620582173, 3.52907638023, 0.621353887894, 62.586427407, 6.00142301515, 3.81613659806, 0.278226325706, 24.6083127032, 574.254134507, 0.0757136994201, 0.0
0.1, 1.18076347649, 2.0, 0.7, 1.0, 7.8879591006, 1.85817747972, 4.08625884454, 44.0, 227.790685747, 0.0779766568975, 0.229166666667
0.466736069831, 0.843259802597, 2.73750969224, 0.405506865541, 82.2799273979, 39.1815009479, 1.81368326724, 4.42844729832, 12.8836152444, 235.495185596, 0.467902567734, 0.170731707317
0.790409920782, 1.01362786668, 8.32370223827, 0.598072411433, 46.0864170409, 14.7467889448, 0.368353951245, 0.383681174617, 37.3151089367, 530.347258774, 0.0, 0.0
0.54536785025, 1.08806925924, 4.58054073498, 0.668863772015, 67.9045698256, 1.0, 0.902200418497, 3.14848781007, 13.9933239702, 304.721144705, 0.0179363752592, 0.0
0.1, 0.945496110019, 5.68747159702, 0.673753233278, 9.09460122619, 10.6794391978, 0.061201567338, 2.87860982733, 40.1255178903, 412.362430892, 0.0341525118163, 0.0
0.54192650863, 1.06101886623, 2.0, 0.567149406036, 1.0, 18.1610977759, 1.0742356758, 0.552689597942, 18.5038645207, 162.129229242, 0.401587639492, 0.343434343434
0.748544154849, 0.980839036515, 2.0, 0.457810288006, 98.814926378, 9.27872867874, 2.357280061, 4.60088076779, 2.04561620062, 192.162142392, 0.24558353186, 0.0661157024793
0.248655132004, 1.09416821251, 10.0, 0.67212893099, 2.04529369167, 12.7031089325, 0.436848212323, 4.57171711168, 41.0207172983, 875.121957704, 0.183907843844, 0.0666666666667
0.185590001885, 1.0641100052, 3.24608398636, 0.67030530698, 7.02204441596, 10.8518323854, 1.33809375296, 4.14487228439, 37.1800007749, 281.77355126, 0.169312345051, 0.0246913580247
0.193527052206, 0.8577015086, 6.7760019724, 0.464344574308, 40.8390919848, 31.5066574317, 0.0, 2.02793939293, 16.8831057718, 304.554666725, 0.194182287805, 0.0
0.879537907014, 0.82, 4.48266324864, 0.556571112943, 74.0352683955, 13.7473437821, 0.500152424548, 1.64244940372, 44.0, 238.990566344, 0.218569628312, 0.181818181818
0.527039526206, 0.853331401394, 3.02016091082, 0.682162220497, 79.3456259139, 9.6001713707, 0.0172489243402, 2.79341807208, 39.7391772644, 171.553631424, 0.0829843030414, 0.0
0.690320128514, 0.907675671075, 4.29808365069, 0.698850413922, 100.0, 4.88473718227, 2.6308185984, 1.84709418223, 1.0, 395.271637778, 0.102200891934, 0.126315789474
0.329079410027, 0.943971038513, 5.64773335541, 0.660817027325, 1.0, 30.9559267937, 1.77401557912, 3.97269902396, 13.5490798965, 450.892871856, 0.270919298196, 0.0
0.883846602715, 0.877461001671, 6.34478446004, 0.691225487111, 63.6440294904, 33.6098025481, 1.51853569107, 2.92775948888, 3.21041439576, 369.945550277, 0.438914745314, 0.0384615384615
0.1, 1.2, 4.75439672485, 0.497969636578, 64.9129742784, 36.3552672247, 2.16752460955, 0.224124643167, 14.1100093028, 750.863973481, 0.248140425256, 0.201257861635
0.362581024537, 1.1493538512, 5.55901218731, 0.413439495456, 8.05783179174, 1.0, 2.67432085695, 4.60642062168, 1.0, 749.162421491, 0.0169785554081, 0.0
0.292614812684, 0.91910890576, 5.9824032856, 0.573981527545, 11.8820511489, 32.5443835462, 0.556276052315, 3.6061458484, 27.3991973994, 385.473986211, 0.271039452422, 0.0
0.1, 1.2, 8.88890838161, 0.546319938268, 71.8150958233, 28.6097001182, 0.411374055514, 1.19971987021, 44.0, 898.358919835, 0.174459423335, 0.0
0.168738308288, 1.12078594424, 2.0, 0.7, 81.9931631786, 42.9675937638, 1.3224607332, 3.48261079778, 3.20858321413, 177.04528027, 0.23465271865, 0.0
0.274493694657, 0.82, 3.0885078738, 0.7, 32.6570571028, 16.6732607206, 1.73054710558, 5.0, 33.858133005, 307.75085051, 0.259746953833, 0.0
0.126687474327, 1.03734002932, 8.88620194806, 0.480792344207, 50.0750130271, 16.7219733837, 1.91704265741, 4.85726198831, 22.9451247545, 1022.72391874, 0.0776693137156, 0.0
0.1, 0.952959565265, 2.0, 0.407806197048, 32.1142466304, 1.0, 3.558291002, 0.0, 44.0, 353.029049767, 0.00594961718214, 0.00468384074941
0.2297174647, 1.2, 5.41104967725, 0.559366397683, 19.0591433675, 50.0, 0.34757066111, 0.766718902975, 21.4231004137, 531.932431802, 0.248035768082, 0.0
0.9, 0.822289396718, 6.86898963358, 0.682187083977, 2.36722912446, 46.9506509704, 3.28870474419, 3.97148367983, 8.86443842011, 725.723871481, 0.611385495005, 0.0
0.160897489822, 1.12019109518, 2.92121458627, 0.514945089118, 92.1989578622, 42.6963882663, 2.705493134, 2.30196548884, 2.2612307952, 386.40802012, 0.22906573268, 0.0277777777778
0.19767734758, 0.924179606318, 2.0, 0.561575140055, 1.0, 25.7269894815, 3.57838539663, 4.68337220606, 41.0662352561, 384.294288102, 0.28976024415, 0.106334841629
0.1, 1.01570404759, 7.24404945004, 0.696024812961, 26.1516936622, 11.8661782729, 2.83977391883, 2.39031505325, 28.2246051741, 937.126920919, 0.0926764603116, 0.100558659218
0.426244192766, 0.926235385429, 7.32126366082, 0.562422485415, 87.5525020427, 26.4105473706, 1.07835827032, 4.40574592031, 25.5939391901, 557.422948759, 0.348617600267, 0.0
0.112115047964, 1.17445468304, 4.72706284593, 0.587364765746, 100.0, 49.6142976782, 1.26448413087, 4.85662990643, 19.4352711688, 677.827751714, 0.279365769107, 0.114285714286
0.787039647892, 1.08311386978, 4.10627408037, 0.522661336926, 53.7584919175, 1.0, 1.1881676675, 0.0, 1.0, 372.928271379, 0.0340076345581, 0.0
0.20460122629, 0.843091046992, 4.45249857456, 0.667662796015, 45.7054405884, 15.3100668757, 2.70934691472, 0.804075357544, 2.65583254288, 334.57741893, 0.115704040744, 0.0263157894737
0.1, 1.2, 3.55778903176, 0.572712510299, 16.9806062177, 50.0, 1.80331603509, 1.5362220458, 3.74173862469, 414.541949813, 0.194619696881, 0.0526315789474
0.1, 0.874809481486, 2.0, 0.546143916576, 70.5846361063, 7.10067674879, 0.801665608234, 4.48691064783, 10.8720415699, 96.3386429149, 0.111422938354, 0.222222222222
0.567938711715, 0.94504919565, 5.43285537499, 0.577405488436, 52.5383677687, 13.778849636, 2.57364342248, 4.77725623109, 1.0, 573.892890956, 0.197675829483, 0.0
0.619745618965, 1.12777862141, 8.09411116585, 0.47334600994, 36.1934249525, 22.8939220434, 1.53313906795, 1.65324044463, 44.0, 981.924595924, 0.432641031264, 0.0
0.1, 1.14173984743, 2.8010526717, 0.476654494101, 12.7536795564, 19.8720069122, 2.51320119172, 1.18962470076, 21.7481865186, 464.359486349, 0.125284565227, 0.238095238095
0.810754465071, 0.82, 8.56645888967, 0.648245044363, 100.0, 48.7110923582, 3.84489632353, 2.32070354642, 44.0, 1160.32643185, 0.589455941057, 0.003003003003
0.52881202096, 1.03328596043, 9.47671907518, 0.669778072876, 84.5902263174, 38.3860312388, 1.91700238741, 3.15497236587, 1.0, 780.251093887, 0.312277038679, 0.0
0.482775290196, 0.85208452963, 3.7362211107, 0.525350642308, 100.0, 1.0, 2.06549894468, 1.31746325303, 17.1305386889, 388.017089478, 0.0319659845896, 0.275167785235
0.675514996905, 0.895504675605, 7.73528653976, 0.479713195076, 91.063210867, 1.0, 2.28277207273, 0.794011447516, 29.6581308628, 839.357344307, 0.0520355978023, 0.0759493670886
0.472857889785, 0.905068125594, 2.43932958254, 0.543553682124, 76.792031391, 35.0539368346, 2.77984383858, 3.4787913035, 5.56659908634, 266.694011331, 0.449094282734, 0.0131578947368
0.1, 1.11922034684, 7.45176661738, 0.7, 61.9834944412, 4.40672108069, 1.97514188051, 5.0, 1.0, 685.132740648, 0.0233259184535, 0.38
0.1, 1.04146669599, 3.47045431443, 0.608217126658, 1.0, 21.8983249744, 3.24498623446, 4.00837817652, 36.4986261455, 650.777697769, 0.137998518159, 0.0518018018018
0.291331906803, 1.1292015116, 4.64685357932, 0.523060337802, 44.5745527063, 20.7818185384, 2.36766481781, 2.73534120962, 1.0, 535.62221024, 0.224863611174, 0.0
0.201073004587, 1.02657975916, 2.0, 0.7, 51.0997790295, 18.7857433767, 4.0, 1.67643419952, 42.331503362, 453.323764144, 0.155275205434, 0.0
0.31083329979, 1.15131617246, 2.434743734, 0.482792844856, 39.7637325946, 32.8720723451, 0.238906743914, 4.89332232429, 13.244023174, 118.828213288, 0.236285905637, 0.0
0.1, 1.15190349015, 3.44431479693, 0.513971407589, 31.580753749, 18.8442448648, 1.6957138712, 2.53720775702, 42.8253647491, 601.070606483, 0.0558268821062, 0.0
0.611719498209, 0.820718518427, 4.8795474025, 0.613081255847, 54.6610027292, 43.7755031632, 1.22960765947, 4.96470264974, 24.7573495279, 315.872047356, 0.4546070279, 0.0
0.1, 1.2, 2.0, 0.506816954183, 33.4612325038, 1.0, 2.35868943133, 3.22022600479, 7.15682055785, 256.25678707, 0.00516106747646, 0.0173913043478
0.430292006563, 1.13989720473, 8.33858988234, 0.50807769103, 76.8827691338, 32.0881963697, 3.97182936583, 2.04762721851, 34.7137731174, 2028.79478579, 0.447566828371, 0.00749063670412
0.1, 0.936297425115, 2.93234047469, 0.439877096496, 18.4641517833, 1.0, 3.02694645809, 1.66014603086, 37.150178796, 535.806453063, 0.00601534666416, 0.387453874539
0.521249923881, 1.14317353875, 2.0, 0.4, 92.3217769586, 1.0, 0.931491739748, 3.52528574611, 1.0, 109.339768897, 0.0283938369506, 0.176470588235
0.778038424602, 0.833518472736, 9.01821387483, 0.7, 6.09177745353, 18.4408016717, 0.82948417722, 0.330413083124, 1.0, 298.633617491, 0.315015352475, 0.166666666667
0.117722298766, 0.82, 5.91769196771, 0.691625014033, 1.0, 48.1611299146, 1.7984948674, 2.92957111379, 15.2286166681, 375.915392805, 0.299487433754, 0.047619047619
0.802978398582, 0.823932837784, 9.14223882847, 0.450043205422, 98.6836874127, 20.3182238504, 1.74288919276, 4.45901181783, 27.6127218417, 628.964297298, 0.4097063269, 0.0
0.9, 1.2, 2.21762383961, 0.48681574914, 3.79981546433, 1.0, 2.19995157057, 0.683984754581, 24.7578075378, 335.648308384, 0.0928896115847, 0.193181818182
0.79055248837, 0.932175624175, 6.26187951443, 0.535025483524, 9.5323269599, 43.3578556337, 2.62924800308, 3.41495813285, 9.55106625864, 631.588863623, 0.550905273073, 0.117647058824
0.892016598982, 0.996021381952, 8.88064400436, 0.661632603199, 100.0, 22.2027954786, 1.56944388578, 3.09098742488, 29.8119080922, 835.505641394, 0.459532455163, 0.0606060606061
0.234480526713, 1.11705921448, 4.99666743599, 0.59460546455, 56.4977972016, 1.0, 3.55228869396, 1.40737200622, 21.1481621623, 957.467505672, 0.0168631127572, 0.262032085561
0.743029669155, 1.2, 2.0, 0.500377485731, 65.5956645434, 24.4618434157, 3.66918418535, 0.368376422428, 10.8372940626, 334.479560463, 0.432432199427, 0.0171821305842
0.758687302917, 1.18080522914, 2.60896625798, 0.43515710365, 1.69008476051, 23.1432901622, 3.98722783419, 1.24459673291, 15.4188696787, 468.072813781, 0.43842477285, 0.0767195767196
0.100645872146, 0.996055316519, 6.43456929117, 0.49980934569, 71.8150958233, 2.50827692923, 1.96049826402, 1.64828099061, 29.1401089589, 662.57456035, 0.014713468786, 0.0
0.523816112553, 0.82, 3.31917527703, 0.651711668348, 10.7095638999, 17.2469629967, 0.073057121328, 0.0, 31.8832178756, 167.25383878, 0.370370486224, 0.0
0.790126260464, 0.939086562552, 9.49483445004, 0.565619749469, 86.7249173135, 4.10803106641, 0.263706199049, 3.81170423532, 3.19914991152, 490.431311254, 0.160777092443, 0.0
0.732177383394, 1.07344137629, 3.91032038422, 0.668056641107, 17.561533479, 38.7492132942, 0.683409034376, 4.73674240063, 5.12781184562, 232.029011471, 0.394709692292, 0.0
