0.285534192703, 0.0369231301829, 0.0234181644153, 0.938634683259, 0.848115572095, 0.697782833156, 0.546131062084, 0.626356799923, 0.269702215611, 0.92498822261, 0.49551051836, 0.311614540698, 0.419588611998, 0.293241540681, 0.129500130549, 1.33930454663, 0.0495186477418, 0.0781807325895, 0.649043934783
0.0403824813619, 0.54722911419, 0.64760410679, 0.137428423409, 0.447664552745, 0.8086479492, 0.521114173169, 0.879069619965, 0.456010952753, 0.506356388668, 0.659983901851, 0.506836129299, 0.209689292436, 0.252831343495, 0.47338308809, 0.103807721406, 0.784206507862, 1.0699082004, 0.0897053796505
0.143163070816, 0.214283512639, 0.753305031715, 0.173265397873, 0.564584665328, 0.674502791663, 0.571649604417, 0.576531918722, 0.500275652756, 0.631842497604, 0.466618644379, 0.410871640389, 0.415824324462, 0.830747345499, 0.398037209728, 0.111088200319, 1.01250552888, 0.382659856856, 0.265030329529
0.194736836969, 0.235414712174, 0.134385310442, 0.937440241375, 0.47251823069, 0.551676176434, 0.34145038159, 0.621043925548, 0.649904723662, 0.590696579073, 0.612750720681, 0.432116293882, 0.381784691236, 0.51610379499, 0.0942917326633, 0.956439628489, 0.205943537421, 0.380989276621, 0.332904742856
0.275604786085, 0.721365253185, 0.0282818550422, 0.0926143275261, 0.848115572095, 0.448918279265, 0.559695604139, 0.710490867358, 0.269702215611, 0.923107814373, 0.498672518749, 0.457262890373, 0.42002865362, 0.721929727789, 0.55568910943, 0.0814158481894, 0.0249664894866, 1.20136624853, 0.613004907378
0.0359297803499, 0.0277951029673, 0.0098886307946, 0.875616860164, 0.8162305671, 0.452035698394, 0.452981435723, 0.211559305208, 0.480907683849, 0.484768997442, 0.178383070042, 0.497384368676, 0.645948982051, 0.52262752499, 0.254336005625, 1.28514019177, 0.0203509197943, 0.0572413292594, 0.0740961141836
0.0336887160484, 0.0351755678723, 0.24285833313, 0.407425524902, 0.547505686201, 0.585765130326, 0.257853691479, 0.717643006956, 0.90949095868, 0.873429219473, 0.452658000494, 0.341593144242, 0.364080763111, 0.64876140405, 1.10649091279, 0.823800907026, 0.553352888864, 0.0822087018592, 0.0788474749479
0.457946934791, 0.0243764731781, 0.0516409411223, 0.317162219129, 0.350916806494, 0.664344293437, 0.350640319654, 0.30186425114, 0.768852987021, 0.759365493424, 0.415644235598, 0.491016381441, 0.0488224864682, 0.481404616876, 0.961852038768, 0.523212896398, 0.0890146594682, 0.0420849642041, 0.962938377763
0.228468610641, 0.726071992951, 0.173742536414, 0.617874776247, 0.251450165754, 0.189811791889, 0.390925933055, 0.506790871912, 0.503991349813, 0.184479806695, 0.660904431733, 0.455322717245, 0.645376485016, 0.703802280696, 0.288927685808, 0.422106193501, 0.143173474252, 1.15733882853, 0.477685861246
0.110231624106, 0.888466855986, 0.0128117749103, 0.0922342098228, 0.343868878414, 0.620017228873, 0.812160394349, 0.18797429883, 0.274635918436, 0.92083355098, 0.413403376328, 0.63250973699, 0.497644028793, 0.72200821019, 0.260877544262, 0.0380629347796, 0.00530638291712, 1.48970217314, 0.264603640828
0.0829977437942, 0.142257868742, 0.279103535968, 0.996586349001, 0.363875631501, 0.0250948360833, 0.342385332411, 0.281260404405, 0.8381569816, 0.181177193266, 0.650599937278, 0.245534076989, 0.356223495851, 0.814201168862, 0.00816579175768, 1.52284304061, 0.713988289332, 0.382224724727, 0.226151505844
0.711978340385, 0.372883020525, 0.68914914642, 0.990287750528, 0.138972487879, 0.556545092742, 0.342004155127, 0.71090652012, 0.325039343152, 0.789345067684, 0.462420559998, 0.598620961327, 0.646443127497, 0.723838617846, 0.00364973597907, 0.239214801061, 0.450394064334, 0.338318144821, 1.2591482249
0.459326976845, 0.0284385461809, 0.160592588393, 0.861500678438, 0.218059965493, 0.452766876393, 0.397149582585, 0.490902546, 0.417423936158, 0.490547895992, 0.612516874715, 0.492807851974, 0.6433973539, 0.482052353796, 0.177603781054, 0.803445270421, 0.212086293277, 0.0379838793382, 0.748292789369
0.226534397355, 0.00445167202003, 0.471222243154, 0.645820275486, 0.574608116027, 0.718409710668, 0.325396285525, 0.244962420132, 0.505884742745, 0.696680658916, 0.673922367231, 0.939543118573, 0.406690265835, 0.688614993764, 0.531849817416, 0.855244959906, 0.919957307728, 0.00953849992354, 0.506975084885
0.723062085486, 0.0282826546658, 0.464937209499, 0.903460546918, 0.352952166411, 0.715073805075, 0.341970743001, 0.772023387026, 0.229771665071, 0.761423346533, 0.455143606355, 0.44217075217, 0.374463488404, 0.56067246809, 0.063156006175, 0.413278658201, 0.37438620658, 0.024948747619, 1.20886147379
0.0222962834641, 0.216706689829, 0.229690847092, 0.978881449948, 0.370630771503, 0.412496480007, 0.518884616138, 0.358322277013, 0.481145258714, 0.494884366021, 0.629374043844, 0.243573626623, 0.583243024319, 0.688447440286, 0.0342065565483, 1.03078012637, 0.389141515455, 0.390429896577, 0.0409732759773
0.486699852843, 0.372883020525, 0.0412459656757, 0.096571719167, 0.145204234698, 0.553900862258, 0.347044871508, 0.76216490981, 0.32485720949, 0.759596658122, 0.415750425208, 0.597351178811, 0.418896368313, 0.723590583717, 0.825901495001, 0.126254629103, 0.054206825423, 0.555416032417, 0.963600297583
0.041776744032, 0.219229004711, 0.762317787881, 0.283231724808, 0.575936901205, 0.572804520518, 0.326020395656, 0.576531918722, 0.500275652756, 0.787813910915, 0.460094903239, 0.410871640389, 0.415824324462, 0.830747345499, 0.388413507972, 0.185187648608, 1.09848578641, 0.42312599194, 0.0823660219046
0.0342812186062, 0.12123188591, 0.0490935272144, 0.980466461785, 0.254254424414, 0.411266544515, 0.342004155127, 0.702206593718, 0.491994300633, 0.352806947821, 0.462799857888, 0.242770379849, 0.563570867506, 0.807998121876, 0.0396567646725, 1.29205251714, 0.0998828304037, 0.249924368509, 0.0711698572004
0.0389617268846, 0.348034263649, 0.0570262144933, 0.994158466296, 0.390636106487, 0.593485631186, 0.258860557331, 0.313755369739, 0.319856222361, 0.806445158243, 0.46138129798, 0.633989059474, 0.58229748286, 0.724243125376, 0.0102577958459, 1.11787977433, 0.100408752021, 0.683065836534, 0.0805145114944
0.0160295803913, 0.160038120331, 0.219761539107, 0.469895894968, 0.251470204235, 0.717842537151, 0.711143206976, 0.248473227383, 0.673572317917, 0.749763528589, 0.785264927306, 0.443337706239, 0.374405914538, 0.544569975967, 0.951650172704, 0.86565060132, 0.462611193438, 0.351102234369, 0.0355474147343
0.230449004494, 0.362451064974, 0.00522109420872, 0.0265640292508, 0.575573371149, 0.56318206963, 0.324935754964, 0.248156147339, 0.228920914829, 0.679490936307, 0.787823283958, 0.278278568054, 0.366863849821, 0.558929340883, 1.07237759934, 0.0447727443284, 0.00880272360225, 0.686978405021, 0.482571151839
0.0192587230044, 0.00377028093038, 0.172113167135, 0.162843453956, 0.888897079523, 0.722280547174, 0.393711073244, 0.305015045901, 0.814210158093, 0.772555850342, 0.402457029006, 0.381377750268, 0.34987680874, 0.737867230743, 1.42175161084, 0.371820452445, 0.407275995371, 0.00903144015857, 0.0461472508106
0.0359298528313, 0.379751953146, 0.0187904277322, 0.520818072845, 0.278065481812, 0.386632031088, 0.453951578585, 0.141871190096, 0.478945542257, 0.701756542446, 0.167481838297, 0.679299106611, 0.441249615588, 0.249950030083, 0.814054036855, 0.869114891676, 0.0351582817772, 0.808952526228, 0.081359480618
0.7593981328, 0.359827402644, 0.236615770904, 0.167281476555, 0.368039633433, 0.416275387938, 0.260696182701, 0.363657958536, 0.83041341011, 0.700500672977, 0.661011334802, 0.463191556852, 0.483998775561, 0.68889029728, 0.36808984384, 0.0990104769104, 0.148578217694, 0.2594717601, 1.22021582718
0.0299863589667, 0.940238095089, 0.999480034055, 0.175828040338, 0.721374525039, 0.41844592586, 0.571617044061, 0.877987662791, 0.879205905532, 0.554161831867, 0.45041992887, 0.240056035289, 0.135996674114, 0.812721595499, 0.000121453991811, 3.44241693365e-05, 0.154559636715, 1.64162359341, 0.0777239612097
0.0913162417839, 0.318984655598, 0.238384050898, 0.986210836143, 0.547607145842, 0.593426199183, 0.259496187667, 0.335384240018, 0.489139260734, 0.872057876166, 0.660188328307, 0.521848737827, 0.183617840038, 0.603396198182, 0.0239969735012, 1.10772189019, 0.43543098997, 0.651997209201, 0.196039605482
0.867595826802, 0.929921986592, 0.994969163445, 0.948936764744, 0.705596603337, 0.371875777074, 0.994679601876, 0.707991732039, 0.834640086602, 0.553369802456, 0.0147642519976, 0.658214237131, 0.819892533012, 0.63654855585, 2.64692452748e-05, 0.000329291552208, 0.0418032464542, 0.378235934776, 1.80323326171
0.482653163004, 0.0152032491245, 0.173742536414, 0.0792522215334, 0.286456126567, 0.998060944218, 0.394405367966, 0.507673894033, 0.378334672903, 0.179995493306, 0.615314317444, 0.633980299669, 0.645376485016, 0.703802280696, 1.05153661908, 0.13158529834, 0.296618482502, 0.0262854659649, 1.04236863407
0.464678387911, 0.312505422157, 0.0488409482854, 0.115103982479, 0.547277141646, 0.593485631186, 0.800432668379, 0.314510931567, 0.318617754575, 0.788201915631, 0.46138129798, 0.60245545199, 0.586513096926, 0.735996908758, 0.855257291764, 0.156342073715, 0.0668331043655, 0.46610036088, 0.884697433754
0.0346644686368, 0.174990026624, 0.543454682887, 0.406970053664, 0.362287319194, 0.387173299993, 0.502763282836, 0.509231672475, 0.477290614134, 0.873469056399, 0.645467975177, 0.437587403352, 0.364141849559, 0.358005558194, 0.62625029344, 0.465557730768, 0.894866957169, 0.334837784799, 0.0672384900713
0.56078355988, 0.359628933229, 0.0252687622922, 0.624015191491, 0.43950484893, 0.102413206365, 0.526740013656, 0.582515345471, 0.477576930351, 0.599633040273, 0.557290811519, 0.694911980588, 0.350537966231, 0.241329007194, 0.391917683592, 0.584586586089, 0.0279501483563, 0.446424381873, 1.01056190846
0.0346644686368, 0.180266807665, 0.960227760998, 0.408753602978, 0.362287319194, 0.387173299993, 0.800600526738, 0.509052498236, 0.286974175194, 0.873812685807, 0.277503726804, 0.837483327677, 0.364141849559, 0.35974786019, 0.0723279957564, 0.0540842856173, 1.4437271009, 0.420918872943, 0.082113765951
0.226534397355, 0.358919039128, 0.23896176425, 0.405829480887, 0.371381572962, 0.416275387938, 0.260696182701, 0.363155470994, 0.50526629777, 0.700500672977, 0.659000852932, 0.425494651371, 0.415016053251, 0.687712641775, 0.718562479781, 0.532186892338, 0.352344466603, 0.607642073351, 0.422604009866
0.0346013615907, 0.54360087255, 0.936635555348, 0.98925775227, 0.39202014614, 0.394237023166, 0.521697870995, 0.906868431824, 0.478945542257, 0.198210636643, 0.625053308115, 0.677614028048, 0.318354260366, 0.24529455589, 0.00156802075536, 0.0929170782534, 0.93058145443, 1.07296134865, 0.0774365773028
0.392641330447, 0.401500122356, 0.353434033209, 0.534540182023, 0.410771518169, 0.642834156699, 0.0695634635241, 0.144777833824, 0.479699721271, 0.683454510563, 0.887932448372, 0.517103010126, 0.431765228878, 0.154172547375, 0.616439632618, 0.687241086213, 0.572610404714, 0.793205537092, 0.953730256471
0.655892094415, 0.0408161455396, 0.971115005424, 0.164255113505, 0.346037767795, 0.415955468868, 0.709312024792, 0.706210362773, 0.834209309788, 0.685514014394, 0.612547926386, 0.442244149396, 0.355779820044, 0.287516616087, 0.0302944940709, 0.00799451281845, 0.690068366444, 0.0443493042825, 1.15339738412
0.503649706603, 0.043603181595, 0.641967839973, 0.935252159634, 0.362321282919, 0.395558067044, 0.791085526192, 0.577082855226, 0.289922984119, 0.563258169044, 0.474544112546, 0.20126447749, 0.35781717872, 0.591816455048, 0.0488773771655, 0.478918540329, 0.763783130857, 0.0619338086884, 0.915396023435
0.226534397355, 0.359827402644, 0.236615770904, 0.640576493173, 0.368039633433, 0.416275387938, 0.260696182701, 0.363657958536, 0.505519727896, 0.700500672977, 0.661011334802, 0.980610238022, 0.483998775561, 0.687712641775, 0.565456312471, 0.892802586865, 0.411933814558, 0.719386687815, 0.499194272021
0.0192587230044, 0.0390482629591, 0.00690324664977, 0.142635534785, 0.345997003862, 0.450212035934, 0.454448852749, 0.297843205747, 0.480450583042, 0.759795134052, 0.415644235598, 0.380209974584, 0.34987680874, 0.520110756727, 1.14913169028, 0.261860990115, 0.0127806549398, 0.0723860808642, 0.0357343341239
0.140690208475, 0.235075727488, 0.394706551481, 0.0269981545126, 0.816728004311, 0.659187186227, 0.657429666186, 0.290610415271, 0.440113937301, 0.406498420176, 0.618268970311, 0.602767749249, 0.808762266749, 0.516905084936, 0.981676708584, 0.0416565126954, 0.701463874115, 0.467218662717, 0.290832365956
0.0346644686368, 0.0279443467903, 0.0256946099103, 0.0301024902033, 0.279949403845, 0.209901687398, 0.380902430454, 0.693235575822, 0.517627915472, 0.320728950833, 0.648753398938, 0.239385580919, 0.919179987439, 0.817415385189, 1.57614563825, 0.0745834533445, 0.0637205997984, 0.0693631422975, 0.0861565552024
0.187648491951, 0.9383032456, 0.906942722176, 0.992281801278, 0.721408128674, 0.363072291601, 0.570846405605, 0.629924616059, 0.834821537595, 0.322035410624, 0.450321893324, 0.244281208732, 0.320905517164, 0.426465628211, 0.000218885132892, 0.0180534061328, 0.122634359365, 1.27503968529, 0.388928861024
0.711978340385, 0.372883020525, 0.996493259906, 0.920137961612, 0.142494256776, 0.563081889143, 0.964893378188, 0.753575601059, 0.836038541159, 0.789345067684, 0.462195884893, 0.593995136779, 0.816090021655, 0.722947629261, 0.000444059271026, 0.00352122774021, 0.644306483792, 0.427426067782, 1.59078897412
0.190926585548, 0.0104521033734, 0.961913179165, 0.140147955814, 0.284547471109, 0.866096469324, 0.321991697783, 0.275877784327, 0.286431758749, 0.679764605406, 0.281842349228, 0.234187751235, 0.646823028452, 0.592187618902, 0.0829683971543, 0.0185658810516, 1.41941476074, 0.0233479953626, 0.439777424089
0.228818821897, 0.359881691131, 0.990131317975, 0.142591081677, 0.484944161859, 0.415873426572, 0.258733022843, 0.573400243561, 0.6748738269, 0.717181108763, 0.673919821395, 0.395867139305, 0.578500908445, 0.555903294852, 0.0143248162956, 0.0032632478212, 0.947679197063, 0.601240728723, 0.421744853273
0.0265039466855, 0.0279443467903, 0.0526096595018, 0.494970521611, 0.250426213825, 0.188179356802, 0.399215371731, 0.242618389195, 0.231696047343, 0.865558888545, 0.652614691854, 0.221168001109, 0.383798561217, 0.632442331414, 1.11560534588, 1.09811595026, 0.129657330256, 0.0689920463113, 0.0654946914998
0.0346644686368, 0.0294575954034, 0.684154233076, 0.919732171797, 0.253892659195, 0.188210879819, 0.399206590076, 0.242043096404, 0.565032181578, 0.367548669451, 0.122027320399, 0.441492457438, 0.588896809205, 0.750078170823, 0.087948519874, 0.693836597559, 1.29208364694, 0.0680324030615, 0.0801655106526
0.0360404353358, 0.726071992951, 0.173742536414, 0.146346141899, 0.251534076655, 0.189811791889, 0.395360309931, 0.507673894033, 0.42604162827, 0.184479806695, 0.77408520315, 0.457639354951, 0.645376485016, 0.703802280696, 0.551996491357, 0.129176435016, 0.158676921907, 1.28266051987, 0.0799825472801
0.187648491951, 0.045280152303, 0.907173031651, 0.992281801278, 0.78303519268, 0.0295592209179, 0.713886202308, 0.693423322333, 0.834477410471, 0.322035410624, 0.456373924608, 0.244351010131, 0.320905517164, 0.426465628211, 0.00274527542856, 0.226427311912, 1.54196120619, 0.11103699157, 0.474362074503
0.16716869918, 0.0371876905271, 0.31644133178, 0.90383366956, 0.686062538759, 0.198957822306, 0.543296198778, 0.67197117185, 0.489570344925, 0.411141425382, 0.746631542083, 0.311559460244, 0.766491623123, 0.293709999151, 0.175291835427, 1.1515896657, 0.631930633223, 0.0775002662707, 0.356822006302
0.451895320155, 0.0104019829461, 0.956733658274, 0.142255038419, 0.218627796184, 0.858051445676, 0.801639928716, 0.495006795071, 0.286431758749, 0.554563751789, 0.281842349228, 0.921470948985, 0.643433773175, 0.592705220028, 0.0804216810296, 0.0182757172176, 1.21162343469, 0.0198447708437, 1.04362685173
0.464678387911, 0.312505422157, 0.0488409482854, 0.906902792995, 0.547277141646, 0.593485631186, 0.258860557331, 0.314510931567, 0.318617754575, 0.788201915631, 0.46138129798, 0.51285649616, 0.584064287176, 0.724243125376, 0.122080638027, 0.828855640242, 0.0644015731378, 0.449142633216, 0.852510249608
0.45875832391, 0.218781480609, 0.763093022644, 0.340915586985, 0.575936901205, 0.572804520518, 0.326020395656, 0.49015276017, 0.500275652756, 0.787813910915, 0.461498869751, 0.410334111223, 0.640363582398, 0.474880791953, 0.255321286586, 0.151492643546, 0.760614725007, 0.29219424356, 0.761546534069
0.0358000634288, 0.199031369451, 0.0256221414108, 0.907989025538, 0.272219519008, 0.101559992592, 0.332730955279, 0.276431183171, 0.426364104604, 0.183982445801, 0.194528474995, 0.610984751493, 0.644248795823, 0.423401439644, 0.208659478029, 1.43363891464, 0.0583393450397, 0.468669201619, 0.0857797615429
0.22255771742, 0.0274865236262, 0.0230318354767, 0.905036745776, 0.276366546375, 0.144725023402, 0.55531382969, 0.207594246044, 0.480089783893, 0.917276270741, 0.494991268811, 0.685417369893, 0.0592522669615, 0.242863929188, 0.241740177474, 1.60855297752, 0.0588739420979, 0.070320039456, 0.593952745004
0.111287879061, 0.0157612601634, 0.118148223238, 0.627976282172, 0.36948119624, 0.620401626426, 0.272718865781, 0.662038614469, 0.273923132155, 0.492843977885, 0.64057252607, 0.528389051881, 0.380328988891, 0.557120779013, 0.639868581145, 0.967391220807, 0.217760719587, 0.0292232106223, 0.208489828331
0.718508955279, 0.0194195711109, 0.0206030257489, 0.903266292593, 0.352790689363, 0.808487425941, 0.340798447129, 0.704306366439, 0.377316246643, 0.528720279169, 0.485607895207, 0.342613582819, 0.355496665162, 0.560566721114, 0.0808370665442, 0.527900788492, 0.0172897162521, 0.016304483388, 1.12917374649
0.245201991391, 0.199099604802, 0.273962734681, 0.0242115330668, 0.251043755582, 0.394858007127, 0.345834594465, 0.27886223804, 0.319794621565, 0.786863299228, 0.407207653545, 0.709170754098, 0.356454257967, 0.23323455732, 1.12481296134, 0.0427988338094, 0.516698980744, 0.400494517112, 0.527721549706
0.0783282212581, 0.36120319541, 0.598647106309, 0.0353878066884, 0.352749290092, 0.620499763142, 0.259755447607, 0.2237243458, 0.498561798655, 0.76231495833, 0.651337756146, 0.439576737393, 0.365606243244, 0.645372424596, 0.64276957211, 0.0357665019507, 0.882116746727, 0.695931376735, 0.160135901147
0.017214700601, 0.359881691131, 0.990131317975, 0.172428767003, 0.487723315969, 0.41656491593, 0.25719249101, 0.553398433462, 0.246972003939, 0.717181108763, 0.673919821395, 0.395867139305, 0.578115193316, 0.555903294852, 0.0155129031844, 0.00430752937623, 1.03850321111, 0.658862650321, 0.0332677083923
0.0357396124459, 0.726326872205, 0.134385310442, 0.937440241375, 0.473270054011, 0.181079996085, 0.395179962236, 0.507856724967, 0.425285482259, 0.589598067385, 0.613746869405, 0.432116293882, 0.648808478056, 0.515754186176, 0.04658581283, 0.472538962404, 0.101748550131, 1.05916801511, 0.0654818117153
0.393630986399, 0.0213314685494, 0.0264928751448, 0.0279398228151, 0.251878282128, 0.642587751329, 0.347450158487, 0.27886223804, 0.482915587384, 0.682928911612, 0.396508309904, 0.709170754098, 0.431232011785, 0.157537295803, 1.10905148956, 0.0487050727438, 0.0462242500691, 0.0372434129282, 0.790831175586
0.201394428063, 0.0455833964774, 0.173742536414, 0.104142009546, 0.536407425703, 0.146721744467, 0.32652830757, 0.219636360128, 0.44573338963, 0.184479806695, 0.213466199879, 0.457639354951, 0.646104265295, 0.599665510875, 1.30822591405, 0.215936922423, 0.371124493324, 0.0987569952816, 0.451872140489
0.867595826802, 0.0116018247555, 0.407078402805, 0.0378948080797, 0.705596603337, 0.353667024436, 0.995704707378, 0.707991732039, 0.834640086602, 0.539676005222, 0.609513731865, 0.658405651165, 0.806261615428, 0.595917238394, 0.26563221705, 0.0158304658547, 0.197893063609, 0.00604417165403, 1.57169119372
0.0403824813619, 0.0393718517086, 0.64764205889, 0.0925881325539, 0.582048958427, 0.563449759265, 0.521114173169, 0.87710615817, 0.332521570392, 0.506356388668, 0.778584699492, 0.903605196184, 0.4376342154, 0.555931036401, 0.740328877805, 0.108436914952, 1.21090717741, 0.0881444169797, 0.0905861690351
0.239312572234, 0.0419614689625, 0.600890614301, 0.0362881932622, 0.376585292838, 0.0131896659722, 0.349239341603, 0.693423322333, 0.506898446068, 0.322035410624, 0.630595478064, 0.23980459726, 0.640485169382, 0.815749633633, 0.841668115691, 0.048028256193, 1.16376156945, 0.0948562003749, 0.568400177412
0.49093843791, 0.27358933801, 0.0128117749103, 0.285797835402, 0.572998135142, 0.524038547635, 0.324633075376, 0.372583118493, 0.400328216599, 0.903856188325, 0.460309064856, 0.63250973699, 0.3650185348, 0.826077915207, 0.804206640086, 0.387415535149, 0.0179668993727, 0.409208101926, 0.954578279826
0.0356858459323, 0.887334549062, 0.0277252696241, 0.0929358537999, 0.81189877117, 0.819697381852, 0.556624576931, 0.244523215925, 0.26029203376, 0.921763204348, 0.495387080897, 0.529695528806, 0.420388274672, 0.518978604493, 0.262506619893, 0.0385961481417, 0.0115625810494, 1.48497223571, 0.0846498637602
0.0346644686368, 0.0279443467903, 0.0582485649832, 0.943644794598, 0.250426213825, 0.188179356802, 0.399215371731, 0.587498107781, 0.230580801285, 0.883845734949, 0.648753398938, 0.201433851448, 0.383798561217, 0.634933301837, 0.135266653639, 1.52405395079, 0.140385930523, 0.067486592042, 0.0838256760017
0.0735822576409, 0.401413969924, 0.0198119823294, 0.990256379299, 0.288900336059, 0.808487425941, 0.715191074709, 0.704306366439, 0.378278853319, 0.528720279169, 0.485732964077, 0.342613582819, 0.355458181279, 0.215806787745, 0.0168149961961, 1.09855704576, 0.0342027894406, 0.80236481162, 0.158001655612
0.142992373361, 0.362461854534, 0.647291500312, 0.886324210077, 0.367580516412, 0.514375535258, 0.259185860333, 0.219512387961, 0.230340895438, 0.697016540679, 0.455747440671, 0.440697833969, 0.374388046768, 0.675249938938, 0.101120551959, 0.560274956803, 0.920246191734, 0.692619481887, 0.293534111014
0.22494037582, 0.0393718517086, 0.64764205889, 0.647471339149, 0.574645778057, 0.563449759265, 0.31802177667, 0.876759994754, 0.503280506129, 0.506356388668, 0.674843426223, 0.939889567109, 0.406967048187, 0.555620798202, 0.367717288833, 0.594744497913, 1.13162687605, 0.0823734412421, 0.491546590198
0.0268690751371, 0.318984655598, 0.238384050898, 0.386341585928, 0.228063558805, 0.155899153219, 0.259496187667, 0.33894096786, 0.504721362966, 0.865571657873, 0.660188328307, 0.521848737827, 0.388568479774, 0.603396198182, 0.977480633477, 0.678626756243, 0.467647641464, 0.700237153872, 0.0615620413569
0.041160308888, 0.029058188866, 0.470356263088, 0.916411725776, 0.575573371149, 0.201382202298, 0.324935754964, 0.589122621929, 0.2306026516, 0.749579016909, 0.788367044922, 0.201617397787, 0.929438633525, 0.557629574941, 0.157099501093, 1.18960772365, 1.09308601348, 0.0741403145465, 0.105201288137
0.08156662171, 0.130833402466, 0.0286649190737, 0.656310230446, 0.30001698451, 0.699390643322, 0.556849581106, 0.576358026488, 0.262273623853, 0.693267979319, 0.651200455942, 0.537732595751, 0.6873756818, 0.512137389738, 0.619339426446, 1.03352714163, 0.0542889695247, 0.251420947666, 0.15872389304
0.226534397355, 0.359827402644, 0.23896176425, 0.0454769713577, 0.371381572962, 0.416275387938, 0.260696182701, 0.363579110984, 0.505519727896, 0.700500672977, 0.659000852932, 0.980610238022, 0.415016053251, 0.687712641775, 1.05660940543, 0.0756076073111, 0.417413811738, 0.722134641945, 0.501101122654
0.245348622164, 0.0220204536391, 0.110988113517, 0.289567427176, 0.251878282128, 0.450935425392, 0.326152863751, 0.27886223804, 0.414547709482, 0.541720359089, 0.540017430961, 0.380209974584, 0.356454257967, 0.704537428836, 1.00820592673, 0.493065797705, 0.197671011088, 0.0394337678793, 0.462585043587
0.217264970206, 0.362461854534, 0.598647106309, 0.0353878066884, 0.352749290092, 0.62044641079, 0.258038200235, 0.2237243458, 0.497296951243, 0.76231495833, 0.454053784959, 0.439576737393, 0.374526885522, 0.674919987172, 0.603551265317, 0.0335842243394, 0.828294775835, 0.656323708935, 0.432417117202
0.041160308888, 0.0197652079476, 0.474326104144, 0.282606585336, 0.575573371149, 0.201382202298, 0.309862790855, 0.739193997201, 0.228920914829, 0.749579016909, 0.789741865626, 0.443971731165, 0.44124269302, 0.24403738011, 0.97994989018, 0.466039676134, 1.00095048489, 0.0458489059559, 0.0956272627328
0.0345688477287, 0.126575823936, 0.894795818066, 0.991933460282, 0.39202014614, 0.394380324094, 0.504716117225, 0.141886091293, 0.46964267148, 0.360918842994, 0.625308824314, 0.666198379826, 0.320077973397, 0.245251966261, 0.00267671602761, 0.211237929882, 1.26670392889, 0.258749276891, 0.0712041946356
0.466759598805, 0.721365253185, 0.0282818550422, 0.0926143275261, 0.544910581858, 0.448918279265, 0.557356160655, 0.313087548723, 0.318228562622, 0.929290401436, 0.498672518749, 0.457262890373, 0.585105218204, 0.721929727789, 0.410447859041, 0.0601360725166, 0.0184409627319, 0.887363448856, 0.882396631541
0.133287387007, 0.274552928022, 0.0128117749103, 0.0818976991462, 0.350912181656, 0.992401661836, 0.807169770635, 0.372583118493, 0.401302591057, 0.398302779951, 0.413403376328, 0.602222776702, 0.808565014711, 0.512189555452, 1.32925379277, 0.171950940908, 0.0269773533926, 0.616884278619, 0.313563174297
0.0304274751938, 0.883176217704, 0.0491426466345, 0.905412634908, 0.259567927299, 0.700242081372, 0.556948820546, 0.391526177847, 0.268213060832, 0.344144057849, 0.495541041344, 0.594950056975, 0.419588611998, 0.695861269016, 0.0334865779341, 0.223720343508, 0.0174968167684, 1.22249562737, 0.059472711748
0.71215438095, 0.372883020525, 0.041438884261, 0.776337621536, 0.144022232189, 0.553900862258, 0.342004155127, 0.76216490981, 0.32566260833, 0.759596658122, 0.415750425208, 0.597351178811, 0.589578561034, 0.723582946907, 0.174500956639, 0.476083664445, 0.0330520355097, 0.337084606828, 1.25544012545
0.0343187730826, 0.21561389887, 0.532640507831, 0.999365625365, 0.786279698663, 0.0357133438381, 0.573841767795, 0.574637223565, 0.489012218309, 0.927567387386, 0.62937833593, 0.241159764664, 0.320402824677, 0.832003336799, 0.00107997979476, 1.0838016304, 1.20105309022, 0.569870777801, 0.0925522924932
0.245201991391, 0.199099604802, 0.0264928751448, 0.0242115330668, 0.251878282128, 0.724412982801, 0.347450158487, 0.27886223804, 0.791192305383, 0.541720359089, 0.407207653545, 0.709170754098, 0.356454257967, 0.23323455732, 1.24553507413, 0.0473922780706, 0.0519003027561, 0.403392877448, 0.531540646204
0.230449004494, 0.0200298825608, 0.00645912320075, 0.283291768138, 0.575573371149, 0.56318206963, 0.355317633, 0.741238328194, 0.228920914829, 0.679363720313, 0.787823283958, 0.44280397197, 0.366863849821, 0.558929340883, 1.09827296157, 0.5237613132, 0.0123457326369, 0.0382976821835, 0.461011953129
0.170316693072, 0.0213314685494, 0.0264928751448, 0.0242298967064, 0.251878282128, 0.724412982801, 0.347450158487, 0.27886223804, 0.787947474728, 0.541720504011, 0.405883858386, 0.709170754098, 0.356629671487, 0.157545238104, 1.40425918771, 0.0534722536482, 0.0585142550592, 0.0471456120997, 0.385742048608
0.278902379567, 0.200398150739, 0.0253643399459, 0.905028807906, 0.245684825439, 0.718022401358, 0.543352836244, 0.615328647657, 0.426390369521, 0.926429201382, 0.49551051836, 0.44309592276, 0.369335656739, 0.21453449481, 0.181133233038, 1.20516865136, 0.0485815930799, 0.397139105917, 0.600893929704
0.0773316937093, 0.00403605504468, 0.394706551481, 0.0318177519203, 0.816728004311, 0.650924943713, 0.657429666186, 0.290610415271, 0.440646744717, 0.402029852162, 0.618312563491, 0.602767749249, 0.808762266749, 0.517055725821, 1.06910443554, 0.0534775277571, 0.764203359183, 0.00833848427329, 0.160558732704
0.0778768917042, 0.402435383754, 0.344435557889, 0.990256379299, 0.288900336059, 0.808487425941, 0.714244559277, 0.710599681848, 0.378278853319, 0.32436302496, 0.485732964077, 0.340899587792, 0.644464543271, 0.692719720453, 0.0142775980502, 0.932783793216, 0.560520975824, 0.797100606767, 0.165851461334
