0.199044829153, 0.868765218564, 80.3524056012, 0.408701465798, 24.3693727883, 1.18458438917, 0.763021056802, 4.68915208262, 8.27946018117, 2262.64727231, 0.0132354121214, 0.0
0.152191904799, 0.873477002088, 80.0670577172, 0.540523999068, 46.5545461822, 1.10670141043, 0.736681199792, 4.67077943422, 2.70407288096, 1884.4654456, 0.00678278873695, 0.363636363636
0.209261240911, 0.872958806926, 80.0763378267, 0.555675978635, 78.5801888023, 33.677914623, 0.713842118514, 1.2743099062, 10.6406269838, 1187.66755326, 0.0448381273392, 0.0
0.148150236226, 0.826670117557, 86.1044925756, 0.542549893392, 62.1575485193, 1.14752099836, 0.0150365835148, 0.216728841561, 3.96263638996, 1453.69955817, 0.015907788903, 0.4
0.114323430148, 0.868672292411, 80.1513831575, 0.666663114246, 67.7928044704, 2.33879356733, 0.347805837384, 4.60350337496, 9.07480432185, 1240.03749168, 0.0274957888902, 0.363636363636
0.153329088037, 0.826657258635, 81.2394429307, 0.44162188823, 44.240704922, 1.36416166708, 0.352830528509, 4.73917628572, 3.46791829073, 1001.19290855, 0.011466756978, 0.6
0.463273516017, 0.834087696938, 81.8949785556, 0.425763511841, 67.8926633121, 1.77917666906, 0.0618388260887, 4.2405023319, 9.17847709299, 1011.18142917, 0.0344129914946, 0.125
0.150249982884, 0.821964673351, 81.9002646871, 0.427592809771, 34.3003375115, 1.55131589823, 0.0584365391249, 4.90633637381, 10.3359694359, 1509.5743185, 0.0139334148697, 0.2
0.633112605368, 0.86718886794, 80.929178697, 0.475458006435, 64.4419749349, 3.93665077263, 0.391678577415, 1.80281655992, 7.81482169941, 880.532613858, 0.275917902854, 0.588235294118
0.74065845392, 0.901203120397, 90.8259793695, 0.696492647189, 65.4424382733, 11.419821089, 0.36151591531, 4.59106631558, 11.4658446957, 946.485555216, 0.473145631105, 0.0
0.461961530319, 0.868697713209, 80.4987797058, 0.438417278456, 43.8158678331, 2.34832192854, 0.347679006704, 4.45109920334, 9.03253795629, 1963.36236238, 0.0134286973366, 0.0
0.193048645685, 0.83408093864, 89.5789501427, 0.407292790182, 39.9494048904, 2.36495952624, 0.436426007611, 4.35109349241, 3.22664293202, 2933.05973508, 0.00229877771928, 0.0909090909091
0.456555521663, 0.84433320518, 84.8024837243, 0.476911481632, 43.5742490949, 2.36441170042, 0.379534790225, 4.35457917255, 8.17098477841, 1845.44002846, 0.0151090789055, 0.0
0.150249982884, 1.10397681165, 80.8976635903, 0.666151013636, 34.2507222998, 2.4184475889, 0.434344856167, 4.23753992778, 9.98710026153, 8363.65710201, 0.0109412434363, 0.0
0.192572148843, 0.835388113902, 89.5789501427, 0.406563101733, 24.0340682605, 40.2033859181, 0.76104497483, 3.38200114655, 3.24857492812, 499.242721737, 0.59337710996, 0.333333333333
0.30064207464, 0.845683538916, 83.4861161469, 0.54318128213, 98.479962329, 2.24766606141, 0.596692709446, 0.516065171986, 19.9666087165, 2135.99889648, 0.0132551693865, 0.0
0.13313339164, 0.826667344086, 81.7915442461, 0.54318128213, 61.9752616436, 9.74421942225, 0.599988258451, 0.21698308756, 3.69449205938, 1602.60277208, 0.0346150338118, 0.0
0.211795580149, 0.97148917171, 86.282257202, 0.542339223098, 17.9393603847, 1.80872959159, 1.58649993939, 3.05141580288, 15.9760553647, 6959.42225424, 0.0132370358746, 0.0
0.148150236226, 0.825928437759, 86.1201101251, 0.542552250647, 18.6943412313, 1.14752099836, 0.00899110959514, 0.259499143853, 3.96263638996, 2548.23887682, 0.0098433558182, 0.545454545455
0.148185299362, 0.826986406135, 80.0713363525, 0.540557388042, 61.9752616436, 36.5233356992, 0.617227222296, 0.216811772175, 3.96263638996, 1295.61949153, 0.280449720649, 0.0
0.456555521663, 0.824988617292, 84.878500731, 0.476271342105, 43.4545452471, 2.36441170042, 0.379534790225, 0.379783993107, 7.70805016313, 1224.72578673, 0.139641415887, 0.181818181818
0.148650842081, 0.826667344086, 81.2391071206, 0.556014488117, 94.0106897504, 2.18307956908, 0.00899110959514, 0.26389330105, 3.93356143932, 1441.17742404, 0.0695849066177, 0.333333333333
0.453674922559, 0.826667344086, 91.7942018422, 0.43526289436, 96.9596799573, 37.0825219722, 0.00333038338129, 2.11598957346, 3.96263638996, 1141.25444974, 0.22380455588, 0.285714285714
0.457603470888, 0.904742282088, 80.9067814998, 0.438417269825, 43.5550353358, 2.33919704014, 0.347682252884, 4.45109920334, 9.97494018663, 1079.41813868, 0.110866015613, 0.5
0.63894716815, 0.86718886794, 81.0588473037, 0.474381968882, 43.7685001734, 1.34658369212, 0.391728625644, 1.80281655992, 7.81307799413, 1227.38118349, 0.0634772543936, 0.363636363636
0.148150236226, 0.826649394649, 86.1201101251, 0.542567975052, 62.6285928847, 1.10038003465, 0.0135826800345, 0.216728841561, 3.95074322137, 1729.54661744, 0.0142864207682, 0.3125
0.151543513737, 0.901459241071, 86.6612294556, 0.44162188823, 44.240704922, 1.03017026176, 0.352830528509, 4.73917628572, 3.48747313341, 1685.59498895, 0.017898372036, 0.357142857143
0.333721613261, 0.868672292411, 80.123091734, 0.438414705823, 68.2764341027, 2.34828480185, 0.347805837384, 4.60350337496, 9.07480432185, 1581.63168065, 0.127738877056, 0.222222222222
0.148650842081, 0.826667344086, 81.2391071206, 0.556014488117, 93.0664096774, 2.16484270005, 0.00829720379001, 0.306155924456, 3.93356143932, 1512.95297072, 0.0247923945875, 0.5
0.459733591436, 0.835572173093, 84.8260634413, 0.476911481632, 23.7805950474, 1.07907545798, 0.536371952489, 4.35457917255, 8.17098477841, 2038.67546405, 0.0333431930908, 0.0
0.134612253034, 0.826657352623, 81.0905222001, 0.539491356576, 61.9752616436, 1.56478170884, 0.680561805096, 4.57601025047, 3.95574839825, 1921.25983203, 0.0151435196006, 0.116279069767
0.118142103206, 0.861405696937, 86.1961554782, 0.461302444492, 18.5166150667, 1.16809079664, 0.0126972337256, 0.209133247661, 4.05473103029, 2532.2548942, 0.0144464766516, 0.0
0.209538218128, 0.983140983589, 80.5995245984, 0.556343628774, 49.5804089751, 2.03565446151, 0.728856205051, 3.38421685549, 5.76278984799, 4179.27925759, 0.0135374774463, 0.0
0.193048645685, 0.826534117253, 81.5966118615, 0.407292790182, 39.1306877589, 2.1763422129, 0.594114059666, 4.35109349241, 18.2514404579, 2413.93465408, 0.01602579347, 0.0
0.149438773212, 0.831391383202, 92.079370032, 0.407389576042, 24.0340682605, 2.44204180061, 0.290169462415, 3.72549503789, 4.81342161087, 2208.87845118, 0.0150030678734, 0.1
0.124206345094, 0.859670910164, 82.7026570922, 0.471290261611, 94.7282201772, 2.12624592969, 0.175351101786, 1.44308965505, 6.80983458951, 2384.11120754, 0.0146266272792, 0.227272727273
0.148150236226, 0.826667344086, 81.2391071206, 0.540677432094, 95.604954806, 2.26322343281, 0.00899110959514, 1.75815775322, 3.96263638996, 2403.3784361, 0.0246283669314, 0.0
0.559261352389, 0.861903757915, 93.7799357857, 0.453518332829, 64.3867244209, 3.5100848833, 0.0245003745975, 4.00629975952, 11.3868705385, 1738.42530224, 0.239939475067, 0.0
0.458756205807, 0.826667344086, 84.6776752532, 0.539491356576, 94.0106897504, 2.50282922867, 0.359070602694, 0.10494543476, 8.2897254148, 1839.33917908, 0.109548385359, 0.0
0.111566735941, 0.826634187844, 82.8548222198, 0.661227446438, 95.4219672921, 42.4872491656, 0.596802631614, 4.31373026605, 10.4578322331, 1788.55371943, 0.227279400596, 0.0
0.300781797408, 0.826667344086, 81.791793991, 0.54318128213, 61.9752616436, 9.73772624249, 0.596692709446, 0.207300793709, 18.2325080206, 1749.47741036, 0.15136976108, 0.0526315789474
0.460185570828, 0.859797766208, 84.8260634413, 0.476911481632, 93.7669784908, 1.07907545798, 0.536371952489, 4.35457917255, 8.17098477841, 1812.84932467, 0.0461212641455, 0.1
0.148150236226, 0.826667344086, 81.2391071206, 0.539491356576, 61.9752616436, 36.5233356992, 0.617227222296, 0.216811772175, 3.96263638996, 1733.32034679, 0.265859595326, 0.0
0.75432567225, 0.825536165875, 82.7699704338, 0.462847717946, 62.8629100392, 41.8876981621, 0.194864518213, 0.230550225838, 11.4752942776, 1341.81735507, 0.588238730914, 0.0
0.89257412573, 0.868948111399, 80.3524056012, 0.475165716278, 19.2602820655, 2.46818188838, 0.607959279788, 4.68915208262, 10.1259455981, 1540.96718619, 0.207010597681, 0.25
0.299309836535, 0.826657258635, 93.991581686, 0.463632823907, 44.240704922, 15.8194634678, 0.352248598118, 4.32315860576, 3.46791829073, 1351.99040358, 0.217164040945, 0.2
0.466099567532, 0.825768381681, 81.3458355682, 0.536846638123, 98.7239517062, 2.0776235952, 0.0462473383713, 0.353983204143, 9.4730071414, 1428.62698251, 0.103249815324, 0.454545454545
0.884707048876, 0.868765218564, 80.3524056012, 0.668619106288, 68.1845159683, 1.00385575182, 0.432200115279, 4.68915208262, 8.27946018117, 1479.5026913, 0.0909190580385, 0.625
0.626318633178, 0.860034505119, 80.929178697, 0.475458006435, 64.4419749349, 41.8076154285, 0.391678577415, 1.81354573952, 13.3089968394, 1299.14159852, 0.631690792924, 0.538461538462
0.145402614654, 0.826670941889, 81.3454243443, 0.537268002869, 63.611281595, 1.37072006412, 0.360029671021, 0.374018834347, 9.2619490381, 1894.09763361, 0.0255055577059, 0.333333333333
0.148150236226, 0.826657258635, 81.2391071206, 0.540523999068, 61.9752616436, 1.36416166708, 0.357701956541, 4.72343471952, 3.46791829073, 1802.8239652, 0.024406050031, 0.409090909091
0.148636819174, 0.82593827184, 86.1201101251, 0.542678109604, 93.358606395, 1.15623853666, 0.00899110959514, 0.216729275978, 3.93368497082, 1727.51591192, 0.0195798882595, 0.45
0.356190645535, 0.82593827184, 85.9574417249, 0.460460068974, 93.358606395, 1.14202300819, 0.0100747415632, 0.216729275978, 3.93368497082, 1702.60110741, 0.0502702293484, 0.375
0.302319423264, 0.826667344086, 81.791793991, 0.54318128213, 61.9752616436, 9.73772624249, 0.596692709446, 0.207300793709, 19.7479223046, 1597.66790604, 0.151608441215, 0.3
0.333721613261, 0.867469160772, 80.2952182672, 0.438414705823, 69.0771781045, 2.33879356733, 0.347805837384, 4.60350337496, 9.07480432185, 2044.85663428, 0.0333730257526, 0.0
0.148200655737, 0.826657258635, 81.2394429307, 0.436554657522, 43.5971838675, 1.36416166708, 0.0109716412087, 4.73917628572, 3.95970183473, 2142.47608457, 0.0249425691455, 0.357142857143
0.120305813007, 0.867158439298, 84.8257591574, 0.467445788075, 17.0735468857, 2.37038782761, 0.0168381845151, 4.00442468896, 7.88074483924, 2815.12830163, 0.0157838172832, 0.0
0.150249982884, 1.10198022803, 80.8976635903, 0.677629582051, 34.5859807405, 2.33917714595, 0.350809036935, 4.23753992778, 10.0555097472, 7538.56280496, 0.0147402461072, 0.0
0.135857292071, 0.963796353579, 91.7818713685, 0.605842542387, 20.8456490822, 1.836552468, 1.48750664477, 1.07847704017, 6.60453961401, 8564.63756853, 0.0144612372019, 0.0384615384615
0.455662874657, 0.952805995268, 84.650694901, 0.525257467184, 43.5742490949, 2.36486268769, 0.0187823123252, 4.31898559151, 8.17098477841, 2558.86934152, 0.0219091678466, 0.0
0.516792529866, 0.868647392417, 80.017139119, 0.438417278456, 43.8158678331, 2.34832192854, 0.351690010945, 4.45249215204, 2.77726430197, 2300.28233887, 0.0234085985279, 0.142857142857
0.202338947619, 0.935140734741, 82.8882374829, 0.558647812423, 42.1778334069, 1.75332659445, 0.882978707701, 4.54888666263, 16.558317077, 2710.69597001, 0.0169369822404, 0.357142857143
0.134514873587, 0.826667344086, 81.0905222001, 0.539491356576, 61.9752616436, 36.5233356992, 0.680584591345, 0.216811772175, 3.96263638996, 1946.96215134, 0.118439055722, 0.0
0.208845835591, 0.844189717848, 82.8882374829, 0.45834122566, 78.3887449758, 36.4423584559, 0.629084239626, 2.24039191425, 10.2904410117, 1914.46405753, 0.259302921474, 0.0666666666667
0.33574737332, 0.823383297976, 89.4405923808, 0.477090563654, 68.194274743, 3.33164550812, 0.350003180361, 4.68081898035, 19.2968536208, 1876.33153236, 0.0910400196826, 0.166666666667
0.460391932422, 0.826657258635, 80.5041375674, 0.541353297875, 61.9752616436, 1.37366957229, 0.357880936619, 4.44990712895, 8.99367825376, 1893.23090125, 0.0557957702654, 0.125
0.123705312366, 0.821967710187, 82.8548222198, 0.661227446438, 95.9530278911, 42.4872491656, 0.431652903966, 4.20171812682, 10.3730074065, 1755.93585475, 0.330178410077, 0.037037037037
0.624373652795, 0.842865426699, 82.036613171, 0.458249350909, 78.5984035748, 36.5236953905, 0.61833958597, 1.76837714641, 15.1604160141, 1814.03158731, 0.506851853389, 0.0
0.518920774096, 0.87248325261, 80.0980599705, 0.569672849941, 17.6419903106, 33.7294926423, 0.742818729236, 4.68094478886, 2.21852561892, 1430.83824928, 0.387672255833, 0.25
0.193048645685, 0.858785868605, 89.6180787006, 0.406563101733, 39.9494048904, 2.35348996988, 0.436426007611, 4.32416231292, 6.95375191302, 2653.61948791, 0.0304857074035, 0.0294117647059
0.469227125432, 0.849738526084, 81.8949785556, 0.539331403981, 62.1158066234, 2.33879356733, 0.0524172337839, 0.215585406547, 8.36214541579, 2134.65998686, 0.0712386817923, 0.214285714286
0.211795580149, 0.969829494762, 84.9335123791, 0.542567758698, 22.2736967412, 1.80872959159, 1.58649993939, 3.04936064963, 15.9760553647, 6059.579368, 0.019201595472, 0.126984126984
0.846174247333, 0.933913935764, 80.2457372321, 0.672623395181, 41.844112717, 17.6115750001, 0.889159579249, 1.43769181037, 15.2464186278, 2089.89291451, 0.174298840258, 0.0
0.624373652795, 0.842865426699, 82.6901051676, 0.458249350909, 78.5984035748, 36.5236953905, 0.61833958597, 4.6200775994, 7.52551891762, 1772.31144896, 0.43793751967, 0.166666666667
0.339715386557, 0.827011500065, 81.0224633411, 0.54126994793, 95.604954806, 2.26240785553, 0.00899110959514, 4.55439971123, 4.01269602041, 2270.18813829, 0.0729878276932, 0.142857142857
0.336336266134, 0.901582501386, 91.4084225102, 0.686434073891, 94.7282201772, 1.38470275702, 0.347788093969, 1.32237350026, 6.80836761776, 3705.69969631, 0.0214683613369, 0.105263157895
0.33574737332, 0.836267572273, 89.4405923808, 0.477090563654, 68.194274743, 2.34826465749, 0.350003180361, 4.58665712635, 19.2968536208, 2314.27285668, 0.0762235913326, 0.0
0.193048645685, 0.835388113902, 89.5789501427, 0.406563101733, 24.0340682605, 40.4008190486, 0.76104497483, 3.38200114655, 3.24857492812, 1945.19756766, 0.183755171508, 0.4
0.602517455005, 0.866001229942, 85.2344466395, 0.613065595285, 45.7106985387, 17.6520642579, 0.645325484428, 1.77662247327, 15.2579884836, 1409.36352736, 0.308131941409, 0.5625
0.193048645685, 0.833459963717, 89.5789501427, 0.406563101733, 24.0340682605, 2.56755821125, 0.436985171442, 4.22864321045, 3.24857492812, 2099.72148302, 0.0368409718777, 0.266666666667
0.333721613261, 0.868672292411, 80.1775317145, 0.664726437408, 67.7036634475, 2.28679963218, 0.000416613244094, 4.75461217541, 9.07480432185, 1981.77077921, 0.0658843894075, 0.263157894737
0.456591681028, 0.830052771306, 84.6611153983, 0.49845667725, 49.6193965979, 2.36441170042, 0.379534790225, 4.47058789655, 8.29752924324, 1993.6619153, 0.0885047893123, 0.181818181818
0.463419039224, 0.835572173093, 82.3953283488, 0.669317693305, 23.7805950474, 1.08011473259, 0.431886632634, 4.68376958691, 8.17098477841, 2383.32167312, 0.0510797341404, 0.111111111111
0.186841045491, 0.901721614727, 85.4138752657, 0.668619106288, 97.8446955841, 8.62198143724, 0.431639537665, 4.68915208262, 8.27946018117, 2119.26947927, 0.087686355101, 0.0
0.636962413908, 0.859484749265, 80.124187927, 0.510476829813, 64.4419749349, 15.7679141808, 0.00079491242618, 1.83123724416, 13.3089968394, 1977.44164442, 0.177671637596, 0.0
0.414970662563, 0.89821704552, 91.4331147207, 0.687600032234, 94.7282201772, 38.0965227442, 0.375676009222, 1.32237350026, 6.80836761776, 1777.65169465, 0.297792723777, 0.230769230769
0.111126814544, 0.835701353831, 89.5789501427, 0.40529487225, 24.0279719098, 3.8829228745, 0.76104497483, 3.8407829403, 3.24857492812, 1747.95996411, 0.0284353148533, 0.647058823529
0.500155809483, 0.826667344086, 81.791793991, 0.54318128213, 61.9752616436, 9.55061640915, 0.596692709446, 0.207300793709, 19.6224378186, 1961.83620255, 0.256344003258, 0.285714285714
0.217332614468, 0.859670910164, 80.9622231296, 0.471039944242, 94.7282201772, 1.82148486191, 0.175351101786, 1.44308965505, 6.80983458951, 1864.67925333, 0.0270373573065, 0.478260869565
0.464040719361, 0.849638329329, 81.8949785556, 0.426516789518, 44.4080867822, 2.55426617839, 0.0618388260887, 0.348587389095, 3.49205988965, 1441.97660703, 0.17477072621, 0.782608695652
0.148150236226, 0.826667344086, 81.2391071206, 0.539491356576, 94.0106897504, 36.5233356992, 0.00899110959514, 0.216811772175, 3.96263638996, 1740.8905712, 0.279348972764, 0.272727272727
0.463241506442, 0.883946350001, 81.8949785556, 0.442946990844, 44.4080867822, 2.33879356733, 0.0621162556744, 0.302460785751, 9.21314911209, 1979.49464997, 0.0904529291914, 0.176470588235
