3.92487295762, 1.00000051669, 1.61787989736, 0.910415850143, 3.64642151148, 0.968981208908, 1.17470406938, 1.23187533361, 0.989321080205, 1.41921677324, 5.72731196296, 0.857681016089, 1.07812439451, 0.871622539225, 1.09000026829, 1.06622349569, 1.02135848397, 1.16447727863, 3.86279071711, 1.05206363572, 0.815459997704, 519.85165714, 1.06180117811, 4.66735218917, 1.0389009448, 4.35869327871, 1.26344042637, 39.4040801173, 8.15498204072, 164.028354206
1.71881954876, 1.00000077238, 1.61808703312, 0.911228784217, 1.62291722509, 0.928362216433, 4.55815872529, 1.08613912403, 0.989372497267, 1.84973903956, 5.954274622, 0.975905340218, 3.26911640017, 1.0500175069, 1.09000026578, 1.09184541694, 1.04927729882, 1.03914101118, 7.10244757953, 1.1136392237, 0.784920152303, 584.906563807, 0.942306365911, 5.06610956748, 0.977529722737, 3.2476866239, 0.921170863086, 37.7414923189, 9.25324448291, 424.545015951
2.07498377922, 1.00000016147, 1.16262708296, 0.855524544082, 2.50050664002, 0.711466602733, 3.0547976628, 1.19289975212, 0.947396515358, 3.57270312641, 5.1111953389, 1.01691507108, 1.46040888771, 0.874601523971, 1.09000038447, 1.10116476393, 1.02932813359, 1.14697227802, 5.65012052822, 0.922294294936, 0.82101776515, 190.134038105, 1.08973140176, 2.56376542385, 0.991148510492, 1.28510976538, 0.961869159842, 21.7249965704, 12.8282576959, 69.8172380006
2.64381327499, 1.00000087774, 1.54648699208, 0.891652096827, 4.06608066627, 0.720542084184, 1.15174727397, 1.2510992024, 0.914634934217, 3.97695881275, 6.04066696783, 0.932594997253, 3.65820432163, 0.835128915508, 1.09000050407, 1.1055909995, 1.03379241246, 0.884952670527, 9.84905582171, 1.02681039392, 0.852766393651, 349.34956445, 0.972020643817, 1.0738938408, 0.999483803384, 3.34973530661, 1.15116376391, 125.859402601, 11.1273733173, 117.131045309
5.54512151793, 1.00000049728, 1.65607500334, 1.16250401449, 6.15953493463, 0.975186850369, 2.6557632294, 1.02884254577, 0.956345078844, 3.10489495712, 5.90601455611, 0.812192174886, 3.13711721124, 1.20449347026, 1.09000037619, 1.05380012411, 1.03024601876, 0.899313988592, 8.35082568777, 1.05960232324, 0.954814210083, 11.7824873678, 1.11439371128, 2.59255872317, 1.0085197523, 3.05354893958, 1.29513039983, 31.8969139101, 10.9436572777, 361.27560304
5.78704516205, 1.00000043293, 1.05027685466, 1.00854296413, 1.8826765599, 0.928706964157, 3.42118461169, 1.07145239325, 0.995961010301, 3.0194526853, 5.5906205862, 0.930002619104, 3.84545271763, 1.28091407845, 1.09000068839, 1.0527273726, 1.01574215928, 1.08489886065, 4.36642846549, 0.91351936301, 0.923258455106, 389.273905295, 0.962603987143, 2.40973217834, 1.16435158131, 3.943610496, 1.29638333322, 42.0763293334, 11.4143334425, 78.8573997279
2.9658911154, 1.0000005928, 1.45212133881, 0.86267818704, 1.91737238965, 0.928517949694, 2.31640829377, 1.1209747306, 0.925606928381, 4.59901039935, 5.25096163888, 0.911983456224, 4.4934588134, 0.98014850472, 1.09000027996, 1.0027918695, 1.03625014048, 0.875620377357, 4.53369204145, 1.16670502474, 0.929471084082, 300.770351309, 1.11928732994, 4.1953448656, 1.05633708043, 5.04534944849, 0.883375521389, 52.8731887134, 10.1519680857, 218.54544521
2.42108679941, 1.0000007221, 1.54616263355, 1.05408943646, 2.83997805035, 0.920269976446, 5.24976454575, 1.09888598244, 0.946907614068, 3.98369758005, 6.04024732536, 0.909327171334, 2.30164713301, 0.833739882744, 1.09000056459, 1.10280679657, 1.01616603172, 0.884931751778, 8.77754438175, 1.10407837796, 0.777521066787, 781.721900638, 1.1722174646, 5.26953404765, 0.983590013586, 1.39833279472, 1.14948263543, 41.7713822826, 9.22507140532, 264.318186244
1.73442661094, 1.00000056163, 1.61808703312, 0.911592081386, 2.0828254959, 0.760102063349, 3.11620888962, 1.22717412298, 0.955926816472, 5.29617233984, 6.01794101272, 1.04386057016, 2.17398153126, 0.871836246708, 1.09000054951, 1.01641000344, 1.03333444671, 1.03694137461, 7.05724794304, 0.950798843411, 0.784727915515, 809.707141464, 1.14932520054, 4.69430559202, 0.978192914829, 3.2476866239, 0.997271703229, 29.9527275869, 14.3356941404, 367.295183167
4.01202957776, 1.00000045237, 1.65101575185, 0.934107814639, 1.9035868069, 0.766767248994, 5.96579592174, 1.21966092558, 0.95331597578, 1.77728104382, 5.51292775914, 0.884651817794, 4.84792413046, 1.08399759272, 1.09000092668, 1.02655676136, 1.02209279263, 0.954761448639, 4.27970973932, 1.12070260757, 0.844590464873, 8.79391416253, 1.08985614182, 2.88038780903, 1.11241766232, 2.58518342375, 0.893728768613, 87.0370094606, 11.8414667635, 187.599767787
4.35928237253, 1.00000003837, 1.70044723959, 1.07404302299, 5.00782709292, 0.71000486166, 3.09716105074, 1.13167100892, 0.902432557842, 2.74596288832, 5.84508729886, 0.819250248471, 5.01430172721, 1.21257236947, 1.09000023489, 1.02960569841, 1.02223732048, 0.98250100356, 9.66305243729, 1.1286265855, 0.914568642152, 513.140917084, 1.08357696587, 4.05248280954, 1.08434165875, 3.49611254037, 1.04286884735, 44.4576592948, 15.4498569315, 125.900549466
5.48800430497, 1.00000010128, 1.64483946047, 0.908933289253, 6.25458785946, 0.868736261481, 4.01952835451, 1.1830741834, 0.915555037852, 1.43049722556, 5.29786684787, 0.978544271898, 3.45656701563, 1.18338577427, 1.09000008689, 1.02897019173, 1.03002985455, 1.15829007998, 5.50578828314, 1.00787702222, 0.942580970058, 3.44570318613, 1.08923265352, 2.55201283393, 1.00901454256, 1.34658143379, 1.29432243286, 95.9406907666, 12.1276740669, 125.507550886
1.73412030399, 1.00000087689, 1.6199510415, 1.12063295643, 2.93904564776, 0.909908920975, 1.18002656756, 1.06886895932, 0.916177509404, 5.89526353434, 6.07902003512, 0.84896391163, 3.6440782757, 1.14510738301, 1.09000009291, 1.09970182464, 1.00246325613, 1.07032447388, 6.59742470799, 0.976658665812, 0.788630124101, 296.049699448, 1.07972923821, 3.93890819453, 1.10785035042, 3.74196891927, 1.26822652945, 81.7332593493, 11.4899951612, 386.519148537
3.99922872147, 1.0000000059, 1.23857142606, 0.946677335, 4.14188731019, 0.942146438886, 2.06839532282, 1.18575170584, 0.939292618255, 2.18350418135, 5.29786684787, 0.955408580993, 3.65365566862, 1.18255108543, 1.09000008993, 1.07063533301, 1.03183994529, 1.1291991951, 9.45372989118, 0.996597311655, 0.838592678958, 8.14268307733, 1.07721751105, 2.58448336409, 1.13881576272, 1.34775744835, 0.956889965163, 85.2310175429, 11.6621662327, 277.774052547
5.3047093403, 1.00000076104, 1.30291790069, 1.05770774496, 4.00000129348, 0.970958568525, 3.07400662941, 1.18389574777, 0.914912264836, 1.44088143127, 5.06480156073, 0.961989831769, 2.15544154741, 0.964614814071, 1.09000054809, 1.01842354378, 1.03274424564, 1.07579996649, 9.31837708074, 0.915079026233, 0.838822106906, 961.901458586, 1.07782855112, 2.46974279493, 1.0091845105, 4.06038252246, 1.25433814353, 81.2718068096, 9.92790563992, 1132.55928341
5.42378515683, 1.00000022526, 1.44644165423, 1.20365033143, 4.99651340058, 0.839874249662, 4.64906527901, 1.12788599662, 0.903906043872, 4.79207151094, 5.5046204142, 1.13316446184, 4.15285680756, 1.08285063352, 1.09000037204, 1.09198167126, 1.00657661893, 0.954315311217, 7.08996478886, 1.06513865753, 0.770046963559, 155.025740136, 0.969480842976, 5.90311041276, 0.969341751479, 2.59179445966, 1.15691241925, 106.98451538, 21.2616899467, 152.845234195
3.89276519031, 1.0000005167, 1.21633596296, 0.910415850143, 3.64642151148, 0.950559863117, 1.14380343702, 1.12962906981, 0.994881833961, 2.13569660205, 5.72857939113, 0.938498102522, 1.07812439451, 0.906382663968, 1.09000075888, 1.06760847844, 1.02104822075, 1.16447727863, 3.86279071711, 1.05282057099, 0.814594165805, 519.676337349, 1.06466549647, 1.6790318489, 1.03905435376, 4.29303416728, 1.12262501555, 99.0170078374, 14.7412752116, 195.024297865
3.64458999939, 1.00000069269, 1.22488993563, 1.20059187955, 2.9359549507, 0.951465960991, 1.74214699644, 1.24129787212, 0.900768235242, 3.32801046242, 5.15070732086, 0.940996755702, 3.7448126233, 1.21776682265, 1.09000082268, 1.02130223501, 1.04050462677, 0.815269419612, 5.11892703712, 0.961368931049, 0.783628868906, 784.838594769, 1.15210995289, 4.54785538267, 1.13852180584, 4.33161671756, 1.14471844358, 89.5111472019, 12.1653433279, 295.492802297
3.63027196093, 1.00000056156, 1.26171494255, 0.911592269658, 1.44821142238, 0.760190977358, 2.70053388449, 1.04559345965, 0.952116545262, 4.28694982043, 5.71658281499, 0.907140960177, 1.88542487795, 0.872464377969, 1.09000031888, 1.06402147624, 1.04927391417, 1.1513647489, 3.64696724261, 1.13289578721, 0.97141652802, 286.048091152, 1.03032998388, 4.78988019379, 1.0534542001, 5.41189987008, 0.998881884444, 127.860669498, 11.450964354, 1143.28363825
3.63027196093, 1.00000054651, 1.15725379754, 0.960223194654, 1.89727102248, 0.769413462272, 2.73180376504, 1.04375631738, 0.95254149305, 5.42602100346, 5.71772792057, 0.907157792951, 1.88542487795, 1.00241895445, 1.09000036516, 1.06349446957, 1.00240669606, 1.15098621481, 3.64696724261, 1.13280822734, 0.916054921946, 281.840136998, 1.02973651203, 2.71841823292, 1.17884298277, 5.41189987008, 1.25342544836, 218.573939322, 19.1269671035, 228.953024973
5.6202101502, 1.00000045246, 1.64309221749, 0.934163298201, 1.92984439834, 0.766974094034, 5.24664486313, 1.13338142236, 0.953615444101, 1.76293524196, 5.91785568506, 1.00894410268, 4.80840929055, 1.03882121268, 1.09000066637, 1.05077305617, 1.02190151905, 0.955361906897, 9.66578195253, 0.950754848162, 0.798472583209, 4.592796603, 1.03306390286, 2.87850829151, 1.1924764577, 2.58847311361, 0.893778591461, 110.29204449, 20.9368466261, 341.403567419
5.30723796737, 1.00000076104, 1.30291790069, 1.05770774496, 3.99798786754, 0.973208845025, 2.52330196549, 1.2153214321, 0.956920992278, 1.43972559009, 5.06480156073, 1.10275000653, 2.15544154741, 0.964614814071, 1.09000054809, 1.01842354378, 1.03300837797, 0.882439552812, 9.34887802983, 1.15183067068, 0.842304668297, 960.64988113, 1.07782855112, 3.68091095849, 1.07362739937, 4.06038252246, 1.25469524594, 94.0632918888, 14.2754317883, 752.41342983
5.48400857626, 1.00000056663, 1.24004083048, 1.20378667115, 1.79468282625, 0.992010226791, 4.98029050102, 1.13124715539, 0.924613655411, 2.17923449922, 5.89999240881, 1.16483327806, 2.469750727, 1.18893549981, 1.09000049611, 1.0704376572, 1.02540737766, 1.13083422288, 5.43135679541, 1.05251606102, 0.814586448482, 484.769133635, 1.09165695071, 1.65329925635, 1.09294555706, 4.51145786418, 1.01212484666, 258.720700662, 13.9804795749, 295.790615679
5.48800430497, 1.0000000059, 1.6446415628, 0.947577592497, 6.25458785946, 0.868163478704, 2.05944637468, 1.18551598448, 0.915555037852, 1.78491897837, 5.29786684787, 0.95753069671, 3.45656701563, 1.18253475943, 1.09000008689, 1.07034515581, 1.03002985455, 1.15829007998, 5.4937818065, 1.00871608268, 0.998438393359, 3.43907720924, 1.08923265352, 2.57258709873, 1.13553544075, 1.33699698656, 1.17157454156, 178.691385948, 12.2591038819, 421.78963308
3.27287721303, 1.00000095048, 1.5101503114, 0.822649756311, 4.13302658165, 0.818047276751, 1.62918357951, 1.11120897539, 0.91224426973, 4.31052631785, 5.04952100171, 0.851002838173, 2.58576280545, 1.21600246231, 1.09000051404, 1.08418816403, 1.0457427425, 0.832001995409, 6.83335056189, 0.923786575975, 0.919557855655, 969.990130149, 0.969040694395, 1.84841118973, 1.07365840894, 2.29536511866, 1.26924906089, 106.513963856, 12.6600131686, 409.76434419
2.35335557412, 1.00000006453, 1.1527647923, 1.11760455543, 1.44644588513, 0.934900088628, 1.6367102695, 1.13338142236, 0.923816122339, 5.87711484969, 5.91785568506, 0.850642366297, 3.65789872794, 1.23853765476, 1.09000067063, 1.04108391549, 1.00134213969, 0.880621807789, 9.69889743627, 1.11991668651, 0.807705502519, 506.585323794, 1.03318741613, 3.90839257517, 1.19268126019, 4.42273701058, 1.10209977676, 101.239619989, 20.6944173511, 386.256657899
2.30843589416, 1.00000006433, 1.60168499398, 1.04682896057, 1.90613366127, 0.909772952623, 1.17926408476, 1.18456437566, 0.998782485784, 5.42607073854, 5.91717992862, 0.91268415282, 2.68514494751, 1.1444344817, 1.09000036468, 1.04093808751, 1.00248889509, 1.14496080739, 9.66020286052, 1.12518263542, 0.916185588795, 135.61037329, 0.933655182628, 2.86297529485, 1.17512581585, 4.40901268492, 1.26577640835, 230.24165068, 25.8155838095, 273.729559131
2.56404228443, 1.000000586, 1.15372079296, 0.94529902588, 1.41640766646, 0.860403076435, 2.72873612243, 1.25453756907, 0.990551340891, 4.14777701824, 6.07708946834, 0.97934469321, 1.1819758151, 0.920792506272, 1.09000020212, 1.01942546317, 1.0143209268, 1.01583600012, 9.56342591993, 1.13532309476, 0.924076183126, 290.526873651, 1.03050802982, 2.99514821319, 0.978547685225, 5.42626900611, 0.958490979254, 115.853438764, 12.724444413, 547.844939375
5.07326105306, 1.00000076356, 1.4351623681, 1.20675878498, 3.43760260068, 0.840270910204, 4.60424935748, 1.08526019193, 0.932806707674, 1.83230234526, 6.02403071172, 1.08111469387, 4.09566444404, 1.10594019271, 1.09000021056, 1.0782811162, 1.0202727636, 0.833641336846, 9.69610679644, 1.14996131554, 0.912736158652, 248.241531623, 0.957046772224, 5.99709425458, 0.969657892051, 4.30774145654, 0.925927261048, 327.528420628, 14.3928511992, 449.994685841
5.19354455371, 1.00000020831, 1.39770332387, 0.940579213418, 2.95773294957, 0.895913231824, 1.81927724516, 1.25957413449, 0.900139364022, 3.30934915574, 5.07055460208, 0.939477445279, 1.24036043043, 1.09559115203, 1.09000008922, 1.02282415423, 1.02878086749, 0.82230191327, 9.8267321867, 0.960805978511, 0.904534273478, 261.762479008, 0.931306860776, 3.81448184133, 1.14770425223, 3.63806600478, 0.890072250227, 235.235752449, 19.7793798018, 496.553018842
3.34687099367, 1.00000049822, 1.59576874254, 1.01576191758, 6.60903275613, 0.975751356425, 4.11489680594, 1.08854263216, 0.981429160709, 2.23297763785, 4.96789051289, 1.08792822108, 4.58946433771, 1.19470134959, 1.09000096362, 1.09018951735, 1.01887830576, 1.22445800604, 8.35227091824, 0.975414113373, 0.811136412932, 737.105141226, 1.19342840333, 3.17673873659, 1.08951942284, 5.17372677455, 0.927242361354, 113.625942217, 15.7162425763, 706.58481432
5.48800430497, 1.00000010129, 1.64483946047, 0.920856472337, 6.25458785946, 0.868736261481, 4.01952835451, 1.13267413562, 0.92371861289, 1.43049722556, 5.26902808537, 0.85058360074, 3.65925435499, 1.2382727526, 1.09000008689, 1.0408323988, 1.0016398786, 0.8786963374, 9.69507297262, 1.11972635182, 0.942580970058, 485.181562148, 1.08923265352, 3.88302975031, 1.00905522438, 1.34658143379, 1.29432243286, 270.033519256, 21.0477785524, 410.713052178
2.35335557412, 1.00000006453, 1.30530368251, 1.11760455543, 1.44644588513, 0.934900088628, 1.63958949171, 1.13338142236, 0.955422212378, 5.87711484969, 5.91785568506, 0.850642366297, 3.65789872794, 1.23853765476, 1.09000066925, 1.04114953831, 1.00134213969, 1.15094065584, 9.69889743627, 1.11991668651, 0.809539023785, 5.93888429955, 1.03363938291, 2.5631240432, 1.19268126019, 4.35988835251, 1.17181200438, 257.868736533, 27.8424587529, 485.175612151
5.30723796737, 1.00000032729, 1.30218256771, 0.902593402904, 4.10071749345, 0.940581553297, 1.42813434352, 1.2142068913, 0.939756153137, 1.41072278799, 6.09886471564, 0.869781395522, 4.20246650593, 0.96061963312, 1.09000054725, 1.01842354378, 1.03223756837, 1.08514712983, 7.66297799463, 0.916641740452, 0.837418574091, 776.053944931, 1.07782855112, 3.69266861011, 1.13892341293, 3.87188170747, 0.981142756813, 216.779945409, 13.2635602356, 667.451412968
3.9521305644, 1.00000023952, 1.66858016737, 1.02724604407, 4.91038305757, 0.783263757882, 4.56243881399, 1.15134688232, 0.981705181301, 5.04132875677, 5.29222276709, 1.04843100567, 5.01064362402, 1.04161674405, 1.09000092139, 1.01122193697, 1.0299128794, 1.20669544488, 3.41788686298, 1.02057599337, 0.800195286179, 5.35566607131, 0.931570647725, 1.29667892918, 1.23765292333, 1.34790014361, 1.17154668521, 183.554184197, 13.0832601074, 1236.22368234
1.23762390799, 1.00000090323, 1.27229111558, 0.913311259378, 6.43863171614, 0.791014674215, 3.86854629637, 1.24219510258, 0.90062290759, 5.64621416878, 6.01152118661, 1.21500355388, 3.21673477885, 1.19974058037, 1.09000048756, 1.08345674122, 1.03876021858, 1.01028221843, 9.66726788505, 1.12815366001, 0.970766645367, 383.467915494, 1.12803693304, 3.99101727384, 1.10284281756, 3.15299129835, 1.12650496889, 198.040330212, 15.231940245, 807.963806893
4.01202957776, 1.00000045213, 1.65101575185, 0.934107814639, 1.75170864274, 0.766767248994, 5.68844493028, 1.21966092558, 0.95331597578, 1.77728104382, 5.51292775914, 0.884835043758, 1.19729179731, 1.08399759272, 1.09000092656, 1.02655676136, 1.0061792872, 0.954761448639, 4.30642232616, 1.12072714825, 0.844590464873, 8.79391416253, 1.09039351018, 2.88038780903, 0.97769481848, 2.58518342375, 0.893728768613, 182.872324022, 14.8017678436, 2715.1681993
5.3082894713, 1.0000000059, 1.6446415628, 0.946331849576, 4.14188731019, 0.942146438886, 2.06839532282, 1.18575170584, 0.939941255297, 1.78491897837, 5.29786684787, 0.955408580993, 4.16843279439, 1.18255108543, 1.09000008993, 1.07063533301, 1.03183994529, 1.08362515332, 5.4937818065, 0.996492464775, 0.838592678958, 8.14268307733, 1.07785183463, 2.58448336409, 1.13881576272, 1.34667256797, 0.956889965163, 209.930533399, 13.5838008913, 1153.7266446
5.41574281568, 1.00000022526, 1.44649857289, 1.20823302681, 4.99651340058, 0.839874249662, 3.18436677308, 1.12788599662, 0.903906043872, 4.79817246895, 4.7624961462, 1.13316446184, 4.13708259721, 1.08285063352, 1.09000015539, 1.03665041346, 1.00657661893, 1.02288641457, 5.93087240284, 1.06513865753, 0.77046304138, 158.539761549, 0.969480842976, 5.90311041276, 0.969341751479, 4.23050801087, 1.15691241925, 178.674798925, 14.8655113725, 3282.84698531
4.01068845608, 1.00000043009, 1.31353599774, 0.894663208244, 2.09553728204, 0.767649139344, 4.73549689844, 1.19722497976, 0.980368337142, 5.27285482748, 5.50802171787, 0.899832901764, 2.39930570967, 1.01619128419, 1.09000075262, 1.06431411069, 1.00744239465, 0.954791993418, 7.05456186265, 1.0618576952, 0.890138317529, 900.245516649, 1.14926657864, 2.98491952494, 1.15147925338, 2.57785283765, 0.972605844439, 490.376095668, 16.422332348, 521.626706008
2.55055077276, 1.00000073634, 1.41652138078, 1.14020446441, 1.42648033231, 0.863190244052, 1.93222812741, 1.10119887272, 0.901395802487, 5.69942209669, 6.18737062969, 0.99855389332, 1.17549362506, 0.922861164006, 1.09000072954, 1.03518486571, 1.00072763012, 1.19525101192, 6.38005179591, 0.964054082084, 0.923185861201, 293.08213484, 1.16080937812, 1.97629696529, 0.979014556162, 4.58361447709, 0.910022405085, 319.636293772, 20.7420055199, 579.046709729
3.79214754281, 1.00000081921, 1.27563050841, 1.20392181457, 1.83506148753, 0.997418354585, 1.50989385606, 1.10794406042, 0.960659420439, 1.75543656896, 4.94765052248, 1.10195786929, 3.96967352907, 0.982671340849, 1.09000024908, 1.10984174776, 1.01848315916, 0.913176792366, 4.64659016155, 0.975312055126, 0.760018562097, 463.06721787, 0.942168301748, 5.48605769058, 1.18455023251, 2.72990012688, 1.19927752904, 154.353500164, 17.0346401829, 803.176862852
3.64458999939, 1.00000069269, 1.22488993563, 1.20059187955, 1.56404027741, 0.951465960991, 1.74280758424, 1.24129787212, 0.961028080103, 2.54928016463, 5.14915389106, 0.899507318913, 3.7448126233, 1.21776682265, 1.09000082997, 1.0834507636, 1.04044055387, 1.03244702449, 5.11892703712, 1.10574861414, 0.783096051358, 635.238103867, 1.14730963105, 4.54785538267, 1.13852180584, 4.33161671756, 1.14471844358, 130.427406895, 17.4067902305, 2113.70349685
5.72886847812, 1.00000067321, 1.60168499398, 0.84948141356, 1.8922288208, 0.909772952623, 1.17926408476, 1.18456437566, 0.998782485784, 5.42607073854, 5.85963125394, 0.91268415282, 2.68514494751, 1.1444344817, 1.09000036312, 1.10028190925, 1.00246539921, 1.0701000662, 9.66020286052, 1.12518263542, 0.916185588795, 135.61037329, 0.933655182628, 2.86297529485, 1.17541259376, 3.74962859704, 1.266975994, 120.47075316, 22.152959716, 936.796441085
3.50948064969, 1.00000096445, 1.55207179365, 1.19100368902, 3.41942081526, 0.783571869642, 2.6817949599, 1.17440074162, 0.926110987658, 1.61098644424, 5.51736360002, 0.905517121204, 3.37780467205, 1.00284861739, 1.09000099334, 1.09635161599, 1.04298339321, 1.15085488218, 3.64282279389, 1.13318273687, 0.980966030352, 286.6953081, 1.108532546, 2.49132160222, 0.953098019516, 2.19231972407, 0.93226031078, 138.648989698, 17.0810673195, 745.919056201
2.00642586828, 1.00000016147, 1.16337492399, 0.895344836756, 2.49111122054, 0.721475391347, 3.13959265799, 1.00836453382, 0.980315142044, 4.72554878323, 5.93218554022, 1.01722039386, 1.45907998182, 0.874601523971, 1.09000038177, 1.10120541132, 1.0216391546, 1.02706119439, 5.74225376564, 1.06198125304, 0.890371187447, 164.178402281, 1.05117784263, 2.99460077716, 0.977580335282, 1.28510976538, 0.961869159842, 155.894741998, 16.8367885374, 1999.72431338
2.86978275706, 1.00000018186, 1.3159998406, 0.894663208244, 2.09553728204, 0.857235316242, 4.34300168637, 1.19507206627, 0.980368337142, 4.66638915708, 5.22060014161, 0.898604488426, 4.9900845523, 1.01890038447, 1.09000053852, 1.07466305167, 1.01326715495, 1.18431291607, 8.82631233842, 1.02300215589, 0.88986457587, 900.245516649, 1.14882505685, 2.99973454825, 1.16169159096, 3.94310095122, 0.897401577652, 142.120393163, 16.9061711575, 2127.36724951
2.56463405606, 1.00000032729, 1.30218256771, 0.902593402904, 4.13413749857, 0.943349198343, 1.42466655227, 1.2142068913, 0.93941005683, 4.15158123365, 6.09874991013, 0.869433716742, 2.58526480587, 0.959462417985, 1.09000020509, 1.01842354378, 1.03221338829, 1.12892666159, 7.6630125332, 0.91837091926, 0.837418574091, 275.385712672, 1.03046580902, 1.84976057322, 1.13859135256, 2.42985145088, 1.26160741776, 293.358586012, 27.524054999, 603.014098889
3.98912092597, 1.00000083561, 1.24080978547, 1.20378667115, 3.86533703905, 0.992010226791, 5.05093720431, 1.13124715539, 0.924613655411, 2.17923449922, 5.90453470449, 0.937112476502, 3.65973551354, 0.906489249073, 1.09000049516, 1.03067192922, 1.02140865477, 1.13083422288, 9.61302630809, 1.05251606102, 0.814586448482, 643.797020997, 1.09165695071, 1.65329925635, 1.03930982008, 2.02403304046, 1.12221551355, 309.194654842, 22.2595734584, 547.260060447
5.48800430497, 1.0000000059, 1.6446415628, 0.946331849576, 1.80068427383, 0.868163478704, 2.07013718101, 1.18551598448, 0.915555037852, 1.78491897837, 5.29786684787, 0.95753069671, 4.16843279439, 1.18255108543, 1.09000008689, 1.07034515581, 1.00516020596, 1.15829007998, 5.4937818065, 0.997361095703, 0.998438393359, 3.20064742283, 1.08923265352, 2.57258709873, 1.13434665026, 1.33699698656, 0.956889965163, 341.919431654, 17.6953734324, 684.583049075
3.89276519031, 1.00000051457, 1.66974755625, 0.910415850143, 3.64642151148, 0.950559863117, 1.17470406938, 1.12962906981, 0.993234770406, 1.41921677324, 5.72731196296, 0.85744749571, 1.07812439451, 0.906382663968, 1.09000049401, 1.06760847844, 1.02135503665, 1.16447727863, 3.86279071711, 1.05206363572, 0.815326781765, 519.676337349, 1.06450749233, 4.66719554015, 1.03905435376, 4.35869327871, 1.26344042637, 196.303640722, 13.633339254, 4787.73983081
3.92893981428, 1.00000056893, 1.25679865042, 1.03524042663, 5.52550793116, 0.963045567301, 5.44092618096, 1.2148686576, 0.989042200443, 3.29997216066, 5.60493075306, 1.17060344482, 2.45939054608, 0.986196572315, 1.09000047288, 1.07029920267, 1.02807390662, 1.00873458858, 5.48893518967, 1.18462104006, 0.992920533848, 125.829280904, 0.969114222688, 3.87398505011, 1.09146109473, 4.6339391498, 1.01134857254, 378.641023371, 16.8587034119, 1238.84470737
1.20276986295, 1.00000049493, 1.4020785621, 1.16250401449, 1.91418925539, 0.89070610395, 2.6557632294, 1.0274674081, 0.954068141987, 2.13668121151, 5.90601455611, 0.812192174886, 2.37304663243, 1.21108555201, 1.09000074554, 1.06500633469, 1.04433608262, 0.842260105567, 8.35082568777, 1.05874027213, 0.954814210083, 644.763187808, 1.11439371128, 1.67764688809, 1.0085197523, 3.0448637164, 1.11313174296, 270.713694036, 14.3103466457, 1890.8220038
5.45885738443, 1.00000026464, 1.43448968924, 1.06184126001, 2.80718872885, 0.84147867228, 2.56063555914, 1.21384259801, 0.956675012732, 1.4192839446, 5.1458037701, 1.10275000653, 3.1050812044, 0.831655090614, 1.0900003721, 1.05358369638, 1.03300837797, 0.900263927592, 9.78854411571, 1.15451676414, 0.912394150051, 347.739327294, 1.07749049682, 1.05677334943, 1.13886965132, 4.05668217056, 0.960857091041, 262.184186098, 16.3779440005, 2292.49747611
5.25986291886, 1.00000073284, 1.41205549806, 1.14260047132, 2.66479241496, 0.863190244052, 1.89142898181, 1.20110676585, 0.901923588232, 5.69628580858, 6.03738065514, 0.998630192193, 3.67895828644, 0.905759862311, 1.09000065709, 1.03477671562, 1.00054036378, 1.1952735241, 6.35196803255, 0.962657227455, 0.923193610441, 672.889067205, 1.16080937812, 3.02144532332, 1.02107697514, 4.87887762666, 0.910022405085, 263.317143402, 17.0325917032, 1821.58527375
4.67841069604, 1.00000001341, 1.27207633878, 0.912365324401, 3.44695542561, 0.790874667873, 4.00684332655, 1.21970367787, 0.912407298465, 1.78390028566, 6.10699003358, 0.911499379447, 3.11370975661, 1.18066060023, 1.09000056626, 1.05333693166, 1.03003771233, 0.810171469364, 9.68382403446, 1.12678357244, 0.839596248736, 3.43907720924, 0.950377363526, 4.3865934945, 1.07029287774, 1.31505535882, 1.12679549306, 466.45244568, 16.2333860044, 1694.04681931
5.30087863752, 1.00000073675, 1.3159998406, 0.892529742469, 2.09553728204, 0.863130028125, 1.94950991725, 1.1951336561, 0.98156041379, 4.66638915708, 5.22745069244, 0.899695323478, 3.033262306, 1.27478220223, 1.09000053159, 1.07466305167, 1.01326715495, 1.1956388635, 8.92058075368, 1.02282475874, 0.889597878994, 901.396811147, 1.16133408543, 2.02169640129, 1.16169159096, 3.94310095122, 0.897533095988, 889.72639939, 20.3449697393, 682.126034242
5.48800430497, 1.00000046099, 1.6446415628, 0.947577592497, 6.25458785946, 0.868163478704, 2.06414220353, 1.18551598448, 0.915555037852, 1.78491897837, 5.29786684787, 1.07814231661, 3.43917128986, 1.1815155276, 1.09000008689, 1.02830257838, 1.02945830087, 1.15964978605, 5.4937818065, 1.05052930111, 0.998438393359, 8.79018064751, 1.08923265352, 2.58587789474, 1.09577427542, 4.26927003451, 1.17157454156, 133.270335674, 23.1461444149, 975.064220939
5.25986291886, 1.00000073284, 1.41205549806, 1.14260047132, 1.77975681449, 0.863124039665, 1.89142898181, 1.18567902476, 0.901923588232, 5.69628580858, 6.06164902231, 0.998630192193, 3.67895828644, 0.905759862311, 1.09000065709, 1.03477335581, 1.00530393256, 1.1952735241, 6.35196803255, 0.962821061151, 0.923193610441, 9.73035073283, 1.16080937812, 3.02090168943, 1.01982731545, 4.76706033464, 0.910022405085, 279.812870406, 27.7099681368, 797.046434268
3.9521305644, 1.00000023952, 1.66709685991, 1.0280828193, 4.91038305757, 0.795730908029, 4.56243881399, 1.15134688232, 0.979609388058, 5.04132875677, 5.29222276709, 1.04843100567, 3.85728937789, 1.04161674405, 1.09000092139, 1.07022585172, 1.0299128794, 1.20669544488, 3.41788686298, 0.914936003883, 0.998884771595, 5.35566607131, 0.931570647725, 1.29667892918, 1.23859126189, 1.34790014361, 1.17287529378, 318.204025581, 17.912153694, 1318.54599846
2.64222579119, 1.00000087774, 1.42417433937, 0.891652096827, 4.06632403362, 0.720542084184, 1.1204421348, 1.2510992024, 0.914634934217, 2.08348620059, 6.02413856209, 0.932423890831, 3.65820432163, 1.21160352761, 1.09000051092, 1.10738646652, 1.03379241246, 0.899271166576, 9.85982477131, 1.02681039392, 0.852766393651, 349.34956445, 0.972020643817, 1.03610057254, 0.999483803384, 3.29512017724, 0.960907755491, 220.35307245, 27.0815300745, 799.529972577
5.6202101502, 1.00000008209, 1.00034851581, 0.974350420751, 1.45746690389, 0.936840712969, 2.83105905853, 1.20248183004, 0.923480625955, 3.07073154206, 5.91785568506, 1.00981187194, 3.68276957271, 1.04133114875, 1.09000067623, 1.05060504398, 1.00134213969, 0.836882020118, 9.64596409704, 1.12236453115, 0.806869987331, 506.585323794, 1.03374767853, 3.9055752787, 1.19166676006, 4.855908475, 1.10209977676, 255.035995749, 20.8928557316, 1277.97325162
4.34388655231, 1.00000002731, 1.15208459337, 0.960223194654, 1.46327259565, 0.770853496786, 2.70316533074, 1.03286806899, 0.952116545262, 4.27046501539, 5.71772792057, 0.901972690863, 1.88542487795, 1.21078168894, 1.09000023568, 1.06356990703, 1.04895864835, 1.1513647489, 3.66707570535, 1.13520711408, 0.912520500369, 286.048091152, 1.03032998388, 2.42000049851, 1.05363244774, 5.41189987008, 1.24614083744, 296.364481368, 21.4974043203, 937.118201815
3.62964883484, 1.00000013091, 1.22488993563, 1.2031497663, 5.52049231586, 0.951465960991, 1.74280758424, 1.23748629603, 0.954303754548, 3.14691783012, 5.15089257514, 0.899507318913, 2.00114257322, 1.06784823284, 1.09000082997, 1.06485178927, 1.04038508347, 0.882718767827, 9.63066259335, 1.10574861414, 0.910839510673, 642.697268644, 1.06096405027, 3.4837799062, 1.19389743035, 4.32915198308, 1.2550890817, 294.944561266, 27.0795063039, 918.099190796
4.98245181604, 1.00000018143, 1.00459317115, 0.928489783997, 4.44022905373, 0.792514961978, 2.82300545397, 1.20443607798, 0.949668779976, 4.65658231823, 5.01253076377, 1.19481149638, 1.39871602699, 1.06591543215, 1.09000025516, 1.07565098713, 1.01248168662, 1.08504657757, 3.73513208092, 0.962484304446, 0.935331333372, 714.707321302, 1.14970922592, 3.02122196509, 1.02890120963, 3.33553424253, 1.08713420474, 333.76230209, 17.3699629807, 1152.08949685
1.20276986295, 1.00000049728, 1.6551122437, 1.16250401449, 6.12750063166, 0.890139095494, 2.6557632294, 1.0274674081, 0.956280669028, 3.05368567826, 5.90601455611, 0.812192174886, 2.37304663243, 1.21108555201, 1.09000076539, 1.07035476794, 1.03024601876, 0.842260105567, 8.35082568777, 1.05960232324, 0.954814210083, 10.0177405708, 1.11439371128, 2.59255872317, 1.0085197523, 3.05354893958, 1.29513039983, 191.736026022, 18.9659372608, 2366.23286624
3.64458999939, 1.00000069269, 1.22488993563, 1.18863323554, 1.56404027741, 0.951465960991, 1.74280758424, 1.24129787212, 0.961028080103, 2.65216778221, 5.15089257514, 0.899507318913, 2.00114257322, 1.06790665282, 1.09000082997, 1.10392529257, 1.04044055387, 1.03262785411, 5.11892703712, 1.10574861414, 0.783096051358, 635.238103867, 1.14973110982, 4.61762184885, 1.13852180584, 4.33161671756, 1.14685591465, 510.780196021, 20.2045288276, 1013.91037686
4.34518929107, 1.00000017179, 1.26911447949, 0.900563298689, 5.06842212622, 0.791014674215, 3.09929229587, 1.08305942445, 0.900759816289, 2.76426054286, 6.01152118661, 1.21901310618, 3.21430380175, 1.21279797647, 1.09000048756, 1.03025207328, 1.02200301819, 1.186594424, 8.8351852212, 1.06019258171, 0.970766645367, 383.470253298, 1.08376033392, 5.74695689361, 1.15156606929, 1.40727806128, 1.12570280111, 498.912604684, 20.4020815977, 1005.5674856
5.45885738443, 1.00000027506, 1.30291790069, 1.06329832445, 4.03332175068, 0.974161970972, 1.40756120245, 1.21443425911, 0.956675012732, 1.44113532591, 5.04196536546, 1.10275000653, 3.1050812044, 0.831112673933, 1.0900003721, 1.05377990882, 1.03300837797, 0.899536297146, 9.78854411571, 0.919033508853, 0.842107872341, 355.61166521, 1.07782855112, 1.0306613485, 1.13887988033, 4.05668217056, 0.960857091041, 309.499290415, 14.9896936897, 3718.70095502
1.23762390799, 1.00000016658, 1.27196735321, 0.900563298689, 2.12688575246, 0.791014674215, 3.01219542576, 1.0901655538, 0.900759816289, 5.64621416878, 6.01152118661, 1.21500355388, 3.21673477885, 1.20060036203, 1.09000048756, 1.08345674122, 1.01268710861, 1.186594424, 8.8351852212, 1.06019258171, 0.970766645367, 383.467915494, 1.12803693304, 5.74662790037, 1.15156606929, 1.40727806128, 1.12570280111, 342.795820247, 14.5162560439, 1947.13545183
1.12116467759, 1.00000049493, 1.0025466707, 0.951513670674, 4.48750562276, 0.89070610395, 2.65650816834, 1.02698098031, 0.954068141987, 2.16219421553, 5.90601455611, 0.813191286694, 3.67354758988, 1.21108555201, 1.09000074554, 1.06500633469, 1.00607340105, 0.842260105567, 8.35667161261, 0.960633237391, 0.954327504357, 644.763187808, 1.14071091568, 1.67764688809, 1.02866425627, 3.0448637164, 1.11313174296, 311.331714237, 15.0052790658, 2105.83562417
1.71881954876, 1.00000076867, 1.61808703312, 0.911390473028, 1.62291722509, 0.715390929192, 3.24234450666, 1.23122618596, 0.989372497267, 5.29621964708, 6.00778574428, 1.03278675777, 2.17304083348, 0.840721312207, 1.09000055176, 1.09348529789, 1.03231626809, 0.992445167576, 7.10244757953, 0.950831449037, 0.784727915515, 584.908611515, 0.942221637873, 4.69967304382, 1.00201633269, 3.2476866239, 0.921170863086, 302.928829108, 18.070943791, 2635.97733265
5.11652493929, 1.00000020822, 1.64778708114, 1.07363487176, 3.88929891971, 0.810710773307, 1.1625344594, 1.08445779203, 0.909027482728, 3.22732286003, 4.68135290583, 0.939384349938, 2.7072850752, 0.972584009994, 1.09000008908, 1.02224803986, 1.00305792985, 1.13869778767, 5.70409014765, 1.02037140758, 0.865465561455, 125.201067032, 0.932322413641, 2.45302766827, 1.14792869041, 3.96206081227, 1.21907909971, 301.655465082, 17.4668603177, 8495.25847847
5.71164912691, 1.00000044561, 1.05027685466, 1.00873178248, 1.8826765599, 0.929954539025, 3.42118461169, 1.07145239325, 0.995961010301, 3.0194526853, 5.5906205862, 1.18476874233, 3.84545271763, 1.28091407845, 1.09000068839, 1.05270018618, 1.01574215928, 1.08489886065, 4.36642846549, 0.91351936301, 0.923258455106, 389.273905295, 0.962603987143, 2.40973217834, 1.06436344365, 3.943610496, 1.29464879506, 294.346219958, 17.7620550709, 3549.03141933
5.78858233745, 1.0000000059, 1.66708104775, 0.947577592497, 6.30176144393, 0.928911673765, 2.04680222857, 1.18376152348, 0.91503182675, 3.03105451743, 5.29786684787, 0.95753069671, 3.85508389879, 1.27929688806, 1.09000008689, 1.07034515581, 1.03010784297, 1.08514004026, 5.4937818065, 0.914109780975, 0.998438393359, 3.43907720924, 0.963837105074, 2.57244509884, 1.13466356573, 1.33699698656, 1.29605492832, 910.522133889, 22.1818963509, 802.206930624
5.30589115764, 1.00000020831, 1.39770332387, 0.940579213418, 2.95773294957, 0.885013758678, 1.81974824148, 1.21514568224, 0.900139364022, 3.30934915574, 5.07055460208, 1.09229127695, 2.13610366986, 0.96172696837, 1.09000009242, 1.01834591526, 1.03299411368, 0.822835321546, 9.8267321867, 0.960805978511, 0.842353137375, 261.387938791, 0.931306860776, 3.71987824351, 1.14770425223, 3.63806600478, 0.890072250227, 250.93077512, 26.6975025975, 1009.45590648
1.71883758336, 1.00000056163, 1.61808703312, 0.911592081386, 1.62367789045, 0.760102063349, 3.11620888962, 1.22989306886, 0.956090635417, 5.29617233984, 6.00881952102, 1.03052200857, 2.17398153126, 0.871836246708, 1.09000055003, 1.01589062565, 1.03231626809, 1.03860249654, 7.64382625297, 0.951716066132, 0.784727915515, 585.160625691, 0.942221637873, 4.69967304382, 0.978192914829, 3.2476866239, 0.978880570332, 193.063715642, 25.450321953, 2154.5647174
2.38433735544, 1.00000011047, 1.15255599329, 0.837062140241, 2.81251927767, 0.758641836397, 1.61190052015, 1.06919927881, 0.916137134652, 1.25035972733, 6.14616087895, 0.844846566534, 3.74607007108, 1.2378642404, 1.09000048904, 1.09128374187, 1.02682363284, 0.826599891856, 6.62586233091, 0.975363191289, 0.932755034773, 163.924250888, 1.18153420188, 5.71378149135, 1.0867154704, 1.43332676209, 1.05242468906, 465.705437987, 33.3809026043, 892.129035559
3.18288341556, 1.00000087414, 1.00071818666, 0.950385702966, 4.52707352478, 0.843121988027, 2.82300545397, 1.20330050604, 0.955845285615, 4.66189898349, 6.03831801418, 0.935328924917, 3.68318412667, 0.904577461096, 1.09000055888, 1.06315500887, 1.00621260947, 1.19369701788, 6.07189707914, 0.962484304446, 0.907934139916, 616.759179899, 1.14047289264, 3.02122196509, 1.02842766459, 4.88111150919, 1.08615642456, 332.483630899, 21.3549190814, 1418.45417
4.35928237253, 1.00000092424, 1.70044723959, 0.912735243321, 5.00782709292, 0.798800327014, 3.09716105074, 1.24029732842, 0.900146615898, 2.74596288832, 6.00915975305, 0.819250248471, 5.01430172721, 1.21257236947, 1.09000023489, 1.03004175829, 1.02207255554, 0.98250100356, 9.66305243729, 1.12863145345, 0.968951473312, 382.883776867, 1.08397041892, 4.05248280954, 1.08446677623, 3.14955224503, 1.04286884735, 745.532712705, 22.1564999823, 958.46067269
5.48400857626, 1.0000008473, 1.24004083048, 1.20378667115, 3.86533703905, 0.992010226791, 4.98029050102, 1.13124715539, 0.924613655411, 2.17923449922, 5.90453470449, 0.937112476502, 3.44960367211, 1.18893549981, 1.09000049611, 1.0704376572, 1.02982136922, 1.13083422288, 9.61302630809, 1.05251606102, 0.814586448482, 643.797020997, 1.09165695071, 1.65329925635, 1.03930982008, 1.34207206642, 1.12221551355, 332.41306927, 22.5344522417, 1525.04046863
2.56404228443, 1.00000023668, 1.65476742361, 0.945304100614, 6.2617730786, 0.860403076435, 5.93648438576, 1.23091533527, 0.990551340891, 4.14777701824, 6.07708946834, 1.03162919352, 1.1819758151, 0.919256146044, 1.09000026613, 1.02014846771, 1.0143209268, 1.01699860939, 9.56342591993, 1.17514296736, 0.924076183126, 34.06355247, 1.12966138601, 2.99514821319, 0.977534222994, 4.31243744226, 0.959313132717, 311.001063865, 21.5136539742, 2195.15271488
5.66097085261, 1.00000067781, 1.60183694831, 0.84948141356, 1.8922288208, 0.908342756836, 1.17926408476, 1.184536605, 0.998782485784, 5.42486965893, 5.85963125394, 0.91268415282, 2.16492069856, 1.1444344817, 1.09000036312, 1.0144030789, 1.00246539921, 1.0387026357, 9.66020286052, 1.12518263542, 0.916185588795, 135.61037329, 0.942144180356, 2.86297529485, 1.17701923124, 3.35135939925, 1.266975994, 336.947382746, 21.6923838247, 1097.08748929
5.3134260603, 1.00000012039, 1.70359926859, 0.935855882767, 3.43935709529, 0.937203356357, 4.02430644283, 1.09266047645, 0.980925151281, 1.68501562563, 5.19099955643, 0.901619405564, 3.11510547526, 0.837073415079, 1.09000037091, 1.05326122863, 1.03123297203, 0.995463097974, 3.95979957331, 1.00156129779, 0.83953760867, 308.929874463, 1.13655217671, 4.38603241064, 1.06998085047, 2.54406469315, 0.914870117005, 535.075997342, 20.0123056656, 1177.49766854
5.71162054272, 1.00000044561, 1.05027685466, 1.10866738774, 1.88263417622, 0.929954539025, 3.41208206581, 1.07145239325, 0.995961010301, 3.0194526853, 5.5906205862, 0.930997097891, 3.84545271763, 0.904746973724, 1.09000073979, 1.05272769468, 1.01574215928, 1.08490196517, 4.36642846549, 0.912112893199, 0.990888089259, 387.216754311, 0.962603987143, 2.40973217834, 1.0657891163, 3.943610496, 1.29639063524, 398.628370347, 18.1419511225, 1668.27218081
5.78858233745, 1.00000001388, 1.66708104775, 0.947577592497, 2.19459023067, 0.926329244157, 3.06328669634, 1.18376152348, 0.914957553132, 2.11952792483, 5.29786684787, 0.960752784371, 3.85508389879, 1.27802410726, 1.09000008689, 1.07027780239, 1.04454405871, 1.08514004026, 5.4937818065, 0.914109780975, 0.998438393359, 3.43907720924, 1.11161114594, 2.55203312001, 1.00906634189, 1.70427616506, 1.29605492832, 294.785870881, 20.2717974286, 3040.79212226
5.16326362747, 1.0000007568, 1.15635601892, 0.984980626898, 5.44405690916, 0.843094145453, 2.54208492773, 1.23435474185, 0.977955138426, 3.16637657956, 5.1137967696, 1.08104877436, 1.86997456566, 1.10628312978, 1.09000064401, 1.08616365702, 1.02720183476, 0.987431969931, 6.00359583635, 1.15046064232, 0.912736158652, 248.241531623, 1.05552937587, 3.4829847755, 1.08289286788, 4.30774145654, 1.26037867936, 336.381887774, 15.3807638234, 2537.29266718
1.20871480726, 1.00000055886, 1.18501732982, 0.982613116559, 1.77364633534, 0.867987459797, 5.10875245674, 1.03803752978, 0.978622725995, 1.66874581365, 5.41150389903, 0.946172384351, 4.16511505034, 1.00410580542, 1.09000058291, 1.03289060408, 1.00495660292, 1.02737484907, 4.94799322542, 0.949299850925, 0.945053361662, 919.787361318, 0.957655426904, 2.61312094977, 1.08719954615, 4.60091409281, 0.955835774902, 444.225823075, 16.4692983326, 2055.52355102
2.64222579119, 1.00000087774, 1.42417433937, 0.891652096827, 4.06632386572, 0.720542084184, 1.08387471619, 1.2510992024, 0.914634934217, 2.4449102858, 6.02423398277, 0.932423890831, 3.65820432163, 1.21160352761, 1.09000050414, 1.10558851395, 1.03379241246, 0.899112916805, 9.84887992877, 1.02681039392, 0.852766393651, 349.34956445, 0.972020643817, 1.03610057254, 0.999483803384, 3.29512017724, 0.962600797298, 366.129429197, 15.3718922762, 3186.05746091
5.07605899337, 1.00000077945, 1.43531054884, 0.98388177335, 3.23193013113, 0.876760351135, 2.56299783697, 1.08526019193, 0.932806707674, 1.83230234526, 6.02403071172, 1.08056210601, 3.95434309979, 1.10628312978, 1.09000021056, 1.0782811162, 1.0202727636, 0.833641336846, 9.69610679644, 1.14996131554, 0.912736158652, 248.241531623, 0.957046772224, 3.68915447898, 1.00016696886, 4.30774145654, 0.939913744893, 517.333418588, 26.7057806859, 1104.33778896
5.71591610896, 1.0000004461, 1.43725883245, 0.985019895436, 3.23193013113, 0.92968768009, 2.56299783697, 1.08526019193, 0.932806707674, 1.83230234526, 6.02403071172, 0.932221956326, 3.95360868557, 0.905310938947, 1.09000021056, 1.0781768424, 1.0202787913, 0.833641336846, 4.36638146244, 1.1514380047, 0.912299449259, 248.241531623, 0.956959759126, 3.68915447898, 1.00016696886, 4.30859069118, 0.939913744893, 307.315027188, 20.9491150527, 4076.67820675
3.92920634966, 1.00000056589, 1.25679865042, 1.03524042663, 1.79826600736, 0.963045567301, 1.49061007496, 1.2148686576, 0.989042200443, 3.33583285715, 4.94830920798, 1.16952730385, 2.45939054608, 0.986196572315, 1.09000047288, 1.06920313846, 1.02807390662, 0.913721096526, 5.48893518967, 1.18462104006, 0.992920533848, 484.213469747, 0.941968659179, 3.83717593966, 1.09146109473, 4.6339391498, 1.01134857254, 464.314917523, 23.0633542645, 1232.52711424
