1.12705139839e-05, 3.20264880868e-05, 0.0886446251857, 0.069768547201, 0.249287418823, 0.13626205808, 0.0374686467587, 0.038812036281, 0.384308718435, 0.169866659668, 0.342649169834, 0.209775776001, 0.38942674055, 0.0593857708182, 0.121044648029, 0.416834478227, 0.556477863927, 0.738193936946, 0.00191853752359, 0.471669692766, 0.0227728961962, 0.906703568521, 1.12705139839e-05, 3.20264880868e-05, 13.3052090556
0.000117814229579, 0.0277308271812, 0.794362631862, 0.0739847292459, 0.0167477085298, 0.136572290922, 0.599984763928, 0.00877609256804, 0.00346872774369, 0.258931663615, 0.187508803428, 0.224035303333, 0.0083409076244, 0.0706538940848, 0.128362658174, 0.319261107646, 0.706510823462, 0.0151570575074, 0.00412747652822, 0.094642208402, 0.0845954332443, 0.15172703496, 0.000117814229579, 0.0277308271812, 11.2429363577
0.00399589414466, 9.57204495255e-06, 0.0260876277498, 0.0119018942034, 0.246917783815, 0.00264385066903, 0.411277049728, 0.0216350060475, 0.382875760848, 0.10845082951, 0.435400434387, 0.120064053941, 0.0144676716187, 0.00503687169171, 0.387843790648, 0.431923729349, 0.13172491807, 0.236767114328, 0.24704814984, 0.271084430351, 0.206702388991, 0.454980636022, 0.00399589414466, 9.57204495255e-06, 11.6083521447
9.99568726314e-05, 0.000488575097044, 0.371376455287, 0.00348300286772, 0.233495961791, 0.00480966313864, 0.372413317699, 0.163770888571, 0.00541656257945, 0.109261663154, 0.017925896631, 0.19579134067, 0.018433759124, 0.015694764556, 0.712676752098, 0.870201939442, 0.133975018805, 0.197348024383, 0.00323112827347, 0.0188206395286, 0.20208184559, 0.941977207681, 9.99568726314e-05, 0.000488575097044, 12.1993510335
0.526442170389, 6.56255055292e-06, 0.0468085025372, 0.00226476776767, 0.262729918607, 0.130064647743, 0.0162548735915, 0.0360600692653, 0.382868320041, 0.10845082951, 0.526715354229, 0.172952694802, 0.00730603787155, 0.0263647237578, 0.146057273897, 0.317492195007, 0.70361664136, 0.00606857258086, 0.789473891619, 0.268522701861, 0.609365761867, 0.903852584617, 0.526442170389, 6.56255055292e-06, 13.372476196
0.036822543954, 1.88869557422e-05, 0.00968129472777, 0.000769839960146, 0.240832409237, 0.218226809297, 0.378071421918, 0.0539085087711, 0.390037412362, 0.121401094698, 0.342915477895, 0.637154834131, 0.382702390222, 0.00803887686729, 0.402108659765, 0.00199142424159, 0.126968248998, 0.00213793683048, 0.00471403232587, 0.0179223807672, 0.0881802311866, 0.159055098592, 0.036822543954, 1.88869557422e-05, 10.8346495609
2.32204237805e-05, 0.0285156930615, 0.0835474613275, 0.0129227969465, 0.442586129082, 0.120788496832, 0.345285502552, 0.0285143270993, 0.373831809672, 0.170660273523, 0.0765151658986, 0.195295992238, 0.0146988971581, 0.0638403741584, 0.17509353533, 0.399470585107, 0.343183925962, 0.00135376950471, 0.00978175708941, 0.0244384017363, 0.0593023441093, 0.140609797577, 2.32204237805e-05, 0.0285156930615, 10.1550944123
0.00294158040014, 0.000931279924159, 0.087238579708, 0.0951941394037, 0.251400361864, 0.0399378711534, 0.359952495237, 0.155586656026, 0.387062340787, 0.113447887395, 0.0203179653377, 0.163608125527, 0.115593176424, 0.0162789075849, 0.0244604967921, 0.000562856218513, 0.129004683654, 0.206886672567, 0.279477886737, 0.0980484000452, 0.128652083975, 0.00280998732017, 0.00294158040014, 0.000931279924159, 9.61140697584
0.00389652017637, 1.49448937627e-05, 0.0275007045653, 0.00519819450713, 0.254870841558, 0.00518431928701, 0.372432089014, 0.033788064551, 0.382875760848, 0.10845082951, 0.46938965146, 0.195799232851, 0.0144676716187, 0.00503687169171, 0.128013843195, 0.431923729349, 0.707349670263, 0.00606857258086, 0.00159994456466, 0.271596852405, 0.202272303431, 0.442417692511, 0.00389652017637, 1.49448937627e-05, 11.48876811
0.00389652017637, 9.19235384236e-06, 0.352643424343, 0.00519819450713, 0.254870841558, 0.00518431928701, 0.372255872578, 0.033788064551, 0.361017514679, 0.10845082951, 0.46856396714, 0.197815012981, 0.0144676716187, 0.00503687169171, 0.128013843195, 0.31575754038, 0.700712219262, 0.00768401632899, 0.00156758927638, 0.274265823004, 0.202272303431, 0.442417692511, 0.00389652017637, 9.19235384236e-06, 11.7395152995
0.376199279136, 0.000341752743203, 0.0243463507635, 0.000135158350647, 0.262191421518, 0.218694121548, 0.355835825099, 0.0295853519843, 0.0677816223441, 0.117622105556, 0.104019936339, 0.20021124653, 0.378743725538, 0.0164362546514, 0.175354014539, 0.219033908332, 0.0163816242232, 0.00758204072742, 0.0893276292447, 0.12612361695, 0.0283771659818, 0.457423559282, 0.376199279136, 0.000341752743203, 9.87612007549
0.000157189261727, 0.0273865020398, 0.459165394898, 0.0746664446055, 0.00120592735606, 0.0362756529452, 0.368391074287, 0.0192695452495, 0.42152228667, 0.167812173099, 0.0741870774585, 0.240194043411, 0.0117595011272, 0.0256944655627, 0.185866201578, 0.115666993249, 0.201935901045, 0.00446076288779, 0.00971431151941, 0.126008090576, 0.0407692707449, 0.118648454356, 0.000157189261727, 0.0273865020398, 9.64455385817
7.27403189243e-05, 0.000401625577546, 0.0453553473377, 0.177086513668, 0.251969706519, 0.136920432773, 0.0163083263874, 0.0285758717415, 0.384884262112, 0.11032153564, 0.0713036914643, 0.186482424033, 0.392580797525, 0.0123801756479, 0.175094524506, 0.317325063962, 0.556562144913, 0.738193936946, 0.0171046079117, 0.479510012979, 0.00269619399652, 0.918783028153, 7.27403189243e-05, 0.000401625577546, 12.7761585546
0.00461056442677, 0.0277845462764, 0.0200187133088, 0.0745556589793, 0.079725747971, 0.269516636704, 0.368391074287, 0.0192652212391, 0.00222864400312, 0.166626534587, 0.333064961683, 0.194578614405, 0.431060490032, 0.0261320039048, 0.0253938699283, 0.115949561957, 0.201800544777, 0.000776452690978, 0.00306674801539, 0.12597190568, 0.0407692707449, 0.0918961500491, 0.00461056442677, 0.0277845462764, 9.49212740521
0.000179840947436, 2.1472577354e-05, 0.799151688852, 0.0036089456005, 0.0224289374152, 0.138067716487, 0.345488282272, 0.00959357940325, 0.00324902498305, 0.175498610615, 0.111985671493, 0.301020464588, 0.388840050691, 0.0601093281454, 0.120766750907, 0.434948395248, 0.0968887876255, 0.302180333709, 0.00175616172444, 0.258387636779, 0.705106559006, 0.524724566967, 0.000179840947436, 2.1472577354e-05, 12.4850972866
6.78083049573e-05, 0.142856557041, 0.0653456236253, 0.0125159473993, 0.244045569859, 0.214654281133, 0.345313263319, 0.155733277436, 0.391092110985, 0.170926854638, 0.0895451093877, 0.207791481662, 0.311395935414, 0.0114762570786, 0.00872707057832, 0.0053075528461, 0.0163816242232, 0.00347250899402, 0.283361633415, 0.103014033014, 0.000629616829265, 0.414944784851, 6.78083049573e-05, 0.142856557041, 10.08441475
0.000223273652458, 0.000148842092573, 0.0703683162178, 0.00592699175233, 0.209209858775, 0.13657543204, 0.339935129, 0.134276165579, 0.00130592970372, 0.111633256521, 0.467814486447, 0.18517486228, 0.431583724638, 0.0266046260646, 0.019141954886, 0.318962868124, 0.0604675185105, 0.0194256181977, 0.00252198828246, 0.19000687493, 0.219091100302, 0.436994502055, 0.000223273652458, 0.000148842092573, 10.5724227774
0.388622758111, 1.01367756357e-05, 0.0156417855793, 0.023283428052, 0.247097396155, 0.113452212784, 0.627203474677, 0.0338390233938, 0.0418814165973, 0.108224955314, 0.105922161353, 0.21845659726, 0.0105568904001, 0.0140349476834, 0.106365445841, 0.428715190093, 0.708211617849, 0.00719135507219, 0.00405723916942, 0.20060305231, 0.0533047966953, 0.878239226012, 0.388622758111, 1.01367756357e-05, 11.2964867277
0.00468438683953, 0.000787436304068, 0.0147835724074, 0.000972601794781, 0.251400361864, 0.0399279208428, 0.36012961627, 0.0210788163985, 0.375928301397, 0.108177782744, 0.106070242839, 0.195619372252, 0.108273980322, 0.0162789075849, 0.0278753303031, 0.000562856218513, 0.136876813336, 0.210961357148, 0.00400229066889, 0.0980214207943, 0.315455748202, 0.00263704851586, 0.00468438683953, 0.000787436304068, 9.23253826011
0.00468438683953, 0.000931279924159, 0.0891700769947, 0.0954666779862, 0.251400361864, 0.0399279208428, 0.36012961627, 0.0210788163985, 0.375928301397, 0.0964616735558, 0.0203528227378, 0.195619372252, 0.106575135986, 0.0162789075849, 0.0244604967921, 0.000562856218513, 0.132663696949, 0.206886672567, 0.00400229066889, 0.0980214207943, 0.0763148791366, 0.00280998732017, 0.00468438683953, 0.000931279924159, 8.98829147227
0.55189712899, 1.52448863361e-05, 0.0271735916331, 0.000135158350647, 0.262187829242, 0.13054938558, 0.299225437272, 0.0358764085861, 0.0663221898983, 0.108519226723, 0.0929308069848, 0.20021124653, 0.0107540938121, 0.0164362546514, 0.175354014539, 0.220537255113, 0.0163816242232, 0.00758204072742, 0.0893276292447, 0.272724152412, 0.0608943649166, 0.447016951252, 0.55189712899, 1.52448863361e-05, 9.42039799446
0.000228466196038, 0.0353740858859, 0.086250879535, 0.0118329691656, 0.0765503072699, 0.217530084862, 0.298588698332, 0.0218181513295, 0.387101346777, 0.129846775458, 0.10612541829, 0.185427006284, 0.118263214318, 0.0236829468604, 0.00747748081161, 0.00241234387778, 0.128952867319, 0.0034792872965, 0.277508950749, 0.125205111336, 0.0943525887374, 0.0853953397958, 0.000228466196038, 0.0353740858859, 9.2172460955
0.382330101013, 0.000341752743203, 0.0233385199718, 7.99861897059e-06, 0.262191421518, 0.217900812013, 0.370814510566, 0.153084139823, 0.0677816223441, 0.121441060848, 0.106071861196, 0.200199623444, 0.378743725538, 0.015128924559, 0.0260355305075, 0.219033908332, 0.0163816242232, 0.00758204072742, 0.0881941389963, 0.12612361695, 0.0329328914815, 0.438138803107, 0.382330101013, 0.000341752743203, 9.8460115623
8.50601961733e-05, 6.64730880811e-06, 0.0209849957123, 0.00759445532729, 0.252171767662, 0.271190049709, 0.0374686467587, 0.0388104397713, 0.392691940595, 0.257864367114, 0.0742148912033, 0.211995543008, 0.0148511527105, 0.0209615944871, 0.0487189501003, 0.862170608784, 0.210308456089, 0.0135361828525, 0.782769926854, 0.476932900382, 0.0254956068686, 0.918783028153, 8.50601961733e-05, 6.64730880811e-06, 12.6683299312
0.0038971109959, 9.89654285322e-06, 0.0475213761582, 0.0058986013603, 0.255010763568, 0.0384977333614, 0.386099745868, 0.00967470700036, 0.383358991003, 0.17295503303, 0.514087474633, 0.195756555162, 0.0144676716187, 0.00449507252991, 0.134935043909, 0.431923729349, 0.700951861122, 0.000774006247282, 0.00159994456466, 0.271596852405, 0.202272303431, 0.442576597809, 0.0038971109959, 9.89654285322e-06, 11.688852585
6.41681044962e-05, 0.00209954042172, 0.0500197363769, 0.0058775840671, 0.242212638791, 0.214600263918, 0.345611825472, 0.15286783214, 0.383326013688, 0.106497200756, 0.0893068237345, 0.213634027939, 0.00815768184503, 0.620108569578, 0.175353367996, 0.00731723068458, 0.127375037935, 0.00347736804832, 0.278365139697, 0.0163969334768, 0.202054097142, 0.933442130312, 6.41681044962e-05, 0.00209954042172, 11.6372437783
0.399645145629, 1.63246337576e-05, 0.530137671825, 0.000330212761609, 0.254872040888, 0.130462948848, 0.355355374635, 0.0360476652665, 0.392825993948, 0.156506545174, 0.0163673764724, 0.172923973604, 0.0144676716187, 0.0139601711554, 0.145802967457, 0.429395174598, 0.0228134594986, 0.00606857258086, 0.0869575379198, 0.127572202653, 0.051817316511, 0.0188991173606, 0.399645145629, 1.63246337576e-05, 9.97714546477
0.000141562070387, 0.000224906982117, 0.089186128854, 0.011759212715, 0.00113597303036, 0.0411601417029, 0.371654391086, 0.0196894499398, 0.378746013101, 0.108634154476, 0.0740645051779, 0.185026577714, 0.413682024784, 0.0260897241537, 0.180672485708, 0.320740835479, 0.496265456618, 0.0113058009902, 0.00206209983829, 0.1241451298, 0.200257494493, 0.0258605059997, 0.000141562070387, 0.000224906982117, 10.1608332732
6.96018754089e-05, 0.0356435753665, 0.0872511039601, 0.0118329691656, 0.0767992848132, 0.209413176159, 0.303153043929, 0.0218181513295, 0.379889488534, 0.171172572448, 0.0194844714436, 0.0951342766933, 0.115606998541, 0.38027156024, 0.177445029237, 0.00223452078963, 0.129785197705, 0.0034792872965, 0.278487534451, 0.272072209184, 0.194169979413, 0.0961111094976, 6.96018754089e-05, 0.0356435753665, 10.0777466112
1.19793994049e-05, 3.33055029932e-05, 0.0886446251857, 0.069768547201, 0.249306476411, 0.271809954785, 0.0374686467587, 0.038812036281, 0.384308718435, 0.169866659668, 0.342649169834, 0.0810342813354, 0.38942674055, 0.0212159708995, 0.121044648029, 0.871788532741, 0.210957874337, 0.738193936946, 0.0054232026633, 0.476885820675, 0.0406753840803, 0.906703568521, 1.19793994049e-05, 3.33055029932e-05, 13.4465711808
0.000117814229579, 0.0277308271812, 0.794362631862, 0.0739847292459, 0.0167477085298, 0.136572290922, 0.599984763928, 0.00877609256804, 0.00324939609568, 0.258931663615, 0.186975792327, 0.186271407805, 0.00944343589662, 0.0601093281454, 0.122837880736, 0.319261107646, 0.706510823462, 0.0151570575074, 0.00394202448774, 0.094642208402, 0.200242074366, 0.15172703496, 0.000117814229579, 0.0277308271812, 11.3265722544
0.526442170389, 6.56255055292e-06, 0.374553576043, 0.0320281769287, 0.262729918607, 0.130064647743, 0.29873816787, 0.0360476652665, 0.382875760848, 0.10845082951, 0.464095054171, 0.172923973604, 0.00658763704055, 0.0266886627073, 0.145802967457, 0.427855915448, 0.706430298156, 0.00606857258086, 0.266149158283, 0.268522701861, 0.610511517429, 0.904269505256, 0.526442170389, 6.56255055292e-06, 13.5993760399
9.95851632431e-05, 0.03282172486, 0.434619552282, 0.179196578925, 0.209628879681, 0.228528261688, 0.299389033362, 0.0339562529576, 0.00866618521772, 0.263281593191, 0.128848772379, 0.184964608267, 0.429890543235, 0.0266046260646, 0.719648223565, 0.319885573939, 0.135541732252, 0.00899586427399, 0.0046509895475, 0.13073652501, 0.200012532273, 0.0713240967181, 9.95851632431e-05, 0.03282172486, 11.417935858
6.94402838247e-05, 0.0851113133407, 0.0663915376276, 0.0221049780578, 0.26206283953, 0.217480328215, 0.299877503477, 0.01642931724, 0.391097958325, 0.170929702589, 0.0892462960919, 0.121954216545, 0.314124138399, 0.0184172569854, 0.326579743811, 0.00204257145186, 0.0163636656563, 0.00334222393867, 0.158170152096, 0.105319906767, 0.067502179878, 0.451425279601, 6.94402838247e-05, 0.0851113133407, 10.1918734695
6.78083049573e-05, 0.109585983349, 0.0653456236253, 0.00824877736555, 0.244045569859, 0.214654281133, 0.345313263319, 0.155733277436, 0.391092110985, 0.170926854638, 0.0895451093877, 0.207791481662, 0.311395935414, 0.0114762570786, 0.378753226879, 0.0053075528461, 0.0163816242232, 0.00347250899402, 0.283361633415, 0.10756724115, 0.0209667384554, 0.414944784851, 6.78083049573e-05, 0.109585983349, 10.621815466
0.00389652017637, 9.57204495255e-06, 0.0260876277498, 0.00520798174867, 0.246917783815, 0.00518431928701, 0.410874033914, 0.033788064551, 0.382875760848, 0.10845082951, 0.435400434387, 0.195799232851, 0.0144676716187, 0.00503687169171, 0.107074230489, 0.431923729349, 0.708059313755, 0.234268273758, 0.246757941816, 0.271084430351, 0.202272303431, 0.445733059862, 0.00389652017637, 9.57204495255e-06, 12.0976267977
0.000223295728207, 0.0324178924434, 0.0876917620042, 0.0707921568169, 0.01999251127, 0.217636466989, 0.0399020211678, 0.0397708384148, 0.378746013101, 0.130200998213, 0.0965720960009, 0.230907616123, 0.117643704048, 0.0260897241537, 0.0200026521472, 0.320197634797, 0.495168617391, 0.0113618776906, 0.00190898369155, 0.429632606601, 0.0211280099032, 0.0354621797918, 0.000223295728207, 0.0324178924434, 9.76165634215
0.000223273652458, 0.0325863602502, 0.0876917620042, 0.180987851644, 0.0198886720376, 0.217636466989, 0.299389033362, 0.0196894499398, 0.378746013101, 0.130200998213, 0.107471898945, 0.184964608267, 0.117643704048, 0.0260897241537, 0.0200658302972, 0.320197634797, 0.496265456618, 0.0113618776906, 0.00252198828246, 0.1241451298, 0.200257494493, 0.0258605059997, 0.000223273652458, 0.0325863602502, 10.0048525276
0.0031848563165, 0.0281361325791, 0.441019439351, 0.000900267899598, 0.231120862445, 0.213780994144, 0.346443612393, 0.02058931777, 0.295357158068, 0.110320283205, 0.0743837297575, 0.19350225253, 0.0139238520823, 0.0496522729354, 0.0272709731849, 0.102231525666, 0.207644080973, 0.421484586616, 0.0127554538466, 0.124100023559, 0.0405460676576, 0.0105779258463, 0.0031848563165, 0.0281361325791, 9.96024108813
0.00295401474706, 0.0280986857663, 0.0831240029103, 0.0129227969465, 0.442586129082, 0.120788496832, 0.058152882814, 0.0285143270993, 0.373987422467, 0.119619793459, 0.0763940035195, 0.195295992238, 0.0139238520823, 0.0633926228957, 0.17509353533, 0.413025974486, 0.343183925962, 0.206343807741, 0.00978175708941, 0.0244384017363, 0.0593023441093, 0.140609797577, 0.00295401474706, 0.0280986857663, 9.99115360367
0.00461056442677, 0.0277845462764, 0.454185820956, 0.0745556589793, 0.079725747971, 0.0362756529452, 0.368391074287, 0.0192652212391, 0.00222864400312, 0.166626534587, 0.107037202992, 0.239823595117, 0.431108841534, 0.0261320039048, 0.0254062149229, 0.115949561957, 0.201800544777, 0.00446358396577, 0.00972158114948, 0.12597190568, 0.0407692707449, 0.118648454356, 0.00461056442677, 0.0277845462764, 9.56944193434
0.309942288699, 0.000155820255533, 0.443966653166, 0.00101576962559, 0.253451742391, 0.12985787382, 0.294145674537, 0.00953495666358, 0.384584886803, 0.121315366008, 0.0730810511223, 0.637154834131, 0.01737839718, 0.00458209618635, 0.143642531196, 0.111487092352, 0.72174142574, 0.000729313058321, 0.00471403232587, 0.0991102635828, 0.296440370478, 0.372255184901, 0.309942288699, 0.000155820255533, 11.5012029412
0.00362520187603, 0.00015911556206, 0.449678538777, 0.633983114438, 0.262775523436, 0.0335370183605, 0.37376950062, 0.223705922595, 0.212987029704, 0.121396102734, 0.343031076637, 0.247262267993, 0.382769196016, 0.0159995771265, 0.371609465042, 0.00139272276986, 0.134754383239, 0.000901204455239, 0.00793381963873, 0.0919285277419, 0.298004716888, 0.00731808252031, 0.00362520187603, 0.00015911556206, 11.6892587072
0.363752003074, 0.00015911556206, 0.449678538777, 0.0709443271722, 0.262775523436, 0.0335118090387, 0.37376950062, 0.00953495666358, 0.212987029704, 0.121396102734, 0.343031076637, 0.247262267993, 0.382769196016, 0.00458209618635, 0.709403769033, 0.00343396331806, 0.130333971095, 0.000901204455239, 0.00471403232587, 0.0921057306397, 0.298004716888, 0.159055098592, 0.363752003074, 0.00015911556206, 11.2374559609
0.0014057234117, 0.000172837789848, 0.00968129472777, 0.000769839960146, 0.240832409237, 0.218081260288, 0.377145715321, 0.0530960011168, 0.20753565708, 0.121401094698, 0.342915477895, 0.637154834131, 0.382885033398, 0.00515096548396, 0.402108659765, 0.00199142424159, 0.203859647508, 0.0034672661237, 0.00471403232587, 0.195902071157, 0.298004716888, 0.159055098592, 0.0014057234117, 0.000172837789848, 11.2185142334
0.549414834028, 1.49448937627e-05, 0.374553576043, 0.0317063118982, 0.254872040888, 0.130064647743, 0.298724627475, 0.0360476652665, 0.382875760848, 0.10845082951, 0.465714296309, 0.172923973604, 0.0144676716187, 0.0266886627073, 0.145802967457, 0.429395174598, 0.706430298156, 0.00606857258086, 0.265625960581, 0.273246130212, 0.051817316511, 0.0188991173606, 0.549414834028, 1.49448937627e-05, 11.6528819302
0.341727780801, 0.000906047075336, 0.0118901701422, 0.0738111665284, 0.243027884522, 0.0349533892113, 0.294154905818, 0.00760193301048, 0.0451464076391, 0.121535866844, 0.109147136964, 0.214876023777, 0.388108094948, 0.0269983227036, 0.174663372631, 0.436557207175, 0.126494288333, 0.00250831941275, 0.011000501808, 0.204580359886, 0.0856044580694, 0.114702565061, 0.341727780801, 0.000906047075336, 9.63808356294
0.00468438683953, 0.000931279924159, 0.0901857829443, 0.0954666779862, 0.251400361864, 0.0399279208428, 0.360093840943, 0.155586656026, 0.375928301397, 0.113447887395, 0.0203179653377, 0.195619372252, 0.106575135986, 0.0162789075849, 0.0244604967921, 0.000562856218513, 0.135960806396, 0.206886672567, 0.00089404251248, 0.0980214207943, 0.0748002169336, 0.00280998732017, 0.00468438683953, 0.000931279924159, 9.19227951151
0.000724290690915, 0.0353740858859, 0.0238946113699, 0.0119024049828, 0.02915779681, 0.204768540734, 0.345912811075, 0.0218181513295, 0.383353360277, 0.171214418608, 0.0125082641064, 0.121854208558, 0.113070135274, 0.382778670038, 0.160886321502, 0.00493603473828, 0.128974250129, 0.00110375879667, 0.231569504961, 0.125604368162, 0.212839925052, 0.0961314302355, 0.000724290690915, 0.0353740858859, 9.75210656501
0.00078511387841, 0.035407157322, 0.0238946113699, 0.0103115515178, 0.0765503072699, 0.217530182282, 0.368113143203, 0.0218211710005, 0.387101346777, 0.0757128229105, 0.106400707395, 0.121854208558, 0.0128505967682, 0.461771836672, 0.0253253724595, 0.00223452078963, 0.128952867319, 0.00348737162157, 0.277508950749, 0.127221573287, 0.0938742152276, 0.0935773502627, 0.00078511387841, 0.035407157322, 9.55215981488
0.00293131169724, 0.0353740858859, 0.024120140995, 0.0118329691656, 0.0758246231029, 0.00186340112521, 0.345912811075, 0.0218181513295, 0.386582871701, 0.171172572448, 0.0743947605802, 0.215396237405, 0.116633467444, 0.0699686566759, 0.0178371481393, 0.111360984682, 0.128808317593, 0.0034792872965, 0.157825286263, 0.272072209184, 0.190007434323, 0.0961111094976, 0.00293131169724, 0.0353740858859, 9.35883446265
0.382330101013, 0.000341752743203, 0.0233385199718, 0.000135158350647, 0.262191421518, 0.217900812013, 0.355536210521, 0.153084139823, 0.0677816223441, 0.121441060848, 0.106071861196, 0.200199623444, 0.378743725538, 0.0140734976167, 0.175422069518, 0.219033908332, 0.0163816242232, 0.00758204072742, 0.0881941389963, 0.12612361695, 0.0329328914815, 0.438138803107, 0.382330101013, 0.000341752743203, 10.0253366191
0.0002111392362, 8.1205318552e-06, 0.364086388889, 0.0739847292459, 0.263664742991, 0.138067716487, 0.293355325361, 0.151306286445, 0.00388870497023, 0.170362512454, 0.464263304038, 0.096832037655, 0.396973924818, 0.0268040796063, 0.175888968636, 0.429571667233, 0.705130597405, 0.00251769679759, 0.266211232639, 0.263170476668, 0.00613354494325, 0.904378802565, 0.0002111392362, 8.1205318552e-06, 13.0153610395
0.000179840947436, 9.74546861236e-06, 0.799151688852, 0.0744339753849, 0.0243191793075, 0.1380758881, 0.293355325361, 0.00959357940325, 0.00324902498305, 0.129635927965, 0.346035214788, 0.299294703883, 0.398195047501, 0.0265778860354, 0.116105080639, 0.319965170668, 0.706510823462, 0.744120835497, 0.00252553056051, 0.0946876974717, 0.201335463173, 0.445125793949, 0.000179840947436, 9.74546861236e-06, 12.9825629007
8.50601961733e-05, 0.00105959154189, 0.0209849957123, 0.00764449976252, 0.252171767662, 0.271190049709, 0.0374686467587, 0.0388104397713, 0.384830332549, 0.257864367114, 0.0742148912033, 0.212470856525, 0.378704005964, 0.0209615944871, 0.0478413945122, 0.862170608784, 0.211203935597, 0.0135361828525, 0.782769926854, 0.476932900382, 0.0410236690416, 0.918783028153, 8.50601961733e-05, 0.00105959154189, 13.1704224732
0.000435152765345, 9.74546861236e-06, 0.797772411505, 0.00671969241606, 0.0243191793075, 0.215827105968, 0.293355325361, 0.00959357940325, 0.0024822036101, 0.129623962967, 0.346035214788, 0.213385036572, 0.397585746915, 0.0261008609844, 0.0251582417147, 0.319965170668, 0.706510823462, 0.755214331719, 0.00300465651785, 0.0957618473055, 0.205013128582, 0.445125793949, 0.000435152765345, 9.74546861236e-06, 12.7749699119
0.0038971109959, 1.0236419814e-05, 0.0475213761582, 0.00519819450713, 0.254870841558, 0.0384977333614, 0.372403192345, 0.0339324772796, 0.383358991003, 0.17295503303, 0.587594925094, 0.195799232851, 0.0144676716187, 0.00449507252991, 0.131336855228, 0.431923729349, 0.707349670263, 0.000774006247282, 0.00159994456466, 0.271596852405, 0.202272303431, 0.442417692511, 0.0038971109959, 1.0236419814e-05, 11.8048278911
6.41681044962e-05, 0.00209954042172, 0.0243552381251, 0.00589615462019, 0.242212638791, 0.214600263918, 0.345539811419, 0.15286783214, 0.383326013688, 0.259237832851, 0.0893068237345, 0.213634027939, 0.311998052442, 0.620108569578, 0.175353367996, 0.00731723068458, 0.127375037935, 0.00347736804832, 0.278365139697, 0.107343620395, 0.212701836856, 0.495183048709, 6.41681044962e-05, 0.00209954042172, 11.7644083534
0.549414834028, 4.90504412238e-05, 0.374633366385, 0.0317063118982, 0.254872040888, 0.130064647743, 0.293338706854, 0.0399389659427, 0.382979690731, 0.0994320381957, 0.0704712346646, 0.172923973604, 0.0144676716187, 0.0398619341061, 0.138728636795, 0.111581752623, 0.708751777455, 0.00606857258086, 0.265987478565, 0.273246130212, 0.0751557935457, 0.018927433968, 0.549414834028, 4.90504412238e-05, 10.7203527465
0.469326023114, 1.94583479881e-05, 0.795376533532, 0.00359982005189, 0.0224604566231, 0.217995499189, 0.355643927548, 0.00911200504518, 0.00260962995152, 0.175498610615, 0.103978639281, 0.301020464588, 0.388840050691, 0.430991674133, 0.120373906243, 0.219358993933, 0.0168441279535, 0.30133279917, 0.00398632823896, 0.125896238196, 0.0286928962874, 0.168739663614, 0.469326023114, 1.94583479881e-05, 11.1166274075
0.000435351274299, 0.00272694088226, 0.0221518489127, 0.00402142696175, 0.22572487429, 0.216091089784, 0.378424371493, 0.0393463935312, 0.384830332549, 0.129325986953, 0.103088678875, 0.309699845077, 0.351966986505, 0.0156245825212, 0.0245631624072, 0.00126966839653, 0.495616074582, 0.0136782888695, 0.238872092001, 0.098196022206, 0.0424314035748, 0.113460092604, 0.000435351274299, 0.00272694088226, 10.3308422687
0.0002111392362, 0.000333255943965, 0.0814544832925, 0.0739847292459, 0.0477480890679, 0.138067716487, 0.293355325361, 0.151276020078, 0.00167884862232, 0.170362512454, 0.484589838612, 0.096832037655, 0.398135218775, 0.0586811915608, 0.175888968636, 0.295538559752, 0.571298393273, 0.00260267067424, 0.233675224343, 0.0946876974717, 0.00613354494325, 0.902095448723, 0.0002111392362, 0.000333255943965, 11.775327247
0.000392223997289, 0.00110654160143, 0.0242607562759, 0.00364241802033, 0.247241689142, 0.218673597711, 0.385889319964, 0.0285312772155, 0.377169675432, 0.259237832851, 0.0116313349245, 0.649112779279, 0.387849304113, 0.0586877571982, 0.170970003939, 0.26303221338, 0.127423843575, 0.00347736804832, 0.237612943384, 0.125091607272, 0.212701836856, 0.457466275646, 0.000392223997289, 0.00110654160143, 11.7368528338
0.00358453081789, 0.000976585551368, 0.4355794552, 0.00402584450907, 0.224862253243, 0.227977447546, 0.373663323184, 0.00953495666358, 0.00894847260357, 0.259170125863, 0.307351106338, 0.302799750996, 0.382756726905, 0.0155441512006, 0.024538161736, 0.000558830513856, 0.139370457277, 0.00349631491944, 0.00147297942627, 0.0983262357002, 0.210193117258, 0.134999187298, 0.00358453081789, 0.000976585551368, 10.2722922245
0.00024115397895, 0.0281361325791, 0.460855577171, 0.0124809256992, 0.239353755024, 0.218102656144, 0.370072651601, 0.0285143270993, 0.25927847109, 0.129987378245, 0.074404674382, 0.19350225253, 0.0139238520823, 0.0255958031296, 0.163047111999, 0.319826763692, 0.476700971381, 0.206343807741, 0.00978633364173, 0.124203772174, 0.0593023441093, 0.0598831899579, 0.00024115397895, 0.0281361325791, 10.645585187
0.000186217350113, 0.00110654160143, 0.00640434023188, 0.00589615462019, 0.242345356047, 0.218673597711, 0.385889319964, 0.00968388538502, 0.382132360021, 0.259237832851, 0.0135162866619, 0.213634027939, 0.382647468102, 0.628336654185, 0.719245440601, 0.258079370404, 0.127375037935, 0.00346342977293, 0.278365139697, 0.125083706127, 0.212701836856, 0.457466275646, 0.000186217350113, 0.00110654160143, 12.6555124032
0.396549794875, 0.00032908770271, 0.0156417855793, 3.48409682466e-05, 0.247097396155, 0.210685833693, 0.621104961707, 0.0336784341742, 0.0418814165973, 0.108231061782, 0.10599047077, 0.195833064436, 0.369693742084, 0.0139925501571, 0.106365445841, 0.321638822263, 0.128259931908, 0.00729595561195, 0.00405723916942, 0.209358778277, 0.200533688835, 0.878239226012, 0.396549794875, 0.00032908770271, 11.1291442204
0.00197322390682, 0.000983925418833, 0.0179610394609, 0.00930151561887, 0.252171767662, 0.271190049709, 0.0374686467587, 0.0394676379631, 0.382109083457, 0.259406572023, 0.338144646985, 0.212800762824, 0.378767173582, 0.020763546936, 0.0247427044704, 0.0031277256304, 0.211203935597, 0.0135965393137, 0.242663670874, 0.271955518566, 0.0410236690416, 0.0945649828743, 0.00197322390682, 0.000983925418833, 10.2148452184
0.388622758111, 0.000334872265019, 0.0156417855793, 3.48409682466e-05, 0.247097396155, 0.11326553608, 0.621104961707, 0.0336784341742, 0.0418814165973, 0.108231061782, 0.105922161353, 0.195833064436, 0.369693742084, 0.0139925501571, 0.106365445841, 0.321638822263, 0.0215215835431, 0.00733373102882, 0.00405723916942, 0.20060305231, 0.200533688835, 0.878239226012, 0.388622758111, 0.000334872265019, 10.8390220117
0.000451153041538, 0.000229630204829, 0.0685674532026, 0.0841568141175, 0.748298038789, 0.218995431466, 0.370380654664, 0.00892309748612, 0.437435865799, 0.25816195098, 0.0120703633536, 0.401266168428, 0.0978003730344, 0.558669799468, 0.178931810513, 0.0369824191767, 0.126220130073, 0.215225604706, 0.230711065018, 0.11051293516, 0.20475487364, 0.00869137800046, 0.000451153041538, 0.000229630204829, 11.9085077636
0.00106064565527, 0.0281521012388, 0.00849441704253, 0.0719271793839, 0.0278286230243, 0.0349624783857, 0.605101263367, 0.00760193301048, 0.0451464076391, 0.121441060848, 0.107605381428, 0.244953782883, 0.443491779303, 0.0269983227036, 0.128403646267, 0.436557207175, 0.123893558256, 0.207472113861, 0.00412934597866, 0.203985941475, 0.0849132956246, 0.166126473703, 0.00106064565527, 0.0281521012388, 10.1810834961
0.0002111392362, 0.000331722660417, 0.799151688852, 0.0739847292459, 0.0477480890679, 0.138067716487, 0.293355325361, 0.151276020078, 0.00324902498305, 0.170362512454, 0.343857248843, 0.0982821775873, 0.398135218775, 0.0601093281454, 0.175888968636, 0.295538559752, 0.138828607025, 0.00260267067424, 0.233675224343, 0.0946876974717, 0.607172843651, 0.902095448723, 0.0002111392362, 0.000331722660417, 12.7877976554
0.000738903916975, 0.000335116127592, 0.411061579622, 0.00995370962401, 0.0293319759894, 0.259323645272, 0.345912811075, 0.023076730027, 0.306206266885, 0.171214418608, 0.0125082641064, 0.119097586976, 0.449189723672, 0.000363728698544, 0.160984749827, 0.00300789656157, 0.128842249152, 0.34855395857, 0.231769022834, 0.125604368162, 0.0746626759533, 0.100590733853, 0.000738903916975, 0.000335116127592, 10.4700352333
0.000724290690915, 0.00143902290883, 0.0266427778483, 0.011671271614, 0.0766412603691, 0.219433503163, 0.34685264281, 0.0218181513295, 0.382293807151, 0.260192670959, 0.10639520897, 0.230505439671, 0.0860051953844, 0.366625401175, 0.384265943704, 0.255773223301, 0.128952867319, 0.00094237776946, 0.277508950749, 0.272058456549, 0.213733217999, 0.0938269719558, 0.000724290690915, 0.00143902290883, 11.0785471059
0.000154132324112, 0.0326166398325, 0.0235886946514, 0.0103045741202, 0.263898645065, 0.814723783159, 0.385592194761, 0.0219703407471, 0.387101346777, 0.128192936711, 0.0738162408359, 0.124506652898, 0.09609445962, 0.0254508565804, 0.223687479499, 0.315480560039, 0.567736554492, 0.0114556650637, 0.00574520648332, 0.271805015498, 0.0943381201767, 0.00773786020151, 0.000154132324112, 0.0326166398325, 11.195148298
0.024739978425, 0.000522596681278, 0.0810715855655, 0.203634890159, 0.425358779127, 0.000868767048324, 0.0640194495534, 0.0566170767783, 0.0757102852857, 0.0199404313965, 0.0115200172593, 0.214605357853, 0.378002706671, 0.0693869647293, 0.373480315423, 0.111121446654, 0.133017660407, 0.277985434404, 0.156907581226, 0.292166326572, 0.189570140697, 0.148254363007, 0.024739978425, 0.000522596681278, 10.4277844672
0.0277804224291, 0.000187845759557, 0.0685674532026, 0.00227027003287, 0.746407322477, 0.218995999492, 0.370380654664, 0.00896433613116, 0.375720765305, 0.257444780353, 0.0128682811502, 0.403743009468, 0.378737428337, 0.040715459606, 0.171003462155, 0.0369824191767, 0.127426358434, 0.206722208285, 0.237547123843, 0.126677907778, 0.215583417052, 0.461982906233, 0.0277804224291, 0.000187845759557, 12.026927873
0.346858474287, 0.00015911556206, 0.449678538777, 0.000769839960146, 0.262775523436, 0.0335118090387, 0.37376950062, 0.00953495666358, 0.207213933603, 0.121396102734, 0.343031076637, 0.637154834131, 0.382709419999, 0.00458209618635, 0.729682653602, 0.00343396331806, 0.708583767841, 0.000729313058321, 0.00471403232587, 0.0991102635828, 0.298004716888, 0.159055098592, 0.346858474287, 0.00015911556206, 12.4674495958
0.232191554278, 0.0592372488613, 0.0224200273514, 0.00342558609136, 0.0377819535006, 0.0101611913236, 0.107797787991, 0.0369043470032, 0.0574785952628, 0.260537150842, 0.0689880623095, 0.186162343402, 0.118723578734, 0.052240339214, 0.139289255406, 0.0240794597794, 0.124075720764, 0.00238937713057, 0.229303263318, 0.502353014898, 0.0146810627241, 0.440394297441, 0.232191554278, 0.0592372488613, 9.2242218248
0.311803140626, 9.74546861236e-06, 0.784561759451, 0.112524384658, 0.025925470948, 0.137985891947, 0.294564009799, 0.00965324488255, 0.00324902498305, 0.0966834341178, 0.344509956712, 0.299294703883, 0.398195047501, 0.0269879217174, 0.116105080639, 0.319965170668, 0.706510823462, 0.744120835497, 0.317532837411, 0.0946714176856, 0.201335463173, 0.450403017751, 0.311803140626, 9.74546861236e-06, 13.3360371821
0.0262797364833, 0.00307359247441, 0.0828224066526, 0.178650743799, 0.254055787123, 0.00123292973205, 0.0616843093568, 0.156869701687, 0.046423586628, 0.256581288521, 0.0204869055119, 0.192313190164, 0.432005360273, 0.0126360280432, 0.395232047861, 0.112879961194, 0.105509038768, 0.214884799176, 0.23131643947, 0.0996355070148, 0.0735316841821, 0.0240901088763, 0.0262797364833, 0.00307359247441, 9.98121604045
0.00703149520888, 0.000338544813918, 0.0156417855793, 0.000969395386892, 0.251373816051, 0.11326553608, 0.621104961707, 0.0336784341742, 0.382083776232, 0.108231143377, 0.105922161353, 0.195621300108, 0.108567909414, 0.0139925501571, 0.106365445841, 0.00351595003546, 0.0143463466259, 0.212761875533, 0.00405723916942, 0.0985254940406, 0.200533688835, 0.889707566899, 0.00703149520888, 0.000338544813918, 10.6971737187
7.52247248404e-05, 0.0107372171144, 0.799151688852, 0.00337604850526, 0.0477480890679, 0.138067716487, 0.396791266963, 0.151276020078, 0.00324902498305, 0.170362512454, 0.34133815821, 0.0982821775873, 0.398510208378, 0.0788127017977, 0.175888968636, 0.304637030041, 0.0803884875654, 0.73548033244, 0.187864532899, 0.0946876974717, 0.607172843651, 0.021379845387, 7.52247248404e-05, 0.0107372171144, 12.524473381
0.0019891780037, 0.00256631260622, 0.0179080032463, 0.00930151561887, 0.252171767662, 0.271190049709, 0.0374686467587, 0.0396992692703, 0.384830332549, 0.257864367114, 0.338144646985, 0.212470856525, 0.378767173582, 0.0208624164035, 0.0247427044704, 0.00197807328113, 0.211203935597, 0.0135361828525, 0.242663670874, 0.199966987121, 0.0410236690416, 0.918783028153, 0.0019891780037, 0.00256631260622, 11.2299454383
0.242301800063, 0.00124911404625, 0.0118901701422, 0.00296801149006, 0.243027884522, 0.0482974274732, 0.294154905818, 0.00760606215293, 0.0487542511811, 0.121535866844, 0.106266945343, 0.214876023777, 0.388108094948, 0.0269983227036, 0.390402141207, 0.436557207175, 0.128341556603, 0.00251293427338, 0.011000501808, 0.271498961495, 0.0856044580694, 0.115582045493, 0.242301800063, 0.00124911404625, 9.92964619202
0.000220484747535, 0.0584160784664, 0.0242495558222, 0.00641412944424, 0.257341854788, 0.00267481641309, 0.359792803449, 0.0216033476398, 0.376656178458, 0.171262401506, 0.106256090258, 0.183562477285, 0.143558267142, 0.0530335245519, 0.340390730535, 0.0394002682444, 0.0871521235888, 0.214118362652, 0.231693848575, 0.54218936651, 0.308126796738, 0.424175759417, 0.000220484747535, 0.0584160784664, 11.2423404478
0.000223273652458, 0.0325863602502, 0.0876917620042, 0.179196578925, 0.209465891727, 0.217636466989, 0.299389033362, 0.0339839671308, 0.378746013101, 0.129867436692, 0.128848772379, 0.184964608267, 0.429890543235, 0.0266046260646, 0.290353132197, 0.320197634797, 0.586325334622, 0.0113618776906, 0.00252198828246, 0.124042599006, 0.200257494493, 0.0855056477936, 0.000223273652458, 0.0325863602502, 11.294487567
0.0250228781808, 0.000491693235583, 0.0179080032463, 0.00603081225368, 0.253431459133, 0.216091089784, 0.0373665182677, 0.0391945882636, 0.0721210774131, 0.0197074064429, 0.0992010815083, 0.212222363276, 0.351966986505, 0.0681830002228, 0.0277625094117, 0.00126966839653, 0.491517327355, 0.0136782888695, 0.241523508417, 0.192921956268, 0.0408293289277, 0.916633643318, 0.0250228781808, 0.000491693235583, 10.4767427047
0.000223273652458, 0.0356308827979, 0.0872554677661, 0.180397053029, 0.209465891727, 0.217636466989, 0.265900660995, 0.0339839671308, 0.379882746639, 0.12919256289, 0.126767737986, 0.184964608267, 0.429890543235, 0.0266046260646, 0.290353132197, 0.320197634797, 0.586325334622, 0.0113618776906, 0.00252198828246, 0.124042599006, 0.200257494493, 0.085475916683, 0.000223273652458, 0.0356308827979, 11.2473277848
0.382330101013, 0.000336378435612, 0.068648737999, 0.0124380127559, 0.262191421518, 0.217900812013, 0.370779795684, 0.153312686061, 0.0677816223441, 0.121441060848, 0.106071861196, 0.200199623444, 0.378743725538, 0.605857931933, 0.0277612593982, 0.219033908332, 0.0163816242232, 0.00758204072742, 0.0151862775915, 0.12612361695, 0.0329328914815, 0.438138803107, 0.382330101013, 0.000336378435612, 10.6234653324
0.000223273652458, 0.0398949094652, 0.0878440391208, 0.179196578925, 0.251153886951, 0.264900354228, 0.0384725338094, 0.0339103789779, 0.378746013101, 0.257783332232, 0.129841494261, 0.184386897382, 0.37758876086, 0.0266046260646, 0.290953550785, 0.00424259566284, 0.586325334622, 0.0135074027343, 0.00252198828246, 0.124042599006, 0.208083308381, 0.0855056477936, 0.000223273652458, 0.0398949094652, 10.7512473308
0.00474910040381, 0.0021150790046, 0.0268183504164, 0.00588054799519, 0.251617168566, 0.214654281133, 0.345313263319, 0.0158062579546, 0.391040137117, 0.170926854638, 0.0895451093877, 0.207956858135, 0.311395935414, 0.0114762570786, 0.378753226879, 0.0053075528461, 0.0145366887022, 0.0030462997476, 0.283361633415, 0.097956903918, 0.0139713345056, 0.407824448931, 0.00474910040381, 0.0021150790046, 10.3826550573
