0.98953372781, 0.246831898249, 0.213355608557, 0.901297826258, 0.784474865308, 0.44425340836, 0.986223191796, 0.958711750595, 0.42721730424, 0.125379318162, 0.139257167918, 0.220846854322, 0.215982085079, 0.985255156008, 0.0048843063212, 0.0312504900809, 0.0110159320237, 0.013678499451, 2.20040427908
0.0198396664798, 0.924910337105, 0.42470870549, 0.781950243372, 0.145444166408, 0.484550483586, 0.853265249927, 0.326689755082, 0.0985850032841, 0.874503517989, 0.499482874438, 0.541335652851, 0.0137427527519, 0.842639320886, 0.0601347941813, 0.168650087279, 0.141019158457, 1.92332704188, 0.0603776305625
0.0533276195296, 0.362117230256, 0.936025100635, 0.530726868183, 0.364608355559, 0.42753345425, 0.38868105081, 0.680471277547, 0.994774927836, 0.945635632834, 0.922629945688, 0.318686475852, 0.981946784651, 0.903518028959, 0.119943209951, 0.132118593087, 1.76971462483, 1.13710525591, 0.177254873243
0.794689296741, 0.0116837893989, 0.535162599115, 0.401108352934, 0.785559465288, 0.180859856018, 0.830687869289, 0.85550854204, 0.0618061508396, 0.737680927091, 0.073120191351, 0.0120732515782, 0.496868997976, 0.590500712526, 0.357974761658, 0.261037310369, 0.494900625488, 0.0121920442378, 1.98807534987
0.185255611954, 0.350969984156, 0.0301856988564, 0.945328716736, 0.995954798242, 0.0562096588273, 0.35461487011, 0.715754532115, 0.193092933868, 0.543056108851, 0.476345737372, 0.827835243688, 0.939011296348, 0.418168058786, 0.133823119744, 1.55447067219, 0.0740342533559, 0.960456748168, 0.54917765635
0.904647982433, 0.374415080402, 0.00525605833241, 0.921995250307, 0.800848507947, 0.813504656208, 0.194634498501, 0.473031882992, 0.778732617775, 0.563388924631, 0.616748615782, 0.304821041587, 0.490164443939, 0.739961143345, 0.0223634869167, 0.181600701885, 0.00151069145978, 0.122019462734, 1.45738214997
0.0193390741061, 0.919284010177, 0.80411429433, 0.99809984734, 0.778684866508, 0.963328058873, 0.219011058348, 0.799262334136, 0.990246997541, 0.160721366613, 0.0285802993585, 0.784021024278, 0.153270009305, 0.419209773244, 0.000256608925475, 0.0859730031475, 0.270535586987, 2.22690028024, 0.0682165955706
0.239312572234, 0.239366927064, 0.100538398946, 0.249869481691, 0.679495621217, 0.959620490028, 0.0655735524355, 0.706840220301, 0.98102532619, 0.322727176231, 0.590598682011, 0.538369719335, 0.56333401547, 0.808530329619, 1.45786367545, 0.603516767319, 0.251274371545, 0.630748473689, 0.677951040296
0.981653260247, 0.955162882346, 0.835898828912, 0.0647472309962, 0.0118438717653, 0.504718102149, 0.828636355979, 0.567720360962, 0.305173315701, 0.472114238002, 0.308583377423, 0.359485507811, 0.980535315684, 0.63901700787, 0.000872313320164, 8.90255430017e-05, 0.00332598339292, 0.048756737688, 1.69556182958
0.933755991685, 0.497820244939, 0.978029623357, 0.979620666874, 0.616976151314, 0.0298136360075, 0.10847690469, 0.514973686455, 0.277359316105, 0.928311595018, 0.330325861857, 0.157047176763, 0.749434352439, 0.519733759439, 0.000148963501947, 0.0046518065316, 0.134807595185, 0.133967362565, 1.82040575951
0.167096251374, 0.075228117835, 0.305851167334, 0.800630405122, 0.75327271223, 0.76432603391, 0.32713165744, 0.918152416785, 0.818900907587, 0.226875960104, 0.0421363817318, 0.735817506266, 0.802607559591, 0.29396074435, 0.501556940293, 1.54885053841, 0.848462345537, 0.217955553106, 0.496709397807
0.297566926545, 0.214283512639, 0.753305031715, 0.173265397873, 0.133879648618, 0.674502791663, 0.0522180819306, 0.637547642085, 0.30773553505, 0.64695906873, 0.145269838549, 0.407328615629, 0.850882539436, 0.825997359982, 0.553987631702, 0.154612401808, 1.40920377875, 0.532585453487, 0.813886170242
0.0533276195296, 0.362117230256, 0.936025100635, 0.530726868183, 0.364608355559, 0.42753345425, 0.38868105081, 0.680471277547, 0.994774927836, 0.945635632834, 0.922629945688, 0.318686475852, 0.981946784651, 0.903518028959, 0.119943209951, 0.132118593087, 1.76971462483, 1.13710525591, 0.177254873243
0.21327276378, 0.459123175151, 0.588329456915, 0.13331433019, 0.47714463888, 0.200180298358, 0.817228974582, 0.156876032594, 0.492804302247, 0.539258529156, 0.214592812473, 0.629360803964, 0.20451414137, 0.228399677822, 0.65612934918, 0.139444128218, 0.888534041417, 0.978786575118, 0.516063055707
0.068549396138, 0.360405708745, 0.393687769788, 0.0738926692406, 0.832059451944, 0.690912336071, 0.149857398526, 0.719291524371, 0.822659595873, 0.516771412849, 0.798771499851, 0.498316259862, 0.719569921965, 0.505140744007, 1.05891897629, 0.123464026315, 0.758526015439, 0.831506955069, 0.167576134747
0.4644010895, 0.265796071618, 0.981078229101, 0.637770606642, 0.372845210712, 0.900751818365, 0.258805223951, 0.575925069961, 0.478945542257, 0.698195491003, 0.673921680064, 0.999360292713, 0.440930504581, 0.687712641775, 0.0174449375202, 0.0272772115962, 1.08905085612, 0.483306699217, 1.06555050393
0.447163911641, 0.382570199889, 0.278869814703, 0.331789233425, 0.446441276718, 0.394126761578, 0.510360050761, 0.507570723762, 0.80474659935, 0.199050422066, 0.135517466054, 0.995480130135, 0.355326333257, 0.16509679466, 0.845043974708, 0.485157348059, 0.456411907364, 0.737620862997, 1.10418533167
0.232903280742, 0.545922543615, 0.248014995523, 0.700988980112, 0.742507892719, 0.390806392498, 0.635594533424, 0.628368195707, 0.505192630353, 0.875227840011, 0.837067631993, 0.0195406882784, 0.374927523469, 0.801453646009, 0.434231099717, 0.855509445824, 0.393897310333, 1.19867421502, 0.607220870929
0.0291153613809, 0.0278644530765, 0.463120879096, 0.814896367743, 0.251470204235, 0.865956738461, 0.404758572599, 0.612097277955, 0.228920914829, 0.873469056399, 0.789741865626, 0.441492457438, 0.962788358389, 0.74982196124, 0.383397788642, 1.28123514577, 1.1907524577, 0.0784259904264, 0.0820301095857
0.0773006022383, 0.171374248097, 0.630093436447, 0.812356345452, 0.273174428022, 0.129667476446, 0.817092579967, 0.437101043351, 0.112512430967, 0.583049336846, 0.651145868128, 0.385798264739, 0.589308492308, 0.59517547931, 0.229339739688, 0.755418113812, 1.20222840962, 0.396803863001, 0.182059311287
0.505763156586, 0.130778314924, 0.0282818550422, 0.0842336495217, 0.848115572095, 0.710418709191, 0.554286603426, 0.866814913357, 0.279860564731, 0.918115732902, 0.493308346928, 0.0467830770693, 0.619793688801, 0.256523742238, 1.22631681855, 0.163212334446, 0.0549957368653, 0.258029682546, 1.28806101402
0.416946650573, 0.433569514226, 0.365441111647, 0.749712623689, 0.963672435996, 0.777614333458, 0.969149473649, 0.217911042468, 0.27255153349, 0.646595996376, 0.880039598853, 0.0854610457944, 0.406833917443, 0.3238022972, 0.400585642275, 0.965865862212, 0.676189079596, 1.00913239178, 1.23098669115
0.416946650573, 0.433569514226, 0.365441111647, 0.749712623689, 0.963672435996, 0.777614333458, 0.969149473649, 0.217911042468, 0.27255153349, 0.646595996376, 0.880039598853, 0.0854610457944, 0.406833917443, 0.3238022972, 0.400585642275, 0.965865862212, 0.676189079596, 1.00913239178, 1.23098669115
0.239312572234, 0.239366927064, 0.100538398946, 0.249869481691, 0.679495621217, 0.959620490028, 0.0655735524355, 0.706840220301, 0.98102532619, 0.322727176231, 0.590598682011, 0.538369719335, 0.56333401547, 0.808530329619, 1.45786367545, 0.603516767319, 0.251274371545, 0.630748473689, 0.677951040296
0.495945542023, 0.293626109788, 0.0647918604482, 0.81806840005, 0.649739250589, 0.63151091659, 0.387151879963, 0.768453016773, 0.703374847434, 0.259703580887, 0.976943724426, 0.044383791122, 0.0407307161775, 0.209278282385, 0.349223521852, 1.18856271933, 0.126516300502, 0.618860875251, 1.37295129705
0.51461131324, 0.534408706374, 0.465218638184, 0.483349637992, 0.690501606564, 0.0269550308757, 0.573989356903, 0.337613770305, 0.385507796099, 0.6626549443, 0.333368856619, 0.773379618573, 0.334060783656, 0.0536436696267, 0.413804098211, 0.392705569224, 0.511320909557, 0.853729696117, 1.20096359603
0.490960316041, 0.271893496334, 0.0856992926457, 0.476920086679, 0.283217871937, 0.990091316195, 0.817311082003, 0.372583118493, 0.0527657506516, 0.623089843909, 0.797857600808, 0.615718476799, 0.655955214418, 0.637657419975, 0.835748489191, 0.777245620707, 0.154573439848, 0.524155003466, 1.22995721086
0.0198396664798, 0.924910337105, 0.42470870549, 0.781950243372, 0.145444166408, 0.484550483586, 0.853265249927, 0.326689755082, 0.0985850032841, 0.874503517989, 0.499482874438, 0.541335652851, 0.0137427527519, 0.842639320886, 0.0601347941813, 0.168650087279, 0.141019158457, 1.92332704188, 0.0603776305625
0.794689296741, 0.0116837893989, 0.535162599115, 0.401108352934, 0.785559465288, 0.180859856018, 0.830687869289, 0.85550854204, 0.0618061508396, 0.737680927091, 0.073120191351, 0.0120732515782, 0.496868997976, 0.590500712526, 0.357974761658, 0.261037310369, 0.494900625488, 0.0121920442378, 1.98807534987
0.0193390741061, 0.919284010177, 0.80411429433, 0.99809984734, 0.778684866508, 0.963328058873, 0.219011058348, 0.799262334136, 0.990246997541, 0.160721366613, 0.0285802993585, 0.784021024278, 0.153270009305, 0.419209773244, 0.000256608925475, 0.0859730031475, 0.270535586987, 2.22690028024, 0.0682165955706
0.505763156586, 0.130778314924, 0.0282818550422, 0.0842336495217, 0.848115572095, 0.710418709191, 0.554286603426, 0.866814913357, 0.279860564731, 0.918115732902, 0.493308346928, 0.0467830770693, 0.619793688801, 0.256523742238, 1.22631681855, 0.163212334446, 0.0549957368653, 0.258029682546, 1.28806101402
0.144165622193, 0.666449404937, 0.639476775181, 0.509758424681, 0.17433003077, 0.513715700368, 0.407814250832, 0.421975060724, 0.631954819488, 0.341976727523, 0.946506275748, 0.000854971845702, 0.604704713281, 0.946078382123, 0.33172482444, 0.342053645099, 0.749464768228, 1.53704012258, 0.409011667913
0.0773006022383, 0.171374248097, 0.630093436447, 0.812356345452, 0.273174428022, 0.129667476446, 0.817092579967, 0.437101043351, 0.112512430967, 0.583049336846, 0.651145868128, 0.385798264739, 0.589308492308, 0.59517547931, 0.229339739688, 0.755418113812, 1.20222840962, 0.396803863001, 0.182059311287
0.0984905413782, 0.50359337745, 0.961945813491, 0.819433516318, 0.0179976565388, 0.642016104135, 0.681854162203, 0.951935076229, 0.830354033655, 0.600160886942, 0.0398234209772, 0.603445043806, 0.0996691623606, 0.372063320125, 0.0233218501115, 0.0800085305927, 1.39253035741, 1.41085975511, 0.309428321331
0.232903280742, 0.545922543615, 0.248014995523, 0.700988980112, 0.742507892719, 0.390806392498, 0.635594533424, 0.628368195707, 0.505192630353, 0.875227840011, 0.837067631993, 0.0195406882784, 0.374927523469, 0.801453646009, 0.434231099717, 0.855509445824, 0.393897310333, 1.19867421502, 0.607220870929
0.068549396138, 0.360405708745, 0.393687769788, 0.0738926692406, 0.832059451944, 0.690912336071, 0.149857398526, 0.719291524371, 0.822659595873, 0.516771412849, 0.798771499851, 0.498316259862, 0.719569921965, 0.505140744007, 1.05891897629, 0.123464026315, 0.758526015439, 0.831506955069, 0.167576134747
0.345569482208, 0.89556985574, 0.994969163445, 0.165672897049, 0.720803705977, 0.622606196352, 0.817671546922, 0.670119890399, 0.833293317325, 0.686119369166, 0.145195223087, 0.671206092703, 0.823142420934, 0.287516616087, 0.00175556884794, 0.000467467264608, 0.229892009448, 1.38890203693, 0.849281615352
0.144165622193, 0.666449404937, 0.639476775181, 0.509758424681, 0.17433003077, 0.513715700368, 0.407814250832, 0.421975060724, 0.631954819488, 0.341976727523, 0.946506275748, 0.000854971845702, 0.604704713281, 0.946078382123, 0.33172482444, 0.342053645099, 0.749464768228, 1.53704012258, 0.409011667913
0.933755991685, 0.497820244939, 0.978029623357, 0.979620666874, 0.616976151314, 0.0298136360075, 0.10847690469, 0.514973686455, 0.277359316105, 0.928311595018, 0.330325861857, 0.157047176763, 0.749434352439, 0.519733759439, 0.000148963501947, 0.0046518065316, 0.134807595185, 0.133967362565, 1.82040575951
0.468081789497, 0.41025528692, 0.554812631444, 0.624015191491, 0.205662616877, 0.225175206047, 0.70137073041, 0.582515345471, 0.920653260694, 0.585857772878, 0.838391717173, 0.697279874073, 0.416527520706, 0.890839331023, 0.362773701061, 0.541115260436, 0.774551799105, 0.760538997786, 1.14501903374
0.0291153613809, 0.0278644530765, 0.463120879096, 0.814896367743, 0.251470204235, 0.865956738461, 0.404758572599, 0.612097277955, 0.228920914829, 0.873469056399, 0.789741865626, 0.441492457438, 0.962788358389, 0.74982196124, 0.383397788642, 1.28123514577, 1.1907524577, 0.0784259904264, 0.0820301095857
0.297566926545, 0.214283512639, 0.753305031715, 0.173265397873, 0.133879648618, 0.674502791663, 0.0522180819306, 0.637547642085, 0.30773553505, 0.64695906873, 0.145269838549, 0.407328615629, 0.850882539436, 0.825997359982, 0.553987631702, 0.154612401808, 1.40920377875, 0.532585453487, 0.813886170242
0.105064826731, 0.992800909701, 0.73891829082, 0.586113434156, 0.598378645358, 0.323653092419, 0.181269819768, 0.783740761844, 0.839830954393, 0.12399265183, 0.41375947134, 0.573616302832, 0.119770779197, 0.383204459107, 0.00444388262267, 0.00584404657365, 0.0168869516633, 1.62827870278, 0.271207630639
0.247113753416, 0.742180212773, 0.0532610359671, 0.727490247826, 0.349615804661, 0.0986954913761, 0.373617680972, 0.30186425114, 0.771865805769, 0.0727701177045, 0.183761820626, 0.387147216135, 0.0859554555534, 0.516352581481, 0.26848749471, 0.588437599188, 0.0542389605039, 1.51410765882, 0.673626776769
0.0294644101882, 0.965516473896, 0.380437031877, 0.983970544856, 0.69023116927, 0.156063076669, 0.56939789485, 0.982937587703, 0.573041423666, 0.802147651902, 0.46030927177, 0.931679104245, 0.133099465245, 0.258458643731, 0.00210494688024, 0.0835816058738, 0.0569039549621, 1.865291699, 0.0865191143705
0.21327276378, 0.459123175151, 0.588329456915, 0.13331433019, 0.47714463888, 0.200180298358, 0.817228974582, 0.156876032594, 0.492804302247, 0.539258529156, 0.214592812473, 0.629360803964, 0.20451414137, 0.228399677822, 0.65612934918, 0.139444128218, 0.888534041417, 0.978786575118, 0.516063055707
0.711978340385, 0.372883020525, 0.407817073515, 0.906902792995, 0.142494256776, 0.557060639298, 0.342004155127, 0.753575601059, 0.32566260833, 0.824692500113, 0.462195884893, 0.597351178811, 0.589578561034, 0.782899848164, 0.0619257634762, 0.420439466595, 0.31680775645, 0.351635646927, 1.30871313708
0.98953372781, 0.246831898249, 0.213355608557, 0.901297826258, 0.784474865308, 0.44425340836, 0.986223191796, 0.958711750595, 0.42721730424, 0.125379318162, 0.139257167918, 0.220846854322, 0.215982085079, 0.985255156008, 0.0048843063212, 0.0312504900809, 0.0110159320237, 0.013678499451, 2.20040427908
0.540104181448, 0.67429613076, 0.736757848215, 0.0858446828534, 0.495508934056, 0.839462890194, 0.738418296147, 0.863708552087, 0.580001752628, 0.778224019943, 0.500442480794, 0.131223026612, 0.735157513905, 0.25051616309, 0.211603734554, 0.0287078121734, 0.486652122119, 0.946501702209, 1.23165689923
0.105064826731, 0.992800909701, 0.73891829082, 0.586113434156, 0.598378645358, 0.323653092419, 0.181269819768, 0.783740761844, 0.839830954393, 0.12399265183, 0.41375947134, 0.573616302832, 0.119770779197, 0.383204459107, 0.00444388262267, 0.00584404657365, 0.0168869516633, 1.62827870278, 0.271207630639
0.51461131324, 0.534408706374, 0.465218638184, 0.483349637992, 0.690501606564, 0.0269550308757, 0.573989356903, 0.337613770305, 0.385507796099, 0.6626549443, 0.333368856619, 0.773379618573, 0.334060783656, 0.0536436696267, 0.413804098211, 0.392705569224, 0.511320909557, 0.853729696117, 1.20096359603
0.104558220578, 0.439342874354, 0.143267280179, 0.83339283269, 0.340405518954, 0.0560860069467, 0.592573412549, 0.550865457827, 0.108512397637, 0.638320109236, 0.32087658107, 0.975319772956, 0.624523590771, 0.270248735634, 0.33240305649, 1.24100902942, 0.294107866832, 1.08804566515, 0.283249388067
0.104558220578, 0.439342874354, 0.143267280179, 0.83339283269, 0.340405518954, 0.0560860069467, 0.592573412549, 0.550865457827, 0.108512397637, 0.638320109236, 0.32087658107, 0.975319772956, 0.624523590771, 0.270248735634, 0.33240305649, 1.24100902942, 0.294107866832, 1.08804566515, 0.283249388067
0.4644010895, 0.265796071618, 0.981078229101, 0.637770606642, 0.372845210712, 0.900751818365, 0.258805223951, 0.575925069961, 0.478945542257, 0.698195491003, 0.673921680064, 0.999360292713, 0.440930504581, 0.687712641775, 0.0174449375202, 0.0272772115962, 1.08905085612, 0.483306699217, 1.06555050393
0.490960316041, 0.271893496334, 0.0856992926457, 0.476920086679, 0.283217871937, 0.990091316195, 0.817311082003, 0.372583118493, 0.0527657506516, 0.623089843909, 0.797857600808, 0.615718476799, 0.655955214418, 0.637657419975, 0.835748489191, 0.777245620707, 0.154573439848, 0.524155003466, 1.22995721086
0.468081789497, 0.41025528692, 0.554812631444, 0.624015191491, 0.205662616877, 0.225175206047, 0.70137073041, 0.582515345471, 0.920653260694, 0.585857772878, 0.838391717173, 0.697279874073, 0.416527520706, 0.890839331023, 0.362773701061, 0.541115260436, 0.774551799105, 0.760538997786, 1.14501903374
0.760740142651, 0.993905117049, 0.610650675912, 0.935064709191, 0.995788402318, 0.775324030372, 0.635337922991, 0.486360544181, 0.0805910615751, 0.0591451863386, 0.519358436829, 0.63917684964, 0.419902590165, 0.409699221267, 0.000358425972699, 0.00350178116055, 0.00501946008748, 0.64034507994, 1.62291124638
0.0984905413782, 0.50359337745, 0.961945813491, 0.819433516318, 0.0179976565388, 0.642016104135, 0.681854162203, 0.951935076229, 0.830354033655, 0.600160886942, 0.0398234209772, 0.603445043806, 0.0996691623606, 0.372063320125, 0.0233218501115, 0.0800085305927, 1.39253035741, 1.41085975511, 0.309428321331
0.0294644101882, 0.965516473896, 0.380437031877, 0.983970544856, 0.69023116927, 0.156063076669, 0.56939789485, 0.982937587703, 0.573041423666, 0.802147651902, 0.46030927177, 0.931679104245, 0.133099465245, 0.258458643731, 0.00210494688024, 0.0835816058738, 0.0569039549621, 1.865291699, 0.0865191143705
0.447163911641, 0.382570199889, 0.278869814703, 0.331789233425, 0.446441276718, 0.394126761578, 0.510360050761, 0.507570723762, 0.80474659935, 0.199050422066, 0.135517466054, 0.995480130135, 0.355326333257, 0.16509679466, 0.845043974708, 0.485157348059, 0.456411907364, 0.737620862997, 1.10418533167
0.669507915717, 0.67309230213, 0.961528912564, 0.108275899911, 0.755696972858, 0.952960870034, 0.482791627863, 0.273141689366, 0.840157389924, 0.438814575818, 0.121018227043, 0.179329379628, 0.553982164086, 0.827974276096, 0.0260928327476, 0.00448114521797, 0.437572200586, 0.777297390464, 1.56172170315
0.345569482208, 0.89556985574, 0.994969163445, 0.165672897049, 0.720803705977, 0.622606196352, 0.817671546922, 0.670119890399, 0.833293317325, 0.686119369166, 0.145195223087, 0.671206092703, 0.823142420934, 0.287516616087, 0.00175556884794, 0.000467467264608, 0.229892009448, 1.38890203693, 0.849281615352
0.786710214918, 0.45976865864, 0.466266633498, 0.147682710845, 0.217591030725, 0.510511820404, 0.0458267606182, 0.659064062688, 0.189606984397, 0.363693513737, 0.524233237288, 0.675513211177, 0.372400783257, 0.175801173272, 0.281933928682, 0.0666019041236, 0.260512126507, 0.343228154048, 1.49133980794
0.522530199119, 0.962789338395, 0.315774586622, 0.996995475662, 0.171789915249, 0.035582194038, 0.556305671623, 0.57991591374, 0.073742144955, 0.912172007412, 0.615570670074, 0.892446354036, 0.320601757559, 0.29496822262, 0.000318351815387, 0.0674541234215, 0.036502713291, 1.31069824222, 1.40932248807
0.495945542023, 0.293626109788, 0.0647918604482, 0.81806840005, 0.649739250589, 0.63151091659, 0.387151879963, 0.768453016773, 0.703374847434, 0.259703580887, 0.976943724426, 0.044383791122, 0.0407307161775, 0.209278282385, 0.349223521852, 1.18856271933, 0.126516300502, 0.618860875251, 1.37295129705
0.563033001777, 0.620551583297, 0.219722033436, 0.189524433027, 0.79890377519, 0.905057258068, 0.784424181605, 0.766071623784, 0.480489092198, 0.606826273402, 0.361351658188, 0.20884915597, 0.735299126817, 0.381154175379, 0.509013316157, 0.156176808858, 0.191425395851, 0.834102775484, 1.23022525351
0.597987845751, 0.810128344092, 0.64623058869, 0.211434828969, 0.550645516178, 0.391634971482, 0.91286892507, 0.35342435795, 0.116221448339, 0.801292461, 0.517057386595, 0.731846524263, 0.14657849004, 0.0935903035975, 0.154719416269, 0.0533621844843, 0.263558327975, 1.00917347343, 1.44354501784
0.677550613099, 0.814378132246, 0.265214495613, 0.940954460705, 0.568085321591, 0.259264747515, 0.878625253563, 0.297837632084, 0.485793897214, 0.437598693499, 0.553938392098, 0.632774873558, 0.0477636485255, 0.799046100937, 0.0184887207378, 0.198770567569, 0.0883352921136, 0.727355035188, 1.36885557919
0.54803843314, 0.819943549665, 0.985290047428, 0.444244981085, 0.710755743648, 0.30248899698, 0.571034438699, 0.918175765067, 0.778521477514, 0.175997152768, 0.472413473265, 0.0144758678113, 0.746436863836, 0.847797254861, 0.00600282697937, 0.00503376572555, 0.338984053397, 1.16671614976, 1.41372537708
0.548084207043, 0.732513292005, 0.0502970488171, 0.552870260852, 0.536407425703, 0.45188799768, 0.325149390924, 0.0510971156372, 0.42604162827, 0.184479806695, 0.213237814775, 0.457639354951, 0.0535315561198, 0.478237071559, 0.278140557854, 0.328649699459, 0.0340871209849, 0.966702624281, 1.23216292518
0.167096251374, 0.075228117835, 0.305851167334, 0.800630405122, 0.75327271223, 0.76432603391, 0.32713165744, 0.918152416785, 0.818900907587, 0.226875960104, 0.0421363817318, 0.735817506266, 0.802607559591, 0.29396074435, 0.501556940293, 1.54885053841, 0.848462345537, 0.217955553106, 0.496709397807
0.515280923731, 0.957079762515, 0.0199096166935, 0.301395943943, 0.187317783013, 0.715470176207, 0.694922018735, 0.473911082705, 0.182244857217, 0.760555676712, 0.836139600803, 0.536599880928, 0.371927268535, 0.556883125276, 0.0614287458694, 0.0314693665365, 0.00215924387905, 1.02270180866, 1.07545865497
0.522530199119, 0.962789338395, 0.315774586622, 0.996995475662, 0.171789915249, 0.035582194038, 0.556305671623, 0.57991591374, 0.073742144955, 0.912172007412, 0.615570670074, 0.892446354036, 0.320601757559, 0.29496822262, 0.000318351815387, 0.0674541234215, 0.036502713291, 1.31069824222, 1.40932248807
0.749546841255, 0.613873161446, 0.954812768761, 0.947341437001, 0.686833051107, 0.255023780523, 0.693317499884, 0.541969820643, 0.372954477145, 0.363334080034, 0.654537003833, 0.267836395607, 0.70264604239, 0.93158777166, 0.00188725650598, 0.0227640744654, 0.321271043417, 0.464254869511, 1.3613838617
0.981653260247, 0.955162882346, 0.835898828912, 0.0647472309962, 0.0118438717653, 0.504718102149, 0.828636355979, 0.567720360962, 0.305173315701, 0.472114238002, 0.308583377423, 0.359485507811, 0.980535315684, 0.63901700787, 0.000872313320164, 8.90255430017e-05, 0.00332598339292, 0.048756737688, 1.69556182958
0.669507915717, 0.67309230213, 0.961528912564, 0.108275899911, 0.755696972858, 0.952960870034, 0.482791627863, 0.273141689366, 0.840157389924, 0.438814575818, 0.121018227043, 0.179329379628, 0.553982164086, 0.827974276096, 0.0260928327476, 0.00448114521797, 0.437572200586, 0.777297390464, 1.56172170315
0.677550613099, 0.814378132246, 0.265214495613, 0.940954460705, 0.568085321591, 0.259264747515, 0.878625253563, 0.297837632084, 0.485793897214, 0.437598693499, 0.553938392098, 0.632774873558, 0.0477636485255, 0.799046100937, 0.0184887207378, 0.198770567569, 0.0883352921136, 0.727355035188, 1.36885557919
0.226210017929, 0.885696945751, 0.239339040315, 0.0361843336078, 0.591318029054, 0.676385123764, 0.304706135603, 0.571297243379, 0.895981341105, 0.667400246207, 0.415498063137, 0.846095922898, 0.913700056804, 0.586437411766, 0.244580852981, 0.0139165293148, 0.0966989476109, 1.4510674645, 0.547260012457
0.751596583515, 0.40979177962, 0.961871311036, 0.159027178227, 0.292107146912, 0.862414472136, 0.273880903428, 0.275877784327, 0.354799866151, 0.492595128887, 0.366848074505, 0.524073193921, 0.341730141022, 0.693442733691, 0.0243133056951, 0.00620300881268, 0.418452117714, 0.314532732689, 1.27427709153
0.468664149701, 0.97436911417, 0.791811876771, 0.107159521069, 0.296380953865, 0.963226620435, 0.963925086704, 0.274737164388, 0.793797385245, 0.0550249211663, 0.563657626931, 0.199976894719, 0.753279744769, 0.424483771548, 0.0186103811932, 0.00316253214824, 0.0556520780109, 1.4588532225, 1.32294125243
0.786710214918, 0.45976865864, 0.466266633498, 0.147682710845, 0.217591030725, 0.510511820404, 0.0458267606182, 0.659064062688, 0.189606984397, 0.363693513737, 0.524233237288, 0.675513211177, 0.372400783257, 0.175801173272, 0.281933928682, 0.0666019041236, 0.260512126507, 0.343228154048, 1.49133980794
0.711978340385, 0.372883020525, 0.407817073515, 0.906902792995, 0.142494256776, 0.557060639298, 0.342004155127, 0.753575601059, 0.32566260833, 0.824692500113, 0.462195884893, 0.597351178811, 0.589578561034, 0.782899848164, 0.0619257634762, 0.420439466595, 0.31680775645, 0.351635646927, 1.30871313708
0.597987845751, 0.810128344092, 0.64623058869, 0.211434828969, 0.550645516178, 0.391634971482, 0.91286892507, 0.35342435795, 0.116221448339, 0.801292461, 0.517057386595, 0.731846524263, 0.14657849004, 0.0935903035975, 0.154719416269, 0.0533621844843, 0.263558327975, 1.00917347343, 1.44354501784
0.993103996457, 0.49756001883, 0.925919140403, 0.558799107301, 0.0925242457997, 0.615702547462, 0.14283854398, 0.723149482206, 0.770595023574, 0.900715234685, 0.189098417513, 0.522210369275, 0.200962502667, 0.472104834034, 0.00101398007513, 0.00122099449358, 0.0135775139695, 0.0135655757557, 1.77782828496
0.686720725494, 0.6842775324, 0.970014266938, 0.955454666416, 0.116237741042, 0.658956955286, 0.60169312622, 0.520336720716, 0.354205815646, 0.683662400308, 0.104507458084, 0.332901020304, 0.540116260743, 0.489913632777, 0.00105416048678, 0.0150409427056, 0.319877139353, 0.591886281639, 1.25532510836
0.226210017929, 0.885696945751, 0.239339040315, 0.0361843336078, 0.591318029054, 0.676385123764, 0.304706135603, 0.571297243379, 0.895981341105, 0.667400246207, 0.415498063137, 0.846095922898, 0.913700056804, 0.586437411766, 0.244580852981, 0.0139165293148, 0.0966989476109, 1.4510674645, 0.547260012457
0.751596583515, 0.40979177962, 0.961871311036, 0.159027178227, 0.292107146912, 0.862414472136, 0.273880903428, 0.275877784327, 0.354799866151, 0.492595128887, 0.366848074505, 0.524073193921, 0.341730141022, 0.693442733691, 0.0243133056951, 0.00620300881268, 0.418452117714, 0.314532732689, 1.27427709153
0.904647982433, 0.374415080402, 0.00525605833241, 0.921995250307, 0.800848507947, 0.813504656208, 0.194634498501, 0.473031882992, 0.778732617775, 0.563388924631, 0.616748615782, 0.304821041587, 0.490164443939, 0.739961143345, 0.0223634869167, 0.181600701885, 0.00151069145978, 0.122019462734, 1.45738214997
0.185255611954, 0.350969984156, 0.0301856988564, 0.945328716736, 0.995954798242, 0.0562096588273, 0.35461487011, 0.715754532115, 0.193092933868, 0.543056108851, 0.476345737372, 0.827835243688, 0.939011296348, 0.418168058786, 0.133823119744, 1.55447067219, 0.0740342533559, 0.960456748168, 0.54917765635
0.247113753416, 0.742180212773, 0.0532610359671, 0.727490247826, 0.349615804661, 0.0986954913761, 0.373617680972, 0.30186425114, 0.771865805769, 0.0727701177045, 0.183761820626, 0.387147216135, 0.0859554555534, 0.516352581481, 0.26848749471, 0.588437599188, 0.0542389605039, 1.51410765882, 0.673626776769
0.98643670662, 0.536324534677, 0.593443773527, 0.482032584531, 0.793703944758, 0.890412660299, 0.699537386891, 0.141871190096, 0.672677976619, 0.298631142067, 0.631518045795, 0.683489338754, 0.578984612151, 0.245384855232, 0.00982398947148, 0.0092845432433, 0.0182074643156, 0.0254240633931, 1.59879241816
0.548084207043, 0.732513292005, 0.0502970488171, 0.552870260852, 0.536407425703, 0.45188799768, 0.325149390924, 0.0510971156372, 0.42604162827, 0.184479806695, 0.213237814775, 0.457639354951, 0.0535315561198, 0.478237071559, 0.278140557854, 0.328649699459, 0.0340871209849, 0.966702624281, 1.23216292518
