0.000729478851424, 0.116300758851, 0.880397158352, 0.249869481691, 0.133879648618, 0.699273162545, 0.681854162203, 0.918152416785, 0.864560310941, 0.322727176231, 0.145269838549, 0.603445043806, 0.719569921965, 0.741236172463, 0.303574391122, 0.125671719692, 1.72822168892, 0.324998304859, 0.00204988646436
0.0382219475341, 0.00726839789859, 0.109022426702, 0.992910576816, 0.728643820421, 0.275256173505, 0.0655735524355, 0.30186425114, 0.464917682271, 0.957148190814, 0.245231062619, 0.712414902049, 0.981946784651, 0.586437411766, 0.0207084050789, 1.85950744061, 0.321614352058, 0.0215477534675, 0.113450867159
0.999261590928, 0.949933151033, 0.27818948974, 0.390669045022, 0.707256443121, 0.44425340836, 0.0923888831764, 0.978724489558, 0.879638487362, 0.125379318162, 0.284056949283, 0.163587490814, 0.498840858519, 0.915989167797, 0.000138959991932, 9.78810516148e-05, 7.93932471071e-05, 0.00238049182174, 2.05870463549
0.999261590928, 0.949933151033, 0.27818948974, 0.390669045022, 0.707256443121, 0.44425340836, 0.0923888831764, 0.978724489558, 0.879638487362, 0.125379318162, 0.284056949283, 0.163587490814, 0.498840858519, 0.915989167797, 0.000138959991932, 9.78810516148e-05, 7.93932471071e-05, 0.00238049182174, 2.05870463549
0.00412318128644, 0.0278644530765, 0.869877545845, 0.0960954449713, 0.426728467096, 0.865956738461, 0.404758572599, 0.962006853001, 0.228920914829, 0.0157719181971, 0.134436091338, 0.441492457438, 0.962788358389, 0.15230606117, 0.429389250488, 0.0653115416034, 2.09526043185, 0.0937177075432, 0.0138722948911
0.00269525199924, 0.219053215706, 0.0210217322637, 0.294084510932, 0.282902884991, 0.739189075124, 0.65142475881, 0.00136615755341, 0.279860564731, 0.227271376084, 0.0889923799255, 0.827835243688, 0.0137427527519, 0.999752100678, 1.90461616893, 0.948262451003, 0.0702813691187, 0.762833549092, 0.00957383699389
0.000729478851424, 0.978985915734, 0.936025100635, 0.99809984734, 0.872318445578, 0.699273162545, 0.318039526469, 0.799262334136, 0.990246997541, 0.616117811848, 0.391367604801, 0.784021024278, 0.719569921965, 0.969358812872, 1.89324882153e-05, 0.00634304853549, 0.062907888933, 1.91475655148, 0.00219524491595
0.000729478851424, 0.978985915734, 0.936025100635, 0.99809984734, 0.872318445578, 0.699273162545, 0.318039526469, 0.799262334136, 0.990246997541, 0.616117811848, 0.391367604801, 0.784021024278, 0.719569921965, 0.969358812872, 1.89324882153e-05, 0.00634304853549, 0.062907888933, 1.91475655148, 0.00219524491595
0.99500841659, 0.0884870400311, 0.241681506006, 0.0738926692406, 0.995954798242, 0.44425340836, 0.30520426316, 0.122244114555, 0.277359316105, 0.804997956917, 0.308583377423, 0.613132931335, 0.857697009476, 0.97054496488, 0.0141204196115, 0.00164636190071, 0.00567202251218, 0.00214124353369, 1.97105486908
0.00740029668448, 0.848836549984, 0.909514784188, 0.0647472309962, 0.896438317598, 0.559176836711, 0.681854162203, 0.337468788259, 0.822659595873, 0.656490202813, 0.928390406307, 0.432897200081, 0.719569921965, 0.571059170305, 0.0527034258432, 0.00537874522294, 0.370214100579, 1.54531437517, 0.0184826915197
0.139007510778, 0.113049432442, 0.380437031877, 0.901297826258, 0.784474865308, 0.976643739164, 0.986223191796, 0.284577495142, 0.42721730424, 0.451967573759, 0.107760996317, 0.0625097118104, 0.568144423895, 0.97054496488, 0.266169831273, 1.7029926309, 1.17313393518, 0.374192968685, 0.470035109659
0.0533276195296, 0.00726839789859, 0.936025100635, 0.607268523596, 0.728643820421, 0.275256173505, 0.681854162203, 0.98248257616, 0.464917682271, 0.539258529156, 0.52432382191, 0.810170882262, 0.981946784651, 0.894829018073, 0.107355073426, 0.151366118748, 1.84041863842, 0.0211198406825, 0.155321308555
0.293034132138, 0.00287074887965, 0.48333072572, 0.210481716434, 0.692504609624, 0.281274853678, 0.574472930336, 0.943235233875, 0.0985850032841, 0.623089843909, 0.954319065225, 0.0185645946247, 0.687920844975, 0.256523742238, 1.22687503596, 0.42109065386, 1.23091791693, 0.00806374506065, 0.886637384948
0.00269525199924, 0.219053215706, 0.0210217322637, 0.294084510932, 0.282902884991, 0.739189075124, 0.65142475881, 0.00136615755341, 0.279860564731, 0.227271376084, 0.0889923799255, 0.827835243688, 0.0137427527519, 0.999752100678, 1.90461616893, 0.948262451003, 0.0702813691187, 0.762833549092, 0.00957383699389
0.0184866514669, 0.0873440670051, 0.369695025615, 0.444276641098, 0.528904067453, 0.835552400535, 0.0584597173303, 0.193101178715, 0.822659595873, 0.516771412849, 0.928390406307, 0.83776431704, 0.962661820464, 0.784374112289, 1.33175338249, 1.11687571815, 1.14052427344, 0.287026085829, 0.0609581354457
0.0184866514669, 0.239366927064, 0.393687769788, 0.444276641098, 0.528904067453, 0.943907287865, 0.0584597173303, 0.540670017011, 0.822659595873, 0.516771412849, 0.928390406307, 0.603445043806, 0.357047678384, 0.784374112289, 1.04158028666, 0.873521889247, 0.967204782877, 0.658630884445, 0.052100262734
0.805578212804, 0.949933151033, 0.42470870549, 0.901297826258, 0.679495621217, 0.359029086961, 0.0923888831764, 0.249417991689, 0.471112779637, 0.125379318162, 0.948926217867, 0.220846854322, 0.923927148399, 0.586437411766, 0.00541277308415, 0.0346316959774, 0.0276068818064, 0.566169128489, 1.8014500493
0.522244175115, 0.526637424622, 0.0999235885617, 0.440719776889, 0.133879648618, 0.0472050796903, 0.0522180819306, 0.104619978163, 0.375840127671, 0.64695906873, 0.0826252548184, 0.473617059014, 0.793506620489, 0.769663019606, 0.725390842761, 0.601478220352, 0.14913296617, 1.03742431988, 1.51151975916
0.0483457808865, 0.501980403105, 0.23711511041, 0.582634732743, 0.0184597790205, 0.540308632846, 0.258805223951, 0.00136615755341, 0.8519616228, 0.442614675232, 0.520854072516, 0.498316259862, 0.0996691623606, 0.687712641775, 0.743718021811, 0.967033109292, 0.476627523756, 1.31792355468, 0.141375078195
0.031274805029, 0.239366927064, 0.00648276318203, 0.249869481691, 0.679495621217, 0.254006100636, 0.0655735524355, 0.918152416785, 0.864560310941, 0.852966488984, 0.13048719486, 0.189890203261, 0.382294369122, 0.505140744007, 1.68266139742, 0.696577042257, 0.0185455433268, 0.718985508759, 0.0962679650101
0.00412318128644, 0.0278644530765, 0.869877545845, 0.0372492321811, 0.426728467096, 0.865956738461, 0.0944526108262, 0.962006853001, 0.228920914829, 0.0157719181971, 0.789741865626, 0.441492457438, 0.81524221994, 0.15230606117, 0.431745716059, 0.0252907228542, 2.08637396291, 0.0933202297476, 0.0138134593804
0.151110730214, 0.0145315587793, 0.0276776263491, 0.13331433019, 0.850149237677, 0.900751818365, 0.817228974582, 0.918152416785, 0.578979663594, 0.539258529156, 0.934411018728, 0.629360803964, 0.693200384616, 0.460301447341, 1.7195221806, 0.365442075904, 0.0764756365799, 0.0401715621537, 0.425799154769
0.490960316041, 0.526637424622, 0.0999235885617, 0.440719776889, 0.133879648618, 0.0472050796903, 0.0522180819306, 0.30186425114, 0.658685887292, 0.640643694382, 0.145269838549, 0.756055827472, 0.793506620489, 0.769663019606, 0.728546580931, 0.604094889418, 0.149781753784, 1.04193752756, 1.37590907933
0.98735975568, 0.374415080402, 0.028157297961, 0.800630405122, 0.800848507947, 0.252815890894, 0.681854162203, 0.473031882992, 0.284046527701, 0.27629406591, 0.0421363817318, 0.359485507811, 0.313650670129, 0.326120779401, 0.00801431381761, 0.0247488834749, 0.001151340985, 0.0173645355423, 1.576121014
0.151110730214, 0.50359337745, 0.380437031877, 0.13331433019, 0.872318445578, 0.983635515726, 0.817228974582, 0.358821902899, 0.979505014026, 0.539258529156, 0.471135611893, 0.629360803964, 0.693200384616, 0.460301447341, 0.984217498419, 0.209171181286, 0.684822453942, 1.23095364741, 0.418793143588
0.185255611954, 0.263592313665, 0.109022426702, 0.989969665292, 0.205662616877, 0.195620376795, 0.681854162203, 0.30186425114, 0.193092933868, 0.0639484753518, 0.89841062006, 0.983421234583, 0.913700056804, 0.586437411766, 0.0286869387028, 1.82059340207, 0.314903467175, 0.812045909748, 0.60451463936
0.104558220578, 0.360405708745, 0.213355608557, 0.0738926692406, 0.784474865308, 0.940160690638, 0.640133216617, 0.63044000447, 0.822659595873, 0.303005459313, 0.139257167918, 0.0625097118104, 0.928572917424, 0.97054496488, 1.70328016572, 0.198592934787, 0.597230259689, 1.15399304947, 0.356574895378
0.136836702407, 0.50359337745, 0.554812631444, 0.13331433019, 0.872318445578, 0.900751818365, 0.817228974582, 0.156876032594, 0.979505014026, 0.539258529156, 0.818513719103, 0.629360803964, 0.693200384616, 0.460301447341, 0.824409851591, 0.175208003107, 1.00205933742, 1.32424416442, 0.406564259393
0.21327276378, 0.0999827282629, 0.00525605833241, 0.033835254291, 0.738286479166, 0.841314467136, 0.149857398526, 0.358821902899, 0.778732617775, 0.27629406591, 0.682819527194, 0.359485507811, 0.204645269604, 0.228399677822, 1.54405170583, 0.0821410696967, 0.0127663114307, 0.244864916221, 0.545017165734
0.136836702407, 0.0868081344795, 0.554812631444, 0.773891126051, 0.215694626579, 0.392849544871, 0.70137073041, 0.582515345471, 0.928837006102, 0.585857772878, 0.838391717173, 0.70844325007, 0.550334453812, 0.697985961651, 0.3316263118, 0.894113351885, 1.13380508352, 0.203279660148, 0.326470548051
0.096386861429, 0.0937438625893, 0.630305290465, 0.828700144012, 0.850149237677, 0.900751818365, 0.788332957738, 0.636416420225, 0.990246997541, 0.443527575701, 0.498892027673, 0.603445043806, 0.689351068919, 0.544414174649, 0.239171992438, 0.867303998752, 1.37106035575, 0.243237946212, 0.252937538488
0.0198396664798, 0.219053215706, 0.0210217322637, 0.294084510932, 0.282902884991, 0.739189075124, 0.65142475881, 0.609238190637, 0.279860564731, 0.418066222283, 0.391367604801, 0.827835243688, 0.0137427527519, 0.969358812872, 1.49040338363, 0.742035896051, 0.054996692798, 0.59693376611, 0.05516395717
0.0574178389443, 0.00551454299238, 0.54115052463, 0.44395395439, 0.764803028784, 0.323653092419, 0.871082775212, 0.372583118493, 0.948194967444, 0.652132393844, 0.797857600808, 0.615718476799, 0.601636176736, 0.169649601781, 0.856849363317, 0.717857726604, 1.27254108413, 0.0146722191019, 0.153185757157
0.293034132138, 0.450977032286, 0.213355608557, 0.819433516318, 0.566309764951, 0.642016104135, 0.64283227274, 0.486360544181, 0.71229565522, 0.0591451863386, 0.386240223022, 0.527855196617, 0.0996691623606, 0.513436530396, 0.262289084379, 0.899815586299, 0.326426601172, 0.850296340266, 0.647991889477
0.805578212804, 0.949933151033, 0.42470870549, 0.901297826258, 0.679495621217, 0.359029086961, 0.0923888831764, 0.249417991689, 0.471112779637, 0.125379318162, 0.948926217867, 0.220846854322, 0.923927148399, 0.586437411766, 0.00541277308415, 0.0346316959774, 0.0276068818064, 0.566169128489, 1.8014500493
0.00133458271324, 0.116300758851, 0.80411429433, 0.551506674481, 0.679495621217, 0.42729367349, 0.681854162203, 0.918152416785, 0.864560310941, 0.322727176231, 0.590598682011, 0.603445043806, 0.737172649575, 0.898298734255, 0.317017047016, 0.372963042617, 1.5402985248, 0.298585267731, 0.00344548468125
0.096386861429, 0.0937438625893, 0.630305290465, 0.828700144012, 0.850149237677, 0.900751818365, 0.788332957738, 0.636416420225, 0.990246997541, 0.443527575701, 0.498892027673, 0.603445043806, 0.689351068919, 0.544414174649, 0.239171992438, 0.867303998752, 1.37106035575, 0.243237946212, 0.252937538488
0.357430769712, 0.00726839789859, 0.936025100635, 0.313239574387, 0.562801158966, 0.633287003672, 0.952707198473, 0.98248257616, 0.464917682271, 0.957148190814, 0.52432382191, 0.666495399429, 0.981946784651, 0.898298734255, 0.156337346157, 0.0837977073369, 1.75917124236, 0.0201874810416, 1.11215352952
0.00133458271324, 0.16083825647, 0.393687769788, 0.754124246481, 0.79642043684, 0.130364403969, 0.0584597173303, 0.493516223385, 0.864560310941, 0.322727176231, 0.928390406307, 0.0506698669548, 0.719569921965, 0.763520130272, 0.62019384859, 1.52515219253, 1.17143657593, 0.521649633789, 0.00437487504418
0.615578782961, 0.281809426386, 0.624507363131, 0.332244340306, 0.349615804661, 0.0682073494241, 0.374215479544, 0.17138848682, 0.0204369901424, 0.455357192931, 0.183761820626, 0.298693187481, 0.332404946328, 0.127193657933, 0.463231112576, 0.266391119893, 0.79839746221, 0.455420938169, 1.54131630555
0.221696147229, 0.368428103314, 0.396644440288, 0.382656675032, 0.349615804661, 0.257930550857, 0.373617680972, 0.339075513316, 0.103858752541, 0.64695906873, 0.0098142376761, 0.325827368945, 0.85539461749, 0.74982196124, 0.928094320603, 0.636410188149, 0.808575059298, 0.905346337527, 0.600909882524
0.0184866514669, 0.239366927064, 0.393687769788, 0.444276641098, 0.528904067453, 0.943907287865, 0.0584597173303, 0.540670017011, 0.822659595873, 0.516771412849, 0.928390406307, 0.603445043806, 0.357047678384, 0.784374112289, 1.04158028666, 0.873521889247, 0.967204782877, 0.658630884445, 0.052100262734
0.221217046067, 0.379611134366, 0.358079717128, 0.921995250307, 0.0663972740604, 0.481744564053, 0.0522180819306, 0.08599817686, 0.815040097759, 0.638320109236, 0.372750379477, 0.407328615629, 0.305576571038, 0.825997359982, 0.148606550001, 1.20674624156, 0.766474754576, 0.975498720885, 0.629136418387
0.221696147229, 0.368428103314, 0.396644440288, 0.382656675032, 0.349615804661, 0.257930550857, 0.373617680972, 0.339075513316, 0.103858752541, 0.64695906873, 0.0098142376761, 0.325827368945, 0.85539461749, 0.74982196124, 0.928094320603, 0.636410188149, 0.808575059298, 0.905346337527, 0.600909882524
0.372935008503, 0.0259797817606, 0.110765698819, 0.313239574387, 0.43979015734, 0.857661551069, 0.454341830189, 0.156876032594, 0.676805394321, 0.957148190814, 0.798771499851, 0.615391603778, 0.693200384616, 0.0516579527088, 1.32441990402, 0.709896606517, 0.264122100479, 0.0622973470094, 1.01314971857
0.520765483923, 0.50359337745, 0.271325459412, 0.921995250307, 0.0179976565388, 0.439338457591, 0.730081321183, 0.0537953411138, 0.947155908374, 0.453647698149, 0.172011253465, 0.285737024498, 0.339416390346, 0.383940740514, 0.100726578884, 0.817941204422, 0.374172007112, 0.915360264437, 1.37411009928
0.293034132138, 0.246831898249, 0.0171824614773, 0.93188083552, 0.566309764951, 0.642016104135, 0.79695059437, 0.486360544181, 0.0225919075209, 0.0591451863386, 0.386240223022, 0.527855196617, 0.0996691623606, 0.372063320125, 0.152793162918, 1.42250183622, 0.0386237560603, 0.584497493906, 0.766514842812
0.490960316041, 0.173027699088, 0.54115052463, 0.4322818193, 0.764803028784, 0.481744564053, 0.871082775212, 0.644621243247, 0.948194967444, 0.623089843909, 0.797857600808, 0.615718476799, 0.601636176736, 0.169649601781, 0.591248452982, 0.47716875339, 0.864946746693, 0.320841616121, 1.16166297984
0.442483697198, 0.113049432442, 0.380437031877, 0.901297826258, 0.784474865308, 0.976643739164, 0.986223191796, 0.284577495142, 0.42721730424, 0.451967573759, 0.107760996317, 0.0625097118104, 0.568144423895, 0.97054496488, 0.20939586681, 1.33974469012, 0.922904733668, 0.294377693584, 1.38962334981
0.615578782961, 0.368428103314, 0.862912691976, 0.413631066334, 0.349615804661, 0.0986954913761, 0.187571464127, 0.30186425114, 0.154583209061, 0.640643694382, 0.25892747912, 0.325827368945, 0.332404946328, 0.127193657933, 0.138713791457, 0.105391784486, 0.796468084341, 0.53267346166, 1.41183641466
0.563947081735, 0.526637424622, 0.0999235885617, 0.440719776889, 0.0707453763812, 0.0472050796903, 0.0522180819306, 0.30186425114, 0.658685887292, 0.640643694382, 0.145269838549, 0.756055827472, 0.793506620489, 0.769663019606, 0.659104789498, 0.546515274861, 0.135505229016, 0.942624717142, 1.56769950345
0.0198396664798, 0.219053215706, 0.0210217322637, 0.294084510932, 0.282902884991, 0.739189075124, 0.65142475881, 0.609238190637, 0.279860564731, 0.418066222283, 0.391367604801, 0.827835243688, 0.0137427527519, 0.969358812872, 1.49040338363, 0.742035896051, 0.054996692798, 0.59693376611, 0.05516395717
0.372935008503, 0.0522312704416, 0.24437532868, 0.13331433019, 0.964336834564, 0.857661551069, 0.454341830189, 0.0657711789792, 0.676805394321, 0.539258529156, 0.798771499851, 0.629360803964, 0.693200384616, 0.481122233579, 1.28847173232, 0.273832922841, 0.532036633794, 0.116817874041, 0.945768994741
0.297566926545, 0.0937438625893, 0.630305290465, 0.828700144012, 0.850149237677, 0.900751818365, 0.349439336903, 0.636416420225, 0.990246997541, 0.443527575701, 0.415200471786, 0.603445043806, 0.689351068919, 0.399003078704, 0.210185948032, 0.762192560053, 1.20489701885, 0.213759135427, 0.735332409221
0.293034132138, 0.246831898249, 0.0171824614773, 0.93188083552, 0.566309764951, 0.642016104135, 0.79695059437, 0.486360544181, 0.0225919075209, 0.0591451863386, 0.386240223022, 0.527855196617, 0.0996691623606, 0.372063320125, 0.152793162918, 1.42250183622, 0.0386237560603, 0.584497493906, 0.766514842812
0.104558220578, 0.360405708745, 0.213355608557, 0.0738926692406, 0.784474865308, 0.940160690638, 0.640133216617, 0.63044000447, 0.822659595873, 0.303005459313, 0.139257167918, 0.0625097118104, 0.928572917424, 0.97054496488, 1.70328016572, 0.198592934787, 0.597230259689, 1.15399304947, 0.356574895378
0.394343606589, 0.239366927064, 0.393687769788, 0.249869481691, 0.679495621217, 0.254006100636, 0.166553134295, 0.918152416785, 0.883290245732, 0.873469056399, 0.590598682011, 0.603445043806, 0.382294369122, 0.505140744007, 0.968089277059, 0.400763199471, 0.745484937559, 0.507647824388, 0.985785919625
0.372935008503, 0.0522312704416, 0.24437532868, 0.13331433019, 0.964336834564, 0.857661551069, 0.454341830189, 0.0657711789792, 0.676805394321, 0.539258529156, 0.798771499851, 0.629360803964, 0.693200384616, 0.481122233579, 1.28847173232, 0.273832922841, 0.532036633794, 0.116817874041, 0.945768994741
0.106048985235, 0.0328532987809, 0.00648276318203, 0.702925564614, 0.384753517047, 0.254006100636, 0.407814250832, 0.156876032594, 0.631954819488, 0.341976727523, 0.214592812473, 0.0144054935492, 0.604704713281, 0.946078382123, 0.784029303817, 1.55638445543, 0.0177467940798, 0.0900185502488, 0.293424028976
0.139007510778, 0.113049432442, 0.380437031877, 0.901297826258, 0.784474865308, 0.976643739164, 0.986223191796, 0.284577495142, 0.42721730424, 0.451967573759, 0.107760996317, 0.0625097118104, 0.568144423895, 0.97054496488, 0.266169831273, 1.7029926309, 1.17313393518, 0.374192968685, 0.470035109659
0.264680268092, 0.0522312704416, 0.110765698819, 0.493943417295, 0.930614911921, 0.857661551069, 0.454341830189, 0.156876032594, 0.676805394321, 0.539258529156, 0.798771499851, 0.91265180126, 0.839919353606, 0.0516579527088, 1.30890899982, 1.28423794269, 0.322307630872, 0.15309651376, 0.824760922609
0.520765483923, 0.507798157876, 0.393687769788, 0.444276641098, 0.528904067453, 0.724907785166, 0.0584597173303, 0.122244114555, 0.822659595873, 0.516771412849, 0.928390406307, 0.662235118013, 0.857697009476, 0.719874314267, 0.560292260901, 0.469889417589, 0.520283804802, 0.919711350677, 1.37171353546
0.185255611954, 0.955162882346, 0.669731881476, 0.493943417295, 0.480348099421, 0.205489752548, 0.381296197886, 0.437101043351, 0.42721730424, 0.9651747608, 0.308583377423, 0.304821041587, 0.624523590771, 0.176986560786, 0.0362997244956, 0.0356155267575, 0.0890694797862, 1.45385545107, 0.436513193758
0.0196786928038, 0.487671270328, 0.0928949208723, 0.339242134018, 0.205662616877, 0.287284781113, 0.853265249927, 0.605731142838, 0.920653260694, 0.00326930617561, 0.833747328898, 0.718254311832, 0.198595030093, 0.817080037929, 1.25346339296, 0.73928351455, 0.21386658804, 1.41497298269, 0.0631092702177
0.515135764195, 0.130778314924, 0.570947252998, 0.804461217912, 0.850149237677, 0.696285453629, 0.554286603426, 0.545423733366, 0.14793218068, 0.281149901022, 0.183761820626, 0.0272211315717, 0.518311609538, 0.256523742238, 0.219401116127, 0.691703183441, 0.908545520324, 0.24228199432, 1.24561270238
0.0897311461172, 0.368428103314, 0.798685798305, 0.332244340306, 0.762986554863, 0.426958675362, 0.373617680972, 0.30186425114, 0.0326047637507, 0.274372979856, 0.854310805979, 0.351106574452, 0.332404946328, 0.372063320125, 0.355558113131, 0.204471421225, 1.25352770627, 0.861717227045, 0.22354437705
0.00133458271324, 0.116300758851, 0.80411429433, 0.551506674481, 0.679495621217, 0.42729367349, 0.681854162203, 0.918152416785, 0.864560310941, 0.322727176231, 0.590598682011, 0.603445043806, 0.737172649575, 0.898298734255, 0.317017047016, 0.372963042617, 1.5402985248, 0.298585267731, 0.00344548468125
0.0196786928038, 0.487671270328, 0.0928949208723, 0.339242134018, 0.205662616877, 0.287284781113, 0.853265249927, 0.605731142838, 0.920653260694, 0.00326930617561, 0.833747328898, 0.718254311832, 0.198595030093, 0.817080037929, 1.25346339296, 0.73928351455, 0.21386658804, 1.41497298269, 0.0631092702177
0.00133458271324, 0.00938585041084, 0.393687769788, 0.754124246481, 0.0519844882955, 0.585716958686, 0.0584597173303, 0.0324489656511, 0.731842864103, 0.516771412849, 0.928390406307, 0.0506698669548, 0.719569921965, 0.763520130272, 0.668641333734, 1.64429202012, 1.26294531347, 0.0321203353875, 0.00456739222098
0.264680268092, 0.0522312704416, 0.110765698819, 0.493943417295, 0.930614911921, 0.857661551069, 0.454341830189, 0.156876032594, 0.676805394321, 0.539258529156, 0.798771499851, 0.91265180126, 0.839919353606, 0.0516579527088, 1.30890899982, 1.28423794269, 0.322307630872, 0.15309651376, 0.824760922609
0.0984905413782, 0.0937438625893, 0.948456839073, 0.819433516318, 0.246556427013, 0.117953271074, 0.986223191796, 0.486360544181, 0.381861565437, 0.583049336846, 0.0398234209772, 0.613078203767, 0.449898711949, 0.372063320125, 0.0378494416658, 0.129847254697, 1.66686269022, 0.248051863189, 0.263663001071
0.520765483923, 0.629394806951, 0.393687769788, 0.444276641098, 0.528904067453, 0.835552400535, 0.0584597173303, 0.450807167338, 0.822659595873, 0.516771412849, 0.928390406307, 0.662235118013, 0.305100578474, 0.719874314267, 0.401616966311, 0.336816293143, 0.37293894256, 0.977292905348, 1.24894146133
0.00740029668448, 0.848836549984, 0.909514784188, 0.0647472309962, 0.896438317598, 0.559176836711, 0.681854162203, 0.337468788259, 0.822659595873, 0.656490202813, 0.928390406307, 0.432897200081, 0.719569921965, 0.571059170305, 0.0527034258432, 0.00537874522294, 0.370214100579, 1.54531437517, 0.0184826915197
0.293034132138, 0.00287074887965, 0.48333072572, 0.210481716434, 0.692504609624, 0.281274853678, 0.574472930336, 0.943235233875, 0.0985850032841, 0.623089843909, 0.954319065225, 0.0185645946247, 0.687920844975, 0.256523742238, 1.22687503596, 0.42109065386, 1.23091791693, 0.00806374506065, 0.886637384948
0.167096251374, 0.075228117835, 0.397807700383, 0.597923213927, 0.219009732027, 0.76432603391, 0.686508343576, 0.706840220301, 0.27255153349, 0.65698368943, 0.923694594901, 0.735336507476, 0.651610700597, 0.228399677822, 0.75057191776, 1.02601820402, 0.916943832087, 0.186087895601, 0.424084659675
0.167096251374, 0.075228117835, 0.397807700383, 0.597923213927, 0.219009732027, 0.76432603391, 0.686508343576, 0.706840220301, 0.27255153349, 0.65698368943, 0.923694594901, 0.735336507476, 0.651610700597, 0.228399677822, 0.75057191776, 1.02601820402, 0.916943832087, 0.186087895601, 0.424084659675
0.0483457808865, 0.501980403105, 0.23711511041, 0.710858796766, 0.0184597790205, 0.940419735201, 0.258805223951, 0.389676881397, 0.934912509802, 0.442614675232, 0.520854072516, 0.498316259862, 0.0996691623606, 0.687712641775, 0.54129933326, 1.10871262023, 0.482037827394, 1.33288359422, 0.142979857739
0.0146506262187, 0.0209773127191, 0.753305031715, 0.531307759238, 0.0663972740604, 0.481744564053, 0.0522180819306, 0.08599817686, 0.385996443199, 0.638320109236, 0.372750379477, 0.407328615629, 0.305576571038, 0.825997359982, 0.446543056302, 0.492774181567, 1.62932956026, 0.0580087464979, 0.0405279921446
0.106048985235, 0.0328532987809, 0.00648276318203, 0.702925564614, 0.384753517047, 0.254006100636, 0.407814250832, 0.156876032594, 0.631954819488, 0.341976727523, 0.214592812473, 0.0144054935492, 0.604704713281, 0.946078382123, 0.784029303817, 1.55638445543, 0.0177467940798, 0.0900185502488, 0.293424028976
0.553242369724, 0.075228117835, 0.397807700383, 0.332244340306, 0.0772715060502, 0.76432603391, 0.32713165744, 0.706840220301, 0.27255153349, 0.65698368943, 0.0421363817318, 0.285903667395, 0.651610700597, 0.460301447341, 0.756139601675, 0.434834513092, 0.629152210196, 0.127682423624, 1.28122673001
0.0483457808865, 0.501980403105, 0.23711511041, 0.710858796766, 0.0184597790205, 0.940419735201, 0.258805223951, 0.389676881397, 0.934912509802, 0.442614675232, 0.520854072516, 0.498316259862, 0.0996691623606, 0.687712641775, 0.54129933326, 1.10871262023, 0.482037827394, 1.33288359422, 0.142979857739
0.490960316041, 0.173027699088, 0.54115052463, 0.4322818193, 0.764803028784, 0.481744564053, 0.871082775212, 0.644621243247, 0.948194967444, 0.623089843909, 0.797857600808, 0.615718476799, 0.601636176736, 0.169649601781, 0.591248452982, 0.47716875339, 0.864946746693, 0.320841616121, 1.16166297984
0.515135764195, 0.0750764281756, 0.570947252998, 0.13331433019, 0.78501984586, 0.484550483586, 0.801429246323, 0.545423733366, 0.790214120538, 0.281149901022, 0.946506275748, 0.0272211315717, 0.687344919679, 0.256523742238, 0.762964675286, 0.162149344698, 0.976579514459, 0.148081175877, 1.31990343986
0.357430769712, 0.00726839789859, 0.936025100635, 0.313239574387, 0.562801158966, 0.633287003672, 0.952707198473, 0.98248257616, 0.464917682271, 0.957148190814, 0.52432382191, 0.666495399429, 0.981946784651, 0.898298734255, 0.156337346157, 0.0837977073369, 1.75917124236, 0.0201874810416, 1.11215352952
0.0897311461172, 0.368428103314, 0.798685798305, 0.332244340306, 0.762986554863, 0.426958675362, 0.373617680972, 0.30186425114, 0.0326047637507, 0.274372979856, 0.854310805979, 0.351106574452, 0.332404946328, 0.372063320125, 0.355558113131, 0.204471421225, 1.25352770627, 0.861717227045, 0.22354437705
0.372935008503, 0.776939216967, 0.380437031877, 0.13331433019, 0.850149237677, 0.900751818365, 0.370376185089, 0.156876032594, 0.358248350516, 0.539258529156, 0.798771499851, 0.48441423088, 0.257687585799, 0.0516579527088, 0.413687703365, 0.087919129395, 0.287845551049, 1.39983678215, 0.988869823154
0.0897311461172, 0.368428103314, 0.378470184354, 0.332244340306, 0.349615804661, 0.609978682218, 0.654711048119, 0.30186425114, 0.0341192425498, 0.780795594029, 0.183761820626, 0.351106574452, 0.401779999866, 0.127193657933, 0.990842964035, 0.569805783036, 0.772773140134, 0.901437739975, 0.233848566221
0.21327276378, 0.374415080402, 0.00525605833241, 0.921995250307, 0.800848507947, 0.841314467136, 0.79695059437, 0.358821902899, 0.778732617775, 0.27629406591, 0.682819527194, 0.359485507811, 0.416527520706, 0.228399677822, 0.151417161267, 1.22956955979, 0.0102284859799, 0.826160997851, 0.518400195583
0.0533276195296, 0.00726839789859, 0.936025100635, 0.607268523596, 0.728643820421, 0.275256173505, 0.681854162203, 0.98248257616, 0.464917682271, 0.539258529156, 0.52432382191, 0.810170882262, 0.981946784651, 0.894829018073, 0.107355073426, 0.151366118748, 1.84041863842, 0.0211198406825, 0.155321308555
0.490960316041, 0.00287074887965, 0.48333072572, 0.644222780342, 0.692504609624, 0.281274853678, 0.574472930336, 0.943235233875, 0.0985850032841, 0.623089843909, 0.954319065225, 0.445276496123, 0.687920844975, 0.256523742238, 0.487368679772, 0.779348961946, 0.872273018732, 0.00571426181193, 1.23171813658
0.297566926545, 0.526637424622, 0.00648276318203, 0.947306191951, 0.27219315186, 0.198929980846, 0.219011058348, 0.998380846519, 0.990246997541, 0.443527575701, 0.0547375969897, 0.784266504465, 0.769186259588, 0.813579521449, 0.108074856417, 1.30272222194, 0.0133117839922, 1.42150927983, 0.974729394749
0.031274805029, 0.239366927064, 0.00648276318203, 0.249869481691, 0.679495621217, 0.254006100636, 0.0655735524355, 0.918152416785, 0.864560310941, 0.852966488984, 0.13048719486, 0.189890203261, 0.382294369122, 0.505140744007, 1.68266139742, 0.696577042257, 0.0185455433268, 0.718985508759, 0.0962679650101
