0.105064826731, 0.992800909701, 0.925059442673, 0.812356345452, 0.75327271223, 0.200180298358, 0.871082775212, 0.783740761844, 0.968912384748, 0.12399265183, 0.0121817628403, 0.573616302832, 0.119770779197, 0.960779818844, 0.000888154943343, 0.00292547786522, 0.0258518937315, 2.3019313418, 0.383411847146
0.00133458271324, 0.919284010177, 0.80411429433, 0.99809984734, 0.872318445578, 0.857661551069, 0.219011058348, 0.799262334136, 0.990246997541, 0.443527575701, 0.0889923799255, 0.784021024278, 0.737172649575, 0.399003078704, 0.000227999024293, 0.0763876813595, 0.240372971265, 1.97861820337, 0.00418146154308
0.185255611954, 0.350969984156, 0.109022426702, 0.988910494484, 0.995954798242, 0.0986954913761, 0.681854162203, 0.30186425114, 0.193092933868, 0.0639484753518, 0.837067631993, 0.827835243688, 0.868836389362, 0.999385695608, 0.0331971209633, 1.90556792032, 0.329610393193, 1.18930572848, 0.680030760257
0.999261590928, 0.949933151033, 0.42470870549, 0.901297826258, 0.784474865308, 0.44425340836, 0.986223191796, 0.958711750595, 0.42721730424, 0.125379318162, 0.284056949283, 0.220846854322, 0.913700056804, 0.586437411766, 2.18846989526e-05, 0.000140021432434, 0.000111618996023, 0.00228911146664, 1.97967678128
0.999261590928, 0.949933151033, 0.42470870549, 0.901297826258, 0.784474865308, 0.44425340836, 0.986223191796, 0.958711750595, 0.42721730424, 0.125379318162, 0.284056949283, 0.220846854322, 0.913700056804, 0.586437411766, 2.18846989526e-05, 0.000140021432434, 0.000111618996023, 0.00228911146664, 1.97967678128
0.031274805029, 0.239366927064, 0.00648276318203, 0.249869481691, 0.679495621217, 0.959620490028, 0.0655735524355, 0.706840220301, 0.27255153349, 0.322727176231, 0.590598682011, 0.603445043806, 0.719569921965, 0.505140744007, 1.39503117317, 0.57750578337, 0.0153754113002, 0.596083798746, 0.0798121430567
0.0193390741061, 0.00139748939524, 0.936025100635, 0.288543371513, 0.364608355559, 0.465314455264, 0.830687869289, 0.838760119679, 0.280791533264, 0.945635632834, 0.922629945688, 0.0625097118104, 0.981946784651, 0.949921546986, 0.206897750109, 0.100771808685, 2.28236889581, 0.00503560328878, 0.0697063965795
0.981653260247, 0.955162882346, 0.978029623357, 0.0647472309962, 0.0118438717653, 0.504718102149, 0.537794135466, 0.783740761844, 0.277359316105, 0.928311595018, 0.308583377423, 0.304821041587, 0.737172649575, 0.17751025967, 0.000124471300212, 1.27031478637e-05, 0.00362401013928, 0.051401003185, 1.78751867199
0.167096251374, 0.075228117835, 0.305851167334, 0.558799107301, 0.0179976565388, 0.76432603391, 0.32713165744, 0.918152416785, 0.864560310941, 0.65698368943, 0.0421363817318, 0.735817506266, 0.863320363726, 0.29396074435, 1.14327189704, 1.37668256526, 0.932613340711, 0.239572513239, 0.545973328443
0.031274805029, 0.239366927064, 0.00648276318203, 0.249869481691, 0.679495621217, 0.959620490028, 0.0655735524355, 0.706840220301, 0.27255153349, 0.322727176231, 0.590598682011, 0.603445043806, 0.719569921965, 0.505140744007, 1.39503117317, 0.57750578337, 0.0153754113002, 0.596083798746, 0.0798121430567
0.0984905413782, 0.0937438625893, 0.895845662801, 0.819433516318, 0.0179976565388, 0.642016104135, 0.681854162203, 0.437101043351, 0.381861565437, 0.583049336846, 0.0398234209772, 0.829829824085, 0.0996691623606, 0.372063320125, 0.0805239336411, 0.276247449381, 1.7430513007, 0.262039206217, 0.278530637188
0.0533276195296, 0.0116837893989, 0.936025100635, 0.401108352934, 0.364608355559, 0.275256173505, 0.923835930344, 0.98248257616, 0.464917682271, 0.945635632834, 0.494417781114, 0.428407277147, 0.981946784651, 0.944501761106, 0.170900432333, 0.12462160458, 2.09768855258, 0.0386981267551, 0.17705176689
0.144165622193, 0.666449404937, 0.112194789372, 0.509758424681, 0.17433003077, 0.287284781113, 0.407814250832, 0.347772149755, 0.0145141332542, 0.241036128135, 0.0893662565894, 0.0766994266589, 0.587181226676, 0.736616142136, 0.633923485709, 0.653661779358, 0.162156247857, 1.60070012174, 0.425951812839
0.167096251374, 0.075228117835, 0.305851167334, 0.800630405122, 0.0179976565388, 0.76432603391, 0.32713165744, 0.918152416785, 0.818900907587, 0.453647698149, 0.0421363817318, 0.784266504465, 0.802607559591, 0.29396074435, 0.533240584427, 1.64669232931, 0.902060206235, 0.231723932381, 0.528086819859
0.372935008503, 0.374415080402, 0.23711511041, 0.710858796766, 0.0184597790205, 0.900751818365, 0.258805223951, 0.377016905868, 0.478945542257, 0.698195491003, 0.520854072516, 0.498316259862, 0.440930504581, 0.687712641775, 0.437602947581, 0.896317214563, 0.389694132528, 0.714103875824, 0.854002418983
0.104558220578, 0.113049432442, 0.213355608557, 0.901297826258, 0.784474865308, 0.44425340836, 0.986223191796, 0.277250053636, 0.42721730424, 0.852966488984, 0.139257167918, 0.0625097118104, 0.624523590771, 0.97054496488, 0.291478701145, 1.86492239838, 0.657393158211, 0.358714436914, 0.336552871456
0.068549396138, 0.0116837893989, 0.393687769788, 0.754124246481, 0.896438317598, 0.690912336071, 0.0584597173303, 0.493516223385, 0.822659595873, 0.516771412849, 0.928390406307, 0.662235118013, 0.719569921965, 0.574204019273, 0.535925785748, 1.3179240475, 1.01226909754, 0.0320493254253, 0.188775747604
0.00412318128644, 0.0278644530765, 0.0999235885617, 0.814896367743, 0.738000134815, 0.865956738461, 0.404758572599, 0.30186425114, 0.228920914829, 0.873469056399, 0.789741865626, 0.441492457438, 0.962788358389, 0.74982196124, 0.513657153628, 1.71653467392, 0.283563410226, 0.0794501740058, 0.0117603841563
0.239312572234, 0.239366927064, 0.463120879096, 0.249869481691, 0.679495621217, 0.865956738461, 0.496617674696, 0.706840220301, 0.790214120538, 0.322727176231, 0.590598682011, 0.538369719335, 0.56333401547, 0.597715172943, 0.804709077694, 0.333128144544, 0.775455238792, 0.460363099281, 0.494814740092
0.349345669968, 0.130778314924, 0.0282818550422, 0.509758424681, 0.848115572095, 0.685150262738, 0.554286603426, 0.866814913357, 0.279860564731, 0.281149901022, 0.946506275748, 0.0272211315717, 0.687920844975, 0.256523742238, 1.10767553474, 1.14216490998, 0.0707296243527, 0.331850131639, 0.994631129491
0.587775783817, 0.0155082507222, 0.463120879096, 0.814896367743, 0.847858468823, 0.813504656208, 0.404758572599, 0.437101043351, 0.228920914829, 0.873469056399, 0.789741865626, 0.441492457438, 0.962788358389, 0.74982196124, 0.23360023211, 0.780643071782, 0.725512923505, 0.0265830268062, 1.4430160983
0.293034132138, 0.246831898249, 0.0301856988564, 0.819433516318, 0.0136603748381, 0.642016104135, 0.681854162203, 0.486360544181, 0.381861565437, 0.0591451863386, 0.386240223022, 0.827835243688, 0.0996691623606, 0.372063320125, 0.416239695235, 1.42796245713, 0.0705784189004, 0.608126924964, 0.797502673935
0.105064826731, 0.742180212773, 0.624507363131, 0.727490247826, 0.349615804661, 0.0986954913761, 0.373617680972, 0.437101043351, 0.869424074636, 0.12399265183, 0.183761820626, 0.349533740148, 0.332404946328, 0.516352581481, 0.146485768681, 0.321049343959, 0.527252256154, 1.48001100378, 0.268190356322
0.372935008503, 0.743548257873, 0.23711511041, 0.710858796766, 0.0184597790205, 0.900751818365, 0.258805223951, 0.12901478972, 0.478945542257, 0.665848290141, 0.520854072516, 0.498316259862, 0.440930504581, 0.687712641775, 0.220978521167, 0.452617729532, 0.196785770273, 1.26897578032, 0.915221407869
0.468081789497, 0.41025528692, 0.554812631444, 0.773891126051, 0.205662616877, 0.911634939092, 0.70137073041, 0.582515345471, 0.853387604092, 0.585857772878, 0.838391717173, 0.697279874073, 0.900075226319, 0.890839331023, 0.252420532398, 0.680562911555, 0.8630065608, 0.847393480451, 1.27578160621
0.0236023906569, 0.926327788136, 0.42470870549, 0.781950243372, 0.781629647701, 0.642016104135, 0.996558982641, 0.326689755082, 0.0568249062214, 0.874503517989, 0.15325401931, 0.541335652851, 0.0996691623606, 0.842639320886, 0.0643094005502, 0.180357913639, 0.150808823244, 2.09678556123, 0.0782967069317
0.014394908121, 0.246831898249, 0.0647918604482, 0.781950243372, 0.282902884991, 0.484550483586, 0.853265249927, 0.420964928217, 0.0985850032841, 0.227271376084, 0.764836845947, 0.541335652851, 0.652033625204, 0.969358812872, 0.534727524143, 1.49966163259, 0.162601840247, 0.653605664529, 0.0390961202267
0.349345669968, 0.130778314924, 0.0282818550422, 0.509758424681, 0.848115572095, 0.685150262738, 0.554286603426, 0.866814913357, 0.279860564731, 0.281149901022, 0.946506275748, 0.0272211315717, 0.687920844975, 0.256523742238, 1.10767553474, 1.14216490998, 0.0707296243527, 0.331850131639, 0.994631129491
0.221696147229, 0.368428103314, 0.624507363131, 0.332244340306, 0.349615804661, 0.0986954913761, 0.373617680972, 0.30186425114, 0.0341192425498, 0.12399265183, 0.183761820626, 0.349533740148, 0.332404946328, 0.516352581481, 0.663354974263, 0.381476696369, 1.14331899049, 0.898857026542, 0.596602700908
0.904647982433, 0.124554380106, 0.00525605833241, 0.921995250307, 0.180851760036, 0.813504656208, 0.531080898222, 0.575925069961, 0.992015284321, 0.238337886806, 0.616748615782, 0.359485507811, 0.490164443939, 0.739961143345, 0.0287747075426, 0.23366244744, 0.00194378028364, 0.0466597475772, 1.59046195121
0.0198396664798, 0.50359337745, 0.118429324553, 0.781950243372, 0.391141581815, 0.484550483586, 0.853265249927, 0.142722962019, 0.770595023574, 0.761822583477, 0.499482874438, 0.541335652851, 0.0137427527519, 0.969358812872, 0.432536997815, 1.21306480593, 0.242383201457, 1.32536046827, 0.0581040369361
0.520765483923, 0.487671270328, 0.554812631444, 0.624015191491, 0.205662616877, 0.287284781113, 0.592573412549, 0.347772149755, 0.920653260694, 0.775752519357, 0.833747328898, 0.697279874073, 0.490164443939, 0.694715306684, 0.283433571617, 0.422771084214, 0.605154073133, 0.760698450174, 1.17126486904
0.104558220578, 0.113049432442, 0.213355608557, 0.901297826258, 0.784474865308, 0.44425340836, 0.986223191796, 0.277250053636, 0.42721730424, 0.852966488984, 0.139257167918, 0.0625097118104, 0.624523590771, 0.97054496488, 0.291478701145, 1.86492239838, 0.657393158211, 0.358714436914, 0.336552871456
0.21327276378, 0.459123175151, 0.588329456915, 0.113116347534, 0.883816290719, 0.200180298358, 0.38868105081, 0.156876032594, 0.492804302247, 0.198422787275, 0.0441287517729, 0.629360803964, 0.0156862853233, 0.228399677822, 0.837541591005, 0.15040282596, 1.1271717821, 1.24166386064, 0.65466452276
0.105064826731, 0.742180212773, 0.624507363131, 0.727490247826, 0.349615804661, 0.0986954913761, 0.373617680972, 0.437101043351, 0.869424074636, 0.12399265183, 0.183761820626, 0.349533740148, 0.332404946328, 0.516352581481, 0.146485768681, 0.321049343959, 0.527252256154, 1.48001100378, 0.268190356322
0.896033173146, 0.265796071618, 0.981078229101, 0.587143387931, 0.428137456013, 0.200180298358, 0.258805223951, 0.678378105429, 0.29400895053, 0.27629406591, 0.673921680064, 0.498316259862, 0.440930504581, 0.687712641775, 0.00359203379426, 0.00473969553592, 0.200028612788, 0.0887701139499, 1.32858722188
0.105064826731, 0.246831898249, 0.624507363131, 0.727490247826, 0.349615804661, 0.0986954913761, 0.373617680972, 0.30186425114, 0.869424074636, 0.12399265183, 0.183761820626, 0.349533740148, 0.362207425806, 0.516352581481, 0.349716066278, 0.766464310228, 1.25874743068, 0.618582505538, 0.272494714248
0.105064826731, 0.992800909701, 0.925059442673, 0.812356345452, 0.75327271223, 0.200180298358, 0.871082775212, 0.783740761844, 0.968912384748, 0.12399265183, 0.0121817628403, 0.573616302832, 0.119770779197, 0.960779818844, 0.000888154943343, 0.00292547786522, 0.0258518937315, 2.3019313418, 0.383411847146
0.031274805029, 0.685570930055, 0.100538398946, 0.249869481691, 0.679495621217, 0.959620490028, 0.0655735524355, 0.706840220301, 0.27255153349, 0.322727176231, 0.590598682011, 0.538369719335, 0.719569921965, 0.505140744007, 0.698208885002, 0.289039898781, 0.120341841106, 1.42120171446, 0.0793589559219
0.904647982433, 0.374415080402, 0.00525605833241, 0.921995250307, 0.800848507947, 0.865956738461, 0.79695059437, 0.473031882992, 0.778732617775, 0.27629406591, 0.682442255251, 0.359485507811, 0.416527520706, 0.739961143345, 0.023649751068, 0.19204569526, 0.00159758078413, 0.129037566005, 1.54120532215
0.239312572234, 0.239366927064, 0.100538398946, 0.286593631534, 0.679495621217, 0.959620490028, 0.532955080303, 0.706840220301, 0.790214120538, 0.322727176231, 0.590598682011, 0.538369719335, 0.56333401547, 0.597715172943, 1.09719613137, 0.530250052474, 0.194065071525, 0.487141792088, 0.523597437798
0.105064826731, 0.246831898249, 0.624507363131, 0.727490247826, 0.349615804661, 0.0986954913761, 0.373617680972, 0.30186425114, 0.869424074636, 0.12399265183, 0.183761820626, 0.349533740148, 0.362207425806, 0.516352581481, 0.349716066278, 0.766464310228, 1.25874743068, 0.618582505538, 0.272494714248
0.0984905413782, 0.0937438625893, 0.630305290465, 0.819433516318, 0.0179976565388, 0.642016104135, 0.681854162203, 0.437101043351, 0.381861565437, 0.583049336846, 0.0398234209772, 0.603445043806, 0.0996691623606, 0.372063320125, 0.256513151431, 0.88000052421, 1.39688633287, 0.247819697562, 0.263416224107
0.297566926545, 0.214283512639, 0.753305031715, 0.559988780129, 0.117036425726, 0.674502791663, 0.0522180819306, 0.637547642085, 0.464917682271, 0.64695906873, 0.219960397426, 0.851135887672, 0.850882539436, 0.234197141719, 0.368364282477, 0.445259948941, 1.4158789323, 0.535108218283, 0.817741407679
0.144165622193, 0.220652122075, 0.500921663822, 0.107159521069, 0.17433003077, 0.0129032083483, 0.407814250832, 0.582515345471, 0.631954819488, 0.341976727523, 0.616542646871, 0.0766994266589, 0.604704713281, 0.424483771548, 1.02745224642, 0.174598828811, 1.04520378995, 0.533103424259, 0.361584231925
0.0773006022383, 0.171374248097, 0.630093436447, 0.249869481691, 0.273174428022, 0.129667476446, 0.0655735524355, 0.189281894154, 0.112512430967, 0.694187292881, 0.0500350375722, 0.385798264739, 0.589308492308, 0.132163834425, 0.980546899245, 0.405920323554, 1.61610981452, 0.533408304366, 0.244735390914
0.105064826731, 0.368428103314, 0.54115052463, 0.332244340306, 0.815856910707, 0.257930550857, 0.817311082003, 0.372583118493, 0.0527657506516, 0.623089843909, 0.797857600808, 0.615718476799, 0.655955214418, 0.684801205712, 0.780004947918, 0.448558799176, 1.0243314556, 0.890777159804, 0.271244499425
0.490960316041, 0.271893496334, 0.366059243122, 0.935064709191, 0.0784272403352, 0.131071060203, 0.817311082003, 0.372583118493, 0.146591719134, 0.623089843909, 0.797857600808, 0.615718476799, 0.655955214418, 0.684801205712, 0.0965586952948, 0.943367517494, 0.614545217621, 0.514272542747, 1.20676749838
0.0198396664798, 0.246831898249, 0.639476775181, 0.830793590331, 0.391141581815, 0.484550483586, 0.853265249927, 0.142722962019, 0.770595023574, 0.874503517989, 0.946506275748, 0.541335652851, 0.0137427527519, 0.969358812872, 0.278520386227, 1.02310824474, 1.66779944236, 0.80712364541, 0.0665502969949
0.760740142651, 0.999256865957, 0.610650675912, 0.935064709191, 0.995788402318, 0.775324030372, 0.345488711052, 0.951935076229, 0.265402649491, 0.443527575701, 0.544341165892, 0.63917684964, 0.737172649575, 0.919228519817, 4.66236181587e-05, 0.000455507469159, 0.000652925313195, 0.683174838264, 1.73138219788
0.144165622193, 0.666449404937, 0.112194789372, 0.509758424681, 0.17433003077, 0.287284781113, 0.407814250832, 0.347772149755, 0.0145141332542, 0.241036128135, 0.0893662565894, 0.0766994266589, 0.587181226676, 0.736616142136, 0.633923485709, 0.653661779358, 0.162156247857, 1.60070012174, 0.425951812839
0.068549396138, 0.0116837893989, 0.393687769788, 0.754124246481, 0.896438317598, 0.690912336071, 0.0584597173303, 0.493516223385, 0.822659595873, 0.516771412849, 0.928390406307, 0.662235118013, 0.719569921965, 0.574204019273, 0.535925785748, 1.3179240475, 1.01226909754, 0.0320493254253, 0.188775747604
0.21327276378, 0.459123175151, 0.380437031877, 0.0980104125796, 0.252929929163, 0.900751818365, 0.817228974582, 0.156876032594, 0.848928226947, 0.539258529156, 0.445541465481, 0.629360803964, 0.20451414137, 0.228399677822, 1.01054818842, 0.156819272721, 0.696014619729, 1.08756180857, 0.57341455683
0.904647982433, 0.374415080402, 0.00525605833241, 0.921995250307, 0.800848507947, 0.865956738461, 0.79695059437, 0.473031882992, 0.778732617775, 0.27629406591, 0.682442255251, 0.359485507811, 0.416527520706, 0.739961143345, 0.023649751068, 0.19204569526, 0.00159758078413, 0.129037566005, 1.54120532215
0.0198396664798, 0.742180212773, 0.0647918604482, 0.781950243372, 0.282902884991, 0.484550483586, 0.853265249927, 0.00136615755341, 0.0985850032841, 0.227271376084, 0.499482874438, 0.541335652851, 0.0137427527519, 0.969358812872, 0.27825857829, 0.780385701051, 0.084613854443, 1.94276061855, 0.0658941685764
0.490960316041, 0.271893496334, 0.54115052463, 0.180118432841, 0.606360746719, 0.484550483586, 0.817311082003, 0.372583118493, 0.0440542671649, 0.623089843909, 0.797857600808, 0.615718476799, 0.655955214418, 0.169649601781, 0.656420523476, 0.190840222334, 0.778221828161, 0.471407665143, 1.10618281455
0.0198396664798, 0.926327788136, 0.42470870549, 0.624015191491, 0.145444166408, 0.484550483586, 0.853265249927, 0.326689755082, 0.631954819488, 0.874503517989, 0.499482874438, 0.541335652851, 0.0137427527519, 0.842639320886, 0.0905754133318, 0.135102787856, 0.128106275682, 1.78113841999, 0.0558993946321
0.297566926545, 0.484674414699, 0.753305031715, 0.440719776889, 0.133879648618, 0.0472050796903, 0.0522180819306, 0.637547642085, 0.375840127671, 0.64695906873, 0.145269838549, 0.407328615629, 0.530917721318, 0.825997359982, 0.34537530228, 0.286377646261, 1.09926932973, 1.1314718525, 0.827790863248
0.144165622193, 0.220652122075, 0.500921663822, 0.702925564614, 0.17433003077, 0.287284781113, 0.407814250832, 0.156876032594, 0.631954819488, 0.341976727523, 0.214592812473, 0.0524160502609, 0.604704713281, 0.946078382123, 0.527450773345, 1.04704783436, 1.17579606029, 0.5997116658, 0.406762125672
0.0198396664798, 0.50359337745, 0.118429324553, 0.781950243372, 0.391141581815, 0.484550483586, 0.853265249927, 0.142722962019, 0.770595023574, 0.761822583477, 0.499482874438, 0.541335652851, 0.0137427527519, 0.969358812872, 0.432536997815, 1.21306480593, 0.242383201457, 1.32536046827, 0.0581040369361
0.587775783817, 0.0155082507222, 0.463120879096, 0.814896367743, 0.847858468823, 0.813504656208, 0.404758572599, 0.437101043351, 0.228920914829, 0.873469056399, 0.789741865626, 0.441492457438, 0.962788358389, 0.74982196124, 0.23360023211, 0.780643071782, 0.725512923505, 0.0265830268062, 1.4430160983
0.151110730214, 0.50359337745, 0.380437031877, 0.13331433019, 0.47714463888, 0.900751818365, 0.817228974582, 0.156876032594, 0.619102230998, 0.539258529156, 0.798771499851, 0.629360803964, 0.719569921965, 0.228399677822, 0.89699847759, 0.190634927209, 0.624135111998, 1.12186945414, 0.38168068829
0.21327276378, 0.459123175151, 0.588329456915, 0.113116347534, 0.883816290719, 0.200180298358, 0.38868105081, 0.156876032594, 0.492804302247, 0.198422787275, 0.0441287517729, 0.629360803964, 0.0156862853233, 0.228399677822, 0.837541591005, 0.15040282596, 1.1271717821, 1.24166386064, 0.65466452276
0.00412318128644, 0.0278644530765, 0.0999235885617, 0.814896367743, 0.738000134815, 0.865956738461, 0.404758572599, 0.30186425114, 0.228920914829, 0.873469056399, 0.789741865626, 0.441492457438, 0.962788358389, 0.74982196124, 0.513657153628, 1.71653467392, 0.283563410226, 0.0794501740058, 0.0117603841563
0.0533276195296, 0.362117230256, 0.96501269699, 0.530726868183, 0.364608355559, 0.42753345425, 0.817228974582, 0.808963967004, 0.63386208214, 0.539258529156, 0.922629945688, 0.318686475852, 0.981946784651, 0.903518028959, 0.0572166091839, 0.0630246423262, 1.54730757391, 0.990680698833, 0.154429839088
0.239312572234, 0.239366927064, 0.463120879096, 0.249869481691, 0.679495621217, 0.865956738461, 0.496617674696, 0.706840220301, 0.790214120538, 0.322727176231, 0.590598682011, 0.538369719335, 0.56333401547, 0.597715172943, 0.804709077694, 0.333128144544, 0.775455238792, 0.460363099281, 0.494814740092
0.0236023906569, 0.926327788136, 0.42470870549, 0.781950243372, 0.781629647701, 0.642016104135, 0.996558982641, 0.326689755082, 0.0568249062214, 0.874503517989, 0.15325401931, 0.541335652851, 0.0996691623606, 0.842639320886, 0.0643094005502, 0.180357913639, 0.150808823244, 2.09678556123, 0.0782967069317
0.711978340385, 0.372883020525, 0.143267280179, 0.0160034733976, 0.360102656354, 0.533859739255, 0.342004155127, 0.753575601059, 0.189606984397, 0.824692500113, 0.462195884893, 0.597351178811, 0.589578561034, 0.782899848164, 0.500777458246, 0.0125912948929, 0.114674897207, 0.340906571682, 1.2687817995
0.105064826731, 0.992800909701, 0.73891829082, 0.586113434156, 0.598378645358, 0.323653092419, 0.871082775212, 0.710931524578, 0.839830954393, 0.12399265183, 0.41375947134, 0.573616302832, 0.119770779197, 0.960779818844, 0.00497896841196, 0.00654772543716, 0.0189203014672, 1.82433896559, 0.303863612226
0.247113753416, 0.992800909701, 0.970134021584, 0.710858796766, 0.198081013514, 0.323653092419, 0.181269819768, 0.783740761844, 0.839830954393, 0.698195491003, 0.41375947134, 0.785525455923, 0.0381388830313, 0.383204459107, 0.00038225508674, 0.000782951340921, 0.0185585133455, 1.64287779487, 0.671835262299
0.167096251374, 0.075228117835, 0.305851167334, 0.800630405122, 0.0179976565388, 0.76432603391, 0.32713165744, 0.918152416785, 0.818900907587, 0.453647698149, 0.0421363817318, 0.784266504465, 0.802607559591, 0.29396074435, 0.533240584427, 1.64669232931, 0.902060206235, 0.231723932381, 0.528086819859
0.00133458271324, 0.919284010177, 0.80411429433, 0.99809984734, 0.872318445578, 0.857661551069, 0.219011058348, 0.799262334136, 0.990246997541, 0.443527575701, 0.0889923799255, 0.784021024278, 0.737172649575, 0.399003078704, 0.000227999024293, 0.0763876813595, 0.240372971265, 1.97861820337, 0.00418146154308
0.0198396664798, 0.459123175151, 0.0301856988564, 0.819433516318, 0.0179976565388, 0.790710007314, 0.681854162203, 0.486360544181, 0.381861565437, 0.123837537322, 0.0398234209772, 0.827835243688, 0.0137427527519, 0.372063320125, 0.435947021692, 1.49557091118, 0.0739200318171, 1.37112951551, 0.0647360889781
0.490960316041, 0.271893496334, 0.54115052463, 0.180118432841, 0.606360746719, 0.484550483586, 0.817311082003, 0.372583118493, 0.0440542671649, 0.623089843909, 0.797857600808, 0.615718476799, 0.655955214418, 0.169649601781, 0.656420523476, 0.190840222334, 0.778221828161, 0.471407665143, 1.10618281455
0.293034132138, 0.246831898249, 0.0301856988564, 0.819433516318, 0.0136603748381, 0.642016104135, 0.681854162203, 0.486360544181, 0.381861565437, 0.0591451863386, 0.386240223022, 0.827835243688, 0.0996691623606, 0.372063320125, 0.416239695235, 1.42796245713, 0.0705784189004, 0.608126924964, 0.797502673935
0.0533276195296, 0.0116837893989, 0.936025100635, 0.401108352934, 0.364608355559, 0.275256173505, 0.923835930344, 0.98248257616, 0.464917682271, 0.945635632834, 0.494417781114, 0.428407277147, 0.981946784651, 0.944501761106, 0.170900432333, 0.12462160458, 2.09768855258, 0.0386981267551, 0.17705176689
0.0193390741061, 0.0116837893989, 0.936025100635, 0.288543371513, 0.364608355559, 0.465314455264, 0.830687869289, 0.838760119679, 0.464917682271, 0.945635632834, 0.927516381894, 0.0625097118104, 0.981946784651, 0.903518028959, 0.199447890932, 0.0971432734138, 2.20018662532, 0.0405890096538, 0.0672076038549
0.0773006022383, 0.171374248097, 0.630093436447, 0.893545658001, 0.273174428022, 0.129667476446, 0.681378586991, 0.00312156164775, 0.112512430967, 0.0591451863386, 0.713073229112, 0.385798264739, 0.236962945939, 0.903615733016, 0.183881274252, 1.08938083314, 1.68242146111, 0.555294925344, 0.254777286957
0.490960316041, 0.271893496334, 0.624507363131, 0.613585560673, 0.349615804661, 0.0986954913761, 0.373617680972, 0.30186425114, 0.0341192425498, 0.12399265183, 0.183761820626, 0.349533740148, 0.332404946328, 0.516352581481, 0.362011954308, 0.521307542382, 0.948271100646, 0.519302465197, 1.21857047526
0.266696445564, 0.484674414699, 0.366059243122, 0.033835254291, 0.953903481621, 0.481744564053, 0.0522180819306, 0.217503331819, 0.30773553505, 0.64695906873, 0.145269838549, 0.629360803964, 0.530917721318, 0.840610094775, 1.0001915614, 0.0532085839127, 0.649092590216, 1.13741431387, 0.734145688094
0.297566926545, 0.133605791637, 0.753305031715, 0.440719776889, 0.133879648618, 0.0472050796903, 0.0522180819306, 0.637547642085, 0.30773553505, 0.638320109236, 0.145269838549, 0.407328615629, 0.530917721318, 0.825997359982, 0.471468137067, 0.390931066839, 1.50060082351, 0.345231455434, 0.836390414723
0.135513929058, 0.360405708745, 0.393687769788, 0.0738926692406, 0.896438317598, 0.690912336071, 0.149857398526, 0.493516223385, 0.822659595873, 0.656490202813, 0.928390406307, 0.662235118013, 0.719569921965, 0.574204019273, 1.1406014969, 0.132987751076, 0.817036929189, 0.895647446944, 0.360919555199
0.167096251374, 0.075228117835, 0.305851167334, 0.558799107301, 0.0179976565388, 0.76432603391, 0.32713165744, 0.918152416785, 0.864560310941, 0.65698368943, 0.0421363817318, 0.735817506266, 0.863320363726, 0.29396074435, 1.14327189704, 1.37668256526, 0.932613340711, 0.239572513239, 0.545973328443
0.0773006022383, 0.171374248097, 0.630093436447, 0.286593631534, 0.273174428022, 0.129667476446, 0.35461487011, 0.437101043351, 0.112512430967, 0.694187292881, 0.0174993935709, 0.107407137173, 0.589308492308, 0.132163834425, 0.91354082127, 0.441493598605, 1.54512024923, 0.50997770373, 0.233985094829
0.468081789497, 0.41025528692, 0.554812631444, 0.773891126051, 0.205662616877, 0.911634939092, 0.70137073041, 0.582515345471, 0.853387604092, 0.585857772878, 0.838391717173, 0.697279874073, 0.900075226319, 0.890839331023, 0.252420532398, 0.680562911555, 0.8630065608, 0.847393480451, 1.27578160621
0.520765483923, 0.487671270328, 0.554812631444, 0.624015191491, 0.205662616877, 0.287284781113, 0.592573412549, 0.347772149755, 0.920653260694, 0.775752519357, 0.833747328898, 0.697279874073, 0.490164443939, 0.694715306684, 0.283433571617, 0.422771084214, 0.605154073133, 0.760698450174, 1.17126486904
0.981653260247, 0.955162882346, 0.978029623357, 0.0647472309962, 0.0118438717653, 0.504718102149, 0.537794135466, 0.783740761844, 0.277359316105, 0.928311595018, 0.308583377423, 0.304821041587, 0.737172649575, 0.17751025967, 0.000124471300212, 1.27031478637e-05, 0.00362401013928, 0.051401003185, 1.78751867199
0.185255611954, 0.350969984156, 0.109022426702, 0.988910494484, 0.995954798242, 0.0986954913761, 0.681854162203, 0.30186425114, 0.193092933868, 0.0639484753518, 0.837067631993, 0.827835243688, 0.868836389362, 0.999385695608, 0.0331971209633, 1.90556792032, 0.329610393193, 1.18930572848, 0.680030760257
0.104558220578, 0.615471182492, 0.143267280179, 0.941690842384, 0.340405518954, 0.0560860069467, 0.70137073041, 0.921582032947, 0.478945542257, 0.638320109236, 0.673921680064, 0.648339316517, 0.377855812521, 0.324694085808, 0.0778457525809, 0.847542438622, 0.194837262696, 1.26530995954, 0.254784297476
0.0483457808865, 0.666449404937, 0.630093436447, 0.0842336495217, 0.17433003077, 0.490147491011, 0.407814250832, 0.575925069961, 0.631954819488, 0.215780529741, 0.461285071887, 0.000854971845702, 0.604704713281, 0.946078382123, 0.455782873375, 0.0606608224225, 0.7002053903, 1.44975897157, 0.127398769081
0.297566926545, 0.133605791637, 0.753305031715, 0.440719776889, 0.133879648618, 0.0472050796903, 0.0522180819306, 0.637547642085, 0.30773553505, 0.638320109236, 0.145269838549, 0.407328615629, 0.530917721318, 0.825997359982, 0.471468137067, 0.390931066839, 1.50060082351, 0.345231455434, 0.836390414723
0.266696445564, 0.484674414699, 0.366059243122, 0.033835254291, 0.953903481621, 0.481744564053, 0.0522180819306, 0.217503331819, 0.30773553505, 0.64695906873, 0.145269838549, 0.629360803964, 0.530917721318, 0.840610094775, 1.0001915614, 0.0532085839127, 0.649092590216, 1.13741431387, 0.734145688094
