0.897261817495, 0.269106468496, 0.665351251681, 0.658684395628, 0.295879991067, 0.206252301794, 0.180355110935, 0.18852788154, 0.403336283202, 0.917189436912, 0.198012397682, 0.213576823988, 0.298434464485, 0.188944638614, 11.2550532177, 18.9418073315, 37.9814164812, 19.7518146491, 295.75323457
0.887167729186, 0.776540940294, 0.0603831984734, 0.780569999831, 0.296258907911, 0.205531607523, 0.369759780919, 0.0951604007782, 0.403517987605, 0.998843259033, 0.198012397799, 0.210004845685, 0.295507455369, 0.294427544327, 5.34130438414, 14.8778263012, 1.50385581223, 43.3647125565, 257.824619737
0.887167729186, 0.777775230742, 0.0603831984734, 0.711603609806, 0.296258907911, 0.205531607523, 0.35976860109, 0.0951604007782, 0.40359054929, 0.998927119313, 0.198012397799, 0.210004845685, 0.295507607514, 0.294427544327, 8.18921963298, 16.8234081671, 1.78004586446, 51.6387009723, 306.800331258
0.92473616002, 0.268679774987, 0.0494359938346, 0.711557237748, 0.296268736087, 0.205531607523, 0.393072818176, 0.0951604007782, 0.403635076684, 0.998843259033, 0.198012397799, 0.210032774876, 0.295507607514, 0.295416787184, 6.41565988349, 13.17748144, 1.14041060506, 6.60090233529, 135.669523845
0.163116727796, 0.748643558543, 0.667546550775, 0.611730663555, 0.296391855248, 0.205531607523, 0.39307279223, 0.0951604007782, 0.403674197193, 0.985247623149, 0.198012397799, 0.210764348885, 0.295535171885, 0.295416787184, 18.876876267, 27.0148909586, 57.2652299045, 158.554413394, 45.0005680926
0.163116727796, 0.268197094086, 0.667546367327, 0.709790918371, 0.296268493248, 0.205531607523, 0.391954808112, 0.0951604007782, 0.39651175142, 0.998927348578, 0.198012397799, 0.199298510938, 0.295507607514, 0.295416787184, 23.5043549713, 47.9385005376, 92.7710205355, 47.9648008759, 30.7285815154
0.163116727796, 0.268197094086, 0.667546367327, 0.709790918371, 0.296268493248, 0.205531607523, 0.391954808112, 0.0951604007782, 0.39651175142, 0.998927348578, 0.198012397799, 0.199298510938, 0.295507607514, 0.295416787184, 23.5043549713, 47.9385005376, 92.7710205355, 47.9648008759, 30.7285815154
0.163116727796, 0.268197094086, 0.667546367327, 0.709790918371, 0.296268493248, 0.205531607523, 0.391954808112, 0.0951604007782, 0.39651175142, 0.998927348578, 0.198012397799, 0.199298510938, 0.295507607514, 0.295416787184, 23.5043549713, 47.9385005376, 92.7710205355, 47.9648008759, 30.7285815154
0.163116727796, 0.268212898876, 0.829307607669, 0.712352272013, 0.296068460748, 0.205531607523, 0.393168588632, 0.0951604007782, 0.403522632465, 0.99934770651, 0.198012397799, 0.191623173937, 0.297180783801, 0.295416787184, 13.207591507, 27.2141082568, 110.103878864, 51.1705152808, 32.7805018134
0.163116727796, 0.268212898876, 0.829307607669, 0.712352272013, 0.296068460748, 0.205531607523, 0.393168588632, 0.0951604007782, 0.403522632465, 0.99934770651, 0.198012397799, 0.191623173937, 0.297180783801, 0.295416787184, 13.207591507, 27.2141082568, 110.103878864, 51.1705152808, 32.7805018134
0.163116727796, 0.268416867328, 0.720362903822, 0.709790918371, 0.296268493244, 0.205531607523, 0.391954808112, 0.0951604007782, 0.39651175142, 0.998927348578, 0.198012397799, 0.199270549876, 0.295507607514, 0.295416787184, 20.037547071, 40.8677439652, 96.8690069418, 48.0055406977, 30.7310085479
0.163110574195, 0.777846266476, 0.667546367327, 0.711714603807, 0.29625949731, 0.199902957183, 0.392166536686, 0.0951604007782, 0.403200321482, 0.998842044577, 0.198012397799, 0.199298510938, 0.295507607514, 0.295416787184, 8.26487078067, 16.9863460326, 32.8236506064, 104.085407245, 29.0161950905
0.163116727796, 0.269331188656, 0.667546367327, 0.709790918371, 0.296268511185, 0.205531607523, 0.391954808112, 0.0951604007782, 0.396448587915, 0.998927925164, 0.198012397799, 0.199559700823, 0.295507607514, 0.295416787184, 23.4881880624, 47.9055271855, 92.7072102059, 48.1608042996, 30.732027152
0.163116727796, 0.269331188656, 0.667546367327, 0.709790918371, 0.296268511185, 0.205531607523, 0.391954808112, 0.0951604007782, 0.396448587915, 0.998927925164, 0.198012397799, 0.199559700823, 0.295507607514, 0.295416787184, 23.4881880624, 47.9055271855, 92.7072102059, 48.1608042996, 30.732027152
0.163116727796, 0.269331188656, 0.667546367327, 0.709790918371, 0.296268511185, 0.205531607523, 0.391954808112, 0.0951604007782, 0.396448587915, 0.998927925164, 0.198012397799, 0.199559700823, 0.295507607514, 0.295416787184, 23.4881880624, 47.9055271855, 92.7072102059, 48.1608042996, 30.732027152
0.163116727796, 0.269331188656, 0.667546367327, 0.709790918371, 0.296268511185, 0.205531607523, 0.391954808112, 0.0951604007782, 0.396448587915, 0.998927925164, 0.198012397799, 0.199559700823, 0.295507607514, 0.295416787184, 23.4881880624, 47.9055271855, 92.7072102059, 48.1608042996, 30.732027152
0.163116727796, 0.138312827775, 0.0499306754592, 0.709790918371, 0.296268524455, 0.205531607523, 0.391954808112, 0.0951604007782, 0.39651175142, 0.998927348578, 0.198012397799, 0.199270549876, 0.295507607514, 0.295416787184, 50.2714094473, 102.53146669, 8.97462906824, 25.2852005902, 30.73099668
0.163116727796, 0.138312827775, 0.0499306754592, 0.709790918371, 0.296268524455, 0.205531607523, 0.391954808112, 0.0951604007782, 0.39651175142, 0.998927348578, 0.198012397799, 0.199270549876, 0.295507607514, 0.295416787184, 50.2714094473, 102.53146669, 8.97462906824, 25.2852005902, 30.73099668
0.163116727796, 0.138312827775, 0.0499306754592, 0.709790918371, 0.296268524455, 0.205531607523, 0.391954808112, 0.0951604007782, 0.39651175142, 0.998927348578, 0.198012397799, 0.199270549876, 0.295507607514, 0.295416787184, 50.2714094473, 102.53146669, 8.97462906824, 25.2852005902, 30.73099668
0.163116727796, 0.138312827775, 0.0499306754592, 0.709790918371, 0.296268524455, 0.205531607523, 0.391954808112, 0.0951604007782, 0.39651175142, 0.998927348578, 0.198012397799, 0.199270549876, 0.295507607514, 0.295416787184, 50.2714094473, 102.53146669, 8.97462906824, 25.2852005902, 30.73099668
0.163116727796, 0.255179193456, 0.0499306754592, 0.712378152922, 0.296070630715, 0.205531607523, 0.391954808112, 0.0951604007782, 0.396418068926, 0.998927348578, 0.198012397799, 0.199331404169, 0.295528882021, 0.295416787184, 47.1540948937, 97.1705905796, 8.48854487207, 45.912289299, 30.8266873965
0.163116727796, 0.255179193456, 0.0499306754592, 0.712378152922, 0.296070630715, 0.205531607523, 0.391954808112, 0.0951604007782, 0.396418068926, 0.998927348578, 0.198012397799, 0.199331404169, 0.295528882021, 0.295416787184, 47.1540948937, 97.1705905796, 8.48854487207, 45.912289299, 30.8266873965
0.163110574195, 0.777846266476, 0.667546367327, 0.711714603807, 0.29625949731, 0.205534620007, 0.392159220861, 0.0951604007782, 0.403463258573, 0.998923949114, 0.198012397799, 0.199298510938, 0.295507607514, 0.295416787184, 8.69662314901, 17.8737035392, 34.538340317, 109.522772484, 30.5319853893
0.163110574195, 0.777846266476, 0.667546367327, 0.711714603807, 0.29625949731, 0.205534620007, 0.392159220861, 0.0951604007782, 0.403463258573, 0.998923949114, 0.198012397799, 0.199298510938, 0.295507607514, 0.295416787184, 8.69662314901, 17.8737035392, 34.538340317, 109.522772484, 30.5319853893
0.163110574195, 0.777846266476, 0.667546367327, 0.711714603807, 0.29625949731, 0.205534620007, 0.392159220861, 0.0951604007782, 0.403463258573, 0.998923949114, 0.198012397799, 0.199298510938, 0.295507607514, 0.295416787184, 8.69662314901, 17.8737035392, 34.538340317, 109.522772484, 30.5319853893
0.92473616002, 0.740217246057, 0.0493315029464, 0.711473430701, 0.296268736087, 0.205531607523, 0.393072818176, 0.0951604007782, 0.403640352071, 0.998843259033, 0.198012397799, 0.191291056205, 0.295507607514, 0.295416787184, 2.72034674739, 5.58560340395, 0.482396503089, 14.4137075885, 132.205272825
0.92473616002, 0.740217246057, 0.0493315029464, 0.711473430701, 0.296268736087, 0.205531607523, 0.393072818176, 0.0951604007782, 0.403640352071, 0.998843259033, 0.198012397799, 0.191291056205, 0.295507607514, 0.295416787184, 2.72034674739, 5.58560340395, 0.482396503089, 14.4137075885, 132.205272825
0.92473616002, 0.740217246057, 0.0493315029464, 0.711473430701, 0.296268736087, 0.205531607523, 0.393072818176, 0.0951604007782, 0.403640352071, 0.998843259033, 0.198012397799, 0.191291056205, 0.295507607514, 0.295416787184, 2.72034674739, 5.58560340395, 0.482396503089, 14.4137075885, 132.205272825
0.92473616002, 0.740217246057, 0.0493315029464, 0.711473430701, 0.296268736087, 0.205531607523, 0.393072818176, 0.0951604007782, 0.403640352071, 0.998843259033, 0.198012397799, 0.191291056205, 0.295507607514, 0.295416787184, 2.72034674739, 5.58560340395, 0.482396503089, 14.4137075885, 132.205272825
0.92473616002, 0.740217246057, 0.0493315029464, 0.711473430701, 0.296268736087, 0.205531607523, 0.393072818176, 0.0951604007782, 0.403640352071, 0.998843259033, 0.198012397799, 0.191291056205, 0.295507607514, 0.295416787184, 2.72034674739, 5.58560340395, 0.482396503089, 14.4137075885, 132.205272825
0.92473616002, 0.740217246057, 0.0493315029464, 0.711473430701, 0.296268736087, 0.205531607523, 0.393072818176, 0.0951604007782, 0.403640352071, 0.998843259033, 0.198012397799, 0.191291056205, 0.295507607514, 0.295416787184, 2.72034674739, 5.58560340395, 0.482396503089, 14.4137075885, 132.205272825
0.163116727796, 0.268196528968, 0.0432606274364, 0.75318806477, 0.29606757954, 0.205531607523, 0.391954807869, 0.0951604007782, 0.403512774058, 0.998843411569, 0.198012397799, 0.191623173937, 0.295507607514, 0.295416787184, 45.0791802996, 110.391146938, 8.11533227918, 53.5566920814, 34.3110866376
0.163116727796, 0.268196528968, 0.667546367327, 0.754830223904, 0.296067194257, 0.205531607523, 0.391946910351, 0.0951604007782, 0.396528787073, 0.998843411569, 0.198012397799, 0.199613850467, 0.295507607514, 0.295416787184, 20.098602201, 49.583063158, 92.9641269416, 48.0645270997, 30.7925319772
0.163110574195, 0.777846266476, 0.618865935889, 0.711714603807, 0.29625949731, 0.205534620007, 0.392159220861, 0.0951604007782, 0.403463258573, 0.998923949114, 0.198012397799, 0.199298510938, 0.295507607514, 0.295416787184, 9.82559135916, 20.1940114045, 32.9189480709, 109.522772484, 30.5319853893
0.161230607012, 0.268679774987, 0.049932105713, 0.711557237748, 0.296268524637, 0.205531607523, 0.393072818176, 0.0951604007782, 0.396407732475, 0.998843259033, 0.198012397799, 0.19926572685, 0.295507607514, 0.295416787184, 45.5665273197, 93.5916303147, 8.18125854477, 46.8850489079, 29.6240096819
0.161230607012, 0.268679774987, 0.049932105713, 0.711557237748, 0.296268524637, 0.205531607523, 0.393072818176, 0.0951604007782, 0.396407732475, 0.998843259033, 0.198012397799, 0.19926572685, 0.295507607514, 0.295416787184, 45.5665273197, 93.5916303147, 8.18125854477, 46.8850489079, 29.6240096819
0.127891204027, 0.776540940294, 0.0696662769622, 0.709755795326, 0.296268203362, 0.205531607523, 0.412284485393, 0.0951604007782, 0.403717341741, 0.998843259033, 0.198012397799, 0.199220883394, 0.295534512477, 0.295455158598, 20.1726064663, 41.1374635363, 5.03396772178, 125.878040757, 27.2979914486
0.163116500107, 0.270361148516, 0.667546367327, 0.709790918371, 0.296268845928, 0.205531607523, 0.391954808112, 0.0951604007782, 0.396448587915, 0.998927925164, 0.198012397799, 0.199284194215, 0.295507607514, 0.295416787184, 23.4863243277, 47.9017259901, 92.6998540981, 48.3652529427, 30.7519851799
0.161207226685, 0.0741351528923, 0.0602417742575, 0.711557237748, 0.296268458624, 0.205531607523, 0.393072818176, 0.0951604007782, 0.396407732475, 0.99884141082, 0.198012397799, 0.209678631528, 0.295507607514, 0.295416787184, 56.7520516572, 116.566202226, 12.3049762464, 15.2343847929, 33.9305844819
0.161207226685, 0.0741351528923, 0.0602417742575, 0.711557237748, 0.296268458624, 0.205531607523, 0.393072818176, 0.0951604007782, 0.396407732475, 0.99884141082, 0.198012397799, 0.209678631528, 0.295507607514, 0.295416787184, 56.7520516572, 116.566202226, 12.3049762464, 15.2343847929, 33.9305844819
0.163116727796, 0.206143681481, 0.0499306754592, 0.709790918371, 0.296268524455, 0.205531607523, 0.391954808112, 0.0951604007782, 0.39651175142, 0.99989724211, 0.198012397799, 0.199270549876, 0.295507607514, 0.295416787184, 48.7546253057, 99.4378971165, 8.70384742122, 37.2838599774, 30.6985400502
0.163116727796, 0.206143681481, 0.0499306754592, 0.709790918371, 0.296268524455, 0.205531607523, 0.391954808112, 0.0951604007782, 0.39651175142, 0.99989724211, 0.198012397799, 0.199270549876, 0.295507607514, 0.295416787184, 48.7546253057, 99.4378971165, 8.70384742122, 37.2838599774, 30.6985400502
0.163116727796, 0.206143681481, 0.0499306754592, 0.709790918371, 0.296268524455, 0.205531607523, 0.391954808112, 0.0951604007782, 0.39651175142, 0.99989724211, 0.198012397799, 0.199270549876, 0.295507607514, 0.295416787184, 48.7546253057, 99.4378971165, 8.70384742122, 37.2838599774, 30.6985400502
0.163116727796, 0.206143681481, 0.0499306754592, 0.709790918371, 0.296268524455, 0.205531607523, 0.391954808112, 0.0951604007782, 0.39651175142, 0.99989724211, 0.198012397799, 0.199270549876, 0.295507607514, 0.295416787184, 48.7546253057, 99.4378971165, 8.70384742122, 37.2838599774, 30.6985400502
0.142973819714, 0.777846266476, 0.0411295641361, 0.711473045517, 0.203783990117, 0.205531654168, 0.392159220861, 0.0951604007782, 0.403463258573, 0.998923949114, 0.198012397799, 0.199298510938, 0.295507607514, 0.295416787184, 18.229542688, 37.4300957356, 2.69351394663, 114.66395874, 27.8733546592
0.142973819714, 0.777846266476, 0.0411295641361, 0.711473045517, 0.203783990117, 0.205531654168, 0.392159220861, 0.0951604007782, 0.403463258573, 0.998923949114, 0.198012397799, 0.199298510938, 0.295507607514, 0.295416787184, 18.229542688, 37.4300957356, 2.69351394663, 114.66395874, 27.8733546592
0.142973819714, 0.777846266476, 0.0411295641361, 0.711473045517, 0.203783990117, 0.205531654168, 0.392159220861, 0.0951604007782, 0.403463258573, 0.998923949114, 0.198012397799, 0.199298510938, 0.295507607514, 0.295416787184, 18.229542688, 37.4300957356, 2.69351394663, 114.66395874, 27.8733546592
0.142973819714, 0.777846266476, 0.0411295641361, 0.711473045517, 0.203783990117, 0.205531654168, 0.392159220861, 0.0951604007782, 0.403463258573, 0.998923949114, 0.198012397799, 0.199298510938, 0.295507607514, 0.295416787184, 18.229542688, 37.4300957356, 2.69351394663, 114.66395874, 27.8733546592
0.16311063609, 0.777846266476, 0.667546367327, 0.709724384563, 0.29625949731, 0.205534620007, 0.392159220861, 0.0951604007782, 0.403463258573, 0.998923949114, 0.198012397799, 0.199301875863, 0.295507607514, 0.295416787184, 8.75237541511, 17.8462605137, 34.5380150088, 109.521740916, 30.5317099249
0.16311063609, 0.777846266476, 0.667546367327, 0.709724384563, 0.29625949731, 0.205534620007, 0.392159220861, 0.0951604007782, 0.403463258573, 0.998923949114, 0.198012397799, 0.199301875863, 0.295507607514, 0.295416787184, 8.75237541511, 17.8462605137, 34.5380150088, 109.521740916, 30.5317099249
0.163116727796, 0.268197094086, 0.667546367327, 0.709790918371, 0.296268493248, 0.205531607523, 0.391954808112, 0.0951604007782, 0.39651175142, 0.998927348578, 0.198012397799, 0.199298510938, 0.295507607514, 0.295416787184, 23.5043549713, 47.9385005376, 92.7710205355, 47.9648008759, 30.7285815154
0.163116727796, 0.268197094086, 0.667546367327, 0.709790918371, 0.296268493248, 0.205531607523, 0.391954808112, 0.0951604007782, 0.39651175142, 0.998927348578, 0.198012397799, 0.199298510938, 0.295507607514, 0.295416787184, 23.5043549713, 47.9385005376, 92.7710205355, 47.9648008759, 30.7285815154
0.163126444136, 0.075049251953, 0.667546367327, 0.709790918371, 0.296268456182, 0.207620961356, 0.391954808112, 0.0951604007782, 0.39651175142, 0.998842044577, 0.198012397799, 0.199298510938, 0.295507607514, 0.295416787184, 26.668937379, 54.3928506203, 105.261537288, 14.3839376891, 32.0416989627
0.129621327445, 0.268212898876, 0.828539774817, 0.709640589533, 0.296071007916, 0.205531607523, 0.393168588632, 0.0951604007782, 0.403522632465, 0.99891293497, 0.194787692935, 0.191206336375, 0.297183969195, 0.295416787184, 14.1972174632, 28.938761908, 116.773632773, 54.2882962077, 27.4086713623
0.163140268572, 0.0737989467239, 0.666478621851, 0.709809999093, 0.296268524637, 0.205531607523, 0.393072818176, 0.0951604007782, 0.396407816565, 0.998843259033, 0.198012397799, 0.199265011822, 0.295507607514, 0.295416787184, 25.0170122278, 51.0275221835, 98.3654885262, 13.2284130805, 29.9672500989
0.163140268572, 0.0737989467239, 0.666478621851, 0.709809999093, 0.296268524637, 0.205531607523, 0.393072818176, 0.0951604007782, 0.396407816565, 0.998843259033, 0.198012397799, 0.199265011822, 0.295507607514, 0.295416787184, 25.0170122278, 51.0275221835, 98.3654885262, 13.2284130805, 29.9672500989
0.163140268572, 0.0737989467239, 0.666478621851, 0.709809999093, 0.296268524637, 0.205531607523, 0.393072818176, 0.0951604007782, 0.396407816565, 0.998843259033, 0.198012397799, 0.199265011822, 0.295507607514, 0.295416787184, 25.0170122278, 51.0275221835, 98.3654885262, 13.2284130805, 29.9672500989
0.163116732911, 0.270361148516, 0.667546367327, 0.709790918371, 0.296268854268, 0.205531607523, 0.391954808112, 0.0951604007782, 0.396509643353, 0.998927925164, 0.198012397799, 0.199284266286, 0.295507607514, 0.295416787184, 23.4697778218, 47.8679784278, 92.6345455097, 48.3311788179, 30.7303657343
0.163116732911, 0.270361148516, 0.667546367327, 0.709790918371, 0.296268854268, 0.205531607523, 0.391954808112, 0.0951604007782, 0.396509643353, 0.998927925164, 0.198012397799, 0.199284266286, 0.295507607514, 0.295416787184, 23.4697778218, 47.8679784278, 92.6345455097, 48.3311788179, 30.7303657343
0.163116732911, 0.270361148516, 0.667546367327, 0.709790918371, 0.296268854268, 0.205531607523, 0.391954808112, 0.0951604007782, 0.396509643353, 0.998927925164, 0.198012397799, 0.199284266286, 0.295507607514, 0.295416787184, 23.4697778218, 47.8679784278, 92.6345455097, 48.3311788179, 30.7303657343
0.92473616002, 0.740217246057, 0.0493315029464, 0.711473430701, 0.296268736087, 0.205531607523, 0.393072818176, 0.0951604007782, 0.396425646283, 0.998841389698, 0.198012397799, 0.191291056205, 0.295507607514, 0.295416787184, 2.72140367571, 5.58777356201, 0.482583927184, 14.4193077039, 132.256638151
0.163116934264, 0.213573520681, 0.657903031145, 0.667987215989, 0.296268524455, 0.205523411853, 0.391954808112, 0.0951604007782, 0.396550030007, 0.99989724211, 0.198012397799, 0.199270549876, 0.295507607514, 0.303643650716, 27.7720348311, 48.3338382596, 93.5540617762, 37.9700250354, 30.214954983
0.163116934264, 0.213573520681, 0.657903031145, 0.667987215989, 0.296268524455, 0.205523411853, 0.391954808112, 0.0951604007782, 0.396550030007, 0.99989724211, 0.198012397799, 0.199270549876, 0.295507607514, 0.303643650716, 27.7720348311, 48.3338382596, 93.5540617762, 37.9700250354, 30.214954983
0.92473616002, 0.740217246057, 0.0525532569266, 0.73318702862, 0.296259403036, 0.205531627689, 0.393066824966, 0.0951604007782, 0.403463745108, 0.998843259033, 0.198012397799, 0.199636148353, 0.295507607514, 0.295416787184, 2.23690815836, 5.02107216811, 0.454797792402, 12.7577258125, 117.016292395
0.92473616002, 0.740217246057, 0.0525532569266, 0.73318702862, 0.296259403036, 0.205531627689, 0.393066824966, 0.0951604007782, 0.403463745108, 0.998843259033, 0.198012397799, 0.199636148353, 0.295507607514, 0.295416787184, 2.23690815836, 5.02107216811, 0.454797792402, 12.7577258125, 117.016292395
0.92473616002, 0.740217246057, 0.0525532569266, 0.73318702862, 0.296259403036, 0.205531627689, 0.393066824966, 0.0951604007782, 0.403463745108, 0.998843259033, 0.198012397799, 0.199636148353, 0.295507607514, 0.295416787184, 2.23690815836, 5.02107216811, 0.454797792402, 12.7577258125, 117.016292395
0.92473616002, 0.740217246057, 0.0525532569266, 0.73318702862, 0.296259403036, 0.205531627689, 0.393066824966, 0.0951604007782, 0.403463745108, 0.998843259033, 0.198012397799, 0.199636148353, 0.295507607514, 0.295416787184, 2.23690815836, 5.02107216811, 0.454797792402, 12.7577258125, 117.016292395
0.160886334543, 0.740217246057, 0.0493315029464, 0.711508887148, 0.296268507611, 0.205531607523, 0.393072818176, 0.0951604007782, 0.403622934059, 0.998843259033, 0.198012397799, 0.191390120198, 0.295507607514, 0.295416787184, 22.2695109818, 45.731764588, 3.949482871, 118.008092645, 33.200618586
0.92473616002, 0.740217246057, 0.0524818720488, 0.733902249387, 0.296259403036, 0.205531627689, 0.393066824966, 0.0951604007782, 0.396447638587, 0.998843259033, 0.198012397799, 0.199271028273, 0.295507607514, 0.295416787184, 2.23815628629, 5.03909579901, 0.455579794865, 12.7970052806, 117.376571162
0.92473616002, 0.740217246057, 0.0524818720488, 0.733902249387, 0.296259403036, 0.205531627689, 0.393066824966, 0.0951604007782, 0.396447638587, 0.998843259033, 0.198012397799, 0.199271028273, 0.295507607514, 0.295416787184, 2.23815628629, 5.03909579901, 0.455579794865, 12.7970052806, 117.376571162
0.92473616002, 0.740217246057, 0.0524818720488, 0.733902249387, 0.296259403036, 0.205531627689, 0.393066824966, 0.0951604007782, 0.396447638587, 0.998843259033, 0.198012397799, 0.199271028273, 0.295507607514, 0.295416787184, 2.23815628629, 5.03909579901, 0.455579794865, 12.7970052806, 117.376571162
0.92473616002, 0.740217246057, 0.0524818720488, 0.733902249387, 0.296259403036, 0.205531627689, 0.393066824966, 0.0951604007782, 0.396447638587, 0.998843259033, 0.198012397799, 0.199271028273, 0.295507607514, 0.295416787184, 2.23815628629, 5.03909579901, 0.455579794865, 12.7970052806, 117.376571162
0.163116727796, 0.722139640515, 0.667546367327, 0.709790918371, 0.296268794984, 0.205531607523, 0.393072920372, 0.0951604007782, 0.396542349722, 0.998928144195, 0.198012397799, 0.199298510938, 0.295507607514, 0.295006588145, 10.6663571753, 21.7546565224, 42.0998083867, 104.131936376, 30.1026734177
0.161230607012, 0.268679774987, 0.0499028399397, 0.711556056264, 0.296268735203, 0.205531607523, 0.393072818176, 0.0951604007782, 0.396347163596, 0.998843259033, 0.198012397799, 0.19963628087, 0.295507607514, 0.295416787184, 45.5607939742, 93.5794130089, 8.17538375822, 46.8788016397, 29.6200623865
0.161230607012, 0.268679774987, 0.0499028399397, 0.711556056264, 0.296268735203, 0.205531607523, 0.393072818176, 0.0951604007782, 0.396347163596, 0.998843259033, 0.198012397799, 0.19963628087, 0.295507607514, 0.295416787184, 45.5607939742, 93.5794130089, 8.17538375822, 46.8788016397, 29.6200623865
0.161230607012, 0.268679774987, 0.0499028399397, 0.711556056264, 0.296268735203, 0.205531607523, 0.393072818176, 0.0951604007782, 0.396347163596, 0.998843259033, 0.198012397799, 0.19963628087, 0.295507607514, 0.295416787184, 45.5607939742, 93.5794130089, 8.17538375822, 46.8788016397, 29.6200623865
0.163116727796, 0.138312827775, 0.0499306754592, 0.709790918371, 0.296268524455, 0.205531607523, 0.391954808112, 0.0951604007782, 0.39651175142, 0.998927348578, 0.198012397799, 0.199270549876, 0.295507607514, 0.295416787184, 50.2714094473, 102.53146669, 8.97462906824, 25.2852005902, 30.73099668
0.163116727796, 0.138312827775, 0.0499306754592, 0.709790918371, 0.296268524455, 0.205531607523, 0.391954808112, 0.0951604007782, 0.39651175142, 0.998927348578, 0.198012397799, 0.199270549876, 0.295507607514, 0.295416787184, 50.2714094473, 102.53146669, 8.97462906824, 25.2852005902, 30.73099668
0.155037500315, 0.777846266476, 0.665745692878, 0.709089397202, 0.29625949731, 0.205534620007, 0.392159220861, 0.0951604007782, 0.403463261944, 0.998923949114, 0.198012397799, 0.199630116815, 0.295507607514, 0.295416787184, 8.83528404221, 17.9699530203, 34.5679030557, 109.795684384, 29.0299060077
0.161230607012, 0.268679774987, 0.0499028399397, 0.692336209765, 0.296259542537, 0.205531627702, 0.393072818176, 0.0951604007782, 0.396347163596, 0.998843259033, 0.203311455617, 0.199636143492, 0.295507607514, 0.295416787184, 48.8044534858, 92.9992406829, 8.24969944533, 47.3049382539, 29.8893140025
0.163116727796, 0.269331188656, 0.667546367327, 0.709790918371, 0.296268510108, 0.205531607523, 0.391954808112, 0.0951604007782, 0.396447602886, 0.99892735642, 0.198012397799, 0.19955890289, 0.295507607514, 0.295416787184, 23.4885294311, 47.9062234269, 92.7085575786, 48.1615042511, 30.7324738001
0.163116794479, 0.268197094086, 0.667546367327, 0.709790918371, 0.296268774153, 0.205531587152, 0.391954808112, 0.0951604007782, 0.396480124098, 0.998927348578, 0.198012397799, 0.199298554872, 0.295507607514, 0.295416787184, 23.5128012695, 47.9557272545, 92.8043578342, 47.9820370438, 30.7396369757
0.163116794479, 0.268197094086, 0.667546367327, 0.709790918371, 0.296268774153, 0.205531587152, 0.391954808112, 0.0951604007782, 0.396480124098, 0.998927348578, 0.198012397799, 0.199298554872, 0.295507607514, 0.295416787184, 23.5128012695, 47.9557272545, 92.8043578342, 47.9820370438, 30.7396369757
0.163116794479, 0.268197094086, 0.667546367327, 0.709790918371, 0.296268774153, 0.205531587152, 0.391954808112, 0.0951604007782, 0.396480124098, 0.998927348578, 0.198012397799, 0.199298554872, 0.295507607514, 0.295416787184, 23.5128012695, 47.9557272545, 92.8043578342, 47.9820370438, 30.7396369757
0.142697760945, 0.722139640515, 0.667546367327, 0.7114428194, 0.203395912409, 0.205531607523, 0.393072920372, 0.0951604007782, 0.396542349722, 0.998928144195, 0.198012397799, 0.199298510938, 0.295507607514, 0.295417409076, 10.9994022568, 22.5819722887, 43.6454570112, 107.955027035, 27.1575354648
0.142697760945, 0.722139640515, 0.667546367327, 0.7114428194, 0.203395912409, 0.205531607523, 0.393072920372, 0.0951604007782, 0.396542349722, 0.998928144195, 0.198012397799, 0.199298510938, 0.295507607514, 0.295417409076, 10.9994022568, 22.5819722887, 43.6454570112, 107.955027035, 27.1575354648
0.142697760945, 0.722139640515, 0.667546367327, 0.7114428194, 0.203395912409, 0.205531607523, 0.393072920372, 0.0951604007782, 0.396542349722, 0.998928144195, 0.198012397799, 0.199298510938, 0.295507607514, 0.295417409076, 10.9994022568, 22.5819722887, 43.6454570112, 107.955027035, 27.1575354648
0.142697760945, 0.722139640515, 0.667546367327, 0.7114428194, 0.203395912409, 0.205531607523, 0.393072920372, 0.0951604007782, 0.396542349722, 0.998928144195, 0.198012397799, 0.199298510938, 0.295507607514, 0.295417409076, 10.9994022568, 22.5819722887, 43.6454570112, 107.955027035, 27.1575354648
0.163116500107, 0.22598910623, 0.667546367327, 0.709790918371, 0.296268845928, 0.205531607523, 0.391954808112, 0.0951604007782, 0.396448587915, 0.998927925164, 0.198012397799, 0.199284194215, 0.295507607514, 0.305971492998, 24.6505612434, 50.2762549689, 97.2950640897, 41.6121355493, 31.3647827535
0.163116500107, 0.22598910623, 0.667546367327, 0.709790918371, 0.296268845928, 0.205531607523, 0.391954808112, 0.0951604007782, 0.396448587915, 0.998927925164, 0.198012397799, 0.199284194215, 0.295507607514, 0.305971492998, 24.6505612434, 50.2762549689, 97.2950640897, 41.6121355493, 31.3647827535
0.163116727796, 0.117447478417, 0.0499306754592, 0.711503905936, 0.296268524455, 0.205531653383, 0.391957335766, 0.0951604007782, 0.39651175142, 0.998927348578, 0.198012397799, 0.199270549876, 0.295507607514, 0.295416787184, 50.3269662951, 103.34736255, 9.03415893511, 21.5167127167, 30.7290582947
0.163116727796, 0.117447478417, 0.0499306754592, 0.711503905936, 0.296268524455, 0.205531653383, 0.391957335766, 0.0951604007782, 0.39651175142, 0.998927348578, 0.198012397799, 0.199270549876, 0.295507607514, 0.295416787184, 50.3269662951, 103.34736255, 9.03415893511, 21.5167127167, 30.7290582947
