0.00120335098515, 0.0188807401165, 0.481590098975, 0.152934681603, 0.104528831425, 0.982385821863, 0.0912536063147, 0.0201531106853, 0.495372899993, 0.0135732314965, 0.0167141071677, 0.0928848810835, 0.454281094142, 0.304398877945, 0.438474476107, 0.130477492048, 0.0632236443885, 0.140814649962, 0.136921580083, 0.747034206606, 0.785292710737, 0.518780218371, 0.00120335098515, 0.0188807401165, 14.326452617
0.00673958034283, 0.00108411106779, 0.0863811692337, 0.294390495257, 0.50496959461, 0.307767114429, 0.036349057098, 0.0197083503523, 0.00095711889878, 0.0165200865628, 0.0167141071677, 0.0928848810835, 0.388466427869, 0.424528668082, 0.548200844654, 0.130477492048, 0.0535693534948, 0.141137988874, 0.136921580083, 0.747034206606, 0.0638745731218, 0.519061585991, 0.00673958034283, 0.00108411106779, 12.1139967268
0.00156277028076, 0.014519846382, 0.48228674985, 0.0986559670179, 0.0227068429027, 0.458558343132, 0.0333511755638, 0.4598589314, 0.236774450937, 0.315820846778, 0.967114190454, 0.123777460358, 0.480442703849, 0.237255093378, 0.387078399188, 0.243901161617, 0.519056432697, 0.0143683957582, 0.145248135852, 0.314367989015, 0.0816578868777, 0.502615531056, 0.00156277028076, 0.014519846382, 14.2651357339
0.00157734806172, 0.0025791497253, 0.0323809457656, 0.0979974474217, 0.512573073784, 0.309536734272, 0.386794313163, 0.0481100777553, 0.0653165211293, 0.00979560205285, 0.956677070537, 0.199799644756, 0.457494159234, 0.262529346889, 0.0295643119028, 0.171748373817, 0.174584315535, 0.324219069475, 0.645950497778, 0.300665818185, 0.0297853132582, 0.214841147953, 0.00157734806172, 0.0025791497253, 13.0602326608
0.180603202541, 0.000346773869806, 0.0861291145955, 0.423937577317, 0.103013868442, 0.474283028915, 0.134921948742, 0.011579421164, 0.424040195969, 0.0174155217589, 0.615992392364, 0.00955910883634, 0.0313276497611, 0.422395384952, 0.341382127027, 0.133483936645, 0.811364482396, 0.0464874267473, 0.692173562973, 0.433486419807, 0.739585772618, 0.154680712359, 0.180603202541, 0.000346773869806, 14.1757033658
0.00414414094769, 0.014713697152, 0.102979788147, 0.241635123959, 0.107314864909, 0.458558343132, 0.118983652832, 0.0151169386373, 0.232133559788, 0.315919374041, 0.00225102807447, 0.0351685476376, 0.402797146969, 0.235432780572, 0.396740681521, 0.188602445696, 0.255607794954, 0.14246450116, 0.424457185987, 0.778511352094, 0.0872712684647, 0.117082341478, 0.00414414094769, 0.014713697152, 12.2861095448
0.0247283861051, 4.00407315599e-05, 0.101390139267, 0.108548217318, 0.483575694171, 0.597413076453, 0.0250029020867, 0.0263942197631, 0.0138299882765, 0.639436539184, 0.764654612012, 0.599019787736, 0.122083614044, 0.291577822088, 0.266471865839, 0.985550270596, 0.259609654164, 0.525722463917, 0.420406136279, 0.33950627, 0.0216762745219, 0.125319911955, 0.0247283861051, 4.00407315599e-05, 15.0620876965
0.00114900836386, 0.000604323303367, 0.0880346475232, 0.292814122369, 0.134896915797, 0.112363987148, 0.368989880122, 0.447860382982, 0.844078777474, 0.493136652472, 0.61225472962, 0.00821791613707, 0.431855956263, 0.884337007341, 0.0315022177295, 0.334479055482, 0.0936270196244, 0.0123449383672, 0.675354901262, 0.0994330110535, 0.431494865482, 0.204934203531, 0.00114900836386, 0.000604323303367, 14.9123629094
0.00188185367658, 0.000751960690393, 0.103223288124, 0.291154206722, 0.673560680004, 0.478093866851, 0.385457868185, 0.161831508854, 0.227775433487, 0.452345553171, 0.25917947643, 0.0093171874771, 0.398509776082, 0.262726116657, 0.0315022177295, 0.383823677774, 0.0970734945139, 0.318658479585, 0.691764370041, 0.0994330110535, 0.686475758592, 0.131011148016, 0.00188185367658, 0.000751960690393, 14.2924239554
0.843916172992, 0.0114614316757, 0.150840103253, 0.508324790005, 0.152355497112, 0.421158234269, 0.0401217493029, 0.019452802536, 0.145001168946, 0.134523071668, 0.588540775158, 0.0944230482, 0.0987584947869, 0.852425350112, 0.0318595978048, 0.208301839161, 0.0589805889052, 0.0484004047773, 0.160889484954, 0.138198746577, 0.0192423530572, 0.167939398847, 0.843916172992, 0.0114614316757, 11.1817319673
0.00188185367658, 0.0195034861011, 0.47802496376, 0.11745754136, 0.0181140329219, 0.478093866851, 0.385457868185, 0.159064609378, 0.227775433487, 0.0182655979963, 0.260320807048, 0.0093171874771, 0.398752259604, 0.262726116657, 0.0266370137531, 0.243721420198, 0.0970734945139, 0.318658479585, 0.137527983385, 0.0994330110535, 0.686475758592, 0.131011148016, 0.00188185367658, 0.0195034861011, 12.1435700222
0.000568971018723, 0.000765392816896, 0.041713754647, 0.25423878478, 0.860137552402, 0.304433071431, 0.125717109768, 0.650334050833, 0.465167133714, 0.0173045905274, 0.361400780493, 0.07629075935, 0.330460588293, 0.567709049069, 0.344855199365, 0.0316315119602, 0.262479334571, 0.63114686312, 0.660004560474, 0.209032526825, 0.969735169784, 0.120392563045, 0.000568971018723, 0.000765392816896, 15.8333692908
0.00049110951699, 0.0235612459993, 0.00239399538467, 0.174898611576, 0.513697656178, 0.106966537725, 0.106633938878, 0.0369855798121, 0.0224068326082, 0.000941381191941, 0.198793201791, 0.122877417898, 0.0982203958891, 0.236745186853, 0.385040343596, 0.0301840978185, 0.0862657127958, 0.357661602533, 0.173987875708, 0.0781255708729, 0.984602601033, 0.20834144796, 0.00049110951699, 0.0235612459993, 11.2951548553
0.197169268877, 0.0108686737632, 0.15009073053, 0.236794497938, 0.0462624750097, 0.117228533517, 0.640936660753, 0.0106563840001, 0.0285846687234, 0.0161640953973, 0.258429490207, 0.081394501047, 0.100058958267, 0.393758787841, 0.343108422684, 0.3871196061, 0.265342205433, 0.309705500798, 0.42080010844, 0.291134708758, 0.0369228761693, 0.131204794505, 0.197169268877, 0.0108686737632, 11.6934370889
0.0100124541197, 0.000444843179846, 0.103437873851, 0.0780400082744, 0.499802447259, 0.591481371985, 0.555173698179, 0.0267369661169, 0.0421942113812, 0.350209271319, 1.66245702471e-06, 0.0939563326829, 0.0306302025871, 0.252054443978, 0.26675601127, 0.403073400106, 0.411101618059, 0.321210656428, 0.178642482768, 0.341024262439, 0.0211529558297, 0.17288081259, 0.0100124541197, 0.000444843179846, 12.3964542095
0.00284406207653, 0.161865300843, 0.482697515528, 0.277888685934, 0.104212320818, 0.306743883119, 0.221249014875, 0.0106832998047, 0.453044825683, 0.0222435694582, 0.594640234028, 0.00412802023858, 0.0311005454135, 0.312215451578, 0.0211575533953, 0.131195435516, 0.0597267649805, 0.031810420923, 0.614455375967, 0.100459178473, 0.0231080378845, 0.120825805861, 0.00284406207653, 0.161865300843, 11.2451100969
0.00533401420256, 0.00486572772379, 0.050216664071, 0.10366431181, 0.781206917781, 0.489264808767, 0.235594022426, 0.00813449955914, 0.455733871064, 0.0170437098179, 0.00979080750925, 0.184741025541, 0.453786465401, 0.236382148571, 0.285650209367, 0.121883454755, 0.0552414120876, 0.351709634291, 0.42604064268, 0.226953259211, 0.374462773485, 0.18771590896, 0.00533401420256, 0.00486572772379, 12.8226596618
0.00428614978879, 0.0161391699011, 0.0967110894864, 0.0975844156242, 0.517276320371, 0.119499903501, 0.230628354728, 0.0310422501555, 0.46666827042, 0.0039456745661, 0.00665224121998, 0.0902602055171, 0.364753919326, 0.250347416817, 0.00224659429743, 0.21403424317, 0.0749029135156, 0.261700425976, 0.180190448178, 0.227191641608, 0.0388250958806, 0.11588337714, 0.00428614978879, 0.0161391699011, 10.5735120309
0.80035333633, 0.0124955191078, 0.322886285318, 0.0234607732444, 0.0945294221618, 0.421065686082, 0.0491154056092, 0.00820245644889, 0.0727551068548, 0.583938440051, 0.00517936755902, 0.101713631507, 0.310212536897, 0.852578927405, 0.288596887167, 0.11031237881, 0.086675355756, 0.0475647835973, 0.619424290768, 0.101152953507, 0.014797533675, 0.114525874267, 0.80035333633, 0.0124955191078, 11.451344975
0.00857387568957, 0.000760274762881, 0.103193929706, 0.291539942492, 0.50341017104, 0.119090433495, 0.385457868185, 0.0423841300919, 0.0176417624095, 0.489350986501, 0.617209093075, 0.00865519378718, 0.364201535297, 0.262726116657, 0.0315022177295, 0.383823678373, 0.0979608258543, 0.141149857832, 0.697553094843, 0.0994330110535, 0.730391829741, 0.122190160574, 0.00857387568957, 0.000760274762881, 13.435133359
0.00279110858628, 0.0188807401165, 0.481590098975, 0.116251022316, 0.0170653461827, 0.974484668495, 0.0328131506097, 0.0452007829938, 0.000316323744158, 0.240877754218, 0.0212908338326, 0.121752592016, 0.455491541826, 0.260510507817, 0.548806802049, 0.244324549348, 0.0506495762375, 0.142172028306, 0.136921580083, 0.305260765032, 0.0642112522603, 0.521900062861, 0.00279110858628, 0.0188807401165, 12.451240508
0.0021256688621, 0.0188807401165, 0.481590098975, 0.116251022316, 0.104528831425, 0.976827710023, 0.0328131506097, 0.0201531106853, 0.00095711889878, 0.0165398746972, 0.0167141071677, 0.0928848810835, 0.455475411316, 0.304398877945, 0.548806802049, 0.130477492048, 0.0632236443885, 0.141137988874, 0.136921580083, 0.747034206606, 0.0638745731218, 0.519061585991, 0.0021256688621, 0.0188807401165, 12.7047938987
0.0107792558177, 0.0130361079423, 0.0867814433633, 0.175374158131, 0.0227646702508, 0.458558343132, 0.0351778123929, 0.0104517399012, 0.236774450937, 0.311394758325, 0.620980481967, 0.00718620473237, 0.378579306995, 0.235432780572, 0.374525009094, 0.243901161617, 0.409865827142, 0.0101604330164, 0.143376559596, 0.314367989015, 0.0815074610976, 0.499355381248, 0.0107792558177, 0.0130361079423, 12.2817913812
0.00489301853987, 0.00617642476531, 0.107589133997, 0.170359961887, 0.137635454462, 0.48131519152, 0.395457828415, 0.0454174994229, 0.00601686378139, 0.00941006442672, 0.956677070537, 0.197824761745, 0.444973413651, 0.306462896173, 0.344108812325, 0.120421994786, 0.409027748252, 0.0129679254925, 0.677934572234, 0.302130194763, 0.361394519684, 0.483563062659, 0.00489301853987, 0.00617642476531, 14.0582175237
0.00157734806172, 0.0025791497253, 0.40363367564, 0.0994546756379, 0.512573073784, 0.309536734272, 0.386794313163, 0.0481100777553, 0.0728727983984, 0.246576060059, 0.956677070537, 0.199799644756, 0.457494159234, 0.262529346889, 0.329990556344, 0.171748373817, 0.506893219492, 0.324332903453, 0.64188087109, 0.300665818185, 0.0297853132582, 0.214841147953, 0.00157734806172, 0.0025791497253, 14.7420194258
0.0085812730159, 0.000604323303367, 0.0966863759963, 0.291539942492, 0.50348945598, 0.112363987148, 0.367892925527, 0.0105414163024, 0.824078728835, 0.489350986501, 0.620659458143, 0.00871590371074, 0.377765159602, 0.888306440337, 0.0315022177295, 0.383823677774, 0.102040386653, 0.142708530595, 0.675354901262, 0.0994330110535, 0.431494865482, 0.204536813866, 0.0085812730159, 0.000604323303367, 14.9921091621
0.00677654540825, 0.000932487158281, 0.102794580879, 0.292346106606, 0.50335366579, 0.300993494293, 0.404946136967, 0.0424189040022, 0.0205705155254, 0.00796519009695, 0.619037204196, 0.0922126665636, 0.388735303016, 0.426270022589, 0.341382127027, 0.383940079989, 0.909285847956, 0.0499848634083, 0.660067814132, 0.0994055829824, 0.43145736429, 0.150502415063, 0.00677654540825, 0.000932487158281, 14.4057763278
0.000568971018723, 0.0100771830597, 0.131038470987, 0.290110963001, 0.861452487952, 0.284930860369, 0.132914484149, 0.397940525613, 0.464934464639, 0.638420292779, 0.943550194088, 0.60534439112, 0.367203662717, 0.565401718325, 0.0349474280358, 0.220367736425, 0.264503561965, 0.63114686312, 0.619545917055, 0.744279231654, 0.969735169784, 0.0423119376874, 0.000568971018723, 0.0100771830597, 18.4308810953
0.00157307560309, 0.0145213323102, 0.480503228359, 0.0992957710349, 0.526160294477, 0.115058244274, 0.13805277501, 0.465674540242, 0.513237077223, 0.463301848794, 0.597805916858, 0.12383080466, 0.377678281027, 0.430139627527, 0.626005045595, 0.372974939146, 0.529731962538, 0.0149464126467, 0.659978140125, 0.78422248138, 0.0802637886633, 0.502292768293, 0.00157307560309, 0.0145213323102, 16.6626233008
0.00127061043102, 0.0178282804526, 0.599008469361, 0.152845175076, 0.589615935331, 0.306821304972, 0.570380396002, 0.046437017221, 0.0762936578857, 0.451987335019, 0.019633789452, 0.823880562865, 0.0927318815176, 0.569336379134, 0.55573887963, 0.326114400884, 0.537012284811, 0.00488199879167, 0.654302677063, 0.212969310538, 0.779857312286, 0.130943140113, 0.00127061043102, 0.0178282804526, 16.1213884669
0.000877271240607, 0.161659857327, 0.467651777691, 0.0995898731565, 0.139239408314, 0.309536734272, 0.0952203418264, 0.0481100777553, 0.0731154773425, 0.314454140695, 0.0169202632385, 0.199799644756, 0.457494159234, 0.236632655716, 0.345514165644, 0.167374189107, 0.518922037946, 0.0141120891964, 0.64188087109, 0.300088429989, 0.0699374771724, 0.168002758594, 0.000877271240607, 0.161659857327, 12.267645932
0.00157734806172, 0.16283197897, 0.0525405520656, 0.0994546756379, 0.147959109036, 0.309536734272, 0.391626937813, 0.0481100777553, 0.0731154773425, 0.247383465582, 0.0266780474109, 0.0367724371485, 0.457693908753, 0.419311491011, 0.344108812325, 0.173733781732, 0.369696979216, 0.0141120891964, 0.666234020521, 0.300093322427, 0.151498310988, 0.222573255989, 0.00157734806172, 0.16283197897, 12.0904389126
0.000616721829522, 0.157026777678, 0.465628540134, 0.116048813329, 0.13579538989, 0.971174176397, 0.609571182387, 0.0481100777553, 0.0767626819685, 0.364958917792, 0.949568409976, 0.121390700299, 0.457494159234, 0.419311491011, 0.548516717186, 0.0339167982762, 0.518922037946, 0.0487133519695, 0.64188087109, 0.300088429989, 0.0638212428358, 0.168002758594, 0.000616721829522, 0.157026777678, 15.4659936658
0.00188185367658, 0.0318946973403, 0.102860096209, 0.175539972535, 0.152481587463, 0.498816118679, 0.183260083659, 0.00660047456775, 0.0175358938894, 0.588080859874, 0.25917947643, 0.00954608056959, 0.394601630405, 0.262726116657, 0.0341009143519, 0.390124472924, 0.0970734945139, 0.304378442524, 0.692061637481, 0.0994330110535, 0.017707573856, 0.131011148016, 0.00188185367658, 0.0318946973403, 11.9559202848
0.000819472302481, 0.691207433392, 0.222932820554, 0.174750054946, 0.137710273895, 0.989865080981, 0.0328131506097, 0.0454974660879, 0.00855398176876, 0.0195895426347, 0.0129826553886, 0.0811697712012, 0.0253431445921, 0.36292516709, 0.345535208801, 0.461988788537, 0.319516526763, 0.213904157988, 0.206254421653, 0.892367130489, 0.0698884588944, 0.213603143267, 0.000819472302481, 0.691207433392, 12.3832798251
0.000568971018723, 0.0298502693018, 0.131038470987, 0.290110963001, 0.860137552402, 0.308034333209, 0.132914484149, 0.424240462031, 0.465167133714, 0.141471558539, 0.943550194088, 0.830389129781, 0.367203662717, 0.565401718325, 0.0349474280358, 0.0316315119602, 0.262479334571, 0.63114686312, 0.619545917055, 0.209032526825, 0.969735169784, 0.0423119376874, 0.000568971018723, 0.0298502693018, 17.1430563633
0.000766821592225, 0.691207433392, 0.222932820554, 0.174750054946, 0.137710273895, 0.991496308631, 0.0328131506097, 0.0454974660879, 0.077019867447, 0.00835624709878, 0.0132502450534, 0.0786446948151, 0.0755620738026, 0.363064448367, 0.548237416907, 0.470023268433, 0.419756789241, 0.213904157988, 0.135697697542, 0.7428803546, 0.0698884588944, 0.211454062336, 0.000766821592225, 0.691207433392, 12.6449961812
0.0021000854906, 0.0270022888261, 0.562379184177, 0.115125564392, 0.483530786143, 0.117785421566, 0.558872837871, 0.010589116676, 0.00431635609796, 0.0189471934012, 0.0202560401025, 0.836665529942, 0.033337824522, 0.245007571299, 0.505256921178, 0.328224410075, 0.0589105548866, 0.142657245814, 0.457292798553, 0.743757107333, 0.0749320784173, 0.521830303781, 0.0021000854906, 0.0270022888261, 13.876807164
0.00109814335061, 0.141463347257, 0.0379651378342, 0.256196319895, 0.144267885532, 0.380360016235, 0.0257657165968, 0.438975333818, 0.419867587987, 0.0497892494265, 0.402420221957, 0.0940846336888, 0.0140150112643, 0.355616165659, 0.551794022123, 0.0268015802473, 0.267807612848, 0.467873552473, 0.160992729522, 0.342679040268, 0.0323705622545, 0.183917201884, 0.00109814335061, 0.141463347257, 12.2347165835
0.473949526014, 0.0125565178728, 0.103217765792, 0.291420196733, 0.665325602418, 0.467313913287, 0.101923038322, 0.46193770373, 0.217684421815, 0.22533706514, 0.257554715686, 0.0351685476376, 0.479509940197, 0.235316429858, 0.0272215060052, 0.153015061757, 0.0720053361816, 0.143426961113, 0.424457185987, 0.0998135220561, 0.083523358306, 0.134059159803, 0.473949526014, 0.0125565178728, 12.3121505335
0.0155818632861, 0.010360483606, 0.48228674985, 0.116636203213, 0.0180431480898, 0.457958729547, 0.168155932846, 0.0301521968301, 0.234827023608, 0.317374333764, 0.0116167617551, 0.076650710832, 0.479509940197, 0.235432780572, 0.349187178476, 0.243901161617, 0.0742419427792, 0.14246450116, 0.140290722895, 0.787468624806, 0.0815074610976, 0.50136017926, 0.0155818632861, 0.010360483606, 12.6761390764
0.0100682463756, 0.000738503616404, 0.103223288124, 0.0588740813268, 0.517792154559, 0.301308005249, 0.557182961464, 0.0268673532093, 0.0193664964471, 0.489350986501, 0.00559487753797, 0.00865519378718, 0.385715491861, 0.262726116657, 0.0315022177295, 0.387259832907, 0.419202894161, 0.318685471499, 0.623524701752, 0.0994330110535, 0.716936948678, 0.215210755918, 0.0100682463756, 0.000738503616404, 13.4881975216
0.024763560836, 0.000630499487787, 0.0873890839814, 0.117448367988, 0.0172500739868, 0.595880196268, 0.0347887999267, 0.0263942197631, 0.0425718447256, 0.64557136044, 0.763231303142, 0.120543468995, 0.453207756264, 0.36202427536, 0.561573710521, 0.385215073956, 0.259609654164, 0.14803514453, 0.420406136279, 0.335064957051, 0.0196533005795, 0.125319911955, 0.024763560836, 0.000630499487787, 13.4478903669
0.841262698397, 0.000549827871276, 0.103223288124, 0.283492398578, 0.528632829791, 0.478093866851, 0.385457868185, 0.0424441407263, 0.227775433487, 0.489350986501, 0.60762139731, 0.0948979686934, 0.101331941488, 0.262726116657, 0.0315022177295, 0.383823677774, 0.0970734945139, 0.139097288317, 0.691764370041, 0.0986429246863, 0.730391829741, 0.166763282987, 0.841262698397, 0.000549827871276, 13.7061170872
0.854410441301, 0.000549827871276, 0.00293561109675, 0.291113037606, 0.50341017104, 0.478093866851, 0.385457868185, 0.0423456040362, 0.226853198428, 0.489350986501, 0.616615776544, 0.0102192624284, 0.398509776082, 0.262726116657, 0.0315022177295, 0.325888410411, 0.0970734945139, 0.318658479585, 0.691764370041, 0.0997027510487, 0.0804246984515, 0.123992351019, 0.854410441301, 0.000549827871276, 13.0845866298
0.0191613597943, 0.000480032908381, 0.482260683409, 0.291539942492, 0.501460572574, 0.300765953405, 0.367916791834, 0.0105955677336, 0.217785101051, 0.318749500245, 0.631495063921, 0.0999366401069, 0.479795986645, 0.245408332402, 0.361288978585, 0.369942736741, 0.101914636196, 0.318800205897, 0.673726171737, 0.110004740848, 0.0681124084619, 0.124670373731, 0.0191613597943, 0.000480032908381, 14.198411396
0.0120295605099, 0.00185506431859, 0.471068695395, 0.413997547078, 0.511279776296, 0.308042945988, 0.385005839151, 0.0266468675267, 0.00796602026021, 0.0193734951158, 0.127371872449, 0.338914350325, 0.0253289287827, 0.42215608296, 0.345133891497, 0.462188052371, 0.318436685501, 0.171239109749, 0.206842528962, 0.218259877148, 0.0244654725366, 0.165996111512, 0.0120295605099, 0.00185506431859, 12.7064436013
0.0122286617319, 0.012035703243, 0.0603267962383, 0.172234702596, 0.148226757257, 0.481221430627, 0.393895657946, 0.459858726347, 0.231602451023, 0.0182962819199, 0.0205801343123, 0.0353617614112, 0.482067574856, 0.424699551605, 0.0316520727537, 0.3671783443, 0.178891300166, 0.24801926945, 0.673698615779, 0.218273347614, 0.0255095456197, 0.223143990997, 0.0122286617319, 0.012035703243, 12.6032026218
0.0075193877686, 0.00617642476531, 0.0755493518137, 0.171392632147, 0.135695348543, 0.485010699406, 0.397328326843, 0.0473406673116, 0.00601686378139, 0.250585806514, 0.768333319487, 0.197824761745, 0.444973413651, 0.236048433205, 0.344122508797, 0.122930379146, 0.409413566152, 0.0129679254925, 0.667116177832, 0.339986684793, 0.371704742125, 0.168002758594, 0.0075193877686, 0.00617642476531, 13.6279644103
0.0100023175301, 0.0060640344893, 0.0372447251215, 0.248583228623, 0.731618911206, 0.213809523714, 0.0257657165968, 0.438975333818, 0.328924945284, 0.00349317937998, 0.283053323904, 0.110882348725, 0.419145137876, 0.425208663415, 0.560930144263, 0.172614925529, 0.267743077621, 0.467873552473, 0.151350567007, 0.345703472792, 0.00560422180713, 0.162358015377, 0.0100023175301, 0.0060640344893, 13.2880449147
0.00586151098259, 0.0162303877827, 0.22276688061, 0.173887374177, 0.538579850945, 0.977757819484, 0.0368154910549, 0.0449729603603, 0.0203512860782, 0.0082791436959, 0.618447910431, 0.112907165979, 0.0735871718564, 0.247983546736, 0.344186019973, 0.325629675021, 0.0809250877697, 0.252287719189, 0.174071197303, 0.294611307096, 0.072877887597, 0.229110800932, 0.00586151098259, 0.0162303877827, 12.5432443621
0.00765249164868, 0.0237856692973, 0.105127436947, 0.0780400082744, 0.520751681047, 0.114139353408, 0.555173698179, 0.0269162112644, 0.0218175051825, 0.277044477586, 6.06894743995e-05, 0.0900854574034, 0.098104382074, 0.252054443978, 0.569687484794, 0.119988338392, 0.410988609588, 0.320965738253, 0.178637372315, 0.740115116589, 0.0388250958806, 0.172992794644, 0.00765249164868, 0.0237856692973, 12.3271903474
0.800310976062, 0.0183794016338, 0.320478208455, 0.0234607732444, 0.0946789150116, 0.853945823885, 0.0491154056092, 0.0459153994018, 0.112747848107, 0.583938440051, 0.00517936755902, 0.101713631507, 0.320192152113, 0.852578927405, 0.291121728728, 0.11031237881, 0.044298687093, 0.0475647835973, 0.619424290768, 0.105577535415, 0.014797533675, 0.114525874267, 0.800310976062, 0.0183794016338, 12.0900857542
0.0262773497335, 0.0235113502509, 0.105162173818, 0.0790462952779, 0.517807587138, 0.114139353408, 0.62814467425, 0.0310411922834, 0.46666827042, 0.352053190882, 0.0117431824287, 0.0906629638124, 0.479294303234, 0.252054443978, 0.030913778696, 0.328996905201, 0.26288673211, 0.298201739025, 0.178637372315, 0.230126843138, 0.0388250958806, 0.084478302493, 0.0262773497335, 0.0235113502509, 12.1738304635
0.00436105784154, 0.0162613378054, 0.0967012327953, 0.176582757013, 0.531591676983, 0.119350836729, 0.236298143005, 0.0175939381838, 0.452530007621, 0.00560352143663, 0.0154685628981, 0.183810332002, 0.45367039615, 0.250346919651, 0.380494395779, 0.0330159899665, 0.0758671317649, 0.262581609156, 0.426221482551, 0.227068423352, 0.962649846669, 0.115653943193, 0.00436105784154, 0.0162613378054, 12.7770976094
0.0154847441083, 0.0235612459993, 0.00239399538467, 0.174898611576, 0.513697656178, 0.123166978876, 0.181336602577, 0.0369855798121, 0.0216820887424, 0.000586931591688, 0.196957024586, 0.122877417898, 0.0982203958891, 0.235163098789, 0.385040343596, 0.32672257366, 0.0862657127958, 0.356236935574, 0.173987875708, 0.0773496144308, 0.0841400712386, 0.206971907079, 0.0154847441083, 0.0235612459993, 10.5893423469
0.00864932843678, 0.0235612459993, 0.00213438011162, 0.29294693346, 0.513697656178, 0.117738615261, 0.179633087389, 0.0368096985105, 0.923297449271, 0.000586931591688, 0.196957024586, 0.00977816854886, 0.0982203958891, 0.235163098789, 0.385040343596, 0.32672257366, 0.0743072484994, 0.31630595025, 0.173987875708, 0.0773496144308, 0.43409125512, 0.206721363518, 0.00864932843678, 0.0235612459993, 12.205567158
0.00857387568957, 0.000760274762881, 0.103223288124, 0.291539942492, 0.50341017104, 0.301308005249, 0.385457868185, 0.0423841300919, 0.0174826884195, 0.489350986501, 0.617209093075, 0.00865519378718, 0.385715491861, 0.262726116657, 0.0315022177295, 0.383823677774, 0.0979608258543, 0.318658479585, 0.697553094843, 0.0994330110535, 0.730391829741, 0.214985966367, 0.00857387568957, 0.000760274762881, 14.0748359954
0.00227888738127, 0.0235541531139, 0.0729788490638, 0.174731943631, 0.535341666919, 0.248574829646, 0.180227085466, 0.0267632777228, 0.00692630626404, 0.799627222796, 0.663136325636, 0.0939037574978, 0.102541536135, 0.439359778573, 0.344820697563, 0.326494160751, 0.177081630402, 0.238048696119, 0.688307725728, 0.717590931304, 0.0387976405926, 0.186657081423, 0.00227888738127, 0.0235541531139, 14.1776399778
0.00279110858628, 0.0188807401165, 0.481590098975, 0.116251022316, 0.0170653461827, 0.976827710023, 0.0328131506097, 0.0452007829938, 0.00095711889878, 0.0165398746972, 0.0167141071677, 0.121752592016, 0.455475411316, 0.304840055674, 0.548806802049, 0.243184013363, 0.0506495762375, 0.141137988874, 0.136921580083, 0.755704636455, 0.0638745731218, 0.521900062861, 0.00279110858628, 0.0188807401165, 12.8106635402
0.0267543765242, 0.0235863489209, 0.0629134936774, 0.174898611576, 0.154059123013, 0.118606901724, 0.182164540247, 0.0192968859409, 0.27069227033, 0.68839296964, 0.252682265818, 0.0937755209507, 0.0981674065682, 0.250346511719, 0.575879939177, 0.144237117495, 0.0854782297456, 0.304244471269, 0.173950236992, 0.292815582797, 0.0347500247898, 0.131602193004, 0.0267543765242, 0.0235863489209, 11.5370472077
0.204768282605, 0.0112223477441, 0.222511511703, 0.278268160953, 0.10535712158, 0.306180928065, 0.386178921178, 0.0239248486992, 0.0034446598859, 0.131804647483, 0.949570669838, 0.200097259384, 0.39992592524, 0.355427556993, 0.328746650691, 0.366888949316, 0.268883158929, 0.139105605313, 0.129225527111, 0.352369611873, 0.303796876347, 0.168056258109, 0.204768282605, 0.0112223477441, 13.2424162921
0.222261126065, 0.0108686737632, 0.15009073053, 0.236794497938, 0.100287398659, 0.246432634293, 0.640936660753, 0.0110794371106, 0.0246836421497, 0.0161640953973, 0.542446919767, 0.081394501047, 0.402364964491, 0.396646794895, 0.343108422684, 0.386763065019, 0.265342205433, 0.139354959748, 0.42080010844, 0.291134708758, 0.28747685724, 0.123410898233, 0.222261126065, 0.0108686737632, 12.8185880404
0.197335560199, 0.106013577151, 0.0627654965452, 0.412620459015, 0.0450784797378, 0.116663047656, 0.18025737492, 0.0266824148963, 0.43694521641, 0.00362788484698, 0.255808343527, 0.092173224185, 0.0981674065682, 0.250346511719, 0.283267064581, 0.331261605208, 0.0588884688866, 0.312966124316, 0.170367784482, 0.507882698931, 0.0347500247898, 0.131231284942, 0.197335560199, 0.106013577151, 11.0547400596
0.00157734806172, 0.161659857327, 0.104903950179, 0.0994546756379, 0.13579538989, 0.309536734272, 0.0388901055167, 0.0481100777553, 0.0767626819685, 0.247383465582, 0.949568409976, 0.200734042068, 0.457483391622, 0.419311491011, 0.541286832059, 0.0339167982762, 0.505949717213, 0.0161066878834, 0.64188087109, 0.300088429989, 0.0699374771724, 0.168002758594, 0.00157734806172, 0.161659857327, 13.1841747374
0.197335560199, 0.0235863489209, 0.0627654965452, 0.412620459015, 0.0459136774645, 0.116663047656, 0.18025737492, 0.0267369661169, 0.43694521641, 0.00362788484698, 0.255808343527, 0.092173224185, 0.0981674065682, 0.250346511719, 0.287121531019, 0.333135932469, 0.0747796336033, 0.314748099999, 0.170367784482, 0.507882698931, 0.0347500247898, 0.131231284942, 0.197335560199, 0.0235863489209, 11.1134388727
0.095854100615, 0.105092261833, 0.150840103253, 0.508324790005, 0.152702730459, 0.378967918535, 0.369203049855, 0.0194589299088, 0.145001168946, 0.131295551527, 0.588540775158, 0.0944209439213, 0.0982880247239, 0.250971211531, 0.0318595978048, 0.208301839161, 0.0589805889052, 0.131403864614, 0.15760697521, 0.138198746577, 0.0192423530572, 0.167176211382, 0.095854100615, 0.105092261833, 11.0740802094
0.854410441301, 0.000549827871276, 0.103223288124, 0.291645861901, 0.50341017104, 0.478093866851, 0.385457868185, 0.0423841300919, 0.227775433487, 0.489350986501, 0.616615776544, 0.0093171874771, 0.398509776082, 0.262726116657, 0.0315022177295, 0.383823677774, 0.0970734945139, 0.318658479585, 0.691764370041, 0.0994330110535, 0.730391829741, 0.123992351019, 0.854410441301, 0.000549827871276, 14.1558011489
0.0155818632861, 0.102323017572, 0.153002838959, 0.516951073509, 0.0170739458387, 0.481418900102, 0.0324558906055, 0.0134603318254, 0.231633570624, 0.315919374041, 0.0205217828335, 0.123777460358, 0.479424713992, 0.2331454794, 0.0317172706303, 0.243901161617, 0.160542107419, 0.130930233052, 0.140290722895, 0.221673292249, 0.0236074644945, 0.504414330789, 0.0155818632861, 0.102323017572, 11.4695543744
0.00123226225499, 0.161659857327, 0.467641819056, 0.0982732587, 0.13579538989, 0.115013749231, 0.609571182387, 0.449598221125, 0.0734940982621, 0.247383465582, 0.954434402412, 0.12013128514, 0.431252105577, 0.419311491011, 0.344108812325, 0.335449364421, 0.518922037946, 0.012693504161, 0.173844282389, 0.270799323916, 0.0846538610869, 0.168002758594, 0.00123226225499, 0.161659857327, 14.0791348517
0.19494276351, 0.0238496984484, 0.0372764416268, 0.4164649894, 0.15571216437, 0.304562613463, 0.117131992244, 0.01221559813, 0.424392957642, 0.00699422379969, 0.663543549572, 0.0933170234364, 0.026629723863, 0.426105862951, 0.341382127027, 0.171376451173, 0.170757106726, 0.0472563073357, 0.121573159825, 0.344375810531, 0.00534597713742, 0.157551610543, 0.19494276351, 0.0238496984484, 11.3932574165
0.0120295605099, 0.161869840511, 0.471068695395, 0.413997547078, 0.104295425205, 0.307571467604, 0.296409416621, 0.0265326091276, 0.00796602026021, 0.0193734951158, 0.127371872449, 0.338914350325, 0.0253289287827, 0.423041564652, 0.345133891497, 0.462188052371, 0.318436685501, 0.171239109749, 0.206842528962, 0.218259877148, 0.0244654725366, 0.166146435473, 0.0120295605099, 0.161869840511, 11.9843682586
0.00586081227163, 0.141463347257, 0.0379496198608, 0.256196319895, 0.731618911206, 0.213809523714, 0.170879369602, 0.447858729394, 0.148347719933, 0.0500635801575, 0.402420221957, 0.0777196636356, 0.351497893899, 0.353479346395, 0.551820694442, 0.031503705599, 0.268145992751, 0.467873552473, 0.160992729522, 0.350055308686, 0.0322635016799, 0.188992394334, 0.00586081227163, 0.141463347257, 13.0949632351
0.00279110858628, 0.700379260236, 0.479152755885, 0.116251022316, 0.0191273973674, 0.976827710023, 0.0328131506097, 0.045728605293, 0.590563979463, 0.0165398746972, 0.0167141071677, 0.121752592016, 0.459283751909, 0.305614329237, 0.548806802049, 0.244289218814, 0.0505375659843, 0.144634069496, 0.13750128241, 0.104251495565, 0.0814890496211, 0.521900062861, 0.00279110858628, 0.700379260236, 12.606810203
0.0100124541197, 0.0754812473274, 0.105127436947, 0.082194468639, 0.525205352288, 0.114139353408, 0.220826795943, 0.0267369661169, 0.0170772460269, 0.350209271319, 1.66245702471e-06, 0.0939563326829, 0.0305561089199, 0.252589689175, 0.541867084728, 0.329223105122, 0.411101618059, 0.321210656428, 0.322023465133, 0.743687511184, 0.104464840409, 0.17288081259, 0.0100124541197, 0.0754812473274, 12.4095621419
0.00599255720279, 0.141463347257, 0.0379496198608, 0.256196319895, 0.731618911206, 0.213809523714, 0.0257657165968, 0.438975333818, 0.146454919933, 0.0498284077879, 0.402420221957, 0.0965159308754, 0.0139269334818, 0.355616165659, 0.551794022123, 0.031503705599, 0.267743077621, 0.467873552473, 0.160992729522, 0.342106623202, 0.0322635016799, 0.188992394334, 0.00599255720279, 0.141463347257, 12.447492994
0.00539773066211, 0.15795687619, 0.476600715982, 0.608904788298, 0.10146191372, 0.306545646986, 0.218549081755, 0.0132264796551, 0.150753074976, 0.0125138383286, 0.00189150304924, 0.0732668666438, 0.00861199565536, 0.304404142468, 0.541910914671, 0.0316315119602, 0.810843204754, 0.334514984063, 0.321106387555, 0.428469470037, 0.0269229490912, 0.187084789974, 0.00539773066211, 0.15795687619, 12.6388725978
0.001573297069, 0.161659857327, 0.467641819056, 0.0982732587, 0.13579538989, 0.308271825478, 0.609571182387, 0.0495577622173, 0.0734940982621, 0.313286161665, 0.954521118277, 0.12013128514, 0.431476833264, 0.419311491011, 0.344108812325, 0.335449364421, 0.518922037946, 0.0152490918707, 0.173844282389, 0.270799323916, 0.166652200186, 0.168002758594, 0.001573297069, 0.161659857327, 14.0037170717
0.00284406207653, 0.161865300843, 0.476599893512, 0.611697468564, 0.103838151772, 0.306743883119, 0.221249014875, 0.0106832998047, 0.453044825683, 0.0222435694582, 0.594640234028, 0.101597065089, 0.0311005454135, 0.312215451578, 0.337330622052, 0.131195435516, 0.0597267649805, 0.031810420923, 0.614455375967, 0.229507047106, 0.0484416850909, 0.120825805861, 0.00284406207653, 0.161865300843, 12.4492665206
0.0238464210611, 0.012616503315, 0.103797855662, 0.115283705286, 0.505429988163, 0.551128199278, 0.631643204673, 0.0297966037317, 0.231209666811, 0.601285002311, 0.00999427323276, 0.188845374286, 0.483643736588, 0.26308441398, 0.32382975439, 0.39426346513, 0.0591904550685, 0.308337614037, 0.138146695122, 0.230085523649, 0.0458581301145, 0.11765466499, 0.0238464210611, 0.012616503315, 13.1910832716
0.00599255720279, 0.142540194567, 0.0964021838263, 0.256196319895, 0.731176410118, 0.213809523714, 0.0257657165968, 0.0144494851139, 0.146454919933, 0.0498284077879, 0.586060085714, 0.0965862979504, 0.0139269334818, 0.355399246071, 0.554580100739, 0.0330064185582, 0.266283084335, 0.467873552473, 0.457070374759, 0.218329515213, 0.0277082807673, 0.188992394334, 0.00599255720279, 0.142540194567, 12.4303194442
0.0261582700842, 0.0235113502509, 0.105162173818, 0.0790792560316, 0.517807587138, 0.114139353408, 0.555173698179, 0.0310422501555, 0.46666827042, 0.352053190882, 0.00662709088189, 0.0900854574034, 0.364753919326, 0.252054443978, 0.030913778696, 0.328996905201, 0.26288673211, 0.642974459065, 0.178637372315, 0.242873890126, 0.0388250958806, 0.17288081259, 0.0261582700842, 0.0235113502509, 12.5148351899
0.00535672413163, 0.161219278405, 0.050216664071, 0.12954972005, 0.780742420996, 0.249904299114, 0.235594022426, 0.00950015177731, 0.455733871064, 0.0164602510205, 0.0118786103597, 0.184741025541, 0.0329646561839, 0.234083152025, 0.543354332866, 0.392763950054, 0.0552414120876, 0.351709634291, 0.42604064268, 0.226953259211, 0.0263229200516, 0.18771590896, 0.00535672413163, 0.161219278405, 12.1565414862
0.0247283861051, 0.000630499487787, 0.103450668259, 0.291316084171, 0.500024500669, 0.597413076453, 0.385254393462, 0.0263942197631, 0.0425718447256, 0.638718963878, 0.764654612012, 0.599019787736, 0.122083614044, 0.359320449497, 0.266301307001, 0.385215073956, 0.259609654164, 0.525722463917, 0.420406136279, 0.33950627, 0.0216762745219, 0.125319911955, 0.0247283861051, 0.000630499487787, 15.1386093805
0.033740933692, 0.0195540304444, 0.46561169682, 0.116251022316, 0.0151012334203, 0.976827710023, 0.0328131506097, 0.0196475224165, 0.00095711889878, 0.0165398746972, 0.0167141071677, 0.121752592016, 0.455475411316, 0.304840055674, 0.547962763916, 0.242470400168, 0.0506495762375, 0.13147531373, 0.1359164276, 0.755704636455, 0.0638745731218, 0.521900062861, 0.033740933692, 0.0195540304444, 12.7280455684
0.0239306757032, 0.0125612402938, 0.41402317817, 0.115283705286, 0.505330145611, 0.458558343132, 0.387077195646, 0.0498954359389, 0.0724731135997, 0.313229876509, 0.00286210217804, 0.189664213632, 0.386182905305, 0.292743348527, 0.317356896081, 0.382370637644, 0.0981893671265, 0.333860813308, 0.420086419163, 0.226827117826, 0.083446222701, 0.214727502333, 0.0239306757032, 0.0125612402938, 13.098886765
0.0219221720499, 0.00618871841036, 0.137421834914, 0.0234541828834, 0.130196352289, 0.481786465641, 0.348147420157, 0.0478982463558, 0.231722206124, 0.250585806514, 0.956677070537, 0.0994646195435, 0.444973413651, 0.160616471496, 0.288487823261, 0.120421994786, 0.0797623289009, 0.142472328918, 0.421409157618, 0.785370246351, 0.371704742125, 0.169003870997, 0.0219221720499, 0.00618871841036, 13.677505808
0.0222142065483, 0.00617642476531, 0.154242885062, 0.0234541828834, 0.135695348543, 0.481786465641, 0.348147420157, 0.0478982463558, 0.00648360445748, 0.250585806514, 0.956677070537, 0.0993148971312, 0.444973413651, 0.163583723779, 0.288487823261, 0.120421994786, 0.459704023569, 0.0129679254925, 0.619063256594, 0.302130194763, 0.371704742125, 0.169003870997, 0.0222142065483, 0.00617642476531, 13.3599624266
0.0305594310206, 0.0118214529051, 0.103193853552, 0.116973446773, 0.50341017104, 0.118322523724, 0.385457859577, 0.00278362544991, 0.0412580797552, 0.371233847856, 0.930606583955, 0.00629196614355, 0.402334764063, 0.263744649959, 0.000129447702603, 0.394680683051, 0.0116354875574, 0.138577830757, 0.423258932377, 0.0997700470378, 0.731796632846, 0.123148328625, 0.0305594310206, 0.0118214529051, 12.9683078566
0.0247658344645, 0.000760648203579, 0.103223288124, 0.289845100285, 0.50341017104, 0.301308005249, 0.385457868185, 0.0423841300919, 0.957122531533, 0.489350986501, 0.60161194091, 0.00865519378718, 0.385715491861, 0.262760076261, 0.0315022177295, 0.388983828043, 0.0992163446061, 0.318685471499, 0.639409094309, 0.33524235884, 0.0251796091944, 0.126245838436, 0.0247658344645, 0.000760648203579, 14.4925841294
0.0239306757032, 0.012616503315, 0.103797855662, 0.115283705286, 0.505429988163, 0.114829778321, 0.630593207687, 0.0297966037317, 0.231209666811, 0.601285002311, 0.0115894333113, 0.189664213632, 0.479143126148, 0.235432780572, 0.32382975439, 0.39426346513, 0.0591904550685, 0.308337614037, 0.424457185987, 0.230085523649, 0.0497018569857, 0.11765466499, 0.0239306757032, 0.012616503315, 12.9523190055
0.0107792558177, 0.0130361079423, 0.581416869797, 0.175374158131, 0.0227646702508, 0.458558343132, 0.0324558906055, 0.0128564057533, 0.236774450937, 0.315919374041, 0.661918278661, 0.124418916603, 0.481226367611, 0.235432780572, 0.374525009094, 0.243901161617, 0.421678657232, 0.01218405416, 0.145711487109, 0.314367989015, 0.0815074610976, 0.499355381248, 0.0107792558177, 0.0130361079423, 13.3288499974
